/*--------------------------------*- C++ -*----------------------------------*\
| =========                 |                                                 |
| \\      /  F ield         | OpenFOAM: The Open Source CFD Toolbox           |
|  \\    /   O peration     | Version:  3.0.x                                 |
|   \\  /    A nd           | Web:      www.OpenFOAM.org                      |
|    \\/     M anipulation  |                                                 |
\*---------------------------------------------------------------------------*/
FoamFile
{
    version     2.0;
    format      ascii;
    class       volScalarField;
    location    "0.57";
    object      T;
}
// * * * * * * * * * * * * * * * * * * * * * * * * * * * * * * * * * * * * * //

dimensions      [0 0 0 1 0 0 0];

internalField   nonuniform List<scalar> 
6900
(
782.793
782.761
782.711
782.665
782.622
782.585
782.553
782.527
782.504
782.487
782.476
782.471
782.468
782.467
782.468
782.472
782.478
782.484
782.491
782.498
782.505
782.513
782.52
782.528
782.535
782.543
782.551
782.559
782.568
782.576
782.585
782.594
782.603
782.612
782.621
782.63
782.639
782.649
782.658
782.668
782.678
782.688
782.698
782.708
782.718
782.728
782.739
782.749
782.76
782.77
782.778
782.787
782.795
782.803
782.811
782.82
782.83
782.839
782.849
782.859
782.869
782.878
782.886
782.894
782.902
782.908
782.915
782.922
782.929
782.937
782.946
782.956
782.965
782.975
782.984
782.993
783.001
783.009
783.017
783.025
783.034
783.042
783.051
783.061
783.07
783.08
783.09
783.101
783.111
783.121
783.131
783.142
783.152
783.162
783.173
783.183
783.193
783.203
783.213
783.223
783.233
783.243
783.253
783.263
783.272
783.282
783.292
783.301
783.311
783.32
783.329
783.339
783.348
783.357
783.366
783.375
783.384
783.393
783.402
783.411
783.42
783.428
783.437
783.446
783.454
783.463
783.471
783.479
783.487
783.495
783.504
783.511
783.519
783.527
783.535
783.542
783.55
783.557
783.565
783.572
783.579
783.586
783.593
783.6
783.607
783.614
783.62
783.627
783.633
783.64
783.646
783.652
783.658
783.664
783.67
783.676
783.682
783.688
783.693
783.699
783.704
783.71
783.715
783.72
783.725
783.73
783.735
783.74
783.745
783.749
783.754
783.758
783.763
783.767
783.771
783.775
783.779
783.784
783.787
783.791
783.794
783.799
783.801
783.807
783.807
783.814
783.813
783.821
783.819
783.827
783.825
783.833
783.831
783.838
783.836
783.841
783.846
783.843
783.851
783.854
782.789
782.757
782.707
782.661
782.618
782.58
782.549
782.523
782.5
782.483
782.472
782.467
782.464
782.463
782.464
782.468
782.474
782.481
782.487
782.494
782.502
782.509
782.516
782.524
782.532
782.539
782.547
782.556
782.564
782.573
782.581
782.59
782.599
782.608
782.617
782.626
782.636
782.645
782.655
782.665
782.674
782.684
782.694
782.704
782.714
782.724
782.735
782.746
782.756
782.766
782.775
782.784
782.791
782.799
782.808
782.817
782.826
782.836
782.846
782.856
782.866
782.875
782.884
782.892
782.899
782.906
782.912
782.919
782.926
782.935
782.943
782.953
782.962
782.972
782.981
782.99
782.998
783.007
783.015
783.023
783.031
783.04
783.049
783.058
783.068
783.078
783.088
783.098
783.108
783.119
783.129
783.139
783.15
783.16
783.17
783.18
783.191
783.201
783.211
783.221
783.231
783.241
783.25
783.26
783.27
783.279
783.289
783.299
783.308
783.318
783.327
783.336
783.345
783.355
783.364
783.373
783.382
783.391
783.4
783.409
783.417
783.426
783.435
783.443
783.452
783.46
783.468
783.477
783.485
783.493
783.501
783.509
783.517
783.525
783.532
783.54
783.548
783.555
783.562
783.57
783.577
783.584
783.591
783.598
783.605
783.611
783.618
783.625
783.631
783.637
783.644
783.65
783.656
783.662
783.668
783.674
783.68
783.685
783.691
783.696
783.702
783.707
783.713
783.718
783.723
783.728
783.733
783.738
783.742
783.747
783.752
783.756
783.76
783.765
783.769
783.773
783.777
783.781
783.785
783.789
783.792
783.797
783.799
783.805
783.805
783.812
783.811
783.819
783.817
783.825
783.823
783.831
783.828
783.836
783.834
783.842
783.839
783.847
783.845
783.85
782.789
782.757
782.707
782.661
782.618
782.581
782.55
782.523
782.5
782.483
782.472
782.467
782.465
782.464
782.464
782.468
782.474
782.481
782.487
782.495
782.502
782.509
782.516
782.524
782.532
782.54
782.548
782.556
782.564
782.573
782.581
782.59
782.599
782.608
782.617
782.626
782.636
782.645
782.655
782.665
782.674
782.684
782.694
782.704
782.714
782.725
782.735
782.746
782.756
782.766
782.775
782.784
782.792
782.8
782.808
782.817
782.826
782.836
782.846
782.856
782.866
782.875
782.884
782.892
782.899
782.906
782.912
782.919
782.926
782.935
782.943
782.953
782.962
782.972
782.981
782.99
782.998
783.007
783.015
783.023
783.031
783.04
783.049
783.058
783.068
783.078
783.088
783.098
783.108
783.119
783.129
783.139
783.15
783.16
783.17
783.18
783.191
783.201
783.211
783.221
783.231
783.241
783.25
783.26
783.27
783.279
783.289
783.299
783.308
783.318
783.327
783.336
783.345
783.355
783.364
783.373
783.382
783.391
783.4
783.409
783.417
783.426
783.435
783.443
783.452
783.46
783.468
783.477
783.485
783.493
783.501
783.509
783.517
783.525
783.532
783.54
783.548
783.555
783.562
783.57
783.577
783.584
783.591
783.598
783.605
783.611
783.618
783.625
783.631
783.637
783.644
783.65
783.656
783.662
783.668
783.674
783.68
783.685
783.691
783.696
783.702
783.707
783.713
783.718
783.723
783.728
783.733
783.738
783.742
783.747
783.752
783.756
783.76
783.765
783.769
783.773
783.777
783.781
783.785
783.789
783.792
783.797
783.799
783.804
783.806
783.811
783.813
783.817
783.819
783.822
783.825
783.829
783.829
783.835
783.835
783.838
783.842
783.845
783.845
783.849
782.789
782.757
782.707
782.661
782.618
782.58
782.549
782.523
782.5
782.483
782.472
782.467
782.464
782.463
782.464
782.468
782.474
782.481
782.487
782.494
782.502
782.509
782.516
782.524
782.532
782.539
782.547
782.556
782.564
782.573
782.581
782.59
782.599
782.608
782.617
782.626
782.636
782.645
782.655
782.665
782.674
782.684
782.694
782.704
782.714
782.724
782.735
782.746
782.756
782.766
782.775
782.784
782.791
782.799
782.808
782.817
782.826
782.836
782.846
782.856
782.866
782.875
782.884
782.892
782.899
782.906
782.912
782.919
782.926
782.935
782.943
782.953
782.962
782.972
782.981
782.99
782.998
783.007
783.015
783.023
783.031
783.04
783.049
783.058
783.068
783.078
783.088
783.098
783.108
783.119
783.129
783.139
783.15
783.16
783.17
783.18
783.191
783.201
783.211
783.221
783.231
783.241
783.25
783.26
783.27
783.279
783.289
783.299
783.308
783.318
783.327
783.336
783.345
783.355
783.364
783.373
783.382
783.391
783.4
783.409
783.417
783.426
783.435
783.443
783.452
783.46
783.468
783.477
783.485
783.493
783.501
783.509
783.517
783.525
783.532
783.54
783.548
783.555
783.562
783.57
783.577
783.584
783.591
783.598
783.605
783.611
783.618
783.625
783.631
783.637
783.644
783.65
783.656
783.662
783.668
783.674
783.68
783.685
783.691
783.696
783.702
783.707
783.713
783.718
783.723
783.728
783.733
783.738
783.742
783.747
783.752
783.756
783.76
783.765
783.769
783.773
783.777
783.781
783.785
783.788
783.793
783.795
783.801
783.802
783.808
783.808
783.815
783.814
783.822
783.82
783.828
783.826
783.834
783.831
783.839
783.836
783.844
783.842
783.843
783.855
782.793
782.761
782.711
782.665
782.622
782.585
782.553
782.527
782.504
782.487
782.476
782.471
782.468
782.467
782.468
782.472
782.478
782.484
782.491
782.498
782.505
782.513
782.52
782.528
782.535
782.543
782.551
782.559
782.568
782.576
782.585
782.594
782.603
782.612
782.621
782.63
782.639
782.649
782.658
782.668
782.678
782.688
782.698
782.708
782.718
782.728
782.739
782.749
782.76
782.77
782.778
782.787
782.795
782.803
782.811
782.82
782.83
782.839
782.849
782.859
782.869
782.878
782.886
782.894
782.902
782.908
782.915
782.922
782.929
782.937
782.946
782.956
782.965
782.975
782.984
782.993
783.001
783.009
783.017
783.025
783.034
783.042
783.051
783.061
783.07
783.08
783.09
783.101
783.111
783.121
783.131
783.142
783.152
783.162
783.173
783.183
783.193
783.203
783.213
783.223
783.233
783.243
783.253
783.263
783.272
783.282
783.292
783.301
783.311
783.32
783.329
783.339
783.348
783.357
783.366
783.375
783.384
783.393
783.402
783.411
783.42
783.428
783.437
783.446
783.454
783.463
783.471
783.479
783.487
783.495
783.504
783.511
783.519
783.527
783.535
783.542
783.55
783.557
783.565
783.572
783.579
783.586
783.593
783.6
783.607
783.614
783.62
783.627
783.633
783.64
783.646
783.652
783.658
783.664
783.67
783.676
783.682
783.688
783.693
783.699
783.704
783.71
783.715
783.72
783.725
783.73
783.735
783.74
783.745
783.749
783.754
783.758
783.763
783.767
783.771
783.775
783.78
783.783
783.788
783.791
783.796
783.798
783.803
783.804
783.811
783.81
783.818
783.816
783.824
783.822
783.83
783.828
783.836
783.833
783.841
783.839
783.846
783.846
783.843
783.859
783.855
783.856
783.856
783.857
783.86
783.862
783.865
783.869
783.871
783.872
783.872
783.872
783.876
783.89
783.908
783.91
783.903
783.894
783.891
783.881
783.854
783.856
783.857
783.858
783.86
783.864
783.867
783.869
783.869
783.869
783.871
783.873
783.874
783.878
783.892
783.898
783.894
783.889
783.889
783.892
783.851
783.851
783.852
783.854
783.854
783.855
783.857
783.858
783.859
783.861
783.862
783.863
783.866
783.873
783.877
783.88
783.887
783.893
783.903
783.91
783.853
783.852
783.851
783.85
783.849
783.848
783.846
783.844
783.842
783.841
783.839
783.837
783.837
783.837
783.835
783.833
783.834
783.834
783.836
783.841
783.862
783.862
783.862
783.861
783.86
783.859
783.857
783.854
783.852
783.85
783.847
783.845
783.842
783.84
783.838
783.836
783.834
783.832
783.83
783.829
783.887
783.905
783.907
783.912
783.927
783.934
783.929
783.916
783.911
783.914
783.928
783.925
783.918
783.917
783.916
783.924
783.935
783.934
783.939
783.925
783.926
783.931
783.946
783.938
783.949
783.931
783.923
783.919
783.925
783.916
783.917
783.902
783.891
783.89
783.892
783.895
783.9
783.903
783.909
783.928
783.939
783.939
783.94
783.932
783.915
783.904
783.904
783.906
783.909
783.91
783.911
783.912
783.912
783.912
783.912
783.912
783.913
783.913
783.913
783.914
783.915
783.916
783.917
783.918
783.92
783.921
783.922
783.923
783.924
783.925
783.925
783.926
783.926
783.927
783.927
783.928
783.928
783.928
783.929
783.93
783.931
783.931
783.931
783.933
783.934
783.936
783.938
783.94
783.942
783.944
783.946
783.948
783.957
783.964
783.963
783.967
783.973
783.967
783.961
783.958
783.958
783.959
783.96
783.966
783.973
783.974
783.973
783.974
783.982
783.996
783.999
783.996
783.995
784.013
784.084
784.129
784.132
784.094
784.004
783.95
783.933
783.935
783.945
783.952
783.957
783.96
783.962
783.964
783.965
783.966
783.967
783.968
783.968
783.969
783.97
783.97
783.971
783.971
783.972
783.972
783.973
783.974
783.974
783.975
783.975
783.976
783.976
783.976
783.977
783.977
783.978
783.978
783.979
783.979
783.979
783.98
783.98
783.98
783.981
783.981
783.981
783.981
783.981
783.982
783.982
783.982
783.982
783.982
783.982
783.982
783.982
783.982
783.982
783.982
783.982
783.982
783.982
783.982
783.982
783.982
783.982
783.981
783.982
783.981
783.982
783.981
783.982
783.981
783.982
783.981
783.982
783.981
783.982
783.981
783.982
783.981
783.981
783.983
783.98
783.98
783.917
783.911
783.92
783.984
784.012
783.988
783.959
783.996
784.044
784.012
783.988
784.027
784.078
784.047
783.985
783.983
784.064
784.119
784.104
784.007
783.966
784
784.108
784.123
784.114
784.009
783.957
783.978
784.077
784.081
784.029
783.944
783.918
783.913
783.913
783.915
783.92
783.92
783.922
783.932
783.996
784.088
784.09
784.03
783.952
783.928
783.924
783.924
783.926
783.926
783.927
783.927
783.927
783.927
783.927
783.927
783.928
783.928
783.929
783.93
783.931
783.933
783.934
783.935
783.936
783.936
783.937
783.937
783.938
783.938
783.938
783.939
783.939
783.94
783.94
783.941
783.941
783.942
783.943
783.944
783.945
783.946
783.947
783.95
783.952
783.953
783.954
783.955
783.957
783.961
783.967
783.981
783.997
783.999
783.998
784
784.005
783.992
783.981
783.979
783.981
783.987
783.989
783.989
783.99
784
784.014
784.018
784.015
784.012
784.016
784.053
784.119
784.15
784.156
784.141
784.078
784.005
783.957
783.938
783.937
783.943
783.95
783.954
783.957
783.959
783.961
783.962
783.963
783.964
783.965
783.966
783.967
783.967
783.968
783.968
783.969
783.969
783.97
783.97
783.971
783.972
783.972
783.973
783.973
783.974
783.974
783.974
783.975
783.975
783.976
783.976
783.977
783.977
783.977
783.978
783.978
783.978
783.979
783.979
783.979
783.979
783.979
783.98
783.98
783.98
783.98
783.98
783.98
783.98
783.98
783.98
783.98
783.98
783.98
783.98
783.981
783.98
783.981
783.98
783.98
783.979
783.98
783.979
783.98
783.979
783.98
783.979
783.98
783.979
783.98
783.979
783.98
783.979
783.98
783.979
783.98
783.98
783.978
783.981
783.951
783.999
784.042
784.082
784.114
784.139
784.169
784.201
784.215
784.221
784.237
784.257
784.255
784.24
784.243
784.262
784.282
784.273
784.239
784.231
784.246
784.273
784.292
784.272
784.226
784.213
784.226
784.253
784.263
784.228
784.194
784.183
784.182
784.181
784.181
784.181
784.183
784.187
784.198
784.22
784.257
784.264
784.222
784.185
784.175
784.174
784.173
784.171
784.17
784.169
784.168
784.167
784.167
784.167
784.168
784.169
784.171
784.172
784.173
784.174
784.175
784.175
784.176
784.176
784.178
784.179
784.181
784.183
784.185
784.187
784.19
784.194
784.199
784.203
784.208
784.211
784.216
784.223
784.228
784.23
784.225
784.207
784.183
784.151
784.107
784.069
784.037
784.011
783.989
783.976
783.972
783.975
783.979
783.983
783.981
783.974
783.968
783.969
783.973
783.977
783.98
783.982
783.984
783.986
783.986
783.986
783.985
783.983
783.981
783.979
783.977
783.974
783.972
783.969
783.966
783.963
783.961
783.96
783.96
783.96
783.961
783.962
783.962
783.963
783.963
783.963
783.964
783.964
783.965
783.965
783.966
783.966
783.967
783.967
783.968
783.968
783.969
783.969
783.97
783.971
783.971
783.972
783.972
783.973
783.973
783.974
783.974
783.974
783.975
783.975
783.976
783.976
783.977
783.977
783.977
783.978
783.978
783.978
783.979
783.979
783.979
783.979
783.979
783.98
783.98
783.98
783.98
783.98
783.98
783.98
783.98
783.98
783.98
783.98
783.98
783.98
783.98
783.98
783.98
783.98
783.98
783.98
783.98
783.98
783.98
783.98
783.98
783.98
783.979
783.98
783.979
783.98
783.98
783.979
783.98
783.98
783.979
783.98
783.98
783.98
783.847
783.866
783.89
783.902
783.9
783.899
783.915
783.94
783.939
783.933
783.938
783.958
783.956
783.945
783.943
783.959
783.978
783.974
783.954
783.942
783.946
783.974
783.986
783.98
783.955
783.938
783.939
783.959
783.963
783.954
783.937
783.93
783.93
783.931
783.932
783.931
783.931
783.93
783.929
783.932
783.95
783.952
783.945
783.927
783.919
783.919
783.921
783.922
783.922
783.923
783.923
783.923
783.923
783.923
783.923
783.923
783.923
783.923
783.923
783.924
783.924
783.925
783.925
783.926
783.927
783.928
783.929
783.93
783.931
783.933
783.933
783.935
783.936
783.937
783.938
783.938
783.939
783.94
783.941
783.941
783.942
783.943
783.944
783.944
783.945
783.947
783.948
783.949
783.949
783.949
783.951
783.952
783.953
783.956
783.968
783.979
783.981
783.977
783.978
783.982
783.993
784.002
784.008
784.023
784.049
784.065
784.071
784.082
784.112
784.134
784.139
784.134
784.101
784.034
783.978
783.943
783.931
783.932
783.939
783.945
783.95
783.953
783.956
783.958
783.959
783.961
783.962
783.963
783.964
783.965
783.965
783.966
783.967
783.967
783.968
783.968
783.969
783.969
783.97
783.97
783.971
783.972
783.972
783.973
783.973
783.974
783.974
783.974
783.975
783.975
783.976
783.976
783.977
783.977
783.977
783.978
783.978
783.978
783.979
783.979
783.979
783.979
783.979
783.98
783.98
783.98
783.98
783.98
783.98
783.98
783.98
783.98
783.98
783.98
783.98
783.98
783.98
783.98
783.98
783.98
783.98
783.98
783.979
783.98
783.979
783.98
783.979
783.98
783.979
783.98
783.979
783.98
783.979
783.98
783.979
783.98
783.979
783.98
783.979
783.979
783.827
783.824
783.827
783.836
783.84
783.844
783.853
783.87
783.883
783.889
783.897
783.914
783.929
783.935
783.939
783.949
783.967
783.982
783.985
783.985
783.989
784.001
784.019
784.027
784.024
784.017
784.019
784.027
784.038
784.036
784.03
784.027
784.03
784.033
784.035
784.037
784.038
784.041
784.041
784.04
784.043
784.053
784.053
784.044
784.041
784.044
784.046
784.048
784.049
784.049
784.049
784.049
784.049
784.049
784.049
784.049
784.049
784.049
784.05
784.051
784.051
784.052
784.053
784.054
784.054
784.055
784.055
784.056
784.056
784.057
784.057
784.058
784.058
784.058
784.058
784.058
784.058
784.058
784.058
784.058
784.058
784.058
784.059
784.06
784.061
784.062
784.064
784.066
784.069
784.072
784.073
784.071
784.071
784.077
784.085
784.085
784.078
784.073
784.082
784.097
784.098
784.092
784.097
784.158
784.222
784.228
784.188
784.106
784.049
784.011
783.989
783.975
783.967
783.963
783.961
783.96
783.96
783.96
783.961
783.962
783.963
783.963
783.964
783.964
783.965
783.965
783.966
783.966
783.967
783.967
783.968
783.968
783.969
783.969
783.97
783.97
783.971
783.971
783.972
783.973
783.973
783.974
783.974
783.975
783.975
783.976
783.976
783.976
783.977
783.977
783.978
783.978
783.979
783.979
783.979
783.98
783.98
783.98
783.981
783.981
783.981
783.981
783.981
783.982
783.982
783.982
783.982
783.982
783.982
783.982
783.982
783.982
783.982
783.982
783.982
783.982
783.982
783.982
783.982
783.982
783.982
783.982
783.981
783.982
783.981
783.982
783.981
783.982
783.981
783.982
783.981
783.982
783.981
783.981
783.982
783.98
783.983
783.982
783.981
783.981
783.981
783.981
783.983
783.984
783.984
783.984
783.984
783.984
783.983
783.983
783.982
783.981
783.979
783.976
783.975
783.974
783.973
783.971
783.97
783.969
783.982
783.982
783.982
783.981
783.98
783.979
783.978
783.977
783.976
783.975
783.974
783.971
783.971
783.972
783.973
783.973
783.973
783.972
783.973
783.974
783.98
783.98
783.98
783.98
783.979
783.979
783.98
783.98
783.981
783.984
783.985
783.986
783.989
783.991
783.994
784.001
784.009
784.011
784.017
784.02
783.98
783.981
783.982
783.982
783.983
783.983
783.984
783.985
783.989
783.995
783.996
783.995
783.993
783.992
783.992
783.995
784.001
784.001
784.001
784.006
783.983
783.984
783.985
783.986
783.986
783.987
783.987
783.989
783.992
783.996
783.997
783.997
783.995
783.993
783.992
783.992
783.994
783.993
783.997
784.012
783.965
783.964
783.961
783.959
783.961
783.97
783.981
783.982
783.981
783.982
783.991
784.007
784.013
784.015
784.018
784.031
784.05
784.057
784.058
784.058
784.065
784.086
784.104
784.103
784.096
784.093
784.1
784.122
784.139
784.137
784.119
784.109
784.113
784.129
784.144
784.15
784.151
784.139
784.12
784.112
784.112
784.116
784.119
784.121
784.122
784.122
784.123
784.122
784.122
784.121
784.121
784.12
784.12
784.12
784.12
784.12
784.12
784.12
784.12
784.121
784.121
784.122
784.122
784.122
784.122
784.122
784.122
784.122
784.123
784.124
784.126
784.126
784.121
784.109
784.108
784.114
784.129
784.138
784.139
784.127
784.119
784.119
784.123
784.126
784.13
784.133
784.134
784.135
784.136
784.144
784.152
784.153
784.173
784.282
784.32
784.24
784.156
784.136
784.14
784.126
783.986
784.012
784.017
784.023
784.047
784.088
784.104
784.094
784.08
784.091
784.126
784.126
784.104
784.101
784.126
784.149
784.137
784.098
784.091
784.113
784.156
784.159
784.136
784.092
784.086
784.107
784.155
784.164
784.154
784.111
784.079
784.084
784.121
784.158
784.171
784.169
784.141
784.085
784.046
784.025
784.023
784.03
784.037
784.039
784.04
784.038
784.034
784.031
784.027
784.024
784.021
784.019
784.016
784.014
784.012
784.01
784.009
784.008
784.006
784.005
784.004
784.004
784.003
784.003
784.003
784.003
784.004
784.005
784.007
784.011
784.016
784.018
784.019
784.024
784.038
784.056
784.066
784.07
784.067
784.054
784.024
784.011
784.011
784.014
784.016
784.02
784.025
784.03
784.034
784.038
784.048
784.06
784.069
784.088
784.127
784.133
784.136
784.142
784.17
784.167
784.044
784.106
784.15
784.183
784.215
784.255
784.291
784.312
784.324
784.342
784.366
784.368
784.361
784.367
784.387
784.391
784.375
784.363
784.372
784.391
784.389
784.371
784.353
784.353
784.37
784.382
784.376
784.36
784.342
784.338
784.351
784.37
784.379
784.38
784.375
784.368
784.354
784.322
784.279
784.253
784.249
784.25
784.251
784.251
784.251
784.25
784.25
784.249
784.248
784.248
784.247
784.247
784.247
784.246
784.247
784.249
784.251
784.252
784.253
784.254
784.256
784.259
784.262
784.264
784.266
784.271
784.277
784.281
784.281
784.277
784.269
784.264
784.258
784.251
784.228
784.19
784.149
784.109
784.072
784.036
784.013
784.008
784.009
784.014
784.018
784.024
784.028
784.032
784.036
784.039
784.04
784.044
784.043
784.045
784.045
784.039
784.036
784.032
784.025
784.018
784.025
784.079
784.105
784.093
784.058
784.085
784.199
784.234
784.182
784.126
784.189
784.278
784.246
784.148
784.181
784.306
784.316
784.258
784.152
784.2
784.306
784.319
784.311
784.207
784.153
784.218
784.29
784.301
784.298
784.246
784.148
784.152
784.204
784.235
784.245
784.24
784.234
784.23
784.237
784.14
784.036
783.995
783.989
783.992
783.997
784
784.001
784.002
784.002
784.002
784.003
784.003
784.003
784.004
784.004
784.005
784.005
784.006
784.007
784.008
784.009
784.01
784.01
784.01
784.01
784.01
784.01
784.01
784.01
784.01
784.011
784.013
784.018
784.043
784.096
784.102
784.078
784.06
784.056
784.087
784.087
784.047
784.022
784.018
784.019
784.021
784.023
784.027
784.03
784.032
784.036
784.042
784.045
784.047
784.049
784.054
784.066
784.073
784.074
784.071
784.02
784.033
784.043
784.041
784.034
784.032
784.052
784.086
784.083
784.07
784.067
784.089
784.087
784.07
784.065
784.092
784.131
784.127
784.101
784.072
784.087
784.153
784.166
784.155
784.119
784.07
784.093
784.152
784.169
784.167
784.15
784.086
784.055
784.081
784.112
784.121
784.123
784.124
784.149
784.124
784.054
783.992
783.975
783.975
783.979
783.984
783.986
783.987
783.988
783.988
783.988
783.989
783.989
783.989
783.99
783.99
783.99
783.991
783.991
783.992
783.993
783.993
783.994
783.995
783.996
783.996
783.996
783.996
783.996
783.997
783.999
784.004
784.016
784.026
784.025
784.027
784.027
784.025
784.027
784.059
784.058
784.034
784.003
783.996
783.997
784.002
784.007
784.011
784.012
784.014
784.017
784.02
784.021
784.024
784.029
784.032
784.033
784.033
784.034
784.038
784.131
784.127
784.127
784.124
784.12
784.114
784.108
784.09
784.047
784.008
784.01
784.025
784.025
784.015
784.005
783.997
783.993
783.991
783.99
783.991
784.172
784.174
784.176
784.177
784.178
784.176
784.174
784.17
784.159
784.132
784.112
784.098
784.075
784.05
784.033
784.016
784.001
783.993
783.993
783.998
784.021
784.031
784.039
784.043
784.045
784.046
784.046
784.045
784.044
784.041
784.038
784.037
784.037
784.039
784.044
784.049
784.057
784.063
784.065
784.063
784.07
784.07
784.07
784.07
784.071
784.08
784.098
784.121
784.145
784.165
784.18
784.192
784.204
784.215
784.225
784.233
784.235
784.233
784.233
784.194
784.045
784.047
784.049
784.051
784.053
784.054
784.054
784.054
784.053
784.051
784.048
784.042
784.041
784.059
784.09
784.129
784.173
784.216
784.251
784.257
783.998
783.994
783.991
783.993
784.006
784.017
784.018
784.017
784.018
784.03
784.044
784.047
784.048
784.052
784.063
784.08
784.093
784.098
784.098
784.099
784.103
784.119
784.139
784.158
784.163
784.157
784.151
784.15
784.157
784.178
784.195
784.204
784.207
784.208
784.204
784.19
784.176
784.168
784.168
784.173
784.177
784.181
784.184
784.185
784.187
784.188
784.19
784.191
784.192
784.194
784.196
784.196
784.195
784.196
784.2
784.202
784.199
784.186
784.174
784.172
784.174
784.183
784.209
784.221
784.214
784.196
784.192
784.199
784.218
784.227
784.226
784.217
784.208
784.205
784.207
784.213
784.218
784.22
784.221
784.222
784.23
784.234
784.243
784.347
784.433
784.299
784.203
784.174
784.15
784.129
784.116
784.106
784.101
784.099
784.1
784.101
784.103
784.104
784.105
784.106
784.107
784.108
784.108
784.109
784.11
784.111
784.112
784.112
784.113
784.114
784.115
784.115
784.116
784.117
784.117
784.118
784.119
784.119
784.12
784.12
784.121
784.121
784.122
784.122
784.123
784.123
784.124
784.124
784.124
784.125
784.125
784.126
784.126
784.126
784.127
784.127
784.127
784.128
784.128
784.128
784.129
784.129
784.129
784.13
784.13
784.13
784.131
784.131
784.131
784.131
784.132
784.132
784.132
784.132
784.133
784.133
784.133
784.133
784.133
784.134
784.134
784.134
784.134
784.134
784.134
784.135
784.135
784.135
784.135
784.135
784.135
784.135
784.135
784.135
784.135
784.135
784.135
784.136
784.135
784.136
784.135
784.136
784.135
784.136
784.134
784.136
784.134
784.136
784.134
784.137
784.134
784.137
784.134
784.136
784.136
784.134
784.138
784.135
784.135
784.137
784.038
784.046
784.048
784.068
784.114
784.136
784.129
784.122
784.136
784.18
784.183
784.159
784.146
784.162
784.211
784.226
784.21
784.155
784.137
784.146
784.196
784.242
784.25
784.237
784.183
784.143
784.139
784.163
784.222
784.257
784.273
784.276
784.271
784.243
784.186
784.145
784.118
784.102
784.102
784.113
784.122
784.126
784.127
784.125
784.122
784.118
784.114
784.112
784.108
784.108
784.107
784.102
784.096
784.097
784.1
784.101
784.101
784.104
784.112
784.122
784.158
784.191
784.195
784.194
784.179
784.159
784.157
784.163
784.173
784.178
784.175
784.159
784.124
784.102
784.098
784.1
784.104
784.109
784.116
784.122
784.127
784.139
784.149
784.167
784.213
784.231
784.232
784.235
784.25
784.282
784.292
784.275
784.182
784.101
784.079
784.079
784.087
784.093
784.097
784.1
784.102
784.104
784.105
784.107
784.108
784.109
784.11
784.111
784.111
784.112
784.113
784.114
784.114
784.115
784.116
784.116
784.117
784.118
784.118
784.119
784.119
784.12
784.12
784.121
784.121
784.122
784.122
784.123
784.123
784.123
784.124
784.124
784.124
784.125
784.125
784.126
784.126
784.126
784.127
784.127
784.127
784.128
784.128
784.128
784.129
784.129
784.129
784.129
784.13
784.13
784.13
784.13
784.131
784.131
784.131
784.131
784.132
784.132
784.132
784.132
784.132
784.132
784.133
784.133
784.133
784.133
784.133
784.133
784.133
784.133
784.133
784.134
784.134
784.134
784.134
784.134
784.134
784.134
784.134
784.134
784.133
784.134
784.133
784.135
784.133
784.135
784.133
784.135
784.133
784.135
784.133
784.135
784.133
784.135
784.133
784.135
784.133
784.135
784.134
784.134
784.087
784.143
784.186
784.222
784.26
784.3
784.327
784.347
784.369
784.393
784.398
784.394
784.398
784.414
784.421
784.412
784.401
784.398
784.408
784.42
784.421
784.411
784.401
784.396
784.399
784.406
784.416
784.424
784.427
784.427
784.425
784.423
784.42
784.416
784.408
784.387
784.353
784.326
784.32
784.322
784.326
784.328
784.328
784.328
784.327
784.326
784.326
784.326
784.327
784.332
784.352
784.33
784.325
784.331
784.342
784.358
784.388
784.437
784.472
784.477
784.465
784.44
784.404
784.37
784.336
784.298
784.263
784.226
784.194
784.171
784.152
784.127
784.105
784.096
784.099
784.105
784.11
784.114
784.118
784.122
784.125
784.128
784.13
784.131
784.131
784.128
784.125
784.123
784.122
784.122
784.12
784.116
784.113
784.11
784.107
784.103
784.102
784.102
784.104
784.105
784.106
784.106
784.107
784.108
784.109
784.109
784.11
784.111
784.112
784.112
784.113
784.114
784.115
784.115
784.116
784.116
784.117
784.118
784.118
784.119
784.119
784.12
784.12
784.121
784.121
784.122
784.122
784.123
784.123
784.123
784.124
784.124
784.124
784.125
784.125
784.126
784.126
784.126
784.127
784.127
784.127
784.128
784.128
784.128
784.129
784.129
784.129
784.129
784.13
784.13
784.13
784.13
784.131
784.131
784.131
784.131
784.132
784.132
784.132
784.132
784.132
784.132
784.133
784.133
784.133
784.133
784.133
784.133
784.133
784.133
784.133
784.134
784.134
784.134
784.134
784.134
784.134
784.134
784.134
784.134
784.134
784.134
784.134
784.134
784.134
784.134
784.134
784.134
784.133
784.135
784.133
784.135
784.134
784.133
784.134
784.134
784.134
784.135
784.134
784.135
784.094
784.112
784.122
784.091
784.098
784.198
784.25
784.203
784.159
784.234
784.331
784.315
784.208
784.214
784.328
784.375
784.373
784.314
784.217
784.239
784.315
784.365
784.371
784.369
784.325
784.228
784.214
784.248
784.284
784.302
784.307
784.306
784.304
784.302
784.299
784.298
784.306
784.244
784.12
784.066
784.054
784.055
784.062
784.068
784.071
784.073
784.075
784.077
784.08
784.09
784.137
784.126
784.09
784.083
784.082
784.084
784.088
784.112
784.281
784.386
784.411
784.404
784.39
784.35
784.252
784.196
784.173
784.163
784.147
784.126
784.125
784.148
784.181
784.158
784.12
784.103
784.102
784.104
784.11
784.113
784.117
784.122
784.126
784.129
784.13
784.132
784.139
784.152
784.158
784.16
784.162
784.177
784.242
784.293
784.298
784.251
784.145
784.094
784.087
784.093
784.099
784.102
784.104
784.106
784.107
784.108
784.11
784.11
784.111
784.112
784.113
784.114
784.114
784.115
784.116
784.116
784.117
784.118
784.118
784.119
784.119
784.12
784.12
784.121
784.121
784.122
784.122
784.123
784.123
784.123
784.124
784.124
784.124
784.125
784.125
784.126
784.126
784.126
784.127
784.127
784.127
784.128
784.128
784.128
784.129
784.129
784.129
784.129
784.13
784.13
784.13
784.13
784.131
784.131
784.131
784.131
784.132
784.132
784.132
784.132
784.132
784.132
784.133
784.133
784.133
784.133
784.133
784.133
784.133
784.133
784.134
784.134
784.134
784.134
784.134
784.134
784.134
784.134
784.134
784.133
784.134
784.133
784.135
784.133
784.135
784.133
784.135
784.133
784.135
784.133
784.135
784.133
784.135
784.133
784.135
784.133
784.135
784.135
784.132
784.136
784.125
784.068
784.064
784.053
784.048
784.064
784.11
784.109
784.101
784.1
784.143
784.151
784.135
784.112
784.114
784.193
784.234
784.231
784.209
784.148
784.136
784.201
784.262
784.271
784.267
784.255
784.205
784.143
784.153
784.182
784.195
784.202
784.206
784.21
784.212
784.215
784.244
784.245
784.196
784.095
784.05
784.041
784.043
784.049
784.054
784.057
784.059
784.062
784.065
784.083
784.07
784.072
784.067
784.068
784.069
784.073
784.086
784.092
784.109
784.222
784.296
784.31
784.306
784.299
784.282
784.226
784.141
784.12
784.119
784.114
784.115
784.137
784.174
784.161
784.124
784.088
784.082
784.084
784.091
784.095
784.1
784.103
784.105
784.108
784.112
784.116
784.118
784.119
784.119
784.121
784.13
784.138
784.14
784.147
784.201
784.268
784.252
784.143
784.09
784.089
784.097
784.102
784.105
784.107
784.108
784.11
784.111
784.112
784.113
784.114
784.115
784.115
784.116
784.117
784.117
784.118
784.119
784.119
784.12
784.12
784.121
784.121
784.122
784.122
784.123
784.123
784.124
784.124
784.124
784.125
784.125
784.126
784.126
784.126
784.127
784.127
784.127
784.128
784.128
784.128
784.129
784.129
784.129
784.13
784.13
784.13
784.131
784.131
784.131
784.131
784.132
784.132
784.132
784.132
784.133
784.133
784.133
784.133
784.133
784.134
784.134
784.134
784.134
784.134
784.134
784.135
784.135
784.135
784.135
784.135
784.135
784.135
784.135
784.135
784.135
784.135
784.136
784.135
784.136
784.135
784.136
784.135
784.136
784.134
784.136
784.134
784.136
784.134
784.137
784.134
784.137
784.134
784.137
784.134
784.137
784.134
784.136
784.137
784.133
784.135
784.138
784.138
784.139
784.14
784.14
784.14
784.14
784.141
784.146
784.153
784.15
784.149
784.149
784.153
784.162
784.166
784.169
784.169
784.173
784.174
784.135
784.136
784.137
784.137
784.138
784.138
784.139
784.14
784.143
784.151
784.15
784.149
784.151
784.159
784.167
784.171
784.175
784.177
784.184
784.186
784.135
784.135
784.135
784.134
784.134
784.135
784.135
784.137
784.14
784.144
784.145
784.145
784.147
784.149
784.153
784.164
784.175
784.18
784.188
784.192
784.136
784.136
784.134
784.133
784.133
784.132
784.131
784.131
784.13
784.129
784.127
784.127
784.128
784.129
784.131
784.137
784.143
784.145
784.145
784.145
784.139
784.14
784.14
784.14
784.139
784.139
784.138
784.137
784.136
784.134
784.133
784.131
784.129
784.127
784.127
784.127
784.128
784.128
784.128
784.126
784.167
784.178
784.223
784.27
784.277
784.262
784.225
784.208
784.215
784.288
784.354
784.353
784.334
784.272
784.236
784.271
784.313
784.312
784.289
784.258
784.286
784.315
784.313
784.299
784.253
784.253
784.299
784.329
784.343
784.348
784.349
784.358
784.37
784.36
784.282
784.237
784.292
784.326
784.326
784.309
784.299
784.308
784.328
784.303
784.229
784.182
784.177
784.183
784.184
784.185
784.187
784.193
784.206
784.222
784.235
784.241
784.237
784.218
784.2
784.197
784.199
784.203
784.233
784.338
784.332
784.205
784.162
784.169
784.174
784.176
784.178
784.179
784.181
784.182
784.182
784.183
784.184
784.185
784.185
784.186
784.187
784.187
784.188
784.189
784.189
784.19
784.191
784.191
784.192
784.192
784.193
784.194
784.194
784.195
784.195
784.196
784.196
784.196
784.197
784.197
784.198
784.198
784.198
784.199
784.199
784.199
784.199
784.199
784.199
784.2
784.2
784.2
784.2
784.2
784.2
784.2
784.2
784.199
784.199
784.199
784.199
784.199
784.199
784.198
784.198
784.198
784.197
784.197
784.197
784.196
784.196
784.195
784.195
784.195
784.194
784.194
784.193
784.193
784.192
784.191
784.191
784.19
784.19
784.189
784.188
784.188
784.187
784.186
784.186
784.185
784.184
784.184
784.183
784.182
784.182
784.181
784.18
784.18
784.179
784.178
784.177
784.177
784.176
784.175
784.174
784.174
784.173
784.172
784.171
784.17
784.169
784.169
784.168
784.167
784.166
784.165
784.164
784.163
784.162
784.161
784.16
784.159
784.158
784.157
784.156
784.155
784.154
784.153
784.152
784.15
784.149
784.148
784.147
784.146
784.144
784.143
784.142
784.141
784.14
784.138
784.137
784.136
784.135
784.133
784.132
784.131
784.13
784.128
784.127
784.126
784.125
784.123
784.122
784.121
784.119
784.118
784.117
784.115
784.114
784.112
784.111
784.109
784.108
784.106
784.105
784.103
784.102
784.1
784.099
784.097
784.096
784.094
784.092
784.091
784.089
784.087
784.085
784.084
784.082
784.08
784.078
784.076
784.074
784.073
784.071
784.069
784.067
784.065
784.063
784.061
784.059
784.056
784.054
784.052
784.05
784.048
784.046
784.044
784.041
784.039
784.037
784.035
784.032
784.03
784.028
784.025
784.023
784.02
784.018
784.016
784.013
784.011
784.008
784.006
784.003
784.001
783.998
783.996
783.993
783.991
783.988
783.986
783.983
783.981
783.978
783.976
783.973
783.971
783.968
783.966
783.963
783.961
783.959
783.956
783.954
783.951
783.949
783.947
783.944
783.942
783.94
783.937
783.935
783.933
783.93
783.928
783.926
783.924
783.922
783.92
783.917
783.915
783.913
783.911
783.909
783.907
783.905
783.903
783.901
783.899
783.897
783.895
783.893
783.892
783.89
783.888
783.886
783.884
783.883
783.881
783.879
783.878
783.876
783.874
783.873
783.871
783.87
783.868
783.867
783.865
783.864
783.862
783.861
783.86
783.858
783.857
783.856
783.854
783.853
783.852
783.851
783.849
783.848
783.847
783.846
783.845
783.844
783.843
783.842
783.84
783.839
783.838
783.837
783.836
783.835
783.834
783.833
783.832
783.831
783.83
783.829
783.828
783.827
783.826
783.825
783.824
783.823
783.822
783.821
783.819
783.818
783.817
783.816
783.815
783.814
783.813
783.812
783.81
783.809
783.808
783.807
783.805
783.804
783.803
783.801
783.8
783.799
783.797
783.796
783.794
783.793
783.791
783.79
783.788
783.787
783.785
783.783
783.782
783.78
783.778
783.776
783.774
783.772
783.77
783.768
783.766
783.764
783.762
783.76
783.758
783.756
783.753
783.751
783.748
783.746
783.744
783.741
783.738
783.736
783.733
783.73
783.728
783.725
783.722
783.719
783.716
783.713
783.71
783.707
783.704
783.701
783.698
783.694
783.691
783.688
783.684
783.681
783.677
783.674
783.67
783.667
783.663
783.66
783.656
783.652
783.648
783.645
783.641
783.637
783.633
783.629
783.625
783.621
783.617
783.613
783.609
783.605
783.601
783.597
783.593
783.589
783.584
783.58
783.576
783.572
783.568
783.563
783.559
783.555
783.551
783.546
783.542
783.538
783.533
783.529
783.525
783.521
783.516
783.512
783.508
783.504
783.499
783.495
783.491
783.486
783.482
783.478
783.474
783.47
783.465
783.461
783.457
783.453
783.449
783.445
783.441
783.437
783.433
783.429
783.425
783.421
783.417
783.413
783.409
783.405
783.401
783.397
783.393
783.389
783.386
783.382
783.378
783.374
783.371
783.367
783.363
783.36
783.356
783.352
783.349
783.345
783.342
783.338
783.335
783.331
783.328
783.324
783.321
783.317
783.314
783.311
783.307
783.304
783.301
783.297
783.294
783.291
783.288
783.284
783.281
783.278
783.275
783.272
783.269
783.266
783.262
783.259
783.256
783.253
783.25
783.247
783.245
783.242
783.239
783.236
783.233
783.23
783.227
783.225
783.222
783.219
783.217
783.214
783.211
783.209
783.206
783.204
783.201
783.199
783.196
783.194
783.191
783.189
783.186
783.184
783.182
783.179
783.177
783.175
783.172
783.17
783.168
783.165
783.161
783.157
783.151
783.146
783.143
783.142
783.142
784.179
784.234
784.318
784.363
784.375
784.32
784.272
784.332
784.421
784.47
784.476
784.455
784.334
784.329
784.431
784.48
784.461
784.362
784.374
784.448
784.477
784.459
784.357
784.336
784.365
784.402
784.43
784.442
784.444
784.443
784.444
784.448
784.409
784.293
784.305
784.396
784.435
784.427
784.389
784.346
784.325
784.332
784.327
784.255
784.205
784.19
784.192
784.198
784.2
784.205
784.213
784.218
784.224
784.229
784.232
784.231
784.224
784.219
784.218
784.219
784.229
784.294
784.375
784.364
784.24
784.164
784.163
784.17
784.174
784.176
784.177
784.178
784.179
784.18
784.181
784.182
784.183
784.183
784.184
784.185
784.185
784.186
784.187
784.187
784.188
784.189
784.189
784.19
784.191
784.191
784.192
784.192
784.193
784.193
784.194
784.194
784.195
784.195
784.196
784.196
784.196
784.197
784.197
784.197
784.198
784.198
784.198
784.198
784.198
784.198
784.198
784.198
784.198
784.198
784.198
784.198
784.198
784.198
784.198
784.198
784.198
784.198
784.197
784.197
784.197
784.197
784.196
784.196
784.195
784.195
784.195
784.194
784.194
784.193
784.193
784.192
784.192
784.191
784.191
784.19
784.19
784.189
784.188
784.188
784.187
784.187
784.186
784.185
784.185
784.184
784.183
784.183
784.182
784.181
784.18
784.18
784.179
784.178
784.178
784.177
784.176
784.175
784.175
784.174
784.173
784.172
784.172
784.171
784.17
784.169
784.168
784.167
784.167
784.166
784.165
784.164
784.163
784.162
784.161
784.16
784.159
784.158
784.157
784.156
784.155
784.154
784.153
784.152
784.15
784.149
784.148
784.147
784.146
784.145
784.143
784.142
784.141
784.14
784.139
784.137
784.136
784.135
784.134
784.132
784.131
784.13
784.129
784.127
784.126
784.125
784.124
784.122
784.121
784.12
784.118
784.117
784.115
784.114
784.113
784.111
784.11
784.108
784.107
784.105
784.104
784.102
784.101
784.099
784.098
784.096
784.094
784.093
784.091
784.089
784.088
784.086
784.084
784.083
784.081
784.079
784.077
784.075
784.073
784.071
784.07
784.068
784.066
784.064
784.062
784.06
784.058
784.055
784.053
784.051
784.049
784.047
784.045
784.043
784.04
784.038
784.036
784.034
784.031
784.029
784.027
784.024
784.022
784.019
784.017
784.015
784.012
784.01
784.007
784.005
784.002
784
783.997
783.995
783.992
783.99
783.987
783.985
783.982
783.98
783.977
783.975
783.972
783.97
783.967
783.965
783.962
783.96
783.958
783.955
783.953
783.95
783.948
783.946
783.943
783.941
783.939
783.936
783.934
783.932
783.93
783.927
783.925
783.923
783.921
783.919
783.916
783.914
783.912
783.91
783.908
783.906
783.904
783.902
783.9
783.898
783.896
783.894
783.893
783.891
783.889
783.887
783.885
783.883
783.882
783.88
783.878
783.877
783.875
783.873
783.872
783.87
783.869
783.867
783.866
783.864
783.863
783.861
783.86
783.859
783.857
783.856
783.855
783.853
783.852
783.851
783.85
783.849
783.847
783.846
783.845
783.844
783.843
783.842
783.841
783.84
783.839
783.837
783.836
783.835
783.834
783.833
783.832
783.831
783.83
783.829
783.828
783.827
783.826
783.825
783.824
783.823
783.822
783.821
783.82
783.819
783.818
783.816
783.815
783.814
783.813
783.812
783.811
783.81
783.808
783.807
783.806
783.805
783.803
783.802
783.801
783.799
783.798
783.797
783.795
783.794
783.792
783.791
783.789
783.787
783.786
783.784
783.782
783.781
783.779
783.777
783.775
783.774
783.772
783.77
783.768
783.766
783.764
783.761
783.759
783.757
783.755
783.752
783.75
783.748
783.745
783.743
783.74
783.738
783.735
783.732
783.73
783.727
783.724
783.721
783.718
783.715
783.712
783.709
783.706
783.703
783.7
783.697
783.694
783.69
783.687
783.684
783.68
783.677
783.673
783.67
783.666
783.663
783.659
783.655
783.652
783.648
783.644
783.64
783.636
783.632
783.629
783.625
783.621
783.617
783.613
783.609
783.605
783.6
783.596
783.592
783.588
783.584
783.58
783.575
783.571
783.567
783.563
783.559
783.554
783.55
783.546
783.541
783.537
783.533
783.529
783.524
783.52
783.516
783.511
783.507
783.503
783.499
783.494
783.49
783.486
783.482
783.477
783.473
783.469
783.465
783.461
783.457
783.452
783.448
783.444
783.44
783.436
783.432
783.428
783.424
783.42
783.416
783.412
783.408
783.404
783.4
783.396
783.393
783.389
783.385
783.381
783.378
783.374
783.37
783.366
783.363
783.359
783.355
783.352
783.348
783.345
783.341
783.338
783.334
783.331
783.327
783.324
783.32
783.317
783.314
783.31
783.307
783.304
783.3
783.297
783.294
783.29
783.287
783.284
783.281
783.278
783.274
783.271
783.268
783.265
783.262
783.259
783.256
783.253
783.25
783.247
783.244
783.241
783.238
783.235
783.233
783.23
783.227
783.224
783.221
783.219
783.216
783.213
783.211
783.208
783.206
783.203
783.201
783.198
783.196
783.193
783.191
783.188
783.186
783.184
783.181
783.179
783.177
783.174
783.172
783.17
783.167
783.165
783.161
783.157
783.151
783.146
783.143
783.142
783.142
784.25
784.319
784.362
784.405
784.437
784.461
784.481
784.503
784.515
784.514
784.507
784.499
784.5
784.509
784.514
784.51
784.505
784.504
784.509
784.51
784.508
784.508
784.514
784.523
784.533
784.538
784.538
784.532
784.523
784.513
784.501
784.49
784.499
784.53
784.554
784.565
784.547
784.505
784.447
784.385
784.321
784.269
784.233
784.217
784.215
784.218
784.219
784.219
784.219
784.217
784.216
784.215
784.214
784.214
784.211
784.202
784.197
784.196
784.196
784.194
784.19
784.185
784.181
784.177
784.173
784.174
784.175
784.176
784.177
784.178
784.178
784.179
784.18
784.181
784.181
784.182
784.183
784.183
784.184
784.185
784.186
784.186
784.187
784.187
784.188
784.189
784.189
784.19
784.191
784.191
784.192
784.192
784.193
784.193
784.194
784.194
784.195
784.195
784.196
784.196
784.196
784.197
784.197
784.197
784.198
784.198
784.198
784.198
784.198
784.198
784.198
784.198
784.198
784.198
784.198
784.198
784.198
784.198
784.198
784.198
784.198
784.198
784.197
784.197
784.197
784.197
784.196
784.196
784.195
784.195
784.195
784.194
784.194
784.193
784.193
784.192
784.192
784.191
784.191
784.19
784.19
784.189
784.188
784.188
784.187
784.187
784.186
784.185
784.185
784.184
784.183
784.183
784.182
784.181
784.18
784.18
784.179
784.178
784.178
784.177
784.176
784.175
784.175
784.174
784.173
784.172
784.172
784.171
784.17
784.169
784.168
784.167
784.167
784.166
784.165
784.164
784.163
784.162
784.161
784.16
784.159
784.158
784.157
784.156
784.155
784.154
784.153
784.152
784.15
784.149
784.148
784.147
784.146
784.145
784.143
784.142
784.141
784.14
784.139
784.137
784.136
784.135
784.134
784.132
784.131
784.13
784.129
784.127
784.126
784.125
784.124
784.122
784.121
784.12
784.118
784.117
784.115
784.114
784.113
784.111
784.11
784.108
784.107
784.105
784.104
784.102
784.101
784.099
784.098
784.096
784.094
784.093
784.091
784.089
784.088
784.086
784.084
784.083
784.081
784.079
784.077
784.075
784.073
784.071
784.07
784.068
784.066
784.064
784.062
784.06
784.058
784.055
784.053
784.051
784.049
784.047
784.045
784.043
784.04
784.038
784.036
784.034
784.031
784.029
784.027
784.024
784.022
784.019
784.017
784.015
784.012
784.01
784.007
784.005
784.002
784
783.997
783.995
783.992
783.99
783.987
783.985
783.982
783.98
783.977
783.975
783.972
783.97
783.967
783.965
783.962
783.96
783.958
783.955
783.953
783.95
783.948
783.946
783.943
783.941
783.939
783.936
783.934
783.932
783.93
783.927
783.925
783.923
783.921
783.919
783.916
783.914
783.912
783.91
783.908
783.906
783.904
783.902
783.9
783.898
783.896
783.894
783.893
783.891
783.889
783.887
783.885
783.883
783.882
783.88
783.878
783.877
783.875
783.873
783.872
783.87
783.869
783.867
783.866
783.864
783.863
783.861
783.86
783.859
783.857
783.856
783.855
783.853
783.852
783.851
783.85
783.849
783.847
783.846
783.845
783.844
783.843
783.842
783.841
783.84
783.839
783.837
783.836
783.835
783.834
783.833
783.832
783.831
783.83
783.829
783.828
783.827
783.826
783.825
783.824
783.823
783.822
783.821
783.82
783.819
783.818
783.816
783.815
783.814
783.813
783.812
783.811
783.81
783.808
783.807
783.806
783.805
783.803
783.802
783.801
783.799
783.798
783.797
783.795
783.794
783.792
783.791
783.789
783.787
783.786
783.784
783.782
783.781
783.779
783.777
783.775
783.773
783.772
783.77
783.768
783.766
783.764
783.761
783.759
783.757
783.755
783.752
783.75
783.748
783.745
783.743
783.74
783.738
783.735
783.732
783.73
783.727
783.724
783.721
783.718
783.715
783.712
783.709
783.706
783.703
783.7
783.697
783.694
783.69
783.687
783.684
783.68
783.677
783.673
783.67
783.666
783.663
783.659
783.655
783.652
783.648
783.644
783.64
783.636
783.632
783.629
783.625
783.621
783.617
783.613
783.609
783.605
783.6
783.596
783.592
783.588
783.584
783.58
783.575
783.571
783.567
783.563
783.559
783.554
783.55
783.546
783.541
783.537
783.533
783.529
783.524
783.52
783.516
783.511
783.507
783.503
783.499
783.494
783.49
783.486
783.482
783.477
783.473
783.469
783.465
783.461
783.457
783.452
783.448
783.444
783.44
783.436
783.432
783.428
783.424
783.42
783.416
783.412
783.408
783.404
783.4
783.396
783.393
783.389
783.385
783.381
783.378
783.374
783.37
783.366
783.363
783.359
783.355
783.352
783.348
783.345
783.341
783.338
783.334
783.331
783.327
783.324
783.32
783.317
783.314
783.31
783.307
783.304
783.3
783.297
783.294
783.29
783.287
783.284
783.281
783.278
783.274
783.271
783.268
783.265
783.262
783.259
783.256
783.253
783.25
783.247
783.244
783.241
783.238
783.235
783.233
783.23
783.227
783.224
783.221
783.219
783.216
783.213
783.211
783.208
783.206
783.203
783.201
783.198
783.196
783.193
783.191
783.188
783.186
783.184
783.181
783.179
783.177
783.174
783.172
783.17
783.167
783.165
783.161
783.157
783.151
783.146
783.143
783.142
783.142
784.173
784.238
784.262
784.274
784.263
784.258
784.28
784.329
784.357
784.364
784.347
784.288
784.266
784.286
784.346
784.36
784.337
784.291
784.29
784.321
784.339
784.328
784.287
784.27
784.276
784.316
784.361
784.38
784.383
784.37
784.32
784.274
784.232
784.216
784.242
784.318
784.36
784.369
784.366
784.343
784.289
784.246
784.213
784.195
784.191
784.193
784.195
784.196
784.197
784.199
784.203
784.217
784.249
784.27
784.328
784.329
784.32
784.32
784.342
784.37
784.359
784.249
784.159
784.15
784.159
784.166
784.17
784.173
784.175
784.176
784.177
784.179
784.18
784.18
784.181
784.182
784.183
784.183
784.184
784.185
784.186
784.186
784.187
784.187
784.188
784.189
784.189
784.19
784.191
784.191
784.192
784.192
784.193
784.193
784.194
784.194
784.195
784.195
784.196
784.196
784.196
784.197
784.197
784.197
784.198
784.198
784.198
784.198
784.198
784.198
784.198
784.198
784.198
784.198
784.198
784.198
784.198
784.198
784.198
784.198
784.198
784.198
784.197
784.197
784.197
784.197
784.196
784.196
784.195
784.195
784.195
784.194
784.194
784.193
784.193
784.192
784.192
784.191
784.191
784.19
784.19
784.189
784.188
784.188
784.187
784.187
784.186
784.185
784.185
784.184
784.183
784.183
784.182
784.181
784.18
784.18
784.179
784.178
784.178
784.177
784.176
784.175
784.175
784.174
784.173
784.172
784.172
784.171
784.17
784.169
784.168
784.167
784.167
784.166
784.165
784.164
784.163
784.162
784.161
784.16
784.159
784.158
784.157
784.156
784.155
784.154
784.153
784.152
784.15
784.149
784.148
784.147
784.146
784.145
784.143
784.142
784.141
784.14
784.139
784.137
784.136
784.135
784.134
784.132
784.131
784.13
784.129
784.127
784.126
784.125
784.124
784.122
784.121
784.12
784.118
784.117
784.115
784.114
784.113
784.111
784.11
784.108
784.107
784.105
784.104
784.102
784.101
784.099
784.098
784.096
784.094
784.093
784.091
784.089
784.088
784.086
784.084
784.083
784.081
784.079
784.077
784.075
784.073
784.071
784.07
784.068
784.066
784.064
784.062
784.06
784.058
784.055
784.053
784.051
784.049
784.047
784.045
784.043
784.04
784.038
784.036
784.034
784.031
784.029
784.027
784.024
784.022
784.019
784.017
784.015
784.012
784.01
784.007
784.005
784.002
784
783.997
783.995
783.992
783.99
783.987
783.985
783.982
783.98
783.977
783.975
783.972
783.97
783.967
783.965
783.962
783.96
783.958
783.955
783.953
783.95
783.948
783.946
783.943
783.941
783.939
783.936
783.934
783.932
783.93
783.927
783.925
783.923
783.921
783.919
783.916
783.914
783.912
783.91
783.908
783.906
783.904
783.902
783.9
783.898
783.896
783.894
783.893
783.891
783.889
783.887
783.885
783.883
783.882
783.88
783.878
783.877
783.875
783.873
783.872
783.87
783.869
783.867
783.866
783.864
783.863
783.861
783.86
783.859
783.857
783.856
783.855
783.853
783.852
783.851
783.85
783.849
783.847
783.846
783.845
783.844
783.843
783.842
783.841
783.84
783.839
783.837
783.836
783.835
783.834
783.833
783.832
783.831
783.83
783.829
783.828
783.827
783.826
783.825
783.824
783.823
783.822
783.821
783.82
783.819
783.818
783.816
783.815
783.814
783.813
783.812
783.811
783.81
783.808
783.807
783.806
783.805
783.803
783.802
783.801
783.799
783.798
783.797
783.795
783.794
783.792
783.791
783.789
783.787
783.786
783.784
783.782
783.781
783.779
783.777
783.775
783.774
783.772
783.77
783.768
783.766
783.764
783.761
783.759
783.757
783.755
783.752
783.75
783.748
783.745
783.743
783.74
783.738
783.735
783.732
783.73
783.727
783.724
783.721
783.718
783.715
783.712
783.709
783.706
783.703
783.7
783.697
783.694
783.69
783.687
783.684
783.68
783.677
783.673
783.67
783.666
783.663
783.659
783.655
783.652
783.648
783.644
783.64
783.636
783.632
783.629
783.625
783.621
783.617
783.613
783.609
783.605
783.6
783.596
783.592
783.588
783.584
783.58
783.575
783.571
783.567
783.563
783.559
783.554
783.55
783.546
783.541
783.537
783.533
783.529
783.524
783.52
783.516
783.511
783.507
783.503
783.499
783.494
783.49
783.486
783.482
783.477
783.473
783.469
783.465
783.461
783.457
783.452
783.448
783.444
783.44
783.436
783.432
783.428
783.424
783.42
783.416
783.412
783.408
783.404
783.4
783.396
783.393
783.389
783.385
783.381
783.378
783.374
783.37
783.366
783.363
783.359
783.355
783.352
783.348
783.345
783.341
783.338
783.334
783.331
783.327
783.324
783.32
783.317
783.314
783.31
783.307
783.304
783.3
783.297
783.294
783.29
783.287
783.284
783.281
783.278
783.274
783.271
783.268
783.265
783.262
783.259
783.256
783.253
783.25
783.247
783.244
783.241
783.238
783.235
783.233
783.23
783.227
783.224
783.221
783.219
783.216
783.213
783.211
783.208
783.206
783.203
783.201
783.198
783.196
783.193
783.191
783.188
783.186
783.184
783.181
783.179
783.177
783.174
783.172
783.17
783.167
783.165
783.161
783.157
783.151
783.146
783.143
783.142
783.142
784.13
784.151
784.157
784.157
784.148
784.141
784.142
784.156
784.181
784.19
784.187
784.177
784.174
784.177
784.193
784.215
784.225
784.227
784.228
784.23
784.236
784.256
784.264
784.265
784.263
784.265
784.276
784.292
784.3
784.303
784.305
784.3
784.279
784.263
784.263
784.27
784.288
784.301
784.306
784.308
784.306
784.291
784.284
784.284
784.284
784.28
784.269
784.265
784.266
784.274
784.295
784.317
784.319
784.335
784.526
784.443
784.303
784.263
784.234
784.207
784.183
784.172
784.169
784.172
784.174
784.175
784.176
784.177
784.178
784.179
784.18
784.18
784.181
784.182
784.183
784.183
784.184
784.185
784.185
784.186
784.187
784.187
784.188
784.189
784.189
784.19
784.191
784.191
784.192
784.192
784.193
784.194
784.194
784.195
784.195
784.196
784.196
784.196
784.197
784.197
784.198
784.198
784.198
784.199
784.199
784.199
784.199
784.199
784.199
784.2
784.2
784.2
784.2
784.2
784.2
784.2
784.2
784.199
784.199
784.199
784.199
784.199
784.199
784.198
784.198
784.198
784.197
784.197
784.197
784.196
784.196
784.195
784.195
784.195
784.194
784.194
784.193
784.193
784.192
784.191
784.191
784.19
784.19
784.189
784.188
784.188
784.187
784.186
784.186
784.185
784.184
784.184
784.183
784.182
784.182
784.181
784.18
784.18
784.179
784.178
784.177
784.177
784.176
784.175
784.174
784.174
784.173
784.172
784.171
784.17
784.169
784.169
784.168
784.167
784.166
784.165
784.164
784.163
784.162
784.161
784.16
784.159
784.158
784.157
784.156
784.155
784.154
784.153
784.152
784.15
784.149
784.148
784.147
784.146
784.144
784.143
784.142
784.141
784.14
784.138
784.137
784.136
784.135
784.133
784.132
784.131
784.13
784.128
784.127
784.126
784.125
784.123
784.122
784.121
784.119
784.118
784.117
784.115
784.114
784.112
784.111
784.109
784.108
784.106
784.105
784.103
784.102
784.1
784.099
784.097
784.096
784.094
784.092
784.091
784.089
784.087
784.085
784.084
784.082
784.08
784.078
784.076
784.074
784.073
784.071
784.069
784.067
784.065
784.063
784.061
784.059
784.056
784.054
784.052
784.05
784.048
784.046
784.044
784.041
784.039
784.037
784.035
784.032
784.03
784.028
784.025
784.023
784.02
784.018
784.016
784.013
784.011
784.008
784.006
784.003
784.001
783.998
783.996
783.993
783.991
783.988
783.986
783.983
783.981
783.978
783.976
783.973
783.971
783.968
783.966
783.963
783.961
783.959
783.956
783.954
783.951
783.949
783.947
783.944
783.942
783.94
783.937
783.935
783.933
783.93
783.928
783.926
783.924
783.922
783.92
783.917
783.915
783.913
783.911
783.909
783.907
783.905
783.903
783.901
783.899
783.897
783.895
783.893
783.892
783.89
783.888
783.886
783.884
783.883
783.881
783.879
783.878
783.876
783.874
783.873
783.871
783.87
783.868
783.867
783.865
783.864
783.862
783.861
783.86
783.858
783.857
783.856
783.854
783.853
783.852
783.851
783.849
783.848
783.847
783.846
783.845
783.844
783.843
783.842
783.84
783.839
783.838
783.837
783.836
783.835
783.834
783.833
783.832
783.831
783.83
783.829
783.828
783.827
783.826
783.825
783.824
783.823
783.822
783.821
783.819
783.818
783.817
783.816
783.815
783.814
783.813
783.812
783.81
783.809
783.808
783.807
783.805
783.804
783.803
783.801
783.8
783.799
783.797
783.796
783.794
783.793
783.791
783.79
783.788
783.787
783.785
783.783
783.782
783.78
783.778
783.776
783.774
783.772
783.77
783.768
783.766
783.764
783.762
783.76
783.758
783.756
783.753
783.751
783.748
783.746
783.744
783.741
783.738
783.736
783.733
783.73
783.728
783.725
783.722
783.719
783.716
783.713
783.71
783.707
783.704
783.701
783.698
783.694
783.691
783.688
783.684
783.681
783.677
783.674
783.67
783.667
783.663
783.66
783.656
783.652
783.648
783.645
783.641
783.637
783.633
783.629
783.625
783.621
783.617
783.613
783.609
783.605
783.601
783.597
783.593
783.589
783.584
783.58
783.576
783.572
783.568
783.563
783.559
783.555
783.551
783.546
783.542
783.538
783.533
783.529
783.525
783.521
783.516
783.512
783.508
783.504
783.499
783.495
783.491
783.486
783.482
783.478
783.474
783.47
783.465
783.461
783.457
783.453
783.449
783.445
783.441
783.437
783.433
783.429
783.425
783.421
783.417
783.413
783.409
783.405
783.401
783.397
783.393
783.389
783.386
783.382
783.378
783.374
783.371
783.367
783.363
783.36
783.356
783.352
783.349
783.345
783.342
783.338
783.335
783.331
783.328
783.324
783.321
783.317
783.314
783.311
783.307
783.304
783.301
783.297
783.294
783.291
783.288
783.284
783.281
783.278
783.275
783.272
783.269
783.266
783.262
783.259
783.256
783.253
783.25
783.247
783.245
783.242
783.239
783.236
783.233
783.23
783.227
783.225
783.222
783.219
783.217
783.214
783.211
783.209
783.206
783.204
783.201
783.199
783.196
783.194
783.191
783.189
783.186
783.184
783.182
783.179
783.177
783.175
783.172
783.17
783.168
783.165
783.161
783.157
783.151
783.146
783.143
783.142
783.142
)
;

boundaryField
{
    inlet
    {
        type            zeroGradient;
    }
    outlet
    {
        type            zeroGradient;
    }
    sides
    {
        type            empty;
    }
    walls
    {
        type            zeroGradient;
    }
}


// ************************************************************************* //
