/*--------------------------------*- C++ -*----------------------------------*\
| =========                 |                                                 |
| \\      /  F ield         | OpenFOAM: The Open Source CFD Toolbox           |
|  \\    /   O peration     | Version:  3.0.x                                 |
|   \\  /    A nd           | Web:      www.OpenFOAM.org                      |
|    \\/     M anipulation  |                                                 |
\*---------------------------------------------------------------------------*/
FoamFile
{
    version     2.0;
    format      ascii;
    class       volScalarField;
    location    "0.008";
    object      p;
}
// * * * * * * * * * * * * * * * * * * * * * * * * * * * * * * * * * * * * * //

dimensions      [1 -1 -2 0 0 0 0];

internalField   nonuniform List<scalar> 
1000
(
1.8e+07
1.8e+07
1.8e+07
1.8e+07
1.8e+07
1.8e+07
1.8e+07
1.8e+07
1.8e+07
1.8e+07
1.8e+07
1.8e+07
1.8e+07
1.8e+07
1.8e+07
1.8e+07
1.8e+07
1.8e+07
1.8e+07
1.8e+07
1.8e+07
1.8e+07
1.8e+07
1.8e+07
1.8e+07
1.8e+07
1.8e+07
1.8e+07
1.8e+07
1.8e+07
1.8e+07
1.8e+07
1.8e+07
1.8e+07
1.8e+07
1.8e+07
1.8e+07
1.8e+07
1.8e+07
1.8e+07
1.8e+07
1.8e+07
1.8e+07
1.8e+07
1.8e+07
1.8e+07
1.8e+07
1.8e+07
1.8e+07
1.8e+07
1.8e+07
1.8e+07
1.8e+07
1.8e+07
1.8e+07
1.8e+07
1.8e+07
1.8e+07
1.8e+07
1.8e+07
1.8e+07
1.8e+07
1.8e+07
1.8e+07
1.8e+07
1.8e+07
1.8e+07
1.8e+07
1.8e+07
1.8e+07
1.8e+07
1.8e+07
1.8e+07
1.8e+07
1.8e+07
1.8e+07
1.8e+07
1.8e+07
1.8e+07
1.8e+07
1.8e+07
1.8e+07
1.8e+07
1.8e+07
1.8e+07
1.8e+07
1.8e+07
1.8e+07
1.8e+07
1.8e+07
1.8e+07
1.8e+07
1.8e+07
1.8e+07
1.8e+07
1.8e+07
1.8e+07
1.8e+07
1.8e+07
1.8e+07
1.8e+07
1.8e+07
1.8e+07
1.8e+07
1.8e+07
1.8e+07
1.8e+07
1.8e+07
1.8e+07
1.8e+07
1.8e+07
1.8e+07
1.8e+07
1.8e+07
1.8e+07
1.8e+07
1.8e+07
1.8e+07
1.8e+07
1.8e+07
1.8e+07
1.8e+07
1.8e+07
1.8e+07
1.8e+07
1.8e+07
1.8e+07
1.8e+07
1.8e+07
1.8e+07
1.8e+07
1.8e+07
1.8e+07
1.8e+07
1.8e+07
1.8e+07
1.8e+07
1.8e+07
1.8e+07
1.8e+07
1.8e+07
1.8e+07
1.8e+07
1.8e+07
1.8e+07
1.8e+07
1.8e+07
1.8e+07
1.8e+07
1.8e+07
1.8e+07
1.8e+07
1.8e+07
1.8e+07
1.8e+07
1.8e+07
1.8e+07
1.8e+07
1.8e+07
1.8e+07
1.8e+07
1.8e+07
1.8e+07
1.8e+07
1.8e+07
1.8e+07
1.8e+07
1.8e+07
1.8e+07
1.8e+07
1.8e+07
1.8e+07
1.8e+07
1.8e+07
1.8e+07
1.8e+07
1.8e+07
1.8e+07
1.8e+07
1.8e+07
1.8e+07
1.8e+07
1.8e+07
1.8e+07
1.8e+07
1.8e+07
1.8e+07
1.8e+07
1.8e+07
1.8e+07
1.8e+07
1.8e+07
1.8e+07
1.8e+07
1.8e+07
1.8e+07
1.8e+07
1.8e+07
1.8e+07
1.8e+07
1.8e+07
1.8e+07
1.8e+07
1.8e+07
1.8e+07
1.8e+07
1.8e+07
1.8e+07
1.8e+07
1.8e+07
1.8e+07
1.8e+07
1.8e+07
1.8e+07
1.8e+07
1.8e+07
1.8e+07
1.8e+07
1.8e+07
1.8e+07
1.8e+07
1.8e+07
1.8e+07
1.8e+07
1.8e+07
1.8e+07
1.8e+07
1.8e+07
1.8e+07
1.8e+07
1.8e+07
1.8e+07
1.8e+07
1.8e+07
1.8e+07
1.8e+07
1.8e+07
1.8e+07
1.8e+07
1.8e+07
1.8e+07
1.8e+07
1.8e+07
1.8e+07
1.8e+07
1.8e+07
1.8e+07
1.8e+07
1.8e+07
1.8e+07
1.8e+07
1.8e+07
1.8e+07
1.8e+07
1.8e+07
1.8e+07
1.8e+07
1.8e+07
1.8e+07
1.8e+07
1.8e+07
1.8e+07
1.8e+07
1.8e+07
1.8e+07
1.8e+07
1.8e+07
1.8e+07
1.8e+07
1.8e+07
1.8e+07
1.8e+07
1.8e+07
1.8e+07
1.8e+07
1.8e+07
1.8e+07
1.8e+07
1.8e+07
1.8e+07
1.8e+07
1.8e+07
1.8e+07
1.8e+07
1.8e+07
1.8e+07
1.8e+07
1.8e+07
1.8e+07
1.8e+07
1.8e+07
1.8e+07
1.8e+07
1.8e+07
1.8e+07
1.8e+07
1.8e+07
1.8e+07
1.8e+07
1.8e+07
1.8e+07
1.8e+07
1.8e+07
1.8e+07
1.8e+07
1.8e+07
1.8e+07
1.8e+07
1.8e+07
1.8e+07
1.8e+07
1.8e+07
1.8e+07
1.8e+07
1.8e+07
1.8e+07
1.8e+07
1.8e+07
1.8e+07
1.8e+07
1.8e+07
1.8e+07
1.8e+07
1.8e+07
1.8e+07
1.8e+07
1.8e+07
1.8e+07
1.8e+07
1.8e+07
1.8e+07
1.8e+07
1.8e+07
1.8e+07
1.8e+07
1.8e+07
1.8e+07
1.8e+07
1.8e+07
1.8e+07
1.8e+07
1.8e+07
1.8e+07
1.8e+07
1.8e+07
1.8e+07
1.8e+07
1.8e+07
1.8e+07
1.8e+07
1.8e+07
1.8e+07
1.8e+07
1.8e+07
1.8e+07
1.8e+07
1.8e+07
1.8e+07
1.8e+07
1.8e+07
1.8e+07
1.8e+07
1.8e+07
1.8e+07
1.8e+07
1.8e+07
1.8e+07
1.8e+07
1.8e+07
1.8e+07
1.8e+07
1.8e+07
1.8e+07
1.8e+07
1.8e+07
1.8e+07
1.8e+07
1.8e+07
1.8e+07
1.8e+07
1.8e+07
1.8e+07
1.8e+07
1.8e+07
1.8e+07
1.8e+07
1.8e+07
1.8e+07
1.8e+07
1.8e+07
1.8e+07
1.8e+07
1.8e+07
1.8e+07
1.8e+07
1.8e+07
1.8e+07
1.8e+07
1.8e+07
1.8e+07
1.8e+07
1.8e+07
1.8e+07
1.8e+07
1.8e+07
1.8e+07
1.8e+07
1.8e+07
1.8e+07
1.8e+07
1.8e+07
1.8e+07
1.8e+07
1.8e+07
1.8e+07
1.8e+07
1.8e+07
1.8e+07
1.8e+07
1.8e+07
1.8e+07
1.8e+07
1.8e+07
1.8e+07
1.8e+07
1.8e+07
1.8e+07
1.8e+07
1.8e+07
1.8e+07
1.8e+07
1.8e+07
1.8e+07
1.8e+07
1.8e+07
1.8e+07
1.8e+07
1.8e+07
1.8e+07
1.8e+07
1.8e+07
1.8e+07
1.8e+07
1.8e+07
1.8e+07
1.8e+07
1.8e+07
1.8e+07
1.8e+07
1.8e+07
1.8e+07
1.8e+07
1.8e+07
1.8e+07
1.8e+07
1.80001e+07
1.80001e+07
1.80001e+07
1.80001e+07
1.80002e+07
1.80002e+07
1.80002e+07
1.80003e+07
1.80004e+07
1.80005e+07
1.80007e+07
1.80008e+07
1.80011e+07
1.80014e+07
1.80017e+07
1.80022e+07
1.80027e+07
1.80035e+07
1.80044e+07
1.80055e+07
1.80069e+07
1.80086e+07
1.80108e+07
1.80135e+07
1.80169e+07
1.80211e+07
1.80263e+07
1.80328e+07
1.80407e+07
1.80505e+07
1.80626e+07
1.80774e+07
1.80955e+07
1.81175e+07
1.81442e+07
1.81765e+07
1.82153e+07
1.82617e+07
1.83166e+07
1.83811e+07
1.84561e+07
1.85424e+07
1.86402e+07
1.87494e+07
1.88695e+07
1.89991e+07
1.91361e+07
1.9278e+07
1.94218e+07
1.95644e+07
1.97026e+07
1.98338e+07
1.99556e+07
2.00667e+07
2.01661e+07
2.02537e+07
2.03297e+07
2.03948e+07
2.04499e+07
2.04961e+07
2.05346e+07
2.05663e+07
2.05923e+07
2.06135e+07
2.06306e+07
2.06444e+07
2.06553e+07
2.06639e+07
2.06706e+07
2.06755e+07
2.0679e+07
2.06813e+07
2.06826e+07
2.0683e+07
2.0683e+07
2.06829e+07
2.06828e+07
2.06826e+07
2.06825e+07
2.06824e+07
2.06823e+07
2.06823e+07
2.06822e+07
2.06822e+07
2.06822e+07
2.06822e+07
2.06822e+07
2.06821e+07
2.06821e+07
2.06821e+07
2.06821e+07
2.06821e+07
2.06821e+07
2.06822e+07
2.06822e+07
2.06822e+07
2.06822e+07
2.06822e+07
2.06822e+07
2.06822e+07
2.06822e+07
2.06822e+07
2.06822e+07
2.06822e+07
2.06822e+07
2.06822e+07
2.06822e+07
2.06822e+07
2.06822e+07
2.06822e+07
2.06823e+07
2.06823e+07
2.06823e+07
2.06823e+07
2.06823e+07
2.06823e+07
2.06823e+07
2.06823e+07
2.06823e+07
2.06823e+07
2.06823e+07
2.06823e+07
2.06823e+07
2.06823e+07
2.06823e+07
2.06823e+07
2.06823e+07
2.06823e+07
2.06823e+07
2.06823e+07
2.06823e+07
2.06823e+07
2.06824e+07
2.06824e+07
2.06824e+07
2.06824e+07
2.06824e+07
2.06824e+07
2.06824e+07
2.06824e+07
2.06824e+07
2.06824e+07
2.06824e+07
2.06824e+07
2.06824e+07
2.06824e+07
2.06824e+07
2.06824e+07
2.06824e+07
2.06824e+07
2.06824e+07
2.06824e+07
2.06824e+07
2.06824e+07
2.06824e+07
2.06824e+07
2.06824e+07
2.06824e+07
2.06824e+07
2.06824e+07
2.06824e+07
2.06824e+07
2.06824e+07
2.06824e+07
2.06824e+07
2.06824e+07
2.06824e+07
2.06824e+07
2.06824e+07
2.06825e+07
2.06825e+07
2.06825e+07
2.06825e+07
2.06825e+07
2.06825e+07
2.06825e+07
2.06825e+07
2.06825e+07
2.06825e+07
2.06825e+07
2.06825e+07
2.06825e+07
2.06825e+07
2.06825e+07
2.06825e+07
2.06825e+07
2.06825e+07
2.06825e+07
2.06825e+07
2.06825e+07
2.06825e+07
2.06825e+07
2.06825e+07
2.06825e+07
2.06825e+07
2.06825e+07
2.06825e+07
2.06825e+07
2.06825e+07
2.06825e+07
2.06825e+07
2.06825e+07
2.06825e+07
2.06825e+07
2.06825e+07
2.06825e+07
2.06825e+07
2.06825e+07
2.06825e+07
2.06825e+07
2.06825e+07
2.06825e+07
2.06825e+07
2.06825e+07
2.06825e+07
2.06825e+07
2.06825e+07
2.06825e+07
2.06825e+07
2.06825e+07
2.06825e+07
2.06825e+07
2.06825e+07
2.06825e+07
2.06825e+07
2.06825e+07
2.06825e+07
2.06825e+07
2.06825e+07
2.06825e+07
2.06825e+07
2.06825e+07
2.06825e+07
2.06826e+07
2.06826e+07
2.06826e+07
2.06826e+07
2.06826e+07
2.06826e+07
2.06826e+07
2.06826e+07
2.06826e+07
2.06826e+07
2.06826e+07
2.06826e+07
2.06826e+07
2.06826e+07
2.06826e+07
2.06826e+07
2.06826e+07
2.06826e+07
2.06826e+07
2.06826e+07
2.06826e+07
2.06826e+07
2.06826e+07
2.06826e+07
2.06826e+07
2.06826e+07
2.06826e+07
2.06826e+07
2.06826e+07
2.06826e+07
2.06826e+07
2.06826e+07
2.06826e+07
2.06826e+07
2.06826e+07
2.06826e+07
2.06826e+07
2.06826e+07
2.06826e+07
2.06826e+07
2.06826e+07
2.06826e+07
2.06826e+07
2.06826e+07
2.06826e+07
2.06826e+07
2.06826e+07
2.06826e+07
2.06826e+07
2.06826e+07
2.06826e+07
2.06826e+07
2.06826e+07
2.06826e+07
2.06826e+07
2.06826e+07
2.06826e+07
2.06826e+07
2.06826e+07
2.06826e+07
2.06826e+07
2.06826e+07
2.06826e+07
2.06826e+07
2.06826e+07
2.06826e+07
2.06826e+07
2.06826e+07
2.06826e+07
2.06826e+07
2.06826e+07
2.06826e+07
2.06826e+07
2.06826e+07
2.06826e+07
2.06826e+07
2.06826e+07
2.06826e+07
2.06826e+07
2.06826e+07
2.06826e+07
2.06826e+07
2.06826e+07
2.06826e+07
2.06826e+07
2.06826e+07
2.06826e+07
2.06826e+07
2.06826e+07
2.06826e+07
2.06826e+07
2.06826e+07
2.06826e+07
2.06826e+07
2.06826e+07
2.06826e+07
2.06826e+07
2.06826e+07
2.06826e+07
2.06826e+07
2.06826e+07
2.06826e+07
2.06826e+07
2.06826e+07
2.06826e+07
2.06826e+07
2.06826e+07
2.06826e+07
2.06826e+07
2.06826e+07
2.06826e+07
2.06826e+07
2.06826e+07
2.06826e+07
2.06826e+07
2.06826e+07
2.06826e+07
2.06826e+07
2.06826e+07
2.06826e+07
2.06826e+07
2.06826e+07
2.06826e+07
2.06826e+07
2.06826e+07
2.06826e+07
2.06826e+07
2.06826e+07
2.06826e+07
2.06826e+07
2.06826e+07
2.06826e+07
2.06826e+07
2.06826e+07
2.06826e+07
2.06826e+07
2.06826e+07
2.06826e+07
2.06826e+07
2.06826e+07
2.06826e+07
2.06826e+07
2.06826e+07
2.06826e+07
2.06826e+07
2.06826e+07
2.06826e+07
2.06826e+07
2.06826e+07
2.06826e+07
2.06826e+07
2.06826e+07
2.06826e+07
2.06826e+07
2.06826e+07
2.06826e+07
2.06827e+07
2.06827e+07
2.06827e+07
2.06827e+07
2.06827e+07
2.06827e+07
2.06827e+07
2.06827e+07
2.06827e+07
2.06827e+07
2.06827e+07
2.06827e+07
2.06827e+07
2.06827e+07
2.06827e+07
2.06827e+07
2.06827e+07
2.06827e+07
2.06827e+07
2.06827e+07
2.06827e+07
2.06827e+07
2.06827e+07
2.06827e+07
2.06827e+07
2.06827e+07
2.06827e+07
2.06827e+07
2.06827e+07
2.06827e+07
2.06827e+07
2.06827e+07
2.06827e+07
2.06827e+07
2.06827e+07
2.06827e+07
2.06827e+07
2.06827e+07
2.06827e+07
2.06827e+07
2.06827e+07
2.06827e+07
2.06827e+07
2.06827e+07
2.06827e+07
2.06827e+07
2.06827e+07
2.06827e+07
2.06827e+07
2.06827e+07
2.06827e+07
2.06827e+07
2.06827e+07
2.06827e+07
2.06827e+07
2.06827e+07
2.06827e+07
2.06827e+07
2.06827e+07
2.06827e+07
2.06827e+07
2.06827e+07
2.06827e+07
2.06827e+07
2.06827e+07
2.06827e+07
2.06827e+07
2.06827e+07
2.06827e+07
2.06827e+07
2.06827e+07
2.06827e+07
2.06827e+07
2.06827e+07
2.06827e+07
2.06827e+07
2.06827e+07
2.06827e+07
2.06827e+07
2.06827e+07
2.06827e+07
2.06827e+07
2.06827e+07
2.06827e+07
2.06827e+07
2.06827e+07
2.06827e+07
2.06827e+07
2.06827e+07
2.06827e+07
2.06827e+07
2.06827e+07
2.06827e+07
2.06827e+07
2.06826e+07
2.06827e+07
2.06826e+07
2.06827e+07
2.06826e+07
2.06827e+07
2.06826e+07
2.06827e+07
2.06826e+07
2.06828e+07
2.06826e+07
2.06828e+07
2.06826e+07
2.06828e+07
2.06825e+07
2.06828e+07
2.06825e+07
2.06829e+07
2.06825e+07
2.06829e+07
2.06824e+07
2.06829e+07
2.06824e+07
2.0683e+07
2.06824e+07
2.0683e+07
2.06823e+07
2.06831e+07
2.06823e+07
2.06831e+07
2.06822e+07
2.06831e+07
2.06822e+07
2.06832e+07
2.06822e+07
2.06832e+07
2.06821e+07
2.06832e+07
2.06821e+07
2.06833e+07
2.06821e+07
2.06833e+07
2.06821e+07
2.06833e+07
2.06821e+07
2.06833e+07
2.06821e+07
2.06832e+07
2.06821e+07
2.06832e+07
2.06822e+07
2.06831e+07
2.06823e+07
2.06831e+07
2.06823e+07
2.0683e+07
2.06824e+07
2.06829e+07
2.06825e+07
2.06828e+07
2.06826e+07
2.06827e+07
)
;

boundaryField
{
    inlet
    {
        type            zeroGradient;
    }
    backWall
    {
        type            zeroGradient;
    }
    sides
    {
        type            empty;
    }
}


// ************************************************************************* //
