/*--------------------------------*- C++ -*----------------------------------*\
| =========                 |                                                 |
| \\      /  F ield         | OpenFOAM: The Open Source CFD Toolbox           |
|  \\    /   O peration     | Version:  3.0.x                                 |
|   \\  /    A nd           | Web:      www.OpenFOAM.org                      |
|    \\/     M anipulation  |                                                 |
\*---------------------------------------------------------------------------*/
FoamFile
{
    version     2.0;
    format      ascii;
    class       volScalarField;
    location    "0.008";
    object      T;
}
// * * * * * * * * * * * * * * * * * * * * * * * * * * * * * * * * * * * * * //

dimensions      [0 0 0 1 0 0 0];

internalField   nonuniform List<scalar> 
1000
(
773
773
773
773
773
773
773
773
773
773
773
773
773
773
773
773
773
773
773
773
773
773
773
773
773
773
773
773
773
773
773
773
773
773
773
773
773
773
773
773
773
773
773
773
773
773
773
773
773
773
773
773
773
773
773
773
773
773
773
773
773
773
773
773
773
773
773
773
773
773
773
773
773
773
773
773
773
773
773
773
773
773
773
773
773
773
773
773
773
773
773
773
773
773
773
773
773
773
773
773
773
773
773
773
773
773
773
773
773
773
773
773
773
773
773
773
773
773
773
773
773
773
773
773
773
773
773
773
773
773
773
773
773
773
773
773
773
773
773
773
773
773
773
773
773
773
773
773
773
773
773
773
773
773
773
773
773
773
773
773
773
773
773
773
773
773
773
773
773
773
773
773
773
773
773
773
773
773
773
773
773
773
773
773
773
773
773
773
773
773
773
773
773
773
773
773
773
773
773
773
773
773
773
773
773
773
773
773
773
773
773
773
773
773
773
773
773
773
773
773
773
773
773
773
773
773
773
773
773
773
773
773
773
773
773
773
773
773
773
773
773
773
773
773
773
773
773
773
773
773
773
773
773
773
773
773
773
773
773
773
773
773
773
773
773
773
773
773
773
773
773
773
773
773
773
773
773
773
773
773
773
773
773
773
773
773
773
773
773
773
773
773
773
773
773
773
773
773
773
773
773
773
773
773
773
773
773
773
773
773
773
773
773
773
773
773
773
773
773
773
773
773
773
773
773
773
773
773
773
773
773
773
773
773
773
773
773
773
773
773
773
773
773
773
773
773
773
773
773
773
773
773
773
773
773
773
773
773
773
773
773
773
773
773
773
773
773
773
773
773
773
773
773
773
773
773
773
773
773
773
773
773
773
773
773
773
773
773
773
773
773
773
773
773
773
773
773
773
773
773
773
773
773
773
773
773
773
773
773
773
773
773
773
773
773
773
773
773
773
773
773
773
773
773
773
773
773
773
773
773
773
773
773
773
773
773
773
773
773
773
773
773
773
773
773
773
773
773
773
773
773
773
773
773
773
773
773.001
773.001
773.001
773.001
773.001
773.002
773.002
773.003
773.004
773.005
773.006
773.008
773.01
773.012
773.016
773.02
773.025
773.031
773.039
773.049
773.062
773.078
773.097
773.121
773.152
773.189
773.235
773.292
773.362
773.449
773.554
773.684
773.841
774.032
774.262
774.538
774.867
775.257
775.713
776.242
776.848
777.532
778.294
779.127
780.021
780.961
781.929
782.904
783.865
784.79
785.664
786.471
787.202
787.854
788.426
788.921
789.343
789.699
789.998
790.245
790.449
790.616
790.752
790.862
790.951
791.021
791.076
791.118
791.15
791.172
791.187
791.195
791.198
791.198
791.197
791.196
791.195
791.195
791.194
791.194
791.193
791.193
791.193
791.193
791.192
791.192
791.192
791.192
791.192
791.192
791.192
791.192
791.192
791.193
791.193
791.193
791.193
791.193
791.193
791.193
791.193
791.193
791.193
791.193
791.193
791.193
791.193
791.193
791.193
791.193
791.193
791.193
791.193
791.194
791.194
791.194
791.194
791.194
791.194
791.194
791.194
791.194
791.194
791.194
791.194
791.194
791.194
791.194
791.194
791.194
791.194
791.194
791.194
791.194
791.194
791.194
791.194
791.194
791.194
791.194
791.195
791.195
791.195
791.195
791.195
791.195
791.195
791.195
791.195
791.195
791.195
791.195
791.195
791.195
791.195
791.195
791.195
791.195
791.195
791.195
791.195
791.195
791.195
791.195
791.195
791.195
791.195
791.195
791.195
791.195
791.195
791.196
791.196
791.196
791.196
791.196
791.196
791.196
791.196
791.196
791.196
791.196
791.196
791.196
791.196
791.196
791.196
791.196
791.196
791.196
791.196
791.196
791.196
791.196
791.196
791.196
791.196
791.196
791.196
791.196
791.196
791.196
791.196
791.196
791.196
791.197
791.197
791.197
791.197
791.197
791.197
791.197
791.197
791.197
791.197
791.197
791.197
791.197
791.197
791.197
791.197
791.197
791.197
791.197
791.197
791.197
791.197
791.197
791.197
791.197
791.197
791.197
791.197
791.197
791.197
791.197
791.198
791.198
791.198
791.198
791.198
791.198
791.198
791.198
791.198
791.198
791.198
791.198
791.198
791.198
791.198
791.198
791.198
791.198
791.198
791.198
791.198
791.198
791.198
791.198
791.198
791.198
791.198
791.198
791.198
791.199
791.199
791.199
791.199
791.199
791.199
791.199
791.199
791.199
791.199
791.199
791.199
791.199
791.199
791.199
791.199
791.199
791.199
791.199
791.199
791.199
791.199
791.199
791.199
791.199
791.2
791.2
791.2
791.2
791.2
791.2
791.2
791.2
791.2
791.2
791.2
791.2
791.2
791.2
791.2
791.2
791.2
791.2
791.2
791.2
791.2
791.2
791.201
791.201
791.201
791.201
791.201
791.201
791.201
791.201
791.201
791.201
791.201
791.201
791.201
791.201
791.201
791.201
791.201
791.201
791.201
791.202
791.202
791.202
791.202
791.202
791.202
791.202
791.202
791.202
791.202
791.202
791.202
791.202
791.202
791.202
791.202
791.202
791.203
791.203
791.203
791.203
791.203
791.203
791.203
791.203
791.203
791.203
791.203
791.203
791.203
791.203
791.204
791.204
791.204
791.204
791.204
791.204
791.204
791.204
791.204
791.204
791.204
791.204
791.204
791.205
791.205
791.205
791.205
791.205
791.205
791.205
791.205
791.205
791.205
791.205
791.206
791.206
791.206
791.206
791.206
791.206
791.206
791.206
791.206
791.206
791.207
791.207
791.207
791.207
791.207
791.207
791.207
791.207
791.207
791.208
791.208
791.208
791.208
791.208
791.208
791.208
791.208
791.208
791.209
791.209
791.209
791.209
791.209
791.209
791.209
791.21
791.21
791.21
791.21
791.21
791.21
791.21
791.211
791.211
791.211
791.211
791.211
791.211
791.212
791.212
791.212
791.212
791.212
791.212
791.213
791.213
791.213
791.213
791.213
791.214
791.214
791.214
791.214
791.214
791.215
791.215
791.215
791.215
791.216
791.216
791.216
791.216
791.217
791.217
791.217
791.217
791.218
791.218
791.218
791.218
791.219
791.219
791.219
791.22
791.22
791.22
791.221
791.221
791.221
791.222
791.222
791.222
791.223
791.223
791.223
791.224
791.224
791.225
791.225
791.226
791.226
791.227
791.227
791.228
791.228
791.229
791.229
791.23
791.23
791.232
791.231
791.233
791.232
791.235
791.233
791.236
791.234
791.238
791.235
791.24
791.237
791.242
791.238
791.244
791.24
791.247
791.242
791.249
791.244
791.252
791.247
791.255
791.249
791.258
791.253
791.262
791.256
791.266
791.26
791.27
791.266
791.276
791.272
791.282
791.279
791.29
791.289
791.3
791.302
791.314
791.32
791.335
791.35
791.368
791.41
791.497
791.8
791.931
)
;

boundaryField
{
    inlet
    {
        type            zeroGradient;
    }
    backWall
    {
        type            zeroGradient;
    }
    sides
    {
        type            empty;
    }
}


// ************************************************************************* //
