/*--------------------------------*- C++ -*----------------------------------*\
| =========                 |                                                 |
| \\      /  F ield         | OpenFOAM: The Open Source CFD Toolbox           |
|  \\    /   O peration     | Version:  3.0.x                                 |
|   \\  /    A nd           | Web:      www.OpenFOAM.org                      |
|    \\/     M anipulation  |                                                 |
\*---------------------------------------------------------------------------*/
FoamFile
{
    version     2.0;
    format      ascii;
    class       volScalarField;
    location    "0.14";
    object      T;
}
// * * * * * * * * * * * * * * * * * * * * * * * * * * * * * * * * * * * * * //

dimensions      [0 0 0 1 0 0 0];

internalField   nonuniform List<scalar> 
6900
(
773.462
773.46
773.46
773.46
773.46
773.461
773.462
773.462
773.462
773.46
773.457
773.455
773.454
773.454
773.454
773.455
773.457
773.458
773.459
773.46
773.462
773.463
773.464
773.465
773.466
773.467
773.468
773.469
773.471
773.472
773.473
773.474
773.475
773.476
773.478
773.479
773.48
773.482
773.483
773.485
773.487
773.489
773.49
773.492
773.494
773.496
773.499
773.501
773.503
773.505
773.507
773.51
773.512
773.514
773.516
773.519
773.521
773.523
773.525
773.528
773.53
773.532
773.534
773.536
773.538
773.54
773.542
773.544
773.546
773.548
773.55
773.552
773.554
773.556
773.558
773.56
773.562
773.564
773.567
773.569
773.572
773.575
773.577
773.58
773.583
773.586
773.589
773.592
773.595
773.598
773.601
773.603
773.606
773.609
773.611
773.614
773.616
773.618
773.62
773.622
773.624
773.625
773.627
773.628
773.629
773.629
773.63
773.63
773.631
773.631
773.631
773.631
773.631
773.63
773.63
773.63
773.63
773.629
773.629
773.629
773.629
773.629
773.629
773.629
773.629
773.629
773.629
773.63
773.63
773.63
773.631
773.631
773.631
773.632
773.632
773.632
773.633
773.633
773.633
773.633
773.633
773.633
773.632
773.632
773.632
773.631
773.63
773.629
773.629
773.627
773.626
773.625
773.624
773.622
773.621
773.619
773.618
773.616
773.614
773.612
773.61
773.608
773.607
773.605
773.603
773.601
773.599
773.597
773.595
773.593
773.591
773.589
773.587
773.585
773.582
773.58
773.578
773.575
773.573
773.57
773.568
773.565
773.562
773.56
773.557
773.555
773.552
773.55
773.548
773.545
773.543
773.541
773.538
773.536
773.534
773.533
773.53
773.53
773.53
773.592
773.461
773.459
773.459
773.459
773.46
773.46
773.461
773.461
773.461
773.459
773.456
773.454
773.453
773.453
773.453
773.455
773.456
773.457
773.458
773.46
773.461
773.462
773.463
773.464
773.466
773.467
773.468
773.469
773.47
773.471
773.472
773.473
773.475
773.476
773.477
773.478
773.48
773.481
773.483
773.484
773.486
773.488
773.49
773.492
773.494
773.496
773.498
773.5
773.502
773.504
773.507
773.509
773.511
773.514
773.516
773.518
773.52
773.523
773.525
773.527
773.529
773.531
773.533
773.535
773.537
773.539
773.541
773.543
773.545
773.547
773.549
773.551
773.553
773.555
773.557
773.559
773.561
773.564
773.566
773.569
773.571
773.574
773.577
773.579
773.582
773.585
773.588
773.591
773.594
773.597
773.6
773.603
773.605
773.608
773.611
773.613
773.616
773.618
773.62
773.622
773.623
773.625
773.626
773.627
773.628
773.629
773.629
773.63
773.63
773.63
773.63
773.63
773.63
773.63
773.63
773.629
773.629
773.629
773.629
773.628
773.628
773.628
773.628
773.628
773.628
773.628
773.629
773.629
773.629
773.63
773.63
773.63
773.631
773.631
773.631
773.632
773.632
773.632
773.632
773.632
773.632
773.632
773.632
773.631
773.631
773.63
773.63
773.629
773.628
773.627
773.626
773.625
773.623
773.622
773.62
773.619
773.617
773.615
773.613
773.612
773.61
773.608
773.606
773.604
773.602
773.6
773.598
773.596
773.594
773.592
773.59
773.588
773.586
773.584
773.582
773.579
773.577
773.575
773.572
773.57
773.567
773.564
773.562
773.559
773.557
773.554
773.552
773.549
773.547
773.545
773.542
773.54
773.538
773.536
773.534
773.532
773.53
773.53
773.529
773.586
773.461
773.459
773.459
773.459
773.46
773.46
773.461
773.461
773.461
773.459
773.456
773.454
773.453
773.453
773.453
773.455
773.456
773.457
773.458
773.46
773.461
773.462
773.463
773.464
773.466
773.467
773.468
773.469
773.47
773.471
773.472
773.473
773.475
773.476
773.477
773.478
773.48
773.481
773.483
773.484
773.486
773.488
773.49
773.492
773.494
773.496
773.498
773.5
773.502
773.504
773.507
773.509
773.511
773.514
773.516
773.518
773.52
773.523
773.525
773.527
773.529
773.531
773.533
773.535
773.537
773.539
773.541
773.543
773.545
773.547
773.549
773.551
773.553
773.555
773.557
773.559
773.561
773.564
773.566
773.569
773.571
773.574
773.577
773.579
773.582
773.585
773.588
773.591
773.594
773.597
773.6
773.603
773.605
773.608
773.611
773.613
773.616
773.618
773.62
773.622
773.623
773.625
773.626
773.627
773.628
773.629
773.629
773.63
773.63
773.63
773.63
773.63
773.63
773.63
773.63
773.629
773.629
773.629
773.629
773.628
773.628
773.628
773.628
773.628
773.628
773.628
773.629
773.629
773.629
773.63
773.63
773.63
773.631
773.631
773.631
773.632
773.632
773.632
773.632
773.632
773.632
773.632
773.632
773.631
773.631
773.63
773.63
773.629
773.628
773.627
773.626
773.625
773.623
773.622
773.62
773.619
773.617
773.615
773.613
773.612
773.61
773.608
773.606
773.604
773.602
773.6
773.598
773.596
773.594
773.592
773.59
773.588
773.586
773.584
773.582
773.579
773.577
773.575
773.572
773.57
773.567
773.564
773.562
773.559
773.557
773.554
773.552
773.549
773.547
773.545
773.542
773.54
773.538
773.536
773.534
773.532
773.53
773.529
773.527
773.53
773.461
773.459
773.459
773.459
773.46
773.46
773.461
773.461
773.461
773.459
773.456
773.454
773.453
773.453
773.453
773.455
773.456
773.457
773.458
773.46
773.461
773.462
773.463
773.464
773.466
773.467
773.468
773.469
773.47
773.471
773.472
773.473
773.475
773.476
773.477
773.478
773.48
773.481
773.483
773.484
773.486
773.488
773.49
773.492
773.494
773.496
773.498
773.5
773.502
773.504
773.507
773.509
773.511
773.514
773.516
773.518
773.52
773.523
773.525
773.527
773.529
773.531
773.533
773.535
773.537
773.539
773.541
773.543
773.545
773.547
773.549
773.551
773.553
773.555
773.557
773.559
773.561
773.564
773.566
773.569
773.571
773.574
773.577
773.579
773.582
773.585
773.588
773.591
773.594
773.597
773.6
773.603
773.605
773.608
773.611
773.613
773.616
773.618
773.62
773.622
773.623
773.625
773.626
773.627
773.628
773.629
773.629
773.63
773.63
773.63
773.63
773.63
773.63
773.63
773.63
773.629
773.629
773.629
773.629
773.628
773.628
773.628
773.628
773.628
773.628
773.628
773.629
773.629
773.629
773.63
773.63
773.63
773.631
773.631
773.631
773.632
773.632
773.632
773.632
773.632
773.632
773.632
773.632
773.631
773.631
773.63
773.63
773.629
773.628
773.627
773.626
773.625
773.623
773.622
773.62
773.619
773.617
773.615
773.613
773.612
773.61
773.608
773.606
773.604
773.602
773.6
773.598
773.596
773.594
773.592
773.59
773.588
773.586
773.584
773.582
773.579
773.577
773.575
773.572
773.57
773.567
773.564
773.562
773.559
773.557
773.554
773.552
773.549
773.547
773.545
773.542
773.54
773.538
773.536
773.534
773.532
773.53
773.526
773.53
773.415
773.462
773.46
773.46
773.46
773.46
773.461
773.462
773.462
773.462
773.46
773.457
773.455
773.454
773.454
773.454
773.455
773.457
773.458
773.459
773.46
773.462
773.463
773.464
773.465
773.466
773.467
773.468
773.469
773.471
773.472
773.473
773.474
773.475
773.476
773.478
773.479
773.48
773.482
773.483
773.485
773.487
773.489
773.49
773.492
773.494
773.496
773.499
773.501
773.503
773.505
773.507
773.51
773.512
773.514
773.516
773.519
773.521
773.523
773.525
773.528
773.53
773.532
773.534
773.536
773.538
773.54
773.542
773.544
773.546
773.548
773.55
773.552
773.554
773.556
773.558
773.56
773.562
773.564
773.567
773.569
773.572
773.575
773.577
773.58
773.583
773.586
773.589
773.592
773.595
773.598
773.601
773.603
773.606
773.609
773.611
773.614
773.616
773.618
773.62
773.622
773.624
773.625
773.627
773.628
773.629
773.629
773.63
773.63
773.631
773.631
773.631
773.631
773.631
773.63
773.63
773.63
773.63
773.629
773.629
773.629
773.629
773.629
773.629
773.629
773.629
773.629
773.629
773.63
773.63
773.63
773.631
773.631
773.631
773.632
773.632
773.632
773.633
773.633
773.633
773.633
773.633
773.633
773.632
773.632
773.632
773.631
773.63
773.629
773.629
773.627
773.626
773.625
773.624
773.622
773.621
773.619
773.618
773.616
773.614
773.612
773.61
773.608
773.607
773.605
773.603
773.601
773.599
773.597
773.595
773.593
773.591
773.589
773.587
773.585
773.582
773.58
773.578
773.575
773.573
773.57
773.568
773.565
773.563
773.56
773.557
773.555
773.553
773.55
773.548
773.545
773.543
773.541
773.539
773.536
773.534
773.532
773.531
773.526
773.537
773.335
773.577
773.589
773.588
773.587
773.584
773.584
773.584
773.581
773.572
773.563
773.55
773.525
773.511
773.513
773.521
773.534
773.524
773.491
773.417
773.354
773.565
773.568
773.566
773.563
773.558
773.555
773.554
773.548
773.536
773.526
773.515
773.487
773.46
773.46
773.471
773.485
773.481
773.426
773.358
773.311
773.529
773.528
773.525
773.521
773.516
773.51
773.501
773.495
773.488
773.483
773.476
773.467
773.457
773.45
773.443
773.437
773.434
773.44
773.448
773.448
773.464
773.465
773.47
773.468
773.462
773.449
773.436
773.414
773.401
773.38
773.362
773.347
773.327
773.315
773.305
773.293
773.278
773.271
773.259
773.249
773.414
773.395
773.392
773.394
773.392
773.388
773.377
773.363
773.35
773.337
773.321
773.311
773.295
773.287
773.273
773.269
773.258
773.257
773.261
773.284
773.211
773.237
773.227
773.226
773.244
773.228
773.213
773.212
773.219
773.223
773.221
773.216
773.216
773.219
773.22
773.219
773.217
773.216
773.217
773.218
773.221
773.223
773.225
773.227
773.231
773.252
773.383
773.922
774.547
774.765
774.722
774.264
773.443
773.006
772.874
772.878
772.967
773.084
773.151
773.187
773.206
773.217
773.223
773.228
773.231
773.234
773.236
773.239
773.241
773.244
773.246
773.249
773.251
773.254
773.256
773.259
773.261
773.264
773.266
773.269
773.271
773.274
773.276
773.278
773.28
773.282
773.284
773.286
773.288
773.29
773.291
773.293
773.294
773.295
773.297
773.298
773.299
773.3
773.301
773.301
773.302
773.303
773.303
773.304
773.305
773.305
773.306
773.306
773.307
773.307
773.308
773.308
773.309
773.31
773.311
773.312
773.312
773.313
773.315
773.316
773.317
773.318
773.32
773.321
773.323
773.324
773.326
773.328
773.33
773.332
773.333
773.335
773.337
773.339
773.341
773.343
773.345
773.347
773.349
773.35
773.352
773.354
773.355
773.356
773.358
773.359
773.36
773.361
773.361
773.362
773.363
773.363
773.363
773.364
773.364
773.364
773.364
773.363
773.363
773.363
773.362
773.362
773.362
773.361
773.361
773.36
773.36
773.359
773.359
773.359
773.358
773.358
773.358
773.357
773.357
773.358
773.358
773.358
773.358
773.358
773.359
773.359
773.36
773.361
773.361
773.362
773.363
773.364
773.364
773.365
773.366
773.366
773.367
773.367
773.368
773.368
773.368
773.368
773.368
773.368
773.368
773.368
773.367
773.367
773.367
773.366
773.366
773.365
773.364
773.364
773.363
773.362
773.361
773.36
773.36
773.359
773.358
773.353
773.358
773.193
773.21
773.241
773.232
773.241
773.259
773.242
773.23
773.231
773.239
773.241
773.239
773.238
773.239
773.242
773.242
773.239
773.238
773.238
773.238
773.241
773.243
773.244
773.244
773.245
773.246
773.258
773.331
773.583
773.821
773.902
773.886
773.722
773.431
773.263
773.195
773.179
773.181
773.191
773.203
773.211
773.217
773.222
773.225
773.228
773.231
773.234
773.236
773.238
773.241
773.243
773.246
773.248
773.251
773.253
773.256
773.258
773.261
773.263
773.266
773.268
773.271
773.273
773.275
773.277
773.28
773.282
773.284
773.285
773.287
773.289
773.29
773.292
773.293
773.295
773.296
773.297
773.298
773.299
773.3
773.301
773.301
773.302
773.303
773.303
773.304
773.304
773.305
773.306
773.306
773.307
773.307
773.308
773.309
773.309
773.31
773.311
773.312
773.313
773.314
773.315
773.316
773.318
773.319
773.321
773.322
773.324
773.326
773.327
773.329
773.331
773.333
773.335
773.337
773.339
773.341
773.343
773.344
773.346
773.348
773.35
773.351
773.353
773.354
773.356
773.357
773.358
773.359
773.36
773.361
773.361
773.362
773.362
773.363
773.363
773.363
773.363
773.363
773.363
773.363
773.362
773.362
773.361
773.361
773.361
773.36
773.36
773.359
773.359
773.358
773.358
773.358
773.357
773.357
773.357
773.357
773.357
773.357
773.357
773.357
773.358
773.358
773.359
773.359
773.36
773.361
773.362
773.362
773.363
773.364
773.364
773.365
773.366
773.366
773.367
773.367
773.367
773.368
773.368
773.368
773.368
773.367
773.367
773.367
773.366
773.366
773.366
773.365
773.364
773.364
773.363
773.362
773.361
773.361
773.36
773.359
773.358
773.357
773.354
773.353
773.26
773.417
773.437
773.47
773.476
773.477
773.477
773.481
773.485
773.488
773.489
773.49
773.492
773.494
773.496
773.498
773.498
773.498
773.496
773.484
773.438
773.361
773.3
773.26
773.238
773.23
773.229
773.23
773.234
773.236
773.235
773.228
773.219
773.214
773.213
773.214
773.217
773.219
773.222
773.223
773.225
773.226
773.228
773.229
773.231
773.233
773.235
773.237
773.239
773.241
773.243
773.246
773.248
773.251
773.253
773.256
773.258
773.261
773.263
773.266
773.268
773.271
773.273
773.275
773.277
773.28
773.282
773.284
773.285
773.287
773.289
773.29
773.292
773.293
773.295
773.296
773.297
773.298
773.299
773.3
773.301
773.301
773.302
773.303
773.303
773.304
773.304
773.305
773.306
773.306
773.307
773.307
773.308
773.309
773.309
773.31
773.311
773.312
773.313
773.314
773.315
773.316
773.318
773.319
773.321
773.322
773.324
773.326
773.327
773.329
773.331
773.333
773.335
773.337
773.339
773.341
773.343
773.344
773.346
773.348
773.35
773.351
773.353
773.354
773.356
773.357
773.358
773.359
773.36
773.361
773.361
773.362
773.362
773.363
773.363
773.363
773.363
773.363
773.363
773.363
773.362
773.362
773.361
773.361
773.361
773.36
773.36
773.359
773.359
773.358
773.358
773.358
773.357
773.357
773.357
773.357
773.357
773.357
773.357
773.357
773.358
773.358
773.359
773.359
773.36
773.361
773.362
773.362
773.363
773.364
773.364
773.365
773.366
773.366
773.367
773.367
773.367
773.368
773.368
773.368
773.368
773.367
773.367
773.367
773.366
773.366
773.366
773.365
773.364
773.364
773.363
773.362
773.361
773.361
773.36
773.359
773.358
773.357
773.356
773.356
773.358
773.234
773.227
773.227
773.228
773.225
773.22
773.22
773.222
773.223
773.222
773.222
773.222
773.222
773.223
773.223
773.222
773.223
773.224
773.227
773.232
773.236
773.241
773.253
773.273
773.285
773.291
773.303
773.342
773.399
773.425
773.426
773.406
773.332
773.261
773.223
773.207
773.204
773.204
773.209
773.215
773.22
773.223
773.226
773.229
773.232
773.234
773.236
773.239
773.241
773.243
773.246
773.248
773.251
773.253
773.256
773.258
773.261
773.263
773.266
773.268
773.271
773.273
773.275
773.277
773.28
773.282
773.284
773.285
773.287
773.289
773.29
773.292
773.293
773.295
773.296
773.297
773.298
773.299
773.3
773.301
773.301
773.302
773.303
773.303
773.304
773.304
773.305
773.306
773.306
773.307
773.307
773.308
773.309
773.309
773.31
773.311
773.312
773.313
773.314
773.315
773.316
773.318
773.319
773.321
773.322
773.324
773.326
773.327
773.329
773.331
773.333
773.335
773.337
773.339
773.341
773.343
773.344
773.346
773.348
773.35
773.351
773.353
773.354
773.356
773.357
773.358
773.359
773.36
773.361
773.361
773.362
773.362
773.363
773.363
773.363
773.363
773.363
773.363
773.363
773.362
773.362
773.361
773.361
773.361
773.36
773.36
773.359
773.359
773.358
773.358
773.358
773.357
773.357
773.357
773.357
773.357
773.357
773.357
773.357
773.358
773.358
773.359
773.359
773.36
773.361
773.362
773.362
773.363
773.364
773.364
773.365
773.366
773.366
773.367
773.367
773.367
773.368
773.368
773.368
773.368
773.367
773.367
773.367
773.366
773.366
773.366
773.365
773.364
773.364
773.363
773.362
773.362
773.361
773.36
773.359
773.358
773.357
773.358
773.359
773.405
773.344
773.345
773.341
773.342
773.339
773.335
773.335
773.336
773.337
773.337
773.337
773.338
773.339
773.34
773.34
773.341
773.342
773.345
773.347
773.352
773.365
773.375
773.377
773.369
773.347
773.343
773.372
773.565
773.937
774.145
774.197
774.171
773.997
773.715
773.515
773.387
773.311
773.269
773.246
773.236
773.231
773.23
773.23
773.231
773.233
773.235
773.237
773.239
773.242
773.244
773.246
773.249
773.251
773.254
773.256
773.259
773.261
773.264
773.266
773.269
773.271
773.274
773.276
773.278
773.28
773.282
773.284
773.286
773.288
773.29
773.291
773.293
773.294
773.295
773.297
773.298
773.299
773.3
773.301
773.301
773.302
773.303
773.303
773.304
773.305
773.305
773.306
773.306
773.307
773.307
773.308
773.308
773.309
773.31
773.311
773.312
773.312
773.313
773.315
773.316
773.317
773.318
773.32
773.321
773.323
773.324
773.326
773.328
773.33
773.332
773.333
773.335
773.337
773.339
773.341
773.343
773.345
773.347
773.349
773.35
773.352
773.354
773.355
773.356
773.358
773.359
773.36
773.361
773.361
773.362
773.363
773.363
773.363
773.364
773.364
773.364
773.364
773.363
773.363
773.363
773.362
773.362
773.362
773.361
773.361
773.36
773.36
773.359
773.359
773.359
773.358
773.358
773.358
773.357
773.357
773.358
773.358
773.358
773.358
773.358
773.359
773.359
773.36
773.361
773.361
773.362
773.363
773.364
773.364
773.365
773.366
773.366
773.367
773.367
773.368
773.368
773.368
773.368
773.368
773.368
773.368
773.368
773.367
773.367
773.367
773.366
773.366
773.365
773.364
773.364
773.363
773.362
773.361
773.36
773.36
773.359
773.358
773.358
773.36
773.41
773.251
773.233
773.227
773.229
773.227
773.222
773.208
773.2
773.183
773.174
773.157
773.147
773.132
773.124
773.111
773.105
773.095
773.095
773.101
773.129
773.297
773.297
773.301
773.3
773.293
773.28
773.262
773.249
773.23
773.215
773.197
773.179
773.167
773.157
773.138
773.126
773.116
773.107
773.097
773.094
773.358
773.357
773.354
773.35
773.344
773.338
773.331
773.325
773.319
773.312
773.304
773.294
773.287
773.281
773.274
773.272
773.279
773.283
773.282
773.263
773.393
773.396
773.395
773.392
773.388
773.386
773.383
773.373
773.363
773.351
773.329
773.311
773.312
773.324
773.34
773.326
773.261
773.227
773.211
773.182
773.404
773.417
773.416
773.415
773.414
773.414
773.412
773.406
773.398
773.386
773.367
773.357
773.36
773.37
773.383
773.366
773.322
773.293
773.252
773.212
773.187
773.187
773.186
773.185
773.18
773.177
773.178
773.18
773.18
773.18
773.18
773.182
773.183
773.184
773.184
773.184
773.185
773.186
773.189
773.192
773.199
773.209
773.213
773.211
773.195
773.178
773.182
773.257
773.563
773.884
774.016
774.028
773.958
773.707
773.455
773.286
773.181
773.12
773.085
773.066
773.056
773.051
773.049
773.048
773.047
773.047
773.047
773.047
773.047
773.046
773.047
773.047
773.047
773.047
773.047
773.047
773.047
773.047
773.048
773.048
773.048
773.049
773.049
773.049
773.05
773.05
773.051
773.051
773.051
773.051
773.051
773.051
773.051
773.051
773.051
773.051
773.051
773.051
773.05
773.05
773.049
773.049
773.048
773.048
773.047
773.047
773.046
773.045
773.045
773.044
773.043
773.043
773.042
773.041
773.041
773.04
773.04
773.035
773.039
772.878
773.078
773.072
773.073
773.073
773.067
773.064
773.065
773.068
773.068
773.067
773.067
773.068
773.069
773.069
773.069
773.068
773.068
773.069
773.07
773.075
773.08
773.083
773.088
773.101
773.116
773.124
773.131
773.15
773.202
773.244
773.254
773.248
773.208
773.128
773.074
773.046
773.035
773.032
773.033
773.036
773.04
773.042
773.044
773.045
773.045
773.045
773.046
773.046
773.046
773.046
773.046
773.046
773.046
773.046
773.046
773.046
773.047
773.047
773.047
773.048
773.048
773.048
773.048
773.049
773.049
773.05
773.05
773.05
773.05
773.051
773.051
773.051
773.051
773.051
773.051
773.05
773.05
773.05
773.05
773.049
773.049
773.048
773.048
773.047
773.047
773.046
773.045
773.045
773.044
773.043
773.043
773.042
773.042
773.041
773.04
773.04
773.039
773.036
773.034
772.944
773.25
773.285
773.311
773.313
773.312
773.314
773.319
773.322
773.324
773.325
773.327
773.327
773.328
773.329
773.334
773.339
773.341
773.341
773.338
773.317
773.252
773.181
773.13
773.099
773.084
773.078
773.077
773.078
773.079
773.079
773.073
773.061
773.052
773.047
773.046
773.046
773.048
773.049
773.049
773.049
773.048
773.048
773.047
773.047
773.047
773.046
773.046
773.046
773.046
773.046
773.046
773.046
773.046
773.046
773.046
773.046
773.047
773.047
773.047
773.048
773.048
773.048
773.048
773.049
773.049
773.05
773.05
773.05
773.05
773.051
773.051
773.051
773.051
773.051
773.051
773.051
773.05
773.05
773.05
773.049
773.049
773.048
773.048
773.047
773.047
773.046
773.045
773.045
773.044
773.043
773.043
773.042
773.042
773.041
773.04
773.04
773.039
773.038
773.038
773.04
773.036
773.076
773.082
773.1
773.1
773.077
773.071
773.078
773.086
773.086
773.082
773.082
773.084
773.087
773.086
773.086
773.084
773.083
773.084
773.087
773.092
773.096
773.096
773.095
773.095
773.097
773.121
773.252
773.537
773.703
773.734
773.68
773.435
773.18
773.054
773.009
773.002
773.007
773.021
773.03
773.036
773.04
773.042
773.043
773.044
773.045
773.045
773.045
773.046
773.046
773.046
773.046
773.046
773.046
773.046
773.046
773.047
773.047
773.047
773.048
773.048
773.048
773.048
773.049
773.049
773.05
773.05
773.05
773.05
773.051
773.051
773.051
773.051
773.051
773.051
773.051
773.05
773.05
773.05
773.049
773.049
773.048
773.048
773.047
773.047
773.046
773.045
773.045
773.044
773.043
773.043
773.042
773.042
773.041
773.04
773.04
773.039
773.04
773.041
773.087
773.037
773.078
773.075
773.088
773.088
773.063
773.053
773.058
773.069
773.069
773.064
773.059
773.061
773.065
773.066
773.066
773.065
773.063
773.061
773.06
773.063
773.07
773.074
773.075
773.076
773.082
773.12
773.342
773.985
774.447
774.547
774.422
773.788
773.092
772.78
772.71
772.734
772.843
772.939
772.991
773.018
773.032
773.039
773.042
773.044
773.045
773.046
773.046
773.046
773.046
773.046
773.046
773.047
773.047
773.047
773.047
773.047
773.047
773.048
773.048
773.048
773.049
773.049
773.049
773.05
773.05
773.051
773.051
773.051
773.051
773.051
773.051
773.051
773.051
773.051
773.051
773.051
773.051
773.05
773.05
773.049
773.049
773.048
773.048
773.047
773.047
773.046
773.045
773.045
773.044
773.043
773.043
773.042
773.041
773.041
773.04
773.04
773.041
773.042
773.092
772.934
772.915
772.909
772.911
772.909
772.904
772.891
772.882
772.865
772.857
772.84
772.829
772.814
772.806
772.793
772.788
772.777
772.778
772.783
772.811
772.979
772.979
772.984
772.982
772.976
772.963
772.945
772.932
772.912
772.898
772.88
772.861
772.849
772.839
772.821
772.809
772.799
772.79
772.779
772.776
773.041
773.039
773.037
773.033
773.027
773.021
773.015
773.008
773.002
772.995
772.988
772.978
772.97
772.964
772.958
772.955
772.962
772.966
772.965
772.946
773.076
773.079
773.078
773.075
773.071
773.069
773.066
773.057
773.046
773.036
773.013
772.994
772.995
773.007
773.022
773.009
772.945
772.91
772.894
772.866
773.087
773.1
773.099
773.099
773.097
773.098
773.096
773.09
773.082
773.07
773.05
773.041
773.043
773.053
773.066
773.049
773.005
772.976
772.937
772.897
772.87
772.871
772.87
772.87
772.865
772.862
772.863
772.863
772.863
772.861
772.861
772.862
772.862
772.862
772.863
772.863
772.866
772.868
772.871
772.879
772.89
772.895
772.894
772.881
772.864
772.866
772.926
773.203
773.534
773.679
773.697
773.635
773.395
773.138
772.967
772.86
772.798
772.763
772.745
772.736
772.731
772.729
772.728
772.728
772.728
772.728
772.728
772.728
772.728
772.729
772.729
772.729
772.73
772.73
772.73
772.73
772.731
772.731
772.731
772.731
772.732
772.732
772.732
772.732
772.732
772.732
772.732
772.732
772.732
772.732
772.732
772.732
772.732
772.732
772.732
772.731
772.731
772.731
772.73
772.73
772.73
772.729
772.729
772.728
772.728
772.728
772.727
772.727
772.726
772.726
772.726
772.726
772.725
772.725
772.725
772.725
772.725
772.725
772.725
772.726
772.726
772.726
772.727
772.727
772.727
772.728
772.729
772.729
772.73
772.731
772.731
772.732
772.733
772.734
772.734
772.735
772.736
772.736
772.737
772.737
772.738
772.739
772.739
772.74
772.74
772.741
772.741
772.741
772.742
772.742
772.742
772.743
772.743
772.744
772.744
772.745
772.745
772.746
772.746
772.747
772.748
772.748
772.749
772.75
772.751
772.752
772.753
772.755
772.756
772.757
772.759
772.76
772.762
772.763
772.765
772.767
772.769
772.77
772.772
772.774
772.776
772.778
772.779
772.781
772.782
772.784
772.785
772.786
772.787
772.788
772.789
772.79
772.79
772.791
772.791
772.791
772.792
772.792
772.792
772.792
772.792
772.792
772.792
772.792
772.792
772.792
772.793
772.793
772.793
772.793
772.794
772.794
772.795
772.796
772.796
772.798
772.799
772.801
772.804
772.86
772.76
772.756
772.757
772.757
772.751
772.749
772.75
772.751
772.751
772.749
772.749
772.749
772.749
772.749
772.748
772.748
772.748
772.75
772.754
772.759
772.762
772.767
772.78
772.796
772.804
772.811
772.826
772.873
772.914
772.924
772.919
772.881
772.803
772.75
772.723
772.713
772.711
772.711
772.715
772.719
772.722
772.724
772.725
772.726
772.726
772.727
772.727
772.727
772.728
772.728
772.728
772.729
772.729
772.729
772.729
772.73
772.73
772.73
772.731
772.731
772.731
772.731
772.731
772.732
772.732
772.732
772.732
772.732
772.732
772.732
772.732
772.732
772.731
772.731
772.731
772.731
772.731
772.73
772.73
772.729
772.729
772.729
772.728
772.728
772.727
772.727
772.727
772.726
772.726
772.725
772.725
772.725
772.725
772.725
772.725
772.724
772.725
772.725
772.725
772.725
772.725
772.726
772.726
772.726
772.727
772.727
772.728
772.729
772.729
772.73
772.731
772.731
772.732
772.733
772.734
772.734
772.735
772.736
772.736
772.737
772.737
772.738
772.739
772.739
772.739
772.74
772.74
772.741
772.741
772.741
772.742
772.742
772.743
772.743
772.744
772.744
772.745
772.745
772.746
772.746
772.747
772.748
772.749
772.75
772.751
772.752
772.753
772.754
772.755
772.757
772.758
772.76
772.761
772.763
772.765
772.766
772.768
772.77
772.772
772.773
772.775
772.777
772.779
772.78
772.782
772.783
772.784
772.786
772.787
772.788
772.788
772.789
772.79
772.79
772.791
772.791
772.791
772.791
772.791
772.791
772.791
772.791
772.791
772.792
772.792
772.792
772.792
772.792
772.792
772.793
772.793
772.794
772.794
772.795
772.796
772.797
772.798
772.8
772.803
772.855
772.933
772.968
772.993
772.993
772.992
772.994
772.998
773.002
773.005
773.008
773.01
773.011
773.012
773.015
773.019
773.02
773.02
773.018
773.006
772.956
772.881
772.824
772.788
772.767
772.759
772.756
772.757
772.757
772.757
772.751
772.74
772.731
772.726
772.725
772.725
772.726
772.727
772.728
772.728
772.728
772.727
772.727
772.727
772.727
772.727
772.727
772.727
772.728
772.728
772.728
772.728
772.729
772.729
772.729
772.729
772.73
772.73
772.73
772.731
772.731
772.731
772.731
772.731
772.732
772.732
772.732
772.732
772.732
772.732
772.732
772.732
772.732
772.731
772.731
772.731
772.731
772.731
772.73
772.73
772.729
772.729
772.729
772.728
772.728
772.727
772.727
772.727
772.726
772.726
772.725
772.725
772.725
772.725
772.725
772.725
772.724
772.725
772.725
772.725
772.725
772.725
772.726
772.726
772.726
772.727
772.727
772.728
772.729
772.729
772.73
772.731
772.731
772.732
772.733
772.734
772.734
772.735
772.736
772.736
772.737
772.737
772.738
772.739
772.739
772.739
772.74
772.74
772.741
772.741
772.741
772.742
772.742
772.743
772.743
772.744
772.744
772.745
772.745
772.746
772.746
772.747
772.748
772.749
772.75
772.751
772.752
772.753
772.754
772.755
772.757
772.758
772.76
772.761
772.763
772.765
772.766
772.768
772.77
772.772
772.773
772.775
772.777
772.779
772.78
772.782
772.783
772.784
772.786
772.787
772.788
772.788
772.789
772.79
772.79
772.791
772.791
772.791
772.791
772.791
772.791
772.791
772.791
772.791
772.792
772.792
772.792
772.792
772.792
772.792
772.793
772.793
772.794
772.794
772.795
772.796
772.797
772.798
772.8
772.801
772.805
772.716
772.756
772.766
772.782
772.779
772.757
772.753
772.761
772.768
772.767
772.765
772.765
772.768
772.77
772.769
772.767
772.765
772.765
772.765
772.768
772.772
772.773
772.772
772.773
772.775
772.796
772.912
773.188
773.359
773.394
773.346
773.113
772.861
772.735
772.69
772.683
772.688
772.7
772.71
772.716
772.72
772.722
772.724
772.725
772.726
772.726
772.727
772.727
772.728
772.728
772.728
772.729
772.729
772.729
772.729
772.73
772.73
772.73
772.731
772.731
772.731
772.731
772.731
772.732
772.732
772.732
772.732
772.732
772.732
772.732
772.732
772.732
772.731
772.731
772.731
772.731
772.731
772.73
772.73
772.729
772.729
772.729
772.728
772.728
772.727
772.727
772.727
772.726
772.726
772.725
772.725
772.725
772.725
772.725
772.725
772.724
772.725
772.725
772.725
772.725
772.725
772.726
772.726
772.726
772.727
772.727
772.728
772.729
772.729
772.73
772.731
772.731
772.732
772.733
772.734
772.734
772.735
772.736
772.736
772.737
772.737
772.738
772.739
772.739
772.739
772.74
772.74
772.741
772.741
772.741
772.742
772.742
772.743
772.743
772.744
772.744
772.745
772.745
772.746
772.746
772.747
772.748
772.749
772.75
772.751
772.752
772.753
772.754
772.755
772.757
772.758
772.76
772.761
772.763
772.765
772.766
772.768
772.77
772.772
772.773
772.775
772.777
772.779
772.78
772.782
772.783
772.784
772.786
772.787
772.788
772.788
772.789
772.79
772.79
772.791
772.791
772.791
772.791
772.791
772.791
772.791
772.791
772.791
772.791
772.792
772.792
772.792
772.792
772.792
772.793
772.793
772.794
772.794
772.795
772.796
772.797
772.798
772.797
772.797
772.703
772.716
772.759
772.758
772.771
772.768
772.743
772.737
772.743
772.751
772.751
772.745
772.742
772.745
772.748
772.748
772.747
772.745
772.743
772.743
772.744
772.749
772.752
772.753
772.754
772.759
772.793
772.994
773.613
774.085
774.193
774.077
773.467
772.779
772.47
772.4
772.424
772.529
772.622
772.672
772.699
772.712
772.719
772.723
772.725
772.726
772.727
772.727
772.728
772.728
772.729
772.729
772.729
772.73
772.73
772.73
772.73
772.731
772.731
772.731
772.731
772.732
772.732
772.732
772.732
772.732
772.732
772.732
772.732
772.732
772.732
772.732
772.732
772.732
772.732
772.732
772.731
772.731
772.731
772.73
772.73
772.73
772.729
772.729
772.728
772.728
772.728
772.727
772.727
772.726
772.726
772.726
772.726
772.725
772.725
772.725
772.725
772.725
772.725
772.725
772.726
772.726
772.726
772.727
772.727
772.727
772.728
772.729
772.729
772.73
772.731
772.731
772.732
772.733
772.734
772.734
772.735
772.736
772.736
772.737
772.737
772.738
772.739
772.739
772.74
772.74
772.741
772.741
772.741
772.742
772.742
772.742
772.743
772.743
772.744
772.744
772.745
772.745
772.746
772.746
772.747
772.748
772.748
772.749
772.75
772.751
772.752
772.753
772.755
772.756
772.757
772.759
772.76
772.762
772.763
772.765
772.767
772.769
772.77
772.772
772.774
772.776
772.778
772.779
772.781
772.782
772.784
772.785
772.786
772.787
772.788
772.789
772.79
772.79
772.791
772.791
772.791
772.792
772.792
772.792
772.792
772.792
772.792
772.792
772.792
772.792
772.792
772.793
772.793
772.793
772.793
772.794
772.794
772.795
772.796
772.797
772.797
772.799
772.797
772.803
772.634
772.856
772.869
772.868
772.868
772.866
772.866
772.867
772.865
772.856
772.848
772.834
772.81
772.798
772.801
772.811
772.824
772.811
772.768
772.71
772.665
772.844
772.848
772.846
772.843
772.84
772.837
772.836
772.831
772.819
772.81
772.799
772.77
772.747
772.748
772.761
772.776
772.768
772.703
772.652
772.623
772.807
772.806
772.804
772.801
772.796
772.79
772.783
772.777
772.772
772.766
772.76
772.752
772.743
772.737
772.731
772.726
772.725
772.733
772.739
772.738
772.742
772.744
772.749
772.747
772.741
772.729
772.71
772.697
772.678
772.664
772.643
772.629
772.61
772.598
772.589
772.575
772.563
772.555
772.544
772.533
772.695
772.676
772.671
772.673
772.672
772.668
772.654
772.646
772.629
772.62
772.603
772.593
772.578
772.57
772.558
772.552
772.543
772.54
772.543
772.563
772.492
772.523
772.531
772.538
772.532
772.526
772.527
772.534
772.538
772.539
772.539
772.542
772.545
772.547
772.551
772.553
772.556
772.559
772.568
772.63
772.974
773.585
773.835
773.814
773.432
772.718
772.36
772.267
772.281
772.37
772.455
772.5
772.522
772.533
772.539
772.542
772.544
772.546
772.547
772.548
772.548
772.549
772.55
772.55
772.551
772.551
772.552
772.552
772.552
772.553
772.553
772.553
772.553
772.553
772.553
772.552
772.552
772.552
772.552
772.551
772.551
772.55
772.55
772.55
772.549
772.549
772.548
772.548
772.548
772.547
772.547
772.547
772.547
772.547
772.547
772.547
772.547
772.547
772.547
772.548
772.548
772.549
772.549
772.55
772.55
772.551
772.551
772.552
772.552
772.553
772.553
772.554
772.555
772.555
772.556
772.556
772.557
772.558
772.558
772.559
772.56
772.561
772.562
772.562
772.563
772.564
772.566
772.567
772.568
772.569
772.571
772.572
772.573
772.575
772.577
772.578
772.58
772.582
772.583
772.585
772.587
772.588
772.59
772.592
772.593
772.595
772.596
772.598
772.599
772.601
772.602
772.603
772.604
772.605
772.606
772.607
772.608
772.609
772.61
772.611
772.612
772.613
772.614
772.615
772.616
772.617
772.619
772.62
772.621
772.623
772.624
772.626
772.628
772.63
772.632
772.634
772.636
772.638
772.641
772.643
772.646
772.648
772.651
772.654
772.656
772.659
772.662
772.664
772.667
772.67
772.672
772.675
772.678
772.68
772.683
772.685
772.688
772.69
772.692
772.694
772.697
772.699
772.701
772.703
772.705
772.707
772.709
772.711
772.713
772.715
772.717
772.719
772.721
772.723
772.725
772.727
772.729
772.731
772.733
772.734
772.736
772.738
772.739
772.741
772.742
772.744
772.745
772.747
772.748
772.749
772.75
772.751
772.752
772.753
772.754
772.755
772.756
772.757
772.758
772.759
772.76
772.761
772.762
772.763
772.764
772.766
772.767
772.768
772.77
772.771
772.773
772.775
772.777
772.779
772.781
772.783
772.786
772.788
772.79
772.793
772.795
772.798
772.801
772.803
772.806
772.809
772.812
772.814
772.817
772.82
772.822
772.825
772.828
772.83
772.833
772.835
772.838
772.84
772.843
772.845
772.847
772.85
772.852
772.855
772.857
772.859
772.862
772.864
772.867
772.87
772.872
772.875
772.878
772.881
772.884
772.887
772.891
772.894
772.898
772.901
772.905
772.909
772.914
772.918
772.922
772.927
772.932
772.937
772.942
772.948
772.953
772.959
772.965
772.971
772.977
772.983
772.99
772.996
773.003
773.01
773.017
773.025
773.032
773.04
773.047
773.055
773.063
773.072
773.08
773.089
773.097
773.106
773.115
773.124
773.134
773.143
773.153
773.163
773.173
773.183
773.194
773.204
773.215
773.226
773.238
773.249
773.261
773.273
773.285
773.298
773.31
773.323
773.336
773.35
773.363
773.377
773.391
773.406
773.42
773.435
773.45
773.466
773.481
773.497
773.513
773.529
773.546
773.563
773.579
773.597
773.614
773.631
773.649
773.667
773.685
773.703
773.721
773.74
773.758
773.777
773.796
773.815
773.834
773.853
773.873
773.892
773.912
773.931
773.951
773.971
773.991
774.011
774.031
774.051
774.072
774.093
774.114
774.135
774.156
774.177
774.199
774.221
774.243
774.265
774.288
774.311
774.334
774.357
774.381
774.405
774.429
774.453
774.478
774.502
774.528
774.553
774.578
774.604
774.63
774.656
774.682
774.709
774.735
774.762
774.789
774.816
774.843
774.87
774.897
774.925
774.952
774.979
775.007
775.034
775.062
775.09
775.117
775.145
775.173
775.2
775.228
775.256
775.284
775.312
775.34
775.368
775.396
775.424
775.452
775.48
775.509
775.537
775.565
775.594
775.622
775.651
775.68
775.709
775.737
775.766
775.795
775.825
775.854
775.883
775.913
775.942
775.972
776.001
776.031
776.061
776.091
776.121
776.151
776.181
776.211
776.242
776.272
776.302
776.333
776.364
776.394
776.425
776.456
776.487
776.518
776.549
776.58
776.612
776.643
776.674
776.706
776.737
776.769
776.801
776.832
776.864
776.896
776.928
776.96
776.992
777.024
777.056
777.088
777.12
777.152
777.185
777.217
777.249
777.282
777.314
777.346
777.379
777.411
777.444
777.477
777.509
777.542
777.575
777.607
777.64
777.673
777.705
777.738
777.771
777.804
777.837
777.869
777.902
777.935
777.968
778.001
778.034
778.067
778.099
778.132
778.165
778.198
778.231
778.264
778.297
778.329
778.362
778.395
778.428
778.461
778.493
778.526
778.559
778.592
778.624
778.657
778.69
778.722
778.755
778.787
778.82
778.852
778.885
778.917
778.95
778.982
779.014
779.046
779.079
779.111
779.143
779.175
779.207
779.239
779.271
779.303
779.335
779.366
779.398
779.43
779.461
779.493
779.524
779.556
779.587
779.618
779.65
779.681
779.712
779.743
779.774
779.804
779.835
779.866
779.897
779.927
779.958
779.988
780.018
780.048
780.078
780.109
780.138
780.168
780.198
780.228
780.257
780.287
780.316
780.346
780.374
780.405
780.431
780.464
780.488
780.522
780.544
780.58
780.6
780.637
780.656
780.694
780.712
780.749
780.767
772.493
772.519
772.549
772.553
772.546
772.542
772.545
772.552
772.555
772.556
772.559
772.562
772.565
772.566
772.569
772.572
772.574
772.576
772.581
772.609
772.747
772.979
773.081
773.08
772.973
772.73
772.587
772.529
772.515
772.516
772.522
772.53
772.535
772.539
772.541
772.543
772.544
772.545
772.546
772.547
772.548
772.549
772.549
772.55
772.55
772.551
772.551
772.552
772.552
772.552
772.552
772.552
772.552
772.552
772.552
772.552
772.552
772.551
772.551
772.551
772.55
772.55
772.549
772.549
772.548
772.548
772.548
772.547
772.547
772.547
772.546
772.546
772.546
772.546
772.546
772.546
772.546
772.547
772.547
772.547
772.548
772.548
772.548
772.549
772.549
772.55
772.55
772.551
772.552
772.552
772.553
772.553
772.554
772.554
772.555
772.556
772.556
772.557
772.558
772.558
772.559
772.56
772.561
772.562
772.563
772.564
772.565
772.566
772.567
772.569
772.57
772.571
772.573
772.574
772.576
772.578
772.579
772.581
772.583
772.584
772.586
772.588
772.589
772.591
772.593
772.594
772.596
772.597
772.599
772.6
772.601
772.602
772.604
772.605
772.606
772.607
772.608
772.609
772.61
772.611
772.611
772.612
772.613
772.614
772.616
772.617
772.618
772.619
772.621
772.622
772.624
772.625
772.627
772.629
772.631
772.633
772.635
772.638
772.64
772.643
772.645
772.648
772.65
772.653
772.656
772.658
772.661
772.664
772.666
772.669
772.672
772.674
772.677
772.68
772.682
772.684
772.687
772.689
772.692
772.694
772.696
772.698
772.7
772.703
772.705
772.707
772.709
772.711
772.713
772.715
772.717
772.719
772.721
772.723
772.725
772.726
772.728
772.73
772.732
772.734
772.735
772.737
772.739
772.74
772.742
772.743
772.745
772.746
772.747
772.748
772.75
772.751
772.752
772.753
772.754
772.755
772.756
772.757
772.757
772.758
772.759
772.76
772.761
772.762
772.764
772.765
772.766
772.768
772.769
772.771
772.772
772.774
772.776
772.778
772.78
772.783
772.785
772.787
772.79
772.792
772.795
772.797
772.8
772.803
772.805
772.808
772.811
772.814
772.816
772.819
772.822
772.824
772.827
772.83
772.832
772.835
772.837
772.839
772.842
772.844
772.847
772.849
772.852
772.854
772.856
772.859
772.861
772.864
772.866
772.869
772.872
772.874
772.877
772.88
772.883
772.887
772.89
772.893
772.897
772.901
772.905
772.909
772.913
772.917
772.922
772.927
772.931
772.936
772.942
772.947
772.952
772.958
772.964
772.97
772.976
772.983
772.989
772.996
773.003
773.01
773.017
773.024
773.031
773.039
773.047
773.055
773.063
773.071
773.079
773.088
773.097
773.105
773.114
773.124
773.133
773.143
773.152
773.162
773.172
773.183
773.193
773.204
773.215
773.226
773.237
773.249
773.26
773.272
773.285
773.297
773.31
773.323
773.336
773.349
773.363
773.377
773.391
773.405
773.42
773.435
773.45
773.465
773.481
773.496
773.512
773.529
773.545
773.562
773.579
773.596
773.613
773.631
773.648
773.666
773.684
773.702
773.721
773.739
773.758
773.776
773.795
773.814
773.833
773.853
773.872
773.891
773.911
773.93
773.95
773.97
773.99
774.01
774.03
774.051
774.071
774.092
774.113
774.134
774.155
774.177
774.198
774.22
774.242
774.265
774.287
774.31
774.333
774.356
774.38
774.404
774.428
774.452
774.477
774.502
774.527
774.552
774.578
774.603
774.629
774.655
774.682
774.708
774.735
774.761
774.788
774.815
774.842
774.869
774.897
774.924
774.951
774.979
775.006
775.034
775.061
775.089
775.117
775.144
775.172
775.2
775.228
775.255
775.283
775.311
775.339
775.367
775.395
775.423
775.452
775.48
775.508
775.536
775.565
775.593
775.622
775.65
775.679
775.708
775.737
775.766
775.795
775.824
775.853
775.883
775.912
775.941
775.971
776.001
776.03
776.06
776.09
776.12
776.15
776.18
776.211
776.241
776.271
776.302
776.332
776.363
776.394
776.425
776.456
776.487
776.518
776.549
776.58
776.611
776.642
776.674
776.705
776.737
776.768
776.8
776.832
776.864
776.895
776.927
776.959
776.991
777.023
777.055
777.087
777.12
777.152
777.184
777.216
777.249
777.281
777.313
777.346
777.378
777.411
777.443
777.476
777.509
777.541
777.574
777.607
777.639
777.672
777.705
777.738
777.77
777.803
777.836
777.869
777.902
777.935
777.967
778
778.033
778.066
778.099
778.132
778.165
778.197
778.23
778.263
778.296
778.329
778.362
778.395
778.427
778.46
778.493
778.526
778.558
778.591
778.624
778.656
778.689
778.722
778.754
778.787
778.819
778.852
778.884
778.917
778.949
778.981
779.014
779.046
779.078
779.11
779.142
779.175
779.207
779.239
779.27
779.302
779.334
779.366
779.398
779.429
779.461
779.492
779.524
779.555
779.587
779.618
779.649
779.68
779.711
779.742
779.773
779.804
779.835
779.865
779.896
779.927
779.957
779.987
780.018
780.048
780.078
780.108
780.138
780.168
780.198
780.227
780.257
780.287
780.315
780.346
780.373
780.404
780.431
780.463
780.487
780.521
780.544
780.579
780.6
780.636
780.656
780.693
780.711
780.749
780.767
772.709
772.737
772.77
772.774
772.775
772.78
772.786
772.79
772.795
772.802
772.808
772.811
772.812
772.811
772.794
772.734
772.661
772.61
772.581
772.566
772.561
772.557
772.554
772.549
772.544
772.54
772.539
772.54
772.542
772.543
772.544
772.544
772.544
772.545
772.545
772.545
772.546
772.546
772.547
772.547
772.548
772.549
772.549
772.55
772.55
772.551
772.551
772.552
772.552
772.552
772.552
772.552
772.552
772.552
772.552
772.552
772.552
772.551
772.551
772.551
772.55
772.55
772.549
772.549
772.548
772.548
772.548
772.547
772.547
772.547
772.546
772.546
772.546
772.546
772.546
772.546
772.546
772.547
772.547
772.547
772.548
772.548
772.548
772.549
772.549
772.55
772.55
772.551
772.552
772.552
772.553
772.553
772.554
772.554
772.555
772.556
772.556
772.557
772.558
772.558
772.559
772.56
772.561
772.562
772.563
772.564
772.565
772.566
772.567
772.569
772.57
772.571
772.573
772.574
772.576
772.578
772.579
772.581
772.583
772.584
772.586
772.588
772.589
772.591
772.593
772.594
772.596
772.597
772.599
772.6
772.601
772.602
772.604
772.605
772.606
772.607
772.608
772.609
772.61
772.611
772.611
772.612
772.613
772.614
772.616
772.617
772.618
772.619
772.621
772.622
772.624
772.625
772.627
772.629
772.631
772.633
772.635
772.638
772.64
772.643
772.645
772.648
772.65
772.653
772.656
772.658
772.661
772.664
772.666
772.669
772.672
772.674
772.677
772.68
772.682
772.684
772.687
772.689
772.692
772.694
772.696
772.698
772.7
772.703
772.705
772.707
772.709
772.711
772.713
772.715
772.717
772.719
772.721
772.723
772.725
772.726
772.728
772.73
772.732
772.734
772.735
772.737
772.739
772.74
772.742
772.743
772.745
772.746
772.747
772.748
772.75
772.751
772.752
772.753
772.754
772.755
772.756
772.757
772.757
772.758
772.759
772.76
772.761
772.762
772.764
772.765
772.766
772.768
772.769
772.771
772.772
772.774
772.776
772.778
772.78
772.783
772.785
772.787
772.79
772.792
772.795
772.797
772.8
772.803
772.805
772.808
772.811
772.814
772.816
772.819
772.822
772.824
772.827
772.83
772.832
772.835
772.837
772.839
772.842
772.844
772.847
772.849
772.852
772.854
772.856
772.859
772.861
772.864
772.866
772.869
772.872
772.874
772.877
772.88
772.883
772.887
772.89
772.893
772.897
772.901
772.905
772.909
772.913
772.917
772.922
772.927
772.931
772.936
772.942
772.947
772.952
772.958
772.964
772.97
772.976
772.983
772.989
772.996
773.003
773.01
773.017
773.024
773.031
773.039
773.047
773.055
773.063
773.071
773.079
773.088
773.097
773.105
773.114
773.124
773.133
773.143
773.152
773.162
773.172
773.183
773.193
773.204
773.215
773.226
773.237
773.249
773.26
773.272
773.285
773.297
773.31
773.323
773.336
773.349
773.363
773.377
773.391
773.405
773.42
773.435
773.45
773.465
773.481
773.496
773.512
773.529
773.545
773.562
773.579
773.596
773.613
773.631
773.648
773.666
773.684
773.702
773.721
773.739
773.758
773.776
773.795
773.814
773.833
773.853
773.872
773.891
773.911
773.93
773.95
773.97
773.99
774.01
774.03
774.051
774.071
774.092
774.113
774.134
774.155
774.177
774.198
774.22
774.242
774.265
774.287
774.31
774.333
774.356
774.38
774.404
774.428
774.452
774.477
774.502
774.527
774.552
774.578
774.603
774.629
774.655
774.682
774.708
774.735
774.761
774.788
774.815
774.842
774.869
774.897
774.924
774.951
774.979
775.006
775.034
775.061
775.089
775.117
775.144
775.172
775.2
775.228
775.255
775.283
775.311
775.339
775.367
775.395
775.423
775.452
775.48
775.508
775.536
775.565
775.593
775.622
775.65
775.679
775.708
775.737
775.766
775.795
775.824
775.853
775.883
775.912
775.941
775.971
776.001
776.03
776.06
776.09
776.12
776.15
776.18
776.211
776.241
776.271
776.302
776.332
776.363
776.394
776.425
776.456
776.487
776.518
776.549
776.58
776.611
776.642
776.674
776.705
776.737
776.768
776.8
776.832
776.864
776.895
776.927
776.959
776.991
777.023
777.055
777.087
777.12
777.152
777.184
777.216
777.249
777.281
777.313
777.346
777.378
777.411
777.443
777.476
777.509
777.541
777.574
777.607
777.639
777.672
777.705
777.738
777.77
777.803
777.836
777.869
777.902
777.935
777.967
778
778.033
778.066
778.099
778.132
778.165
778.197
778.23
778.263
778.296
778.329
778.362
778.395
778.427
778.46
778.493
778.526
778.558
778.591
778.624
778.656
778.689
778.722
778.754
778.787
778.819
778.852
778.884
778.917
778.949
778.981
779.014
779.046
779.078
779.11
779.142
779.175
779.207
779.239
779.27
779.302
779.334
779.366
779.398
779.429
779.461
779.492
779.524
779.555
779.587
779.618
779.649
779.68
779.711
779.742
779.773
779.804
779.835
779.865
779.896
779.927
779.957
779.987
780.018
780.048
780.078
780.108
780.138
780.168
780.198
780.227
780.257
780.287
780.315
780.346
780.373
780.404
780.431
780.463
780.487
780.521
780.544
780.579
780.6
780.636
780.656
780.693
780.711
780.749
780.767
772.518
772.521
772.531
772.531
772.531
772.532
772.535
772.538
772.54
772.542
772.544
772.546
772.551
772.555
772.559
772.565
772.58
772.597
772.607
772.617
772.645
772.697
772.723
772.725
772.705
772.633
772.569
772.537
772.526
772.525
772.527
772.533
772.537
772.54
772.542
772.543
772.545
772.546
772.546
772.547
772.548
772.549
772.549
772.55
772.55
772.551
772.551
772.552
772.552
772.552
772.552
772.552
772.552
772.552
772.552
772.552
772.552
772.551
772.551
772.551
772.55
772.55
772.549
772.549
772.548
772.548
772.548
772.547
772.547
772.547
772.546
772.546
772.546
772.546
772.546
772.546
772.546
772.547
772.547
772.547
772.548
772.548
772.548
772.549
772.549
772.55
772.55
772.551
772.552
772.552
772.553
772.553
772.554
772.554
772.555
772.556
772.556
772.557
772.558
772.558
772.559
772.56
772.561
772.562
772.563
772.564
772.565
772.566
772.567
772.569
772.57
772.571
772.573
772.574
772.576
772.578
772.579
772.581
772.583
772.584
772.586
772.588
772.589
772.591
772.593
772.594
772.596
772.597
772.599
772.6
772.601
772.602
772.604
772.605
772.606
772.607
772.608
772.609
772.61
772.611
772.611
772.612
772.613
772.614
772.616
772.617
772.618
772.619
772.621
772.622
772.624
772.625
772.627
772.629
772.631
772.633
772.635
772.638
772.64
772.643
772.645
772.648
772.65
772.653
772.656
772.658
772.661
772.664
772.666
772.669
772.672
772.674
772.677
772.68
772.682
772.684
772.687
772.689
772.692
772.694
772.696
772.698
772.7
772.703
772.705
772.707
772.709
772.711
772.713
772.715
772.717
772.719
772.721
772.723
772.725
772.726
772.728
772.73
772.732
772.734
772.735
772.737
772.739
772.74
772.742
772.743
772.745
772.746
772.747
772.748
772.75
772.751
772.752
772.753
772.754
772.755
772.756
772.757
772.757
772.758
772.759
772.76
772.761
772.762
772.764
772.765
772.766
772.768
772.769
772.771
772.772
772.774
772.776
772.778
772.78
772.783
772.785
772.787
772.79
772.792
772.795
772.797
772.8
772.803
772.805
772.808
772.811
772.814
772.816
772.819
772.822
772.824
772.827
772.83
772.832
772.835
772.837
772.839
772.842
772.844
772.847
772.849
772.852
772.854
772.856
772.859
772.861
772.864
772.866
772.869
772.872
772.874
772.877
772.88
772.883
772.887
772.89
772.893
772.897
772.901
772.905
772.909
772.913
772.917
772.922
772.927
772.931
772.936
772.942
772.947
772.952
772.958
772.964
772.97
772.976
772.983
772.989
772.996
773.003
773.01
773.017
773.024
773.031
773.039
773.047
773.055
773.063
773.071
773.079
773.088
773.097
773.105
773.114
773.124
773.133
773.143
773.152
773.162
773.172
773.183
773.193
773.204
773.215
773.226
773.237
773.249
773.26
773.272
773.285
773.297
773.31
773.323
773.336
773.349
773.363
773.377
773.391
773.405
773.42
773.435
773.45
773.465
773.481
773.496
773.512
773.529
773.545
773.562
773.579
773.596
773.613
773.631
773.648
773.666
773.684
773.702
773.721
773.739
773.758
773.776
773.795
773.814
773.833
773.853
773.872
773.891
773.911
773.93
773.95
773.97
773.99
774.01
774.03
774.051
774.071
774.092
774.113
774.134
774.155
774.177
774.198
774.22
774.242
774.265
774.287
774.31
774.333
774.356
774.38
774.404
774.428
774.452
774.477
774.502
774.527
774.552
774.578
774.603
774.629
774.655
774.682
774.708
774.735
774.761
774.788
774.815
774.842
774.869
774.897
774.924
774.951
774.979
775.006
775.034
775.061
775.089
775.117
775.144
775.172
775.2
775.228
775.255
775.283
775.311
775.339
775.367
775.395
775.423
775.452
775.48
775.508
775.536
775.565
775.593
775.622
775.65
775.679
775.708
775.737
775.766
775.795
775.824
775.853
775.883
775.912
775.941
775.971
776.001
776.03
776.06
776.09
776.12
776.15
776.18
776.211
776.241
776.271
776.302
776.332
776.363
776.394
776.425
776.456
776.487
776.518
776.549
776.58
776.611
776.642
776.674
776.705
776.737
776.768
776.8
776.832
776.864
776.895
776.927
776.959
776.991
777.023
777.055
777.087
777.12
777.152
777.184
777.216
777.249
777.281
777.313
777.346
777.378
777.411
777.443
777.476
777.509
777.541
777.574
777.607
777.639
777.672
777.705
777.738
777.77
777.803
777.836
777.869
777.902
777.935
777.967
778
778.033
778.066
778.099
778.132
778.165
778.197
778.23
778.263
778.296
778.329
778.362
778.395
778.427
778.46
778.493
778.526
778.558
778.591
778.624
778.656
778.689
778.722
778.754
778.787
778.819
778.852
778.884
778.917
778.949
778.981
779.014
779.046
779.078
779.11
779.142
779.175
779.207
779.239
779.27
779.302
779.334
779.366
779.398
779.429
779.461
779.492
779.524
779.555
779.587
779.618
779.649
779.68
779.711
779.742
779.773
779.804
779.835
779.865
779.896
779.927
779.957
779.987
780.018
780.048
780.078
780.108
780.138
780.168
780.198
780.227
780.257
780.287
780.315
780.346
780.373
780.404
780.431
780.463
780.487
780.521
780.544
780.579
780.6
780.636
780.656
780.693
780.711
780.749
780.767
772.627
772.642
772.65
772.647
772.647
772.649
772.651
772.654
772.656
772.658
772.663
772.667
772.671
772.674
772.683
772.697
772.703
772.701
772.693
772.694
772.739
772.969
773.259
773.375
773.379
773.292
773.036
772.825
772.695
772.62
772.581
772.561
772.552
772.548
772.546
772.546
772.546
772.547
772.547
772.548
772.549
772.549
772.55
772.55
772.551
772.551
772.552
772.552
772.552
772.553
772.553
772.553
772.553
772.553
772.553
772.552
772.552
772.552
772.552
772.551
772.551
772.55
772.55
772.55
772.549
772.549
772.548
772.548
772.548
772.547
772.547
772.547
772.547
772.547
772.547
772.547
772.547
772.547
772.547
772.548
772.548
772.549
772.549
772.55
772.55
772.551
772.551
772.552
772.552
772.553
772.553
772.554
772.555
772.555
772.556
772.556
772.557
772.558
772.558
772.559
772.56
772.561
772.562
772.562
772.563
772.564
772.566
772.567
772.568
772.569
772.571
772.572
772.573
772.575
772.577
772.578
772.58
772.582
772.583
772.585
772.587
772.588
772.59
772.592
772.593
772.595
772.596
772.598
772.599
772.601
772.602
772.603
772.604
772.605
772.606
772.607
772.608
772.609
772.61
772.611
772.612
772.613
772.614
772.615
772.616
772.617
772.619
772.62
772.621
772.623
772.624
772.626
772.628
772.63
772.632
772.634
772.636
772.638
772.641
772.643
772.646
772.648
772.651
772.654
772.656
772.659
772.662
772.664
772.667
772.67
772.672
772.675
772.678
772.68
772.683
772.685
772.688
772.69
772.692
772.694
772.697
772.699
772.701
772.703
772.705
772.707
772.709
772.711
772.713
772.715
772.717
772.719
772.721
772.723
772.725
772.727
772.729
772.731
772.733
772.734
772.736
772.738
772.739
772.741
772.742
772.744
772.745
772.747
772.748
772.749
772.75
772.751
772.752
772.753
772.754
772.755
772.756
772.757
772.758
772.759
772.76
772.761
772.762
772.763
772.764
772.766
772.767
772.768
772.77
772.771
772.773
772.775
772.777
772.779
772.781
772.783
772.786
772.788
772.79
772.793
772.795
772.798
772.801
772.803
772.806
772.809
772.812
772.814
772.817
772.82
772.822
772.825
772.828
772.83
772.833
772.835
772.838
772.84
772.843
772.845
772.847
772.85
772.852
772.855
772.857
772.859
772.862
772.864
772.867
772.87
772.872
772.875
772.878
772.881
772.884
772.887
772.891
772.894
772.898
772.901
772.905
772.909
772.914
772.918
772.922
772.927
772.932
772.937
772.942
772.948
772.953
772.959
772.965
772.971
772.977
772.983
772.99
772.996
773.003
773.01
773.017
773.025
773.032
773.04
773.047
773.055
773.063
773.072
773.08
773.089
773.097
773.106
773.115
773.124
773.134
773.143
773.153
773.163
773.173
773.183
773.194
773.204
773.215
773.226
773.238
773.249
773.261
773.273
773.285
773.298
773.31
773.323
773.336
773.35
773.363
773.377
773.391
773.406
773.42
773.435
773.45
773.466
773.481
773.497
773.513
773.529
773.546
773.563
773.579
773.597
773.614
773.631
773.649
773.667
773.685
773.703
773.721
773.74
773.758
773.777
773.796
773.815
773.834
773.853
773.873
773.892
773.912
773.931
773.951
773.971
773.991
774.011
774.031
774.051
774.072
774.093
774.114
774.135
774.156
774.177
774.199
774.221
774.243
774.265
774.288
774.311
774.334
774.357
774.381
774.405
774.429
774.453
774.478
774.502
774.528
774.553
774.578
774.604
774.63
774.656
774.682
774.709
774.735
774.762
774.789
774.816
774.843
774.87
774.897
774.925
774.952
774.979
775.007
775.034
775.062
775.09
775.117
775.145
775.173
775.2
775.228
775.256
775.284
775.312
775.34
775.368
775.396
775.424
775.452
775.48
775.509
775.537
775.565
775.594
775.622
775.651
775.68
775.709
775.737
775.766
775.795
775.825
775.854
775.883
775.913
775.942
775.972
776.001
776.031
776.061
776.091
776.121
776.151
776.181
776.211
776.242
776.272
776.302
776.333
776.364
776.394
776.425
776.456
776.487
776.518
776.549
776.58
776.612
776.643
776.674
776.706
776.737
776.769
776.801
776.832
776.864
776.896
776.928
776.96
776.992
777.024
777.056
777.088
777.12
777.152
777.185
777.217
777.249
777.282
777.314
777.346
777.379
777.411
777.444
777.477
777.509
777.542
777.575
777.607
777.64
777.673
777.705
777.738
777.771
777.804
777.837
777.869
777.902
777.935
777.968
778.001
778.034
778.067
778.099
778.132
778.165
778.198
778.231
778.264
778.297
778.329
778.362
778.395
778.428
778.461
778.493
778.526
778.559
778.592
778.624
778.657
778.69
778.722
778.755
778.787
778.82
778.852
778.885
778.917
778.95
778.982
779.014
779.046
779.079
779.111
779.143
779.175
779.207
779.239
779.271
779.303
779.335
779.366
779.398
779.43
779.461
779.493
779.524
779.556
779.587
779.618
779.65
779.681
779.712
779.743
779.774
779.804
779.835
779.866
779.897
779.927
779.958
779.988
780.018
780.048
780.078
780.109
780.138
780.168
780.198
780.228
780.257
780.287
780.316
780.346
780.374
780.405
780.431
780.464
780.488
780.522
780.544
780.58
780.6
780.637
780.656
780.694
780.712
780.749
780.767
)
;

boundaryField
{
    inlet
    {
        type            zeroGradient;
    }
    outlet
    {
        type            zeroGradient;
    }
    sides
    {
        type            empty;
    }
    walls
    {
        type            zeroGradient;
    }
}


// ************************************************************************* //
