/*--------------------------------*- C++ -*----------------------------------*\
| =========                 |                                                 |
| \\      /  F ield         | OpenFOAM: The Open Source CFD Toolbox           |
|  \\    /   O peration     | Version:  3.0.x                                 |
|   \\  /    A nd           | Web:      www.OpenFOAM.org                      |
|    \\/     M anipulation  |                                                 |
\*---------------------------------------------------------------------------*/
FoamFile
{
    version     2.0;
    format      ascii;
    class       volScalarField;
    location    "0.1";
    object      T;
}
// * * * * * * * * * * * * * * * * * * * * * * * * * * * * * * * * * * * * * //

dimensions      [0 0 0 1 0 0 0];

internalField   nonuniform List<scalar> 
6900
(
773.356
773.354
773.351
773.347
773.343
773.339
773.337
773.335
773.333
773.332
773.33
773.328
773.326
773.324
773.322
773.32
773.318
773.316
773.313
773.311
773.309
773.306
773.304
773.302
773.3
773.298
773.296
773.294
773.292
773.291
773.29
773.288
773.287
773.286
773.286
773.285
773.284
773.284
773.284
773.283
773.283
773.283
773.282
773.282
773.281
773.281
773.28
773.279
773.278
773.277
773.275
773.273
773.271
773.269
773.267
773.264
773.261
773.258
773.255
773.252
773.248
773.245
773.241
773.238
773.234
773.231
773.227
773.224
773.221
773.218
773.215
773.212
773.21
773.207
773.205
773.203
773.202
773.2
773.199
773.198
773.197
773.196
773.196
773.196
773.196
773.196
773.197
773.197
773.198
773.199
773.2
773.201
773.203
773.205
773.206
773.208
773.211
773.213
773.215
773.218
773.221
773.224
773.227
773.23
773.233
773.237
773.24
773.243
773.247
773.25
773.254
773.257
773.26
773.263
773.266
773.268
773.271
773.273
773.275
773.277
773.279
773.28
773.282
773.283
773.284
773.285
773.286
773.287
773.287
773.288
773.289
773.29
773.291
773.292
773.293
773.294
773.295
773.297
773.298
773.3
773.302
773.303
773.305
773.307
773.31
773.312
773.314
773.317
773.319
773.322
773.325
773.327
773.33
773.333
773.336
773.338
773.341
773.344
773.346
773.349
773.351
773.353
773.355
773.357
773.359
773.361
773.363
773.365
773.366
773.368
773.37
773.371
773.373
773.375
773.377
773.379
773.381
773.383
773.385
773.388
773.39
773.393
773.396
773.399
773.403
773.406
773.41
773.413
773.417
773.421
773.425
773.429
773.432
773.436
773.439
773.443
773.445
773.451
773.451
773.519
773.355
773.353
773.351
773.347
773.342
773.339
773.336
773.334
773.332
773.331
773.329
773.328
773.326
773.324
773.322
773.32
773.317
773.315
773.313
773.311
773.308
773.306
773.304
773.301
773.299
773.297
773.295
773.294
773.292
773.29
773.289
773.288
773.287
773.286
773.285
773.284
773.284
773.283
773.283
773.283
773.282
773.282
773.282
773.281
773.281
773.28
773.279
773.278
773.277
773.276
773.275
773.273
773.271
773.269
773.266
773.264
773.261
773.258
773.255
773.251
773.248
773.244
773.241
773.237
773.234
773.23
773.227
773.224
773.22
773.217
773.214
773.212
773.209
773.207
773.205
773.203
773.201
773.2
773.198
773.197
773.197
773.196
773.196
773.196
773.196
773.196
773.196
773.197
773.198
773.198
773.2
773.201
773.202
773.204
773.206
773.208
773.21
773.212
773.215
773.218
773.22
773.223
773.226
773.23
773.233
773.236
773.24
773.243
773.246
773.25
773.253
773.256
773.259
773.262
773.265
773.268
773.27
773.273
773.275
773.277
773.278
773.28
773.281
773.282
773.283
773.284
773.285
773.286
773.287
773.288
773.289
773.289
773.29
773.291
773.292
773.293
773.295
773.296
773.298
773.299
773.301
773.303
773.305
773.307
773.309
773.311
773.314
773.316
773.319
773.321
773.324
773.327
773.33
773.332
773.335
773.338
773.341
773.343
773.346
773.348
773.351
773.353
773.355
773.357
773.359
773.361
773.362
773.364
773.366
773.367
773.369
773.371
773.373
773.374
773.376
773.378
773.38
773.382
773.385
773.387
773.39
773.393
773.396
773.399
773.402
773.406
773.409
773.413
773.417
773.421
773.424
773.428
773.432
773.436
773.439
773.443
773.445
773.45
773.451
773.513
773.355
773.353
773.351
773.347
773.342
773.339
773.336
773.334
773.332
773.331
773.329
773.328
773.326
773.324
773.322
773.32
773.317
773.315
773.313
773.311
773.308
773.306
773.304
773.301
773.299
773.297
773.295
773.294
773.292
773.29
773.289
773.288
773.287
773.286
773.285
773.284
773.284
773.283
773.283
773.283
773.282
773.282
773.282
773.281
773.281
773.28
773.279
773.278
773.277
773.276
773.275
773.273
773.271
773.269
773.266
773.264
773.261
773.258
773.255
773.251
773.248
773.244
773.241
773.237
773.234
773.23
773.227
773.224
773.22
773.217
773.214
773.212
773.209
773.207
773.205
773.203
773.201
773.2
773.198
773.197
773.197
773.196
773.196
773.196
773.196
773.196
773.196
773.197
773.198
773.198
773.2
773.201
773.202
773.204
773.206
773.208
773.21
773.212
773.215
773.218
773.22
773.223
773.226
773.23
773.233
773.236
773.24
773.243
773.246
773.25
773.253
773.256
773.259
773.262
773.265
773.268
773.27
773.273
773.275
773.277
773.278
773.28
773.281
773.282
773.283
773.284
773.285
773.286
773.287
773.288
773.289
773.289
773.29
773.291
773.292
773.293
773.295
773.296
773.298
773.299
773.301
773.303
773.305
773.307
773.309
773.311
773.314
773.316
773.319
773.321
773.324
773.327
773.33
773.332
773.335
773.338
773.341
773.343
773.346
773.348
773.351
773.353
773.355
773.357
773.359
773.361
773.362
773.364
773.366
773.367
773.369
773.371
773.373
773.374
773.376
773.378
773.38
773.382
773.385
773.387
773.39
773.393
773.396
773.399
773.402
773.406
773.409
773.413
773.417
773.421
773.424
773.428
773.432
773.436
773.439
773.443
773.445
773.449
773.45
773.455
773.355
773.353
773.351
773.347
773.342
773.339
773.336
773.334
773.332
773.331
773.329
773.328
773.326
773.324
773.322
773.32
773.317
773.315
773.313
773.311
773.308
773.306
773.304
773.301
773.299
773.297
773.295
773.294
773.292
773.29
773.289
773.288
773.287
773.286
773.285
773.284
773.284
773.283
773.283
773.283
773.282
773.282
773.282
773.281
773.281
773.28
773.279
773.278
773.277
773.276
773.275
773.273
773.271
773.269
773.266
773.264
773.261
773.258
773.255
773.251
773.248
773.244
773.241
773.237
773.234
773.23
773.227
773.224
773.22
773.217
773.214
773.212
773.209
773.207
773.205
773.203
773.201
773.2
773.198
773.197
773.197
773.196
773.196
773.196
773.196
773.196
773.196
773.197
773.198
773.198
773.2
773.201
773.202
773.204
773.206
773.208
773.21
773.212
773.215
773.218
773.22
773.223
773.226
773.23
773.233
773.236
773.24
773.243
773.246
773.25
773.253
773.256
773.259
773.262
773.265
773.268
773.27
773.273
773.275
773.277
773.278
773.28
773.281
773.282
773.283
773.284
773.285
773.286
773.287
773.288
773.289
773.289
773.29
773.291
773.292
773.293
773.295
773.296
773.298
773.299
773.301
773.303
773.305
773.307
773.309
773.311
773.314
773.316
773.319
773.321
773.324
773.327
773.33
773.332
773.335
773.338
773.341
773.343
773.346
773.348
773.351
773.353
773.355
773.357
773.359
773.361
773.362
773.364
773.366
773.367
773.369
773.371
773.373
773.374
773.376
773.378
773.38
773.382
773.385
773.387
773.39
773.393
773.396
773.399
773.402
773.406
773.409
773.413
773.417
773.42
773.425
773.428
773.432
773.435
773.44
773.442
773.446
773.447
773.454
773.338
773.356
773.354
773.351
773.347
773.343
773.339
773.337
773.335
773.333
773.332
773.33
773.328
773.326
773.324
773.322
773.32
773.318
773.316
773.313
773.311
773.309
773.306
773.304
773.302
773.3
773.298
773.296
773.294
773.292
773.291
773.29
773.288
773.287
773.286
773.286
773.285
773.284
773.284
773.284
773.283
773.283
773.283
773.282
773.282
773.281
773.281
773.28
773.279
773.278
773.277
773.275
773.273
773.271
773.269
773.267
773.264
773.261
773.258
773.255
773.252
773.248
773.245
773.241
773.238
773.234
773.231
773.227
773.224
773.221
773.218
773.215
773.212
773.21
773.207
773.205
773.203
773.202
773.2
773.199
773.198
773.197
773.196
773.196
773.196
773.196
773.196
773.197
773.197
773.198
773.199
773.2
773.201
773.203
773.205
773.206
773.208
773.211
773.213
773.215
773.218
773.221
773.224
773.227
773.23
773.233
773.237
773.24
773.243
773.247
773.25
773.254
773.257
773.26
773.263
773.266
773.268
773.271
773.273
773.275
773.277
773.279
773.28
773.282
773.283
773.284
773.285
773.286
773.287
773.287
773.288
773.289
773.29
773.291
773.292
773.293
773.294
773.295
773.297
773.298
773.3
773.302
773.303
773.305
773.307
773.31
773.312
773.314
773.317
773.319
773.322
773.325
773.327
773.33
773.333
773.336
773.338
773.341
773.344
773.346
773.349
773.351
773.353
773.355
773.357
773.359
773.361
773.363
773.365
773.366
773.368
773.37
773.371
773.373
773.375
773.377
773.379
773.381
773.383
773.385
773.388
773.39
773.393
773.396
773.399
773.403
773.406
773.41
773.413
773.417
773.421
773.425
773.428
773.433
773.436
773.44
773.442
773.447
773.447
773.462
773.256
773.507
773.52
773.518
773.519
773.516
773.513
773.509
773.506
773.508
773.515
773.508
773.484
773.469
773.46
773.426
773.393
773.392
773.402
773.425
773.356
773.496
773.499
773.498
773.493
773.49
773.484
773.476
773.471
773.471
773.478
773.471
773.438
773.429
773.425
773.397
773.342
773.332
773.342
773.363
773.339
773.457
773.456
773.454
773.45
773.445
773.439
773.433
773.426
773.417
773.41
773.404
773.402
773.399
773.393
773.382
773.373
773.367
773.361
773.354
773.355
773.389
773.391
773.396
773.394
773.388
773.374
773.361
773.339
773.325
773.304
773.285
773.275
773.258
773.237
773.226
773.212
773.202
773.189
773.182
773.174
773.339
773.319
773.316
773.317
773.316
773.311
773.301
773.287
773.273
773.26
773.243
773.233
773.217
773.209
773.196
773.192
773.184
773.185
773.19
773.216
773.207
773.171
773.165
773.136
773.134
773.15
773.156
773.148
773.141
773.142
773.148
773.149
773.146
773.145
773.147
773.175
773.372
774.232
775.261
775.586
775.455
774.476
773.123
772.524
772.415
772.503
772.776
772.974
773.076
773.127
773.151
773.163
773.17
773.173
773.176
773.178
773.18
773.181
773.182
773.184
773.185
773.186
773.187
773.188
773.19
773.191
773.192
773.193
773.193
773.194
773.195
773.196
773.197
773.197
773.198
773.199
773.199
773.2
773.2
773.2
773.201
773.201
773.201
773.201
773.202
773.202
773.202
773.202
773.202
773.201
773.201
773.201
773.201
773.201
773.2
773.2
773.2
773.199
773.199
773.199
773.198
773.198
773.197
773.197
773.197
773.196
773.196
773.196
773.196
773.196
773.195
773.195
773.195
773.196
773.196
773.196
773.196
773.196
773.197
773.197
773.197
773.197
773.198
773.198
773.198
773.199
773.199
773.199
773.199
773.199
773.199
773.199
773.2
773.2
773.199
773.199
773.199
773.199
773.199
773.198
773.198
773.198
773.197
773.197
773.196
773.196
773.196
773.195
773.194
773.194
773.193
773.193
773.193
773.192
773.192
773.192
773.192
773.192
773.192
773.192
773.192
773.192
773.192
773.192
773.193
773.193
773.194
773.195
773.195
773.196
773.197
773.197
773.198
773.199
773.2
773.201
773.202
773.203
773.204
773.205
773.206
773.207
773.208
773.209
773.21
773.212
773.213
773.215
773.216
773.218
773.22
773.222
773.223
773.225
773.228
773.23
773.232
773.235
773.237
773.239
773.242
773.245
773.247
773.25
773.253
773.256
773.259
773.261
773.264
773.267
773.27
773.273
773.275
773.278
773.281
773.282
773.286
773.285
773.29
773.125
773.183
773.18
773.174
773.148
773.15
773.17
773.173
773.165
773.161
773.166
773.172
773.171
773.164
773.157
773.156
773.163
773.219
773.469
773.798
773.925
773.913
773.726
773.393
773.213
773.148
773.137
773.14
773.148
773.155
773.16
773.165
773.169
773.172
773.174
773.176
773.178
773.179
773.181
773.182
773.183
773.185
773.186
773.187
773.188
773.189
773.19
773.191
773.192
773.193
773.194
773.195
773.195
773.196
773.197
773.197
773.198
773.199
773.199
773.2
773.2
773.2
773.2
773.201
773.201
773.201
773.201
773.201
773.201
773.201
773.201
773.201
773.201
773.2
773.2
773.2
773.2
773.199
773.199
773.198
773.198
773.198
773.197
773.197
773.197
773.196
773.196
773.196
773.195
773.195
773.195
773.195
773.195
773.195
773.195
773.195
773.195
773.196
773.196
773.196
773.196
773.197
773.197
773.197
773.198
773.198
773.198
773.199
773.199
773.199
773.199
773.199
773.199
773.199
773.199
773.199
773.199
773.199
773.198
773.198
773.198
773.198
773.197
773.197
773.196
773.196
773.196
773.195
773.195
773.194
773.193
773.193
773.193
773.192
773.192
773.192
773.191
773.191
773.191
773.191
773.191
773.191
773.191
773.192
773.192
773.192
773.193
773.193
773.194
773.195
773.195
773.196
773.197
773.198
773.199
773.2
773.2
773.201
773.202
773.203
773.204
773.205
773.206
773.207
773.209
773.21
773.211
773.213
773.214
773.216
773.217
773.219
773.221
773.223
773.225
773.227
773.229
773.232
773.234
773.236
773.239
773.242
773.244
773.247
773.25
773.253
773.255
773.258
773.261
773.264
773.267
773.27
773.272
773.275
773.277
773.28
773.282
773.285
773.285
773.285
773.193
773.371
773.375
773.389
773.402
773.411
773.414
773.417
773.422
773.423
773.423
773.42
773.403
773.34
773.252
773.194
773.164
773.156
773.156
773.161
773.164
773.163
773.159
773.154
773.153
773.154
773.158
773.163
773.166
773.169
773.171
773.172
773.174
773.175
773.176
773.177
773.179
773.18
773.181
773.182
773.183
773.185
773.186
773.187
773.188
773.189
773.19
773.191
773.192
773.193
773.194
773.195
773.195
773.196
773.197
773.197
773.198
773.199
773.199
773.2
773.2
773.2
773.2
773.201
773.201
773.201
773.201
773.201
773.201
773.201
773.201
773.201
773.201
773.2
773.2
773.2
773.2
773.199
773.199
773.198
773.198
773.198
773.197
773.197
773.197
773.196
773.196
773.196
773.195
773.195
773.195
773.195
773.195
773.195
773.195
773.195
773.195
773.196
773.196
773.196
773.196
773.197
773.197
773.197
773.198
773.198
773.198
773.199
773.199
773.199
773.199
773.199
773.199
773.199
773.199
773.199
773.199
773.199
773.198
773.198
773.198
773.198
773.197
773.197
773.196
773.196
773.196
773.195
773.195
773.194
773.193
773.193
773.193
773.192
773.192
773.192
773.191
773.191
773.191
773.191
773.191
773.191
773.191
773.192
773.192
773.192
773.193
773.193
773.194
773.195
773.195
773.196
773.197
773.198
773.199
773.2
773.2
773.201
773.202
773.203
773.204
773.205
773.206
773.207
773.209
773.21
773.211
773.213
773.214
773.216
773.217
773.219
773.221
773.223
773.225
773.227
773.229
773.232
773.234
773.236
773.239
773.242
773.244
773.247
773.25
773.252
773.255
773.258
773.261
773.264
773.267
773.269
773.272
773.275
773.278
773.28
773.282
773.284
773.287
773.288
773.292
773.151
773.15
773.144
773.143
773.146
773.148
773.147
773.146
773.147
773.152
773.158
773.16
773.165
773.176
773.203
773.224
773.231
773.238
773.262
773.329
773.366
773.368
773.338
773.251
773.188
773.158
773.15
773.15
773.154
773.161
773.166
773.17
773.173
773.175
773.177
773.178
773.18
773.181
773.182
773.183
773.185
773.186
773.187
773.188
773.189
773.19
773.191
773.192
773.193
773.194
773.195
773.195
773.196
773.197
773.197
773.198
773.199
773.199
773.2
773.2
773.2
773.2
773.201
773.201
773.201
773.201
773.201
773.201
773.201
773.201
773.201
773.201
773.2
773.2
773.2
773.2
773.199
773.199
773.198
773.198
773.198
773.197
773.197
773.197
773.196
773.196
773.196
773.195
773.195
773.195
773.195
773.195
773.195
773.195
773.195
773.195
773.196
773.196
773.196
773.196
773.197
773.197
773.197
773.198
773.198
773.198
773.199
773.199
773.199
773.199
773.199
773.199
773.199
773.199
773.199
773.199
773.199
773.198
773.198
773.198
773.198
773.197
773.197
773.196
773.196
773.196
773.195
773.195
773.194
773.193
773.193
773.193
773.192
773.192
773.192
773.191
773.191
773.191
773.191
773.191
773.191
773.191
773.192
773.192
773.192
773.193
773.193
773.194
773.195
773.195
773.196
773.197
773.198
773.199
773.2
773.2
773.201
773.202
773.203
773.204
773.205
773.206
773.207
773.209
773.21
773.211
773.213
773.214
773.216
773.217
773.219
773.221
773.223
773.225
773.227
773.229
773.232
773.234
773.236
773.239
773.242
773.244
773.247
773.25
773.252
773.255
773.258
773.261
773.264
773.267
773.269
773.272
773.275
773.278
773.28
773.283
773.284
773.288
773.29
773.341
773.262
773.268
773.265
773.262
773.264
773.267
773.266
773.267
773.271
773.276
773.279
773.285
773.303
773.315
773.313
773.278
773.216
773.214
773.322
773.783
774.222
774.373
774.365
774.195
773.811
773.53
773.359
773.264
773.215
773.192
773.182
773.178
773.177
773.177
773.178
773.179
773.18
773.181
773.183
773.184
773.185
773.186
773.187
773.188
773.19
773.191
773.192
773.193
773.193
773.194
773.195
773.196
773.197
773.197
773.198
773.199
773.199
773.2
773.2
773.2
773.201
773.201
773.201
773.201
773.202
773.202
773.202
773.202
773.202
773.201
773.201
773.201
773.201
773.201
773.2
773.2
773.2
773.199
773.199
773.199
773.198
773.198
773.197
773.197
773.197
773.196
773.196
773.196
773.196
773.196
773.195
773.195
773.195
773.196
773.196
773.196
773.196
773.196
773.197
773.197
773.197
773.197
773.198
773.198
773.198
773.199
773.199
773.199
773.199
773.199
773.199
773.199
773.2
773.2
773.199
773.199
773.199
773.199
773.199
773.198
773.198
773.198
773.197
773.197
773.196
773.196
773.196
773.195
773.194
773.194
773.193
773.193
773.193
773.192
773.192
773.192
773.192
773.192
773.192
773.192
773.192
773.192
773.192
773.192
773.193
773.193
773.194
773.195
773.195
773.196
773.197
773.197
773.198
773.199
773.2
773.201
773.202
773.203
773.204
773.205
773.206
773.207
773.208
773.209
773.21
773.212
773.213
773.215
773.216
773.218
773.22
773.222
773.223
773.225
773.228
773.23
773.232
773.235
773.237
773.239
773.242
773.245
773.247
773.25
773.253
773.256
773.259
773.262
773.264
773.267
773.27
773.273
773.275
773.278
773.28
773.283
773.285
773.289
773.291
773.346
773.185
773.166
773.16
773.162
773.16
773.155
773.142
773.133
773.116
773.107
773.089
773.08
773.064
773.057
773.044
773.04
773.032
773.033
773.038
773.062
773.232
773.232
773.237
773.235
773.228
773.215
773.197
773.184
773.164
773.148
773.132
773.118
773.097
773.083
773.072
773.056
773.047
773.037
773.032
773.022
773.294
773.293
773.291
773.288
773.282
773.277
773.272
773.263
773.256
773.249
773.245
773.242
773.236
773.227
773.218
773.211
773.206
773.201
773.195
773.201
773.331
773.335
773.333
773.329
773.326
773.32
773.314
773.312
773.315
773.316
773.29
773.277
773.274
773.253
773.202
773.186
773.195
773.207
773.223
773.149
773.342
773.356
773.354
773.354
773.352
773.349
773.346
773.345
773.349
773.351
773.331
773.317
773.309
773.282
773.249
773.245
773.251
773.265
773.28
773.166
773.107
773.112
773.109
773.107
773.109
773.11
773.108
773.108
773.111
773.116
773.117
773.119
773.129
773.146
773.15
773.135
773.069
773.041
773.082
773.379
773.916
774.178
774.221
774.143
773.822
773.481
773.266
773.141
773.074
773.041
773.026
773.019
773.017
773.017
773.018
773.02
773.021
773.023
773.025
773.026
773.028
773.03
773.031
773.033
773.034
773.036
773.037
773.039
773.04
773.041
773.042
773.043
773.044
773.045
773.045
773.046
773.047
773.047
773.047
773.048
773.048
773.048
773.048
773.048
773.049
773.049
773.048
773.048
773.048
773.048
773.048
773.048
773.048
773.048
773.048
773.047
773.047
773.047
773.047
773.047
773.047
773.047
773.047
773.047
773.048
773.048
773.049
773.049
773.05
773.051
773.052
773.053
773.055
773.056
773.058
773.059
773.062
773.06
773.065
772.906
773
772.995
772.99
772.991
772.994
772.994
772.992
772.99
772.991
772.996
773
773.001
773.003
773.009
773.027
773.055
773.068
773.074
773.085
773.128
773.177
773.19
773.18
773.123
773.049
773.009
772.992
772.99
772.991
772.998
773.004
773.009
773.012
773.015
773.017
773.019
773.021
773.022
773.024
773.026
773.028
773.029
773.031
773.032
773.034
773.035
773.037
773.038
773.039
773.04
773.042
773.043
773.043
773.044
773.045
773.046
773.046
773.047
773.047
773.047
773.048
773.048
773.048
773.048
773.048
773.048
773.048
773.048
773.048
773.048
773.048
773.048
773.047
773.047
773.047
773.047
773.047
773.047
773.046
773.046
773.046
773.046
773.046
773.047
773.047
773.048
773.048
773.049
773.05
773.051
773.052
773.053
773.054
773.056
773.058
773.059
773.061
773.06
773.06
772.973
773.207
773.209
773.224
773.24
773.248
773.248
773.25
773.259
773.266
773.267
773.266
773.257
773.218
773.13
773.061
773.023
773.008
773.005
773.007
773.009
773.01
773.005
772.998
772.994
772.994
772.995
773
773.004
773.007
773.01
773.012
773.013
773.015
773.016
773.018
773.019
773.021
773.023
773.024
773.026
773.028
773.029
773.031
773.032
773.034
773.035
773.037
773.038
773.039
773.04
773.042
773.043
773.043
773.044
773.045
773.046
773.046
773.047
773.047
773.047
773.048
773.048
773.048
773.048
773.048
773.048
773.048
773.048
773.048
773.048
773.048
773.048
773.047
773.047
773.047
773.047
773.047
773.047
773.046
773.046
773.046
773.046
773.046
773.047
773.047
773.048
773.048
773.049
773.05
773.051
773.052
773.053
773.054
773.056
773.057
773.059
773.061
773.063
773.064
773.069
773.023
773.017
773.013
772.987
772.997
773.02
773.019
773.008
773.006
773.013
773.022
773.022
773.015
773.006
773.004
773.006
773.031
773.174
773.526
773.739
773.774
773.686
773.362
773.101
772.991
772.965
772.966
772.977
772.989
772.996
773.002
773.007
773.011
773.014
773.016
773.018
773.02
773.022
773.024
773.026
773.027
773.029
773.031
773.032
773.034
773.035
773.037
773.038
773.039
773.04
773.042
773.043
773.043
773.044
773.045
773.046
773.046
773.047
773.047
773.047
773.048
773.048
773.048
773.048
773.048
773.048
773.048
773.048
773.048
773.048
773.048
773.048
773.047
773.047
773.047
773.047
773.047
773.047
773.046
773.046
773.046
773.046
773.046
773.047
773.047
773.048
773.048
773.049
773.05
773.051
773.052
773.053
773.054
773.056
773.057
773.059
773.061
773.064
773.067
773.116
773.045
773.008
773.005
772.978
772.98
773.003
773.004
772.992
772.984
772.987
772.997
772.998
772.995
772.992
772.993
773.004
773.085
773.533
774.633
775.253
775.309
774.881
773.525
772.586
772.29
772.294
772.481
772.734
772.875
772.946
772.981
772.998
773.007
773.012
773.016
773.018
773.021
773.023
773.024
773.026
773.028
773.03
773.031
773.033
773.034
773.036
773.037
773.039
773.04
773.041
773.042
773.043
773.044
773.045
773.045
773.046
773.047
773.047
773.047
773.048
773.048
773.048
773.048
773.048
773.049
773.049
773.048
773.048
773.048
773.048
773.048
773.048
773.048
773.048
773.048
773.047
773.047
773.047
773.047
773.047
773.047
773.047
773.047
773.047
773.048
773.048
773.049
773.049
773.05
773.051
773.052
773.054
773.055
773.056
773.058
773.06
773.061
773.064
773.067
773.121
772.964
772.944
772.939
772.941
772.94
772.935
772.922
772.913
772.897
772.888
772.87
772.861
772.846
772.839
772.826
772.823
772.814
772.815
772.82
772.843
773.009
773.01
773.015
773.013
773.007
772.994
772.976
772.963
772.944
772.928
772.912
772.899
772.878
772.864
772.853
772.837
772.828
772.818
772.813
772.803
773.071
773.07
773.068
773.065
773.059
773.054
773.048
773.04
773.033
773.026
773.022
773.02
773.015
773.007
772.998
772.992
772.986
772.981
772.976
772.982
773.107
773.111
773.109
773.105
773.102
773.096
773.09
773.089
773.092
773.095
773.07
773.056
773.054
773.035
772.984
772.966
772.975
772.987
773.003
772.929
773.118
773.131
773.129
773.13
773.127
773.124
773.122
773.122
773.127
773.13
773.111
773.097
773.089
773.064
773.029
773.024
773.031
773.045
773.059
772.945
772.888
772.892
772.889
772.89
772.896
772.899
772.9
772.903
772.909
772.915
772.918
772.925
772.942
772.951
772.947
772.904
772.859
772.87
773.035
773.549
773.908
774.004
773.969
773.728
773.357
773.109
772.961
772.88
772.838
772.818
772.808
772.803
772.801
772.8
772.799
772.799
772.798
772.798
772.798
772.797
772.797
772.797
772.798
772.798
772.798
772.799
772.799
772.8
772.801
772.802
772.803
772.805
772.806
772.808
772.81
772.812
772.814
772.816
772.818
772.82
772.823
772.825
772.828
772.83
772.833
772.835
772.838
772.84
772.843
772.845
772.847
772.85
772.852
772.854
772.856
772.857
772.859
772.86
772.862
772.863
772.864
772.866
772.867
772.867
772.868
772.869
772.87
772.87
772.871
772.871
772.872
772.872
772.873
772.873
772.873
772.873
772.874
772.874
772.874
772.874
772.874
772.874
772.874
772.874
772.874
772.875
772.875
772.874
772.874
772.874
772.874
772.874
772.874
772.874
772.874
772.874
772.873
772.873
772.873
772.873
772.873
772.873
772.873
772.872
772.872
772.872
772.872
772.872
772.872
772.872
772.872
772.872
772.872
772.872
772.872
772.872
772.873
772.873
772.873
772.873
772.873
772.874
772.874
772.874
772.874
772.874
772.874
772.875
772.875
772.875
772.875
772.875
772.874
772.874
772.874
772.874
772.873
772.873
772.872
772.872
772.871
772.871
772.87
772.87
772.869
772.869
772.868
772.868
772.867
772.867
772.866
772.866
772.866
772.866
772.866
772.865
772.865
772.866
772.866
772.866
772.866
772.867
772.867
772.868
772.869
772.87
772.871
772.872
772.873
772.875
772.876
772.878
772.88
772.881
772.883
772.885
772.886
772.89
772.892
772.949
772.782
772.777
772.774
772.775
772.781
772.783
772.783
772.784
772.789
772.793
772.799
772.802
772.807
772.818
772.846
772.864
772.871
772.879
772.904
772.958
772.979
772.975
772.938
772.86
772.812
772.79
772.784
772.784
772.788
772.793
772.795
772.797
772.798
772.798
772.798
772.798
772.798
772.797
772.797
772.797
772.797
772.797
772.797
772.797
772.798
772.798
772.799
772.8
772.801
772.802
772.803
772.804
772.806
772.807
772.809
772.811
772.813
772.815
772.818
772.82
772.822
772.825
772.827
772.83
772.832
772.835
772.838
772.84
772.842
772.845
772.847
772.849
772.851
772.853
772.855
772.857
772.859
772.86
772.861
772.863
772.864
772.865
772.866
772.867
772.868
772.869
772.869
772.87
772.87
772.871
772.871
772.872
772.872
772.872
772.873
772.873
772.873
772.873
772.874
772.874
772.874
772.874
772.874
772.874
772.874
772.874
772.874
772.874
772.874
772.874
772.874
772.873
772.873
772.873
772.873
772.873
772.873
772.873
772.873
772.872
772.872
772.872
772.872
772.872
772.872
772.872
772.872
772.872
772.872
772.872
772.872
772.872
772.872
772.872
772.872
772.872
772.872
772.872
772.872
772.873
772.873
772.873
772.873
772.873
772.874
772.874
772.874
772.874
772.874
772.874
772.874
772.874
772.874
772.874
772.874
772.873
772.873
772.872
772.872
772.872
772.871
772.87
772.87
772.869
772.869
772.868
772.868
772.867
772.867
772.866
772.866
772.866
772.865
772.865
772.865
772.865
772.865
772.865
772.865
772.865
772.866
772.866
772.867
772.868
772.868
772.87
772.87
772.872
772.873
772.875
772.876
772.878
772.879
772.881
772.883
772.885
772.886
772.889
772.892
772.944
772.987
772.993
773.014
773.029
773.038
773.04
773.045
773.053
773.059
773.06
773.058
773.043
772.98
772.897
772.844
772.817
772.809
772.809
772.811
772.811
772.808
772.8
772.795
772.793
772.793
772.796
772.799
772.8
772.801
772.801
772.801
772.8
772.8
772.799
772.799
772.798
772.798
772.797
772.797
772.797
772.797
772.797
772.797
772.797
772.798
772.798
772.799
772.8
772.801
772.802
772.803
772.804
772.806
772.807
772.809
772.811
772.813
772.815
772.818
772.82
772.822
772.825
772.827
772.83
772.832
772.835
772.838
772.84
772.842
772.845
772.847
772.849
772.851
772.853
772.855
772.857
772.859
772.86
772.861
772.863
772.864
772.865
772.866
772.867
772.868
772.869
772.869
772.87
772.87
772.871
772.871
772.872
772.872
772.872
772.873
772.873
772.873
772.873
772.874
772.874
772.874
772.874
772.874
772.874
772.874
772.874
772.874
772.874
772.874
772.874
772.874
772.873
772.873
772.873
772.873
772.873
772.873
772.873
772.873
772.872
772.872
772.872
772.872
772.872
772.872
772.872
772.872
772.872
772.872
772.872
772.872
772.872
772.872
772.872
772.872
772.872
772.872
772.872
772.872
772.873
772.873
772.873
772.873
772.873
772.874
772.874
772.874
772.874
772.874
772.874
772.874
772.874
772.874
772.874
772.874
772.873
772.873
772.872
772.872
772.872
772.871
772.87
772.87
772.869
772.869
772.868
772.868
772.867
772.867
772.866
772.866
772.866
772.865
772.865
772.865
772.865
772.865
772.865
772.865
772.865
772.866
772.866
772.867
772.868
772.869
772.87
772.871
772.872
772.873
772.875
772.876
772.878
772.879
772.881
772.883
772.884
772.886
772.888
772.889
772.893
772.807
772.801
772.799
772.777
772.79
772.812
772.809
772.8
772.801
772.81
772.817
772.815
772.809
772.806
772.807
772.819
772.898
773.187
773.468
773.552
773.515
773.267
772.96
772.814
772.768
772.764
772.77
772.78
772.787
772.791
772.794
772.796
772.797
772.797
772.798
772.798
772.797
772.797
772.797
772.797
772.797
772.797
772.797
772.797
772.798
772.798
772.799
772.8
772.801
772.802
772.803
772.804
772.806
772.807
772.809
772.811
772.813
772.815
772.818
772.82
772.822
772.825
772.827
772.83
772.832
772.835
772.838
772.84
772.842
772.845
772.847
772.849
772.851
772.853
772.855
772.857
772.859
772.86
772.861
772.863
772.864
772.865
772.866
772.867
772.868
772.869
772.869
772.87
772.87
772.871
772.871
772.872
772.872
772.872
772.873
772.873
772.873
772.873
772.874
772.874
772.874
772.874
772.874
772.874
772.874
772.874
772.874
772.874
772.874
772.874
772.874
772.873
772.873
772.873
772.873
772.873
772.873
772.873
772.873
772.872
772.872
772.872
772.872
772.872
772.872
772.872
772.872
772.872
772.872
772.872
772.872
772.872
772.872
772.872
772.872
772.872
772.872
772.872
772.872
772.873
772.873
772.873
772.873
772.873
772.874
772.874
772.874
772.874
772.874
772.874
772.874
772.874
772.874
772.874
772.874
772.873
772.873
772.872
772.872
772.872
772.871
772.87
772.87
772.869
772.869
772.868
772.868
772.867
772.867
772.866
772.866
772.866
772.865
772.865
772.865
772.865
772.865
772.865
772.865
772.865
772.866
772.866
772.867
772.868
772.869
772.869
772.871
772.872
772.873
772.874
772.876
772.878
772.879
772.881
772.883
772.884
772.886
772.885
772.885
772.79
772.827
772.793
772.79
772.766
772.772
772.795
772.794
772.783
772.78
772.786
772.794
772.794
772.792
772.792
772.796
772.835
773.083
774.008
774.861
775.067
774.858
773.763
772.612
772.162
772.109
772.225
772.486
772.645
772.727
772.766
772.783
772.792
772.795
772.797
772.798
772.798
772.798
772.798
772.797
772.797
772.797
772.797
772.797
772.798
772.798
772.799
772.799
772.8
772.801
772.802
772.803
772.805
772.806
772.808
772.81
772.812
772.814
772.816
772.818
772.82
772.823
772.825
772.828
772.83
772.833
772.835
772.838
772.84
772.843
772.845
772.847
772.85
772.852
772.854
772.856
772.857
772.859
772.86
772.862
772.863
772.864
772.866
772.867
772.867
772.868
772.869
772.87
772.87
772.871
772.871
772.872
772.872
772.873
772.873
772.873
772.873
772.874
772.874
772.874
772.874
772.874
772.874
772.874
772.874
772.874
772.875
772.875
772.874
772.874
772.874
772.874
772.874
772.874
772.874
772.874
772.874
772.873
772.873
772.873
772.873
772.873
772.873
772.873
772.872
772.872
772.872
772.872
772.872
772.872
772.872
772.872
772.872
772.872
772.872
772.872
772.872
772.873
772.873
772.873
772.873
772.873
772.874
772.874
772.874
772.874
772.874
772.874
772.875
772.875
772.875
772.875
772.875
772.874
772.874
772.874
772.874
772.873
772.873
772.872
772.872
772.871
772.871
772.87
772.87
772.869
772.869
772.868
772.868
772.867
772.867
772.866
772.866
772.866
772.866
772.866
772.865
772.865
772.866
772.866
772.866
772.866
772.867
772.867
772.868
772.869
772.87
772.871
772.872
772.874
772.875
772.877
772.878
772.88
772.881
772.883
772.884
772.887
772.885
772.891
772.72
772.945
772.958
772.956
772.956
772.954
772.951
772.947
772.945
772.948
772.956
772.945
772.922
772.909
772.897
772.861
772.833
772.835
772.846
772.863
772.777
772.933
772.937
772.935
772.93
772.927
772.922
772.914
772.91
772.911
772.919
772.907
772.877
772.87
772.863
772.83
772.778
772.774
772.786
772.803
772.76
772.895
772.894
772.892
772.888
772.883
772.877
772.872
772.864
772.856
772.848
772.843
772.84
772.837
772.83
772.82
772.812
772.806
772.801
772.795
772.796
772.83
772.831
772.836
772.834
772.827
772.814
772.796
772.781
772.761
772.746
772.724
772.714
772.696
772.675
772.664
772.649
772.639
772.625
772.619
772.609
772.782
772.762
772.757
772.759
772.757
772.752
772.739
772.729
772.712
772.701
772.685
772.673
772.658
772.648
772.636
772.631
772.622
772.622
772.626
772.645
772.63
772.605
772.592
772.581
772.59
772.597
772.594
772.593
772.594
772.595
772.6
772.647
772.984
773.969
774.521
774.525
773.953
772.739
772.162
772.052
772.124
772.341
772.485
772.554
772.586
772.6
772.606
772.609
772.61
772.611
772.612
772.612
772.613
772.613
772.614
772.615
772.615
772.617
772.618
772.619
772.621
772.623
772.625
772.627
772.63
772.632
772.635
772.638
772.641
772.645
772.648
772.651
772.655
772.658
772.661
772.665
772.668
772.671
772.674
772.677
772.68
772.682
772.685
772.687
772.69
772.692
772.694
772.696
772.698
772.7
772.702
772.704
772.706
772.707
772.709
772.711
772.713
772.715
772.717
772.719
772.721
772.723
772.725
772.727
772.729
772.731
772.733
772.735
772.737
772.739
772.741
772.743
772.745
772.747
772.748
772.75
772.751
772.753
772.754
772.755
772.755
772.756
772.757
772.757
772.758
772.758
772.758
772.758
772.759
772.759
772.759
772.76
772.76
772.761
772.762
772.763
772.764
772.765
772.767
772.768
772.77
772.772
772.775
772.777
772.78
772.783
772.785
772.788
772.791
772.795
772.798
772.801
772.804
772.807
772.81
772.813
772.816
772.819
772.821
772.824
772.826
772.828
772.83
772.832
772.834
772.835
772.837
772.838
772.839
772.84
772.841
772.841
772.842
772.842
772.842
772.843
772.843
772.843
772.843
772.843
772.843
772.843
772.843
772.843
772.843
772.843
772.843
772.843
772.843
772.843
772.843
772.843
772.843
772.843
772.843
772.844
772.844
772.844
772.845
772.845
772.845
772.846
772.846
772.846
772.847
772.847
772.847
772.847
772.848
772.848
772.848
772.848
772.848
772.848
772.848
772.849
772.849
772.848
772.848
772.848
772.848
772.848
772.848
772.848
772.847
772.847
772.847
772.847
772.847
772.847
772.847
772.847
772.847
772.847
772.847
772.847
772.847
772.848
772.848
772.848
772.849
772.849
772.85
772.851
772.852
772.853
772.854
772.855
772.856
772.857
772.859
772.86
772.862
772.864
772.865
772.867
772.869
772.871
772.873
772.875
772.877
772.879
772.881
772.883
772.885
772.887
772.889
772.891
772.893
772.895
772.897
772.898
772.9
772.901
772.902
772.903
772.904
772.905
772.906
772.906
772.907
772.907
772.908
772.908
772.908
772.908
772.908
772.909
772.909
772.909
772.91
772.91
772.911
772.912
772.913
772.914
772.916
772.917
772.919
772.921
772.924
772.926
772.928
772.931
772.934
772.937
772.94
772.943
772.946
772.949
772.953
772.956
772.959
772.962
772.965
772.968
772.97
772.973
772.975
772.978
772.98
772.982
772.984
772.986
772.987
772.989
772.99
772.991
772.992
772.993
772.994
772.995
772.996
772.997
772.997
772.998
772.998
772.998
772.999
772.999
772.999
772.999
773
773
773
773
773
773
773
773
773
773
773.001
773.001
773.001
773.001
773.001
773.001
773.001
773.001
773.001
773.001
773.002
773.002
773.002
773.002
773.003
773.003
773.003
773.004
773.004
773.005
773.005
773.006
773.007
773.007
773.008
773.009
773.01
773.011
773.013
773.014
773.015
773.017
773.019
773.02
773.022
773.024
773.027
773.029
773.031
773.034
773.037
773.04
773.043
773.046
773.049
773.053
773.056
773.06
773.064
773.068
773.072
773.077
773.081
773.086
773.091
773.096
773.101
773.107
773.112
773.118
773.124
773.13
773.136
773.142
773.149
773.156
773.162
773.169
773.177
773.184
773.192
773.199
773.207
773.215
773.223
773.232
773.24
773.249
773.258
773.267
773.276
773.286
773.295
773.305
773.315
773.325
773.335
773.345
773.356
773.367
773.378
773.389
773.4
773.411
773.423
773.435
773.447
773.459
773.471
773.484
773.496
773.509
773.522
773.535
773.548
773.562
773.576
773.589
773.603
773.618
773.632
773.646
773.661
773.676
773.691
773.706
773.721
773.737
773.752
773.768
773.784
773.8
773.817
773.833
773.85
773.867
773.884
773.901
773.918
773.936
773.953
773.971
773.989
774.007
774.026
774.044
774.063
774.081
774.1
774.119
774.139
774.158
774.178
774.197
774.217
774.237
774.258
774.278
774.298
774.319
774.34
774.361
774.382
774.403
774.425
774.446
774.468
774.49
774.512
774.534
774.556
774.579
774.601
774.624
774.647
774.67
774.693
774.717
774.74
774.764
774.787
774.811
774.835
774.859
774.884
774.908
774.933
774.957
774.982
775.007
775.032
775.057
775.083
775.108
775.134
775.159
775.185
775.211
775.237
775.264
775.29
775.316
775.343
775.369
775.396
775.423
775.45
775.477
775.505
775.532
775.559
775.587
775.615
775.642
775.67
775.698
775.726
775.754
775.783
775.811
775.84
775.868
775.897
775.926
775.954
775.983
776.012
776.042
776.071
776.1
776.13
776.159
776.189
776.218
776.248
776.278
776.308
776.338
776.368
776.398
776.428
776.458
776.488
776.519
776.549
776.58
776.61
776.641
776.672
776.703
776.733
776.764
776.795
776.826
776.857
776.888
776.92
776.951
776.982
777.013
777.045
777.076
777.108
777.139
777.171
777.202
777.235
777.264
777.299
777.327
777.363
777.389
777.428
777.452
777.492
777.515
777.557
777.579
772.621
772.609
772.603
772.597
772.608
772.614
772.612
772.611
772.612
772.613
772.615
772.626
772.702
772.965
773.164
773.197
773.119
772.861
772.681
772.611
772.594
772.594
772.596
772.6
772.604
772.606
772.608
772.61
772.61
772.611
772.611
772.612
772.612
772.613
772.613
772.614
772.615
772.616
772.617
772.619
772.62
772.622
772.624
772.627
772.629
772.632
772.635
772.638
772.641
772.644
772.647
772.651
772.654
772.657
772.661
772.664
772.667
772.67
772.673
772.676
772.679
772.682
772.684
772.687
772.689
772.691
772.694
772.696
772.698
772.7
772.701
772.703
772.705
772.707
772.709
772.711
772.712
772.714
772.716
772.718
772.72
772.722
772.724
772.726
772.728
772.73
772.732
772.735
772.737
772.739
772.741
772.743
772.745
772.746
772.748
772.749
772.751
772.752
772.753
772.754
772.755
772.756
772.756
772.757
772.757
772.757
772.758
772.758
772.758
772.758
772.759
772.759
772.76
772.76
772.761
772.762
772.763
772.765
772.766
772.768
772.77
772.772
772.774
772.777
772.779
772.782
772.785
772.788
772.791
772.794
772.797
772.8
772.803
772.807
772.81
772.813
772.815
772.818
772.821
772.823
772.826
772.828
772.83
772.832
772.833
772.835
772.836
772.837
772.838
772.839
772.84
772.841
772.841
772.842
772.842
772.842
772.842
772.843
772.843
772.843
772.843
772.843
772.842
772.842
772.842
772.842
772.842
772.842
772.842
772.842
772.842
772.842
772.843
772.843
772.843
772.843
772.843
772.844
772.844
772.844
772.845
772.845
772.845
772.846
772.846
772.846
772.847
772.847
772.847
772.847
772.848
772.848
772.848
772.848
772.848
772.848
772.848
772.848
772.848
772.848
772.848
772.848
772.847
772.847
772.847
772.847
772.847
772.847
772.846
772.846
772.846
772.846
772.846
772.846
772.846
772.847
772.847
772.847
772.847
772.848
772.848
772.849
772.85
772.85
772.851
772.852
772.853
772.854
772.856
772.857
772.858
772.86
772.861
772.863
772.865
772.867
772.869
772.87
772.872
772.874
772.876
772.879
772.881
772.883
772.885
772.887
772.889
772.891
772.893
772.894
772.896
772.898
772.899
772.901
772.902
772.903
772.904
772.905
772.905
772.906
772.906
772.907
772.907
772.907
772.908
772.908
772.908
772.908
772.908
772.909
772.909
772.91
772.911
772.911
772.912
772.914
772.915
772.917
772.919
772.921
772.923
772.925
772.928
772.931
772.934
772.937
772.94
772.943
772.946
772.949
772.952
772.955
772.958
772.961
772.964
772.967
772.97
772.972
772.975
772.977
772.979
772.981
772.983
772.985
772.987
772.988
772.99
772.991
772.992
772.993
772.994
772.995
772.995
772.996
772.997
772.997
772.998
772.998
772.998
772.999
772.999
772.999
772.999
772.999
772.999
773
773
773
773
773
773
773
773
773
773
773
773
773
773.001
773.001
773.001
773.001
773.001
773.001
773.002
773.002
773.002
773.002
773.003
773.003
773.004
773.004
773.005
773.005
773.006
773.007
773.008
773.009
773.01
773.011
773.012
773.014
773.015
773.017
773.018
773.02
773.022
773.024
773.026
773.028
773.031
773.033
773.036
773.039
773.042
773.045
773.049
773.052
773.056
773.059
773.063
773.067
773.072
773.076
773.081
773.085
773.09
773.095
773.101
773.106
773.112
773.117
773.123
773.129
773.135
773.142
773.148
773.155
773.162
773.169
773.176
773.184
773.191
773.199
773.207
773.215
773.223
773.231
773.24
773.249
773.257
773.266
773.276
773.285
773.295
773.304
773.314
773.324
773.335
773.345
773.356
773.366
773.377
773.388
773.4
773.411
773.423
773.434
773.446
773.458
773.471
773.483
773.496
773.509
773.522
773.535
773.548
773.561
773.575
773.589
773.603
773.617
773.631
773.646
773.66
773.675
773.69
773.705
773.721
773.736
773.752
773.768
773.784
773.8
773.816
773.833
773.849
773.866
773.883
773.9
773.918
773.935
773.953
773.971
773.989
774.007
774.025
774.044
774.062
774.081
774.1
774.119
774.138
774.158
774.177
774.197
774.217
774.237
774.257
774.277
774.298
774.319
774.339
774.36
774.382
774.403
774.424
774.446
774.468
774.489
774.511
774.534
774.556
774.578
774.601
774.624
774.647
774.67
774.693
774.716
774.74
774.763
774.787
774.811
774.835
774.859
774.883
774.908
774.932
774.957
774.982
775.007
775.032
775.057
775.082
775.108
775.133
775.159
775.185
775.211
775.237
775.263
775.289
775.316
775.342
775.369
775.396
775.423
775.45
775.477
775.504
775.531
775.559
775.586
775.614
775.642
775.67
775.698
775.726
775.754
775.782
775.811
775.839
775.868
775.896
775.925
775.954
775.983
776.012
776.041
776.07
776.1
776.129
776.159
776.188
776.218
776.248
776.277
776.307
776.337
776.367
776.397
776.427
776.458
776.488
776.518
776.549
776.579
776.61
776.641
776.671
776.702
776.733
776.764
776.795
776.826
776.857
776.888
776.919
776.95
776.982
777.013
777.044
777.076
777.107
777.139
777.171
777.201
777.234
777.264
777.299
777.326
777.363
777.389
777.427
777.452
777.492
777.515
777.556
777.579
772.798
772.809
772.833
772.843
772.849
772.854
772.857
772.857
772.849
772.802
772.714
772.653
772.622
772.61
772.606
772.603
772.599
772.597
772.598
772.6
772.605
772.608
772.61
772.611
772.611
772.611
772.611
772.611
772.611
772.612
772.612
772.612
772.612
772.613
772.613
772.614
772.615
772.616
772.617
772.619
772.62
772.622
772.624
772.627
772.629
772.632
772.635
772.638
772.641
772.644
772.647
772.651
772.654
772.657
772.661
772.664
772.667
772.67
772.673
772.676
772.679
772.682
772.684
772.687
772.689
772.691
772.694
772.696
772.698
772.7
772.701
772.703
772.705
772.707
772.709
772.711
772.712
772.714
772.716
772.718
772.72
772.722
772.724
772.726
772.728
772.73
772.732
772.735
772.737
772.739
772.741
772.743
772.745
772.746
772.748
772.749
772.751
772.752
772.753
772.754
772.755
772.756
772.756
772.757
772.757
772.757
772.758
772.758
772.758
772.758
772.759
772.759
772.76
772.76
772.761
772.762
772.763
772.765
772.766
772.768
772.77
772.772
772.774
772.777
772.779
772.782
772.785
772.788
772.791
772.794
772.797
772.8
772.803
772.807
772.81
772.813
772.815
772.818
772.821
772.823
772.826
772.828
772.83
772.832
772.833
772.835
772.836
772.837
772.838
772.839
772.84
772.841
772.841
772.842
772.842
772.842
772.842
772.843
772.843
772.843
772.843
772.843
772.842
772.842
772.842
772.842
772.842
772.842
772.842
772.842
772.842
772.842
772.843
772.843
772.843
772.843
772.843
772.844
772.844
772.844
772.845
772.845
772.845
772.846
772.846
772.846
772.847
772.847
772.847
772.847
772.848
772.848
772.848
772.848
772.848
772.848
772.848
772.848
772.848
772.848
772.848
772.848
772.847
772.847
772.847
772.847
772.847
772.847
772.846
772.846
772.846
772.846
772.846
772.846
772.846
772.847
772.847
772.847
772.847
772.848
772.848
772.849
772.85
772.85
772.851
772.852
772.853
772.854
772.856
772.857
772.858
772.86
772.861
772.863
772.865
772.867
772.869
772.87
772.872
772.874
772.876
772.879
772.881
772.883
772.885
772.887
772.889
772.891
772.893
772.894
772.896
772.898
772.899
772.901
772.902
772.903
772.904
772.905
772.905
772.906
772.906
772.907
772.907
772.907
772.908
772.908
772.908
772.908
772.908
772.909
772.909
772.91
772.911
772.911
772.912
772.914
772.915
772.917
772.919
772.921
772.923
772.925
772.928
772.931
772.934
772.937
772.94
772.943
772.946
772.949
772.952
772.955
772.958
772.961
772.964
772.967
772.97
772.972
772.975
772.977
772.979
772.981
772.983
772.985
772.987
772.988
772.99
772.991
772.992
772.993
772.994
772.995
772.995
772.996
772.997
772.997
772.998
772.998
772.998
772.999
772.999
772.999
772.999
772.999
772.999
773
773
773
773
773
773
773
773
773
773
773
773
773
773.001
773.001
773.001
773.001
773.001
773.001
773.002
773.002
773.002
773.002
773.003
773.003
773.004
773.004
773.005
773.005
773.006
773.007
773.008
773.009
773.01
773.011
773.012
773.014
773.015
773.017
773.018
773.02
773.022
773.024
773.026
773.028
773.031
773.033
773.036
773.039
773.042
773.045
773.049
773.052
773.056
773.059
773.063
773.067
773.072
773.076
773.081
773.085
773.09
773.095
773.101
773.106
773.112
773.117
773.123
773.129
773.135
773.142
773.148
773.155
773.162
773.169
773.176
773.184
773.191
773.199
773.207
773.215
773.223
773.231
773.24
773.249
773.257
773.266
773.276
773.285
773.295
773.304
773.314
773.324
773.335
773.345
773.356
773.366
773.377
773.388
773.4
773.411
773.423
773.434
773.446
773.458
773.471
773.483
773.496
773.509
773.522
773.535
773.548
773.561
773.575
773.589
773.603
773.617
773.631
773.646
773.66
773.675
773.69
773.705
773.721
773.736
773.752
773.768
773.784
773.8
773.816
773.833
773.849
773.866
773.883
773.9
773.918
773.935
773.953
773.971
773.989
774.007
774.025
774.044
774.062
774.081
774.1
774.119
774.138
774.158
774.177
774.197
774.217
774.237
774.257
774.277
774.298
774.319
774.339
774.36
774.382
774.403
774.424
774.446
774.468
774.489
774.511
774.534
774.556
774.578
774.601
774.624
774.647
774.67
774.693
774.716
774.74
774.763
774.787
774.811
774.835
774.859
774.883
774.908
774.932
774.957
774.982
775.007
775.032
775.057
775.082
775.108
775.133
775.159
775.185
775.211
775.237
775.263
775.289
775.316
775.342
775.369
775.396
775.423
775.45
775.477
775.504
775.531
775.559
775.586
775.614
775.642
775.67
775.698
775.726
775.754
775.782
775.811
775.839
775.868
775.896
775.925
775.954
775.983
776.012
776.041
776.07
776.1
776.129
776.159
776.188
776.218
776.248
776.277
776.307
776.337
776.367
776.397
776.427
776.458
776.488
776.518
776.549
776.579
776.61
776.641
776.671
776.702
776.733
776.764
776.795
776.826
776.857
776.888
776.919
776.95
776.982
777.013
777.044
777.076
777.107
777.139
777.171
777.201
777.234
777.264
777.299
777.326
777.363
777.389
777.427
777.452
777.492
777.515
777.556
777.579
772.581
772.589
772.589
772.589
772.592
772.594
772.595
772.599
772.605
772.619
772.645
772.661
772.671
772.693
772.745
772.776
772.777
772.745
772.665
772.615
772.595
772.591
772.593
772.599
772.604
772.607
772.609
772.61
772.611
772.611
772.611
772.612
772.612
772.613
772.613
772.614
772.615
772.616
772.617
772.619
772.62
772.622
772.624
772.627
772.629
772.632
772.635
772.638
772.641
772.644
772.647
772.651
772.654
772.657
772.661
772.664
772.667
772.67
772.673
772.676
772.679
772.682
772.684
772.687
772.689
772.691
772.694
772.696
772.698
772.7
772.701
772.703
772.705
772.707
772.709
772.711
772.712
772.714
772.716
772.718
772.72
772.722
772.724
772.726
772.728
772.73
772.732
772.735
772.737
772.739
772.741
772.743
772.745
772.746
772.748
772.749
772.751
772.752
772.753
772.754
772.755
772.756
772.756
772.757
772.757
772.757
772.758
772.758
772.758
772.758
772.759
772.759
772.76
772.76
772.761
772.762
772.763
772.765
772.766
772.768
772.77
772.772
772.774
772.777
772.779
772.782
772.785
772.788
772.791
772.794
772.797
772.8
772.803
772.807
772.81
772.813
772.815
772.818
772.821
772.823
772.826
772.828
772.83
772.832
772.833
772.835
772.836
772.837
772.838
772.839
772.84
772.841
772.841
772.842
772.842
772.842
772.842
772.843
772.843
772.843
772.843
772.843
772.842
772.842
772.842
772.842
772.842
772.842
772.842
772.842
772.842
772.842
772.843
772.843
772.843
772.843
772.843
772.844
772.844
772.844
772.845
772.845
772.845
772.846
772.846
772.846
772.847
772.847
772.847
772.847
772.848
772.848
772.848
772.848
772.848
772.848
772.848
772.848
772.848
772.848
772.848
772.848
772.847
772.847
772.847
772.847
772.847
772.847
772.846
772.846
772.846
772.846
772.846
772.846
772.846
772.847
772.847
772.847
772.847
772.848
772.848
772.849
772.85
772.85
772.851
772.852
772.853
772.854
772.856
772.857
772.858
772.86
772.861
772.863
772.865
772.867
772.869
772.87
772.872
772.874
772.876
772.879
772.881
772.883
772.885
772.887
772.889
772.891
772.893
772.894
772.896
772.898
772.899
772.901
772.902
772.903
772.904
772.905
772.905
772.906
772.906
772.907
772.907
772.907
772.908
772.908
772.908
772.908
772.908
772.909
772.909
772.91
772.911
772.911
772.912
772.914
772.915
772.917
772.919
772.921
772.923
772.925
772.928
772.931
772.934
772.937
772.94
772.943
772.946
772.949
772.952
772.955
772.958
772.961
772.964
772.967
772.97
772.972
772.975
772.977
772.979
772.981
772.983
772.985
772.987
772.988
772.99
772.991
772.992
772.993
772.994
772.995
772.995
772.996
772.997
772.997
772.998
772.998
772.998
772.999
772.999
772.999
772.999
772.999
772.999
773
773
773
773
773
773
773
773
773
773
773
773
773
773.001
773.001
773.001
773.001
773.001
773.001
773.002
773.002
773.002
773.002
773.003
773.003
773.004
773.004
773.005
773.005
773.006
773.007
773.008
773.009
773.01
773.011
773.012
773.014
773.015
773.017
773.018
773.02
773.022
773.024
773.026
773.028
773.031
773.033
773.036
773.039
773.042
773.045
773.049
773.052
773.056
773.059
773.063
773.067
773.072
773.076
773.081
773.085
773.09
773.095
773.101
773.106
773.112
773.117
773.123
773.129
773.135
773.142
773.148
773.155
773.162
773.169
773.176
773.184
773.191
773.199
773.207
773.215
773.223
773.231
773.24
773.249
773.257
773.266
773.276
773.285
773.295
773.304
773.314
773.324
773.335
773.345
773.356
773.366
773.377
773.388
773.4
773.411
773.423
773.434
773.446
773.458
773.471
773.483
773.496
773.509
773.522
773.535
773.548
773.561
773.575
773.589
773.603
773.617
773.631
773.646
773.66
773.675
773.69
773.705
773.721
773.736
773.752
773.768
773.784
773.8
773.816
773.833
773.849
773.866
773.883
773.9
773.918
773.935
773.953
773.971
773.989
774.007
774.025
774.044
774.062
774.081
774.1
774.119
774.138
774.158
774.177
774.197
774.217
774.237
774.257
774.277
774.298
774.319
774.339
774.36
774.382
774.403
774.424
774.446
774.468
774.489
774.511
774.534
774.556
774.578
774.601
774.624
774.647
774.67
774.693
774.716
774.74
774.763
774.787
774.811
774.835
774.859
774.883
774.908
774.932
774.957
774.982
775.007
775.032
775.057
775.082
775.108
775.133
775.159
775.185
775.211
775.237
775.263
775.289
775.316
775.342
775.369
775.396
775.423
775.45
775.477
775.504
775.531
775.559
775.586
775.614
775.642
775.67
775.698
775.726
775.754
775.782
775.811
775.839
775.868
775.896
775.925
775.954
775.983
776.012
776.041
776.07
776.1
776.129
776.159
776.188
776.218
776.248
776.277
776.307
776.337
776.367
776.397
776.427
776.458
776.488
776.518
776.549
776.579
776.61
776.641
776.671
776.702
776.733
776.764
776.795
776.826
776.857
776.888
776.919
776.95
776.982
777.013
777.044
777.076
777.107
777.139
777.171
777.201
777.234
777.264
777.299
777.326
777.363
777.389
777.427
777.452
777.492
777.515
777.556
777.579
772.695
772.701
772.71
772.709
772.713
772.715
772.716
772.72
772.736
772.756
772.758
772.736
772.709
772.726
772.915
773.373
773.606
773.635
773.537
773.208
772.93
772.769
772.684
772.643
772.625
772.617
772.614
772.612
772.612
772.612
772.612
772.612
772.613
772.613
772.614
772.615
772.615
772.617
772.618
772.619
772.621
772.623
772.625
772.627
772.63
772.632
772.635
772.638
772.641
772.645
772.648
772.651
772.655
772.658
772.661
772.665
772.668
772.671
772.674
772.677
772.68
772.682
772.685
772.687
772.69
772.692
772.694
772.696
772.698
772.7
772.702
772.704
772.706
772.707
772.709
772.711
772.713
772.715
772.717
772.719
772.721
772.723
772.725
772.727
772.729
772.731
772.733
772.735
772.737
772.739
772.741
772.743
772.745
772.747
772.748
772.75
772.751
772.753
772.754
772.755
772.755
772.756
772.757
772.757
772.758
772.758
772.758
772.758
772.759
772.759
772.759
772.76
772.76
772.761
772.762
772.763
772.764
772.765
772.767
772.768
772.77
772.772
772.775
772.777
772.78
772.783
772.785
772.788
772.791
772.795
772.798
772.801
772.804
772.807
772.81
772.813
772.816
772.819
772.821
772.824
772.826
772.828
772.83
772.832
772.834
772.835
772.837
772.838
772.839
772.84
772.841
772.841
772.842
772.842
772.842
772.843
772.843
772.843
772.843
772.843
772.843
772.843
772.843
772.843
772.843
772.843
772.843
772.843
772.843
772.843
772.843
772.843
772.843
772.843
772.843
772.844
772.844
772.844
772.845
772.845
772.845
772.846
772.846
772.846
772.847
772.847
772.847
772.847
772.848
772.848
772.848
772.848
772.848
772.848
772.848
772.849
772.849
772.848
772.848
772.848
772.848
772.848
772.848
772.848
772.847
772.847
772.847
772.847
772.847
772.847
772.847
772.847
772.847
772.847
772.847
772.847
772.847
772.848
772.848
772.848
772.849
772.849
772.85
772.851
772.852
772.853
772.854
772.855
772.856
772.857
772.859
772.86
772.862
772.864
772.865
772.867
772.869
772.871
772.873
772.875
772.877
772.879
772.881
772.883
772.885
772.887
772.889
772.891
772.893
772.895
772.897
772.898
772.9
772.901
772.902
772.903
772.904
772.905
772.906
772.906
772.907
772.907
772.908
772.908
772.908
772.908
772.908
772.909
772.909
772.909
772.91
772.91
772.911
772.912
772.913
772.914
772.916
772.917
772.919
772.921
772.924
772.926
772.928
772.931
772.934
772.937
772.94
772.943
772.946
772.949
772.953
772.956
772.959
772.962
772.965
772.968
772.97
772.973
772.975
772.978
772.98
772.982
772.984
772.986
772.987
772.989
772.99
772.991
772.992
772.993
772.994
772.995
772.996
772.997
772.997
772.998
772.998
772.998
772.999
772.999
772.999
772.999
773
773
773
773
773
773
773
773
773
773
773.001
773.001
773.001
773.001
773.001
773.001
773.001
773.001
773.001
773.001
773.002
773.002
773.002
773.002
773.003
773.003
773.003
773.004
773.004
773.005
773.005
773.006
773.007
773.007
773.008
773.009
773.01
773.011
773.013
773.014
773.015
773.017
773.019
773.02
773.022
773.024
773.027
773.029
773.031
773.034
773.037
773.04
773.043
773.046
773.049
773.053
773.056
773.06
773.064
773.068
773.072
773.077
773.081
773.086
773.091
773.096
773.101
773.107
773.112
773.118
773.124
773.13
773.136
773.142
773.149
773.156
773.162
773.169
773.177
773.184
773.192
773.199
773.207
773.215
773.223
773.232
773.24
773.249
773.258
773.267
773.276
773.286
773.295
773.305
773.315
773.325
773.335
773.345
773.356
773.367
773.378
773.389
773.4
773.411
773.423
773.435
773.447
773.459
773.471
773.484
773.496
773.509
773.522
773.535
773.548
773.562
773.576
773.589
773.603
773.618
773.632
773.646
773.661
773.676
773.691
773.706
773.721
773.737
773.752
773.768
773.784
773.8
773.817
773.833
773.85
773.867
773.884
773.901
773.918
773.936
773.953
773.971
773.989
774.007
774.026
774.044
774.063
774.081
774.1
774.119
774.139
774.158
774.178
774.197
774.217
774.237
774.258
774.278
774.298
774.319
774.34
774.361
774.382
774.403
774.425
774.446
774.468
774.49
774.512
774.534
774.556
774.579
774.601
774.624
774.647
774.67
774.693
774.717
774.74
774.764
774.787
774.811
774.835
774.859
774.884
774.908
774.933
774.957
774.982
775.007
775.032
775.057
775.083
775.108
775.134
775.159
775.185
775.211
775.237
775.264
775.29
775.316
775.343
775.369
775.396
775.423
775.45
775.477
775.505
775.532
775.559
775.587
775.615
775.642
775.67
775.698
775.726
775.754
775.783
775.811
775.84
775.868
775.897
775.926
775.954
775.983
776.012
776.042
776.071
776.1
776.13
776.159
776.189
776.218
776.248
776.278
776.308
776.338
776.368
776.398
776.428
776.458
776.488
776.519
776.549
776.58
776.61
776.641
776.672
776.703
776.733
776.764
776.795
776.826
776.857
776.888
776.92
776.951
776.982
777.013
777.045
777.076
777.108
777.139
777.171
777.202
777.235
777.264
777.299
777.327
777.363
777.389
777.428
777.452
777.492
777.515
777.557
777.579
)
;

boundaryField
{
    inlet
    {
        type            zeroGradient;
    }
    outlet
    {
        type            zeroGradient;
    }
    sides
    {
        type            empty;
    }
    walls
    {
        type            zeroGradient;
    }
}


// ************************************************************************* //
