/*--------------------------------*- C++ -*----------------------------------*\
| =========                 |                                                 |
| \\      /  F ield         | OpenFOAM: The Open Source CFD Toolbox           |
|  \\    /   O peration     | Version:  3.0.x                                 |
|   \\  /    A nd           | Web:      www.OpenFOAM.org                      |
|    \\/     M anipulation  |                                                 |
\*---------------------------------------------------------------------------*/
FoamFile
{
    version     2.0;
    format      ascii;
    class       volScalarField;
    location    "0.008";
    object      p;
}
// * * * * * * * * * * * * * * * * * * * * * * * * * * * * * * * * * * * * * //

dimensions      [1 -1 -2 0 0 0 0];

internalField   nonuniform List<scalar> 
1000
(
1.8e+07
1.8e+07
1.8e+07
1.8e+07
1.8e+07
1.8e+07
1.8e+07
1.8e+07
1.8e+07
1.8e+07
1.8e+07
1.8e+07
1.8e+07
1.8e+07
1.8e+07
1.8e+07
1.8e+07
1.8e+07
1.8e+07
1.8e+07
1.8e+07
1.8e+07
1.8e+07
1.8e+07
1.8e+07
1.8e+07
1.8e+07
1.8e+07
1.8e+07
1.8e+07
1.8e+07
1.8e+07
1.8e+07
1.8e+07
1.8e+07
1.8e+07
1.8e+07
1.8e+07
1.8e+07
1.8e+07
1.8e+07
1.8e+07
1.8e+07
1.8e+07
1.8e+07
1.8e+07
1.8e+07
1.8e+07
1.8e+07
1.8e+07
1.8e+07
1.8e+07
1.8e+07
1.8e+07
1.8e+07
1.8e+07
1.8e+07
1.8e+07
1.8e+07
1.8e+07
1.8e+07
1.8e+07
1.8e+07
1.8e+07
1.8e+07
1.8e+07
1.8e+07
1.8e+07
1.8e+07
1.8e+07
1.8e+07
1.8e+07
1.8e+07
1.8e+07
1.8e+07
1.8e+07
1.8e+07
1.8e+07
1.8e+07
1.8e+07
1.8e+07
1.8e+07
1.8e+07
1.8e+07
1.8e+07
1.8e+07
1.8e+07
1.8e+07
1.8e+07
1.8e+07
1.8e+07
1.8e+07
1.8e+07
1.8e+07
1.8e+07
1.8e+07
1.8e+07
1.8e+07
1.8e+07
1.8e+07
1.8e+07
1.8e+07
1.8e+07
1.8e+07
1.8e+07
1.8e+07
1.8e+07
1.8e+07
1.8e+07
1.8e+07
1.8e+07
1.8e+07
1.8e+07
1.8e+07
1.8e+07
1.8e+07
1.8e+07
1.8e+07
1.8e+07
1.8e+07
1.8e+07
1.8e+07
1.8e+07
1.8e+07
1.8e+07
1.8e+07
1.8e+07
1.8e+07
1.8e+07
1.8e+07
1.8e+07
1.8e+07
1.8e+07
1.8e+07
1.8e+07
1.8e+07
1.8e+07
1.8e+07
1.8e+07
1.8e+07
1.8e+07
1.8e+07
1.8e+07
1.8e+07
1.8e+07
1.8e+07
1.8e+07
1.8e+07
1.8e+07
1.8e+07
1.8e+07
1.8e+07
1.8e+07
1.8e+07
1.8e+07
1.8e+07
1.8e+07
1.8e+07
1.8e+07
1.8e+07
1.8e+07
1.8e+07
1.8e+07
1.8e+07
1.8e+07
1.8e+07
1.8e+07
1.8e+07
1.8e+07
1.8e+07
1.8e+07
1.8e+07
1.8e+07
1.8e+07
1.8e+07
1.8e+07
1.8e+07
1.8e+07
1.8e+07
1.8e+07
1.8e+07
1.8e+07
1.8e+07
1.8e+07
1.8e+07
1.8e+07
1.8e+07
1.8e+07
1.8e+07
1.8e+07
1.8e+07
1.8e+07
1.8e+07
1.8e+07
1.8e+07
1.8e+07
1.8e+07
1.8e+07
1.8e+07
1.8e+07
1.8e+07
1.8e+07
1.8e+07
1.8e+07
1.8e+07
1.8e+07
1.8e+07
1.8e+07
1.8e+07
1.8e+07
1.8e+07
1.8e+07
1.8e+07
1.8e+07
1.8e+07
1.8e+07
1.8e+07
1.8e+07
1.8e+07
1.8e+07
1.8e+07
1.8e+07
1.8e+07
1.8e+07
1.8e+07
1.8e+07
1.8e+07
1.8e+07
1.8e+07
1.8e+07
1.8e+07
1.8e+07
1.8e+07
1.8e+07
1.8e+07
1.8e+07
1.8e+07
1.8e+07
1.8e+07
1.8e+07
1.8e+07
1.8e+07
1.8e+07
1.8e+07
1.8e+07
1.8e+07
1.8e+07
1.8e+07
1.8e+07
1.8e+07
1.8e+07
1.8e+07
1.8e+07
1.8e+07
1.8e+07
1.8e+07
1.8e+07
1.8e+07
1.8e+07
1.8e+07
1.8e+07
1.8e+07
1.8e+07
1.8e+07
1.8e+07
1.8e+07
1.8e+07
1.8e+07
1.8e+07
1.8e+07
1.8e+07
1.8e+07
1.8e+07
1.8e+07
1.8e+07
1.8e+07
1.8e+07
1.8e+07
1.8e+07
1.8e+07
1.8e+07
1.8e+07
1.8e+07
1.8e+07
1.8e+07
1.8e+07
1.8e+07
1.8e+07
1.8e+07
1.8e+07
1.8e+07
1.8e+07
1.8e+07
1.8e+07
1.8e+07
1.8e+07
1.8e+07
1.8e+07
1.8e+07
1.8e+07
1.8e+07
1.8e+07
1.8e+07
1.8e+07
1.8e+07
1.8e+07
1.8e+07
1.8e+07
1.8e+07
1.8e+07
1.8e+07
1.8e+07
1.8e+07
1.8e+07
1.8e+07
1.8e+07
1.8e+07
1.8e+07
1.8e+07
1.8e+07
1.8e+07
1.8e+07
1.8e+07
1.8e+07
1.8e+07
1.8e+07
1.8e+07
1.8e+07
1.8e+07
1.8e+07
1.8e+07
1.8e+07
1.8e+07
1.8e+07
1.8e+07
1.8e+07
1.8e+07
1.8e+07
1.8e+07
1.8e+07
1.8e+07
1.8e+07
1.8e+07
1.8e+07
1.8e+07
1.8e+07
1.8e+07
1.8e+07
1.8e+07
1.8e+07
1.8e+07
1.8e+07
1.8e+07
1.8e+07
1.8e+07
1.8e+07
1.8e+07
1.8e+07
1.8e+07
1.8e+07
1.8e+07
1.8e+07
1.8e+07
1.8e+07
1.8e+07
1.8e+07
1.8e+07
1.8e+07
1.8e+07
1.8e+07
1.8e+07
1.8e+07
1.8e+07
1.8e+07
1.8e+07
1.8e+07
1.8e+07
1.8e+07
1.8e+07
1.8e+07
1.8e+07
1.8e+07
1.8e+07
1.8e+07
1.8e+07
1.8e+07
1.8e+07
1.8e+07
1.8e+07
1.8e+07
1.8e+07
1.8e+07
1.8e+07
1.8e+07
1.8e+07
1.8e+07
1.8e+07
1.8e+07
1.8e+07
1.8e+07
1.8e+07
1.8e+07
1.8e+07
1.8e+07
1.8e+07
1.8e+07
1.8e+07
1.8e+07
1.8e+07
1.8e+07
1.8e+07
1.8e+07
1.8e+07
1.8e+07
1.8e+07
1.8e+07
1.8e+07
1.8e+07
1.8e+07
1.8e+07
1.8e+07
1.8e+07
1.8e+07
1.8e+07
1.8e+07
1.8e+07
1.8e+07
1.8e+07
1.8e+07
1.8e+07
1.8e+07
1.8e+07
1.80001e+07
1.80001e+07
1.80001e+07
1.80001e+07
1.80001e+07
1.80002e+07
1.80002e+07
1.80002e+07
1.80003e+07
1.80003e+07
1.80004e+07
1.80005e+07
1.80006e+07
1.80008e+07
1.8001e+07
1.80012e+07
1.80014e+07
1.80017e+07
1.80021e+07
1.80025e+07
1.8003e+07
1.80036e+07
1.80044e+07
1.80052e+07
1.80063e+07
1.80075e+07
1.80089e+07
1.80106e+07
1.80126e+07
1.80149e+07
1.80176e+07
1.80208e+07
1.80245e+07
1.80288e+07
1.80338e+07
1.80396e+07
1.80462e+07
1.80539e+07
1.80626e+07
1.80727e+07
1.80841e+07
1.80971e+07
1.81119e+07
1.81285e+07
1.81472e+07
1.81681e+07
1.81914e+07
1.82172e+07
1.82456e+07
1.82768e+07
1.83107e+07
1.83475e+07
1.8387e+07
1.84291e+07
1.84737e+07
1.85205e+07
1.85693e+07
1.86196e+07
1.86711e+07
1.87232e+07
1.87755e+07
1.88275e+07
1.88788e+07
1.89287e+07
1.8977e+07
1.90233e+07
1.90672e+07
1.91086e+07
1.91472e+07
1.91829e+07
1.92158e+07
1.92458e+07
1.9273e+07
1.92976e+07
1.93196e+07
1.93391e+07
1.93565e+07
1.93718e+07
1.93852e+07
1.93969e+07
1.94071e+07
1.9416e+07
1.94236e+07
1.94302e+07
1.94358e+07
1.94406e+07
1.94446e+07
1.9448e+07
1.94509e+07
1.94533e+07
1.94553e+07
1.94569e+07
1.94583e+07
1.94593e+07
1.94601e+07
1.94607e+07
1.94611e+07
1.94614e+07
1.94615e+07
1.94615e+07
1.94615e+07
1.94615e+07
1.94615e+07
1.94615e+07
1.94615e+07
1.94614e+07
1.94614e+07
1.94614e+07
1.94614e+07
1.94614e+07
1.94614e+07
1.94614e+07
1.94614e+07
1.94614e+07
1.94614e+07
1.94614e+07
1.94614e+07
1.94614e+07
1.94614e+07
1.94614e+07
1.94614e+07
1.94614e+07
1.94614e+07
1.94614e+07
1.94614e+07
1.94614e+07
1.94614e+07
1.94614e+07
1.94614e+07
1.94614e+07
1.94614e+07
1.94614e+07
1.94614e+07
1.94614e+07
1.94614e+07
1.94614e+07
1.94614e+07
1.94614e+07
1.94614e+07
1.94614e+07
1.94614e+07
1.94614e+07
1.94614e+07
1.94614e+07
1.94614e+07
1.94614e+07
1.94614e+07
1.94614e+07
1.94614e+07
1.94614e+07
1.94614e+07
1.94614e+07
1.94614e+07
1.94614e+07
1.94614e+07
1.94614e+07
1.94614e+07
1.94614e+07
1.94614e+07
1.94614e+07
1.94614e+07
1.94614e+07
1.94614e+07
1.94615e+07
1.94615e+07
1.94615e+07
1.94615e+07
1.94615e+07
1.94615e+07
1.94615e+07
1.94615e+07
1.94615e+07
1.94615e+07
1.94615e+07
1.94615e+07
1.94615e+07
1.94615e+07
1.94615e+07
1.94615e+07
1.94615e+07
1.94615e+07
1.94615e+07
1.94615e+07
1.94615e+07
1.94615e+07
1.94615e+07
1.94615e+07
1.94615e+07
1.94615e+07
1.94615e+07
1.94615e+07
1.94615e+07
1.94615e+07
1.94615e+07
1.94615e+07
1.94615e+07
1.94615e+07
1.94615e+07
1.94615e+07
1.94615e+07
1.94615e+07
1.94615e+07
1.94615e+07
1.94615e+07
1.94615e+07
1.94615e+07
1.94615e+07
1.94615e+07
1.94615e+07
1.94615e+07
1.94615e+07
1.94615e+07
1.94615e+07
1.94615e+07
1.94615e+07
1.94615e+07
1.94615e+07
1.94615e+07
1.94615e+07
1.94615e+07
1.94615e+07
1.94615e+07
1.94615e+07
1.94615e+07
1.94615e+07
1.94615e+07
1.94615e+07
1.94615e+07
1.94615e+07
1.94615e+07
1.94615e+07
1.94615e+07
1.94615e+07
1.94615e+07
1.94615e+07
1.94615e+07
1.94615e+07
1.94615e+07
1.94615e+07
1.94615e+07
1.94615e+07
1.94615e+07
1.94615e+07
1.94615e+07
1.94615e+07
1.94615e+07
1.94615e+07
1.94615e+07
1.94615e+07
1.94615e+07
1.94615e+07
1.94615e+07
1.94615e+07
1.94615e+07
1.94615e+07
1.94615e+07
1.94615e+07
1.94615e+07
1.94615e+07
1.94615e+07
1.94615e+07
1.94615e+07
1.94615e+07
1.94615e+07
1.94615e+07
1.94615e+07
1.94615e+07
1.94615e+07
1.94615e+07
1.94615e+07
1.94615e+07
1.94615e+07
1.94615e+07
1.94615e+07
1.94615e+07
1.94615e+07
1.94615e+07
1.94615e+07
1.94615e+07
1.94615e+07
1.94615e+07
1.94615e+07
1.94615e+07
1.94615e+07
1.94615e+07
1.94615e+07
1.94615e+07
1.94615e+07
1.94615e+07
1.94615e+07
1.94615e+07
1.94615e+07
1.94615e+07
1.94615e+07
1.94615e+07
1.94615e+07
1.94615e+07
1.94615e+07
1.94615e+07
1.94615e+07
1.94615e+07
1.94615e+07
1.94615e+07
1.94615e+07
1.94615e+07
1.94615e+07
1.94615e+07
1.94615e+07
1.94615e+07
1.94615e+07
1.94615e+07
1.94615e+07
1.94615e+07
1.94615e+07
1.94615e+07
1.94615e+07
1.94615e+07
1.94615e+07
1.94615e+07
1.94615e+07
1.94615e+07
1.94615e+07
1.94615e+07
1.94615e+07
1.94615e+07
1.94615e+07
1.94615e+07
1.94615e+07
1.94615e+07
1.94615e+07
1.94615e+07
1.94615e+07
1.94615e+07
1.94615e+07
1.94615e+07
1.94615e+07
1.94615e+07
1.94615e+07
1.94615e+07
1.94615e+07
1.94615e+07
1.94615e+07
1.94615e+07
1.94615e+07
1.94615e+07
1.94615e+07
1.94615e+07
1.94615e+07
1.94615e+07
1.94615e+07
1.94615e+07
1.94615e+07
1.94615e+07
1.94615e+07
1.94615e+07
1.94615e+07
1.94615e+07
1.94615e+07
1.94615e+07
1.94615e+07
1.94615e+07
1.94615e+07
1.94615e+07
1.94615e+07
1.94615e+07
1.94615e+07
1.94615e+07
1.94615e+07
1.94615e+07
1.94615e+07
1.94615e+07
1.94615e+07
1.94615e+07
1.94615e+07
1.94615e+07
1.94615e+07
1.94615e+07
1.94615e+07
1.94615e+07
1.94615e+07
1.94615e+07
1.94615e+07
1.94615e+07
1.94615e+07
1.94615e+07
1.94615e+07
1.94615e+07
1.94615e+07
1.94615e+07
1.94615e+07
1.94615e+07
1.94615e+07
1.94615e+07
1.94615e+07
1.94615e+07
1.94615e+07
1.94615e+07
1.94615e+07
1.94615e+07
1.94615e+07
1.94615e+07
1.94615e+07
1.94615e+07
1.94615e+07
1.94615e+07
1.94615e+07
1.94615e+07
1.94615e+07
1.94615e+07
1.94615e+07
1.94615e+07
1.94615e+07
1.94615e+07
1.94615e+07
1.94615e+07
1.94615e+07
1.94615e+07
1.94615e+07
1.94615e+07
1.94615e+07
1.94615e+07
1.94615e+07
1.94615e+07
1.94615e+07
1.94615e+07
1.94615e+07
1.94615e+07
1.94615e+07
1.94615e+07
1.94615e+07
1.94615e+07
1.94615e+07
1.94615e+07
1.94615e+07
1.94615e+07
1.94615e+07
1.94615e+07
1.94615e+07
1.94615e+07
1.94615e+07
1.94615e+07
1.94615e+07
1.94615e+07
1.94615e+07
1.94615e+07
1.94615e+07
1.94615e+07
1.94615e+07
1.94615e+07
1.94615e+07
1.94615e+07
1.94615e+07
1.94615e+07
1.94615e+07
1.94615e+07
1.94615e+07
1.94615e+07
1.94615e+07
1.94615e+07
1.94615e+07
1.94615e+07
1.94615e+07
1.94615e+07
1.94615e+07
1.94615e+07
1.94615e+07
1.94615e+07
1.94615e+07
1.94615e+07
1.94615e+07
1.94615e+07
1.94615e+07
1.94615e+07
1.94615e+07
1.94615e+07
1.94615e+07
1.94615e+07
1.94615e+07
1.94615e+07
1.94615e+07
1.94615e+07
1.94615e+07
1.94615e+07
1.94615e+07
1.94615e+07
1.94615e+07
1.94615e+07
1.94615e+07
1.94615e+07
1.94615e+07
1.94615e+07
1.94615e+07
1.94615e+07
1.94615e+07
1.94615e+07
1.94615e+07
1.94615e+07
1.94616e+07
1.94615e+07
1.94616e+07
1.94615e+07
1.94616e+07
1.94615e+07
1.94616e+07
1.94615e+07
1.94616e+07
1.94615e+07
1.94616e+07
1.94615e+07
1.94616e+07
1.94615e+07
1.94616e+07
1.94615e+07
1.94616e+07
1.94615e+07
1.94616e+07
1.94615e+07
1.94616e+07
1.94615e+07
1.94616e+07
1.94615e+07
1.94616e+07
1.94615e+07
1.94617e+07
1.94614e+07
1.94617e+07
1.94614e+07
1.94617e+07
1.94614e+07
1.94617e+07
1.94614e+07
1.94617e+07
1.94614e+07
1.94618e+07
1.94613e+07
1.94618e+07
1.94613e+07
1.94618e+07
1.94613e+07
1.94618e+07
1.94613e+07
1.94619e+07
1.94612e+07
1.94619e+07
1.94612e+07
1.94619e+07
1.94612e+07
1.94619e+07
1.94612e+07
1.94619e+07
1.94612e+07
1.94619e+07
1.94612e+07
1.94619e+07
1.94613e+07
1.94618e+07
1.94613e+07
1.94618e+07
1.94613e+07
1.94618e+07
1.94614e+07
1.94617e+07
1.94614e+07
1.94617e+07
1.94615e+07
1.94616e+07
1.94615e+07
1.94616e+07
)
;

boundaryField
{
    inlet
    {
        type            zeroGradient;
    }
    backWall
    {
        type            zeroGradient;
    }
    sides
    {
        type            empty;
    }
}


// ************************************************************************* //
