/*--------------------------------*- C++ -*----------------------------------*\
| =========                 |                                                 |
| \\      /  F ield         | OpenFOAM: The Open Source CFD Toolbox           |
|  \\    /   O peration     | Version:  3.0.x                                 |
|   \\  /    A nd           | Web:      www.OpenFOAM.org                      |
|    \\/     M anipulation  |                                                 |
\*---------------------------------------------------------------------------*/
FoamFile
{
    version     2.0;
    format      ascii;
    class       volScalarField;
    location    "0.008";
    object      T;
}
// * * * * * * * * * * * * * * * * * * * * * * * * * * * * * * * * * * * * * //

dimensions      [0 0 0 1 0 0 0];

internalField   nonuniform List<scalar> 
1000
(
773
773
773
773
773
773
773
773
773
773
773
773
773
773
773
773
773
773
773
773
773
773
773
773
773
773
773
773
773
773
773
773
773
773
773
773
773
773
773
773
773
773
773
773
773
773
773
773
773
773
773
773
773
773
773
773
773
773
773
773
773
773
773
773
773
773
773
773
773
773
773
773
773
773
773
773
773
773
773
773
773
773
773
773
773
773
773
773
773
773
773
773
773
773
773
773
773
773
773
773
773
773
773
773
773
773
773
773
773
773
773
773
773
773
773
773
773
773
773
773
773
773
773
773
773
773
773
773
773
773
773
773
773
773
773
773
773
773
773
773
773
773
773
773
773
773
773
773
773
773
773
773
773
773
773
773
773
773
773
773
773
773
773
773
773
773
773
773
773
773
773
773
773
773
773
773
773
773
773
773
773
773
773
773
773
773
773
773
773
773
773
773
773
773
773
773
773
773
773
773
773
773
773
773
773
773
773
773
773
773
773
773
773
773
773
773
773
773
773
773
773
773
773
773
773
773
773
773
773
773
773
773
773
773
773
773
773
773
773
773
773
773
773
773
773
773
773
773
773
773
773
773
773
773
773
773
773
773
773
773
773
773
773
773
773
773
773
773
773
773
773
773
773
773
773
773
773
773
773
773
773
773
773
773
773
773
773
773
773
773
773
773
773
773
773
773
773
773
773
773
773
773
773
773
773
773
773
773
773
773
773
773
773
773
773
773
773
773
773
773
773
773
773
773
773
773
773
773
773
773
773
773
773
773
773
773
773
773
773
773
773
773
773
773
773
773
773
773
773
773
773
773
773
773
773
773
773
773
773
773
773
773
773
773
773
773
773
773
773
773
773
773
773
773
773
773
773
773
773
773
773
773
773
773
773
773
773
773
773
773
773
773
773
773
773
773
773
773
773
773
773
773
773
773
773
773
773
773
773
773
773
773
773
773
773
773
773
773
773
773
773
773
773
773
773
773
773
773
773
773
773
773
773
773
773.001
773.001
773.001
773.001
773.001
773.002
773.002
773.002
773.003
773.004
773.005
773.006
773.007
773.008
773.01
773.012
773.015
773.018
773.022
773.026
773.031
773.038
773.045
773.054
773.064
773.076
773.09
773.107
773.126
773.149
773.176
773.206
773.242
773.283
773.331
773.386
773.449
773.521
773.602
773.695
773.801
773.919
774.053
774.202
774.367
774.551
774.753
774.974
775.214
775.474
775.753
776.05
776.364
776.693
777.035
777.386
777.745
778.108
778.471
778.832
779.186
779.531
779.863
780.181
780.482
780.765
781.028
781.272
781.496
781.699
781.884
782.051
782.199
782.332
782.449
782.552
782.643
782.722
782.791
782.85
782.902
782.946
782.984
783.016
783.043
783.066
783.086
783.102
783.115
783.126
783.135
783.142
783.148
783.151
783.154
783.156
783.157
783.157
783.157
783.157
783.157
783.157
783.157
783.157
783.156
783.156
783.156
783.156
783.156
783.156
783.156
783.156
783.156
783.156
783.156
783.156
783.156
783.156
783.156
783.156
783.156
783.156
783.156
783.156
783.156
783.156
783.156
783.157
783.157
783.157
783.157
783.157
783.157
783.157
783.157
783.157
783.157
783.157
783.157
783.157
783.157
783.157
783.157
783.157
783.157
783.157
783.157
783.157
783.157
783.157
783.157
783.157
783.157
783.157
783.157
783.157
783.157
783.157
783.157
783.157
783.157
783.157
783.157
783.157
783.157
783.157
783.157
783.157
783.157
783.157
783.157
783.157
783.157
783.157
783.157
783.157
783.157
783.157
783.157
783.157
783.157
783.157
783.157
783.157
783.157
783.157
783.157
783.157
783.157
783.157
783.157
783.158
783.158
783.158
783.158
783.158
783.158
783.158
783.158
783.158
783.158
783.158
783.158
783.158
783.158
783.158
783.158
783.158
783.158
783.158
783.158
783.158
783.158
783.158
783.158
783.158
783.158
783.158
783.158
783.158
783.158
783.158
783.158
783.158
783.158
783.158
783.158
783.158
783.158
783.158
783.158
783.158
783.158
783.158
783.158
783.158
783.158
783.158
783.158
783.158
783.158
783.158
783.158
783.158
783.158
783.158
783.158
783.158
783.158
783.158
783.158
783.158
783.158
783.158
783.158
783.158
783.158
783.158
783.158
783.158
783.158
783.158
783.158
783.158
783.159
783.159
783.159
783.159
783.159
783.159
783.159
783.159
783.159
783.159
783.159
783.159
783.159
783.159
783.159
783.159
783.159
783.159
783.159
783.159
783.159
783.159
783.159
783.159
783.159
783.159
783.159
783.159
783.159
783.159
783.159
783.159
783.159
783.159
783.159
783.159
783.159
783.159
783.159
783.159
783.159
783.159
783.159
783.159
783.159
783.159
783.159
783.159
783.159
783.159
783.159
783.159
783.159
783.159
783.159
783.159
783.159
783.159
783.159
783.159
783.16
783.16
783.16
783.16
783.16
783.16
783.16
783.16
783.16
783.16
783.16
783.16
783.16
783.16
783.16
783.16
783.16
783.16
783.16
783.16
783.16
783.16
783.16
783.16
783.16
783.16
783.16
783.16
783.16
783.16
783.16
783.16
783.16
783.16
783.16
783.16
783.16
783.16
783.16
783.16
783.16
783.16
783.16
783.16
783.16
783.161
783.161
783.161
783.161
783.161
783.161
783.161
783.161
783.161
783.161
783.161
783.161
783.161
783.161
783.161
783.161
783.161
783.161
783.161
783.161
783.161
783.161
783.161
783.161
783.161
783.161
783.161
783.161
783.161
783.161
783.161
783.161
783.161
783.161
783.162
783.162
783.162
783.162
783.162
783.162
783.162
783.162
783.162
783.162
783.162
783.162
783.162
783.162
783.162
783.162
783.162
783.162
783.162
783.162
783.162
783.162
783.162
783.162
783.162
783.162
783.163
783.163
783.163
783.163
783.163
783.163
783.163
783.163
783.163
783.163
783.163
783.163
783.163
783.163
783.163
783.163
783.163
783.163
783.163
783.163
783.163
783.164
783.164
783.164
783.164
783.164
783.164
783.164
783.164
783.164
783.164
783.164
783.164
783.164
783.164
783.164
783.164
783.165
783.165
783.165
783.165
783.165
783.165
783.165
783.165
783.165
783.165
783.165
783.165
783.165
783.166
783.166
783.166
783.166
783.166
783.166
783.166
783.166
783.166
783.166
783.167
783.167
783.167
783.167
783.167
783.167
783.167
783.167
783.167
783.168
783.168
783.168
783.168
783.168
783.168
783.168
783.169
783.169
783.169
783.169
783.169
783.169
783.17
783.169
783.17
783.17
783.171
783.17
783.171
783.17
783.172
783.171
783.172
783.171
783.173
783.171
783.173
783.172
783.174
783.172
783.175
783.173
783.176
783.173
783.177
783.174
783.177
783.174
783.178
783.175
783.179
783.176
783.181
783.177
783.182
783.178
783.183
783.18
783.185
783.181
783.186
783.183
783.189
783.186
783.191
783.189
783.194
783.193
783.199
783.199
783.205
783.21
783.217
783.233
783.275
783.447
783.291
)
;

boundaryField
{
    inlet
    {
        type            zeroGradient;
    }
    backWall
    {
        type            zeroGradient;
    }
    sides
    {
        type            empty;
    }
}


// ************************************************************************* //
