/*--------------------------------*- C++ -*----------------------------------*\
| =========                 |                                                 |
| \\      /  F ield         | OpenFOAM: The Open Source CFD Toolbox           |
|  \\    /   O peration     | Version:  3.0.x                                 |
|   \\  /    A nd           | Web:      www.OpenFOAM.org                      |
|    \\/     M anipulation  |                                                 |
\*---------------------------------------------------------------------------*/
FoamFile
{
    version     2.0;
    format      ascii;
    class       volScalarField;
    location    "0.9";
    object      T;
}
// * * * * * * * * * * * * * * * * * * * * * * * * * * * * * * * * * * * * * //

dimensions      [0 0 0 1 0 0 0];

internalField   nonuniform List<scalar> 
1000
(
773
773
773
773
773
773
773
773
773
773
773
773
773
773
773
773
773
773
773
773
773
773
773
773
773
773
773
773
773
773
773
773
773
773
773
773
773
773
773
773
773
773
773
773
773
773
773
773
773
773
773
773
773
773
773
773
773
773
773
773
773
773
773
773
773
773
773
773
773
773
773
773
773
773
773
773
773
773
773
773
773
773
773
773
773
773
773
773
773
773
773
773
773
773
773
773
773
773
773
773
773
773
773
773
773
773
773
773
773
773
773
773
773
773
773
773
773
773
773
773
773
773
773
773
773
773
773
773
773
773
773
773
773
773
773
773
773
773
773
773
773
773
773
773
773
773
773
773
773
773
773
773
773
773
773
773
773
773
773
773
773
773
773
773
773
773
773
773
773
773
773
773
773
773
773
773
773
773
773
773
773
773
773
773
773
773
773
773
773
773
773
773
773
773
773
773
773
773
773
773
773
773
773
773
773
773
773
773
773
773
773
773
773
773
773
773
773
773
773
773
773
773
773
773
773
773
773
773
773
773
773
773
773
773
773
773
773
773
773
773
773
773
773
773
773
773
773
773
773
773
773
773
773
773
773
773
773
773
773
773
773
773
773
773
773
773
773
773
773
773
773
773
773
773
773
773
773
773
773
773
773
773
773
773
773
773
773
773
773
773
773
773
773
773
773
773
773
773
773
773
773
773
773
773
773
773
773
773
773
773
773
773
773
773
773
773
773
773
773
773
773
773
773
773
773
773
773
773
773
773
773
773
773
773
773
773
773
773
773
773
773
773
773
773
773
773
773
773
773
773
773
773
773
773
773
773
773
773
773
773
773
773
773
773
773
773
773
773
773
773
773
773
773
773
773
773
773
773
773
773
773
773
773
773
773
773
773
773
773
773
773
773
773
773
773
773
773
773
773
773
773
773
773
773
773
773
773
773
773
773
773
773
773
773
773
773
773
773
773
773
773
773
773
773
773
773
773
773
773
773
773
773
773
773
773
773
773
773
773
773
773
773
773
773
773
773
773
773
773
773
773
773
773
773
773
773
773
773
773
773
773
773
773
773
773
773
773
773
773
773
773
773
773
773
773
773
773
773
773
773
773
773
773
773
773
773
773
773
773
773
773
773
773
773
773
773
773
773
773
773
773
773
773
773
773
773
773
773
773
773
773
773
773
773
773
773
773
773
773.001
773.001
773.001
773.001
773.001
773.001
773.002
773.002
773.003
773.003
773.004
773.005
773.006
773.007
773.008
773.01
773.012
773.014
773.017
773.02
773.023
773.027
773.032
773.037
773.043
773.051
773.059
773.068
773.079
773.091
773.104
773.119
773.137
773.156
773.178
773.202
773.229
773.259
773.292
773.329
773.37
773.415
773.464
773.518
773.577
773.641
773.711
773.787
773.869
773.958
774.053
774.155
774.265
774.382
774.506
774.638
774.778
774.925
775.081
775.243
775.414
775.592
775.777
775.968
776.167
776.371
776.581
776.796
777.016
777.241
777.468
777.699
777.932
778.167
778.403
778.639
778.875
779.111
779.346
779.579
779.81
780.038
780.263
780.484
780.702
780.915
781.123
781.327
781.525
781.718
781.906
782.087
782.263
782.432
782.596
782.752
782.903
783.047
783.185
783.316
783.441
783.56
783.672
783.778
783.878
783.972
784.06
784.142
784.219
784.291
784.357
784.419
784.475
784.527
784.575
784.619
784.659
784.695
784.728
784.758
784.784
784.808
784.829
784.848
784.865
784.879
784.891
784.901
784.909
784.915
784.921
784.926
784.93
784.933
784.936
784.939
784.941
784.942
784.944
784.945
784.946
784.947
784.947
784.948
784.948
784.948
784.948
784.949
784.949
784.949
784.949
784.949
784.949
784.949
784.949
784.949
784.949
784.949
784.948
784.948
784.948
784.948
784.948
784.948
784.948
784.948
784.948
784.948
784.948
784.948
784.948
784.948
784.948
784.948
784.948
784.948
784.948
784.948
784.948
784.948
784.948
784.948
784.948
784.948
784.948
784.948
784.948
784.948
784.948
784.948
784.948
784.948
784.948
784.948
784.947
784.947
784.947
784.947
784.947
784.947
784.947
784.947
784.947
784.947
784.947
784.947
784.947
784.947
784.947
784.947
784.947
784.947
784.947
784.947
784.947
784.947
784.947
784.947
784.947
784.947
784.947
784.947
784.947
784.947
784.947
784.947
784.947
784.947
784.947
784.947
784.947
784.947
784.947
784.947
784.947
784.947
784.947
784.947
784.947
784.947
784.947
784.947
784.947
784.947
784.947
784.947
784.947
784.947
784.947
784.947
784.947
784.947
784.947
784.947
784.947
784.947
784.947
784.947
784.947
784.947
784.947
784.947
784.947
784.947
784.947
784.947
784.947
784.947
784.947
784.947
784.947
784.947
784.947
784.947
784.947
784.947
784.947
784.947
784.947
784.947
784.947
784.947
784.947
784.947
784.947
784.947
784.947
784.947
784.947
784.947
784.947
784.947
784.947
784.947
784.947
784.947
784.947
784.947
784.947
784.947
784.947
784.947
784.947
784.947
784.947
784.947
784.947
784.947
784.947
784.947
784.947
784.947
784.947
784.947
784.947
784.947
784.947
784.947
784.947
784.947
784.947
784.947
784.947
784.947
784.947
784.947
784.947
784.947
784.947
784.947
784.947
784.947
784.947
784.947
784.947
784.947
784.947
784.947
784.947
784.946
784.946
784.946
784.946
784.946
784.946
784.946
784.946
784.946
784.946
784.946
784.946
784.946
784.946
784.946
784.946
784.946
784.946
784.946
784.946
784.946
784.946
784.946
784.946
784.946
784.946
784.946
784.946
784.946
784.946
784.946
784.946
784.946
784.946
784.946
784.946
784.946
784.946
784.946
784.946
784.946
784.946
784.946
784.946
784.946
784.946
784.946
784.946
784.946
784.946
784.946
784.946
784.946
784.946
784.946
784.946
784.946
784.946
784.946
784.946
784.946
784.946
784.946
784.946
784.946
784.946
784.946
784.946
784.946
784.946
784.946
784.946
784.946
784.946
784.946
784.946
784.946
784.946
784.946
784.946
784.946
784.946
784.946
784.946
784.946
784.946
784.946
784.946
784.946
784.946
784.946
784.946
784.946
784.946
784.946
784.946
784.946
784.946
784.946
784.946
784.946
784.946
784.946
784.946
784.946
784.946
784.946
784.946
784.946
784.946
784.946
784.946
784.946
784.946
784.946
784.946
784.946
784.946
784.946
784.946
784.946
784.946
784.946
784.946
784.946
784.946
784.946
784.946
784.946
784.946
784.946
784.946
784.946
784.946
784.946
784.946
784.946
784.946
784.946
784.947
784.944
784.949
784.939
)
;

boundaryField
{
    inlet
    {
        type            zeroGradient;
    }
    backWall
    {
        type            zeroGradient;
    }
    sides
    {
        type            empty;
    }
}


// ************************************************************************* //
