/*--------------------------------*- C++ -*----------------------------------*\
| =========                 |                                                 |
| \\      /  F ield         | OpenFOAM: The Open Source CFD Toolbox           |
|  \\    /   O peration     | Version:  3.0.x                                 |
|   \\  /    A nd           | Web:      www.OpenFOAM.org                      |
|    \\/     M anipulation  |                                                 |
\*---------------------------------------------------------------------------*/
FoamFile
{
    version     2.0;
    format      ascii;
    class       volScalarField;
    location    "0.55";
    object      p;
}
// * * * * * * * * * * * * * * * * * * * * * * * * * * * * * * * * * * * * * //

dimensions      [1 -1 -2 0 0 0 0];

internalField   nonuniform List<scalar> 
1000
(
1.8e+07
1.8e+07
1.8e+07
1.8e+07
1.8e+07
1.8e+07
1.8e+07
1.8e+07
1.8e+07
1.8e+07
1.8e+07
1.8e+07
1.8e+07
1.8e+07
1.8e+07
1.8e+07
1.8e+07
1.8e+07
1.8e+07
1.8e+07
1.8e+07
1.8e+07
1.8e+07
1.8e+07
1.8e+07
1.8e+07
1.8e+07
1.8e+07
1.8e+07
1.8e+07
1.8e+07
1.8e+07
1.8e+07
1.8e+07
1.8e+07
1.8e+07
1.8e+07
1.8e+07
1.8e+07
1.8e+07
1.8e+07
1.8e+07
1.8e+07
1.8e+07
1.8e+07
1.8e+07
1.8e+07
1.8e+07
1.8e+07
1.8e+07
1.8e+07
1.8e+07
1.8e+07
1.8e+07
1.8e+07
1.8e+07
1.8e+07
1.8e+07
1.8e+07
1.8e+07
1.8e+07
1.8e+07
1.8e+07
1.8e+07
1.8e+07
1.8e+07
1.8e+07
1.8e+07
1.8e+07
1.8e+07
1.8e+07
1.8e+07
1.8e+07
1.8e+07
1.8e+07
1.8e+07
1.8e+07
1.8e+07
1.8e+07
1.8e+07
1.8e+07
1.8e+07
1.8e+07
1.8e+07
1.8e+07
1.8e+07
1.8e+07
1.8e+07
1.8e+07
1.8e+07
1.8e+07
1.8e+07
1.8e+07
1.8e+07
1.8e+07
1.8e+07
1.8e+07
1.8e+07
1.8e+07
1.8e+07
1.8e+07
1.8e+07
1.8e+07
1.8e+07
1.8e+07
1.8e+07
1.8e+07
1.8e+07
1.8e+07
1.8e+07
1.8e+07
1.8e+07
1.8e+07
1.8e+07
1.8e+07
1.8e+07
1.8e+07
1.8e+07
1.8e+07
1.8e+07
1.8e+07
1.8e+07
1.8e+07
1.8e+07
1.8e+07
1.8e+07
1.8e+07
1.8e+07
1.8e+07
1.8e+07
1.8e+07
1.8e+07
1.8e+07
1.8e+07
1.8e+07
1.8e+07
1.8e+07
1.8e+07
1.8e+07
1.8e+07
1.8e+07
1.8e+07
1.8e+07
1.8e+07
1.8e+07
1.8e+07
1.8e+07
1.8e+07
1.8e+07
1.8e+07
1.8e+07
1.8e+07
1.8e+07
1.8e+07
1.8e+07
1.8e+07
1.8e+07
1.8e+07
1.8e+07
1.8e+07
1.8e+07
1.8e+07
1.8e+07
1.8e+07
1.8e+07
1.8e+07
1.8e+07
1.8e+07
1.8e+07
1.8e+07
1.8e+07
1.8e+07
1.8e+07
1.8e+07
1.8e+07
1.8e+07
1.8e+07
1.8e+07
1.8e+07
1.8e+07
1.8e+07
1.8e+07
1.8e+07
1.8e+07
1.8e+07
1.8e+07
1.8e+07
1.8e+07
1.8e+07
1.8e+07
1.8e+07
1.8e+07
1.8e+07
1.8e+07
1.8e+07
1.8e+07
1.8e+07
1.8e+07
1.8e+07
1.8e+07
1.8e+07
1.8e+07
1.8e+07
1.8e+07
1.8e+07
1.8e+07
1.8e+07
1.8e+07
1.8e+07
1.8e+07
1.8e+07
1.8e+07
1.8e+07
1.8e+07
1.8e+07
1.8e+07
1.8e+07
1.8e+07
1.8e+07
1.8e+07
1.8e+07
1.8e+07
1.8e+07
1.8e+07
1.8e+07
1.8e+07
1.8e+07
1.8e+07
1.8e+07
1.8e+07
1.8e+07
1.8e+07
1.8e+07
1.8e+07
1.8e+07
1.8e+07
1.8e+07
1.8e+07
1.8e+07
1.8e+07
1.8e+07
1.8e+07
1.8e+07
1.8e+07
1.8e+07
1.8e+07
1.8e+07
1.8e+07
1.8e+07
1.8e+07
1.8e+07
1.8e+07
1.8e+07
1.8e+07
1.8e+07
1.8e+07
1.8e+07
1.8e+07
1.8e+07
1.8e+07
1.8e+07
1.8e+07
1.8e+07
1.8e+07
1.8e+07
1.8e+07
1.8e+07
1.8e+07
1.8e+07
1.8e+07
1.8e+07
1.8e+07
1.8e+07
1.8e+07
1.8e+07
1.8e+07
1.8e+07
1.8e+07
1.8e+07
1.8e+07
1.8e+07
1.8e+07
1.8e+07
1.8e+07
1.8e+07
1.8e+07
1.8e+07
1.8e+07
1.8e+07
1.8e+07
1.8e+07
1.8e+07
1.8e+07
1.8e+07
1.8e+07
1.8e+07
1.8e+07
1.8e+07
1.8e+07
1.8e+07
1.8e+07
1.8e+07
1.8e+07
1.8e+07
1.8e+07
1.8e+07
1.8e+07
1.8e+07
1.8e+07
1.8e+07
1.8e+07
1.8e+07
1.8e+07
1.8e+07
1.8e+07
1.8e+07
1.8e+07
1.8e+07
1.8e+07
1.8e+07
1.8e+07
1.8e+07
1.8e+07
1.8e+07
1.8e+07
1.8e+07
1.8e+07
1.8e+07
1.8e+07
1.8e+07
1.8e+07
1.8e+07
1.8e+07
1.8e+07
1.8e+07
1.8e+07
1.8e+07
1.8e+07
1.8e+07
1.8e+07
1.8e+07
1.8e+07
1.8e+07
1.8e+07
1.8e+07
1.8e+07
1.8e+07
1.8e+07
1.8e+07
1.8e+07
1.8e+07
1.8e+07
1.8e+07
1.8e+07
1.8e+07
1.8e+07
1.8e+07
1.8e+07
1.8e+07
1.8e+07
1.8e+07
1.8e+07
1.8e+07
1.8e+07
1.8e+07
1.8e+07
1.8e+07
1.8e+07
1.8e+07
1.8e+07
1.8e+07
1.8e+07
1.8e+07
1.8e+07
1.8e+07
1.8e+07
1.8e+07
1.8e+07
1.8e+07
1.8e+07
1.8e+07
1.8e+07
1.8e+07
1.8e+07
1.8e+07
1.8e+07
1.8e+07
1.8e+07
1.8e+07
1.8e+07
1.8e+07
1.8e+07
1.8e+07
1.8e+07
1.8e+07
1.8e+07
1.8e+07
1.8e+07
1.8e+07
1.8e+07
1.8e+07
1.8e+07
1.8e+07
1.8e+07
1.8e+07
1.8e+07
1.8e+07
1.8e+07
1.8e+07
1.8e+07
1.8e+07
1.8e+07
1.8e+07
1.8e+07
1.8e+07
1.8e+07
1.8e+07
1.8e+07
1.8e+07
1.8e+07
1.8e+07
1.8e+07
1.8e+07
1.8e+07
1.8e+07
1.8e+07
1.8e+07
1.8e+07
1.8e+07
1.8e+07
1.8e+07
1.8e+07
1.8e+07
1.8e+07
1.8e+07
1.8e+07
1.8e+07
1.8e+07
1.8e+07
1.8e+07
1.8e+07
1.8e+07
1.8e+07
1.8e+07
1.8e+07
1.8e+07
1.8e+07
1.8e+07
1.8e+07
1.8e+07
1.8e+07
1.8e+07
1.8e+07
1.8e+07
1.8e+07
1.8e+07
1.8e+07
1.8e+07
1.8e+07
1.8e+07
1.8e+07
1.8e+07
1.8e+07
1.8e+07
1.8e+07
1.8e+07
1.8e+07
1.8e+07
1.8e+07
1.8e+07
1.8e+07
1.8e+07
1.8e+07
1.8e+07
1.8e+07
1.8e+07
1.8e+07
1.8e+07
1.8e+07
1.8e+07
1.8e+07
1.8e+07
1.8e+07
1.8e+07
1.8e+07
1.8e+07
1.8e+07
1.8e+07
1.8e+07
1.8e+07
1.8e+07
1.8e+07
1.8e+07
1.8e+07
1.8e+07
1.8e+07
1.8e+07
1.8e+07
1.8e+07
1.8e+07
1.8e+07
1.8e+07
1.8e+07
1.8e+07
1.8e+07
1.8e+07
1.8e+07
1.8e+07
1.8e+07
1.8e+07
1.8e+07
1.8e+07
1.8e+07
1.8e+07
1.8e+07
1.8e+07
1.8e+07
1.8e+07
1.8e+07
1.8e+07
1.8e+07
1.8e+07
1.8e+07
1.8e+07
1.8e+07
1.8e+07
1.8e+07
1.8e+07
1.8e+07
1.8e+07
1.8e+07
1.8e+07
1.8e+07
1.8e+07
1.8e+07
1.8e+07
1.8e+07
1.8e+07
1.8e+07
1.8e+07
1.8e+07
1.8e+07
1.8e+07
1.8e+07
1.8e+07
1.8e+07
1.8e+07
1.8e+07
1.8e+07
1.8e+07
1.8e+07
1.8e+07
1.8e+07
1.8e+07
1.8e+07
1.8e+07
1.8e+07
1.8e+07
1.8e+07
1.8e+07
1.8e+07
1.8e+07
1.8e+07
1.8e+07
1.8e+07
1.8e+07
1.8e+07
1.8e+07
1.8e+07
1.8e+07
1.8e+07
1.8e+07
1.8e+07
1.8e+07
1.8e+07
1.8e+07
1.8e+07
1.8e+07
1.8e+07
1.8e+07
1.8e+07
1.8e+07
1.8e+07
1.8e+07
1.8e+07
1.8e+07
1.8e+07
1.8e+07
1.8e+07
1.8e+07
1.8e+07
1.8e+07
1.8e+07
1.8e+07
1.8e+07
1.8e+07
1.8e+07
1.8e+07
1.8e+07
1.8e+07
1.8e+07
1.8e+07
1.8e+07
1.8e+07
1.8e+07
1.8e+07
1.8e+07
1.8e+07
1.8e+07
1.8e+07
1.8e+07
1.8e+07
1.8e+07
1.8e+07
1.8e+07
1.8e+07
1.8e+07
1.8e+07
1.8e+07
1.8e+07
1.8e+07
1.8e+07
1.8e+07
1.8e+07
1.8e+07
1.8e+07
1.8e+07
1.8e+07
1.8e+07
1.8e+07
1.8e+07
1.8e+07
1.8e+07
1.8e+07
1.8e+07
1.8e+07
1.8e+07
1.8e+07
1.8e+07
1.8e+07
1.8e+07
1.8e+07
1.8e+07
1.8e+07
1.8e+07
1.8e+07
1.8e+07
1.8e+07
1.8e+07
1.8e+07
1.8e+07
1.8e+07
1.8e+07
1.8e+07
1.8e+07
1.8e+07
1.8e+07
1.8e+07
1.8e+07
1.8e+07
1.8e+07
1.8e+07
1.8e+07
1.8e+07
1.8e+07
1.8e+07
1.8e+07
1.8e+07
1.8e+07
1.8e+07
1.8e+07
1.8e+07
1.8e+07
1.8e+07
1.8e+07
1.8e+07
1.8e+07
1.8e+07
1.8e+07
1.8e+07
1.8e+07
1.8e+07
1.8e+07
1.8e+07
1.8e+07
1.8e+07
1.8e+07
1.8e+07
1.8e+07
1.8e+07
1.8e+07
1.8e+07
1.8e+07
1.8e+07
1.8e+07
1.8e+07
1.8e+07
1.80001e+07
1.80001e+07
1.80001e+07
1.80001e+07
1.80001e+07
1.80002e+07
1.80002e+07
1.80003e+07
1.80004e+07
1.80005e+07
1.80006e+07
1.80008e+07
1.80009e+07
1.80012e+07
1.80014e+07
1.80018e+07
1.80022e+07
1.80027e+07
1.80033e+07
1.80039e+07
1.80048e+07
1.80057e+07
1.80068e+07
1.80082e+07
1.80097e+07
1.80114e+07
1.80135e+07
1.80158e+07
1.80185e+07
1.80216e+07
1.8025e+07
1.80289e+07
1.80333e+07
1.80382e+07
1.80437e+07
1.80497e+07
1.80565e+07
1.80639e+07
1.8072e+07
1.80809e+07
1.80905e+07
1.8101e+07
1.81123e+07
1.81244e+07
1.81375e+07
1.81514e+07
1.81662e+07
1.81819e+07
1.81985e+07
1.82159e+07
1.82342e+07
1.82534e+07
1.82733e+07
1.82941e+07
1.83156e+07
1.83378e+07
1.83607e+07
1.83842e+07
1.84083e+07
1.8433e+07
1.84582e+07
1.84838e+07
1.85099e+07
1.85363e+07
1.8563e+07
1.85901e+07
1.86174e+07
1.86449e+07
1.86725e+07
1.87003e+07
1.87282e+07
1.87562e+07
1.87842e+07
1.88121e+07
1.88401e+07
1.8868e+07
1.88958e+07
1.89235e+07
1.8951e+07
1.89784e+07
1.90055e+07
1.90325e+07
1.90592e+07
1.90857e+07
1.91118e+07
1.91377e+07
1.91632e+07
1.91884e+07
1.92132e+07
1.92377e+07
1.92617e+07
1.92853e+07
1.93085e+07
1.93312e+07
1.93534e+07
1.93751e+07
1.93963e+07
1.94169e+07
1.94369e+07
1.94564e+07
1.94753e+07
1.94935e+07
1.95111e+07
1.9528e+07
1.95442e+07
1.95597e+07
1.95745e+07
1.95886e+07
1.96019e+07
1.96145e+07
1.96263e+07
1.96374e+07
1.96477e+07
1.96572e+07
1.9666e+07
1.96741e+07
1.96815e+07
1.96882e+07
1.96942e+07
1.96997e+07
1.97045e+07
1.97087e+07
1.97125e+07
1.97157e+07
1.97185e+07
1.97209e+07
1.97229e+07
1.97244e+07
1.97256e+07
1.97266e+07
1.97274e+07
1.97281e+07
1.97286e+07
1.9729e+07
1.97294e+07
1.97296e+07
1.97298e+07
1.97299e+07
1.973e+07
1.97301e+07
1.97301e+07
1.97302e+07
1.97302e+07
1.97302e+07
1.97302e+07
1.97302e+07
1.97302e+07
1.97302e+07
1.97302e+07
1.97302e+07
1.97302e+07
1.97301e+07
1.97301e+07
1.97301e+07
1.97301e+07
1.97301e+07
1.97301e+07
1.97301e+07
1.97301e+07
1.97301e+07
1.97301e+07
1.97301e+07
1.97301e+07
1.97301e+07
1.97301e+07
1.97301e+07
1.97301e+07
1.97301e+07
1.97301e+07
1.97301e+07
1.97301e+07
1.973e+07
1.973e+07
1.973e+07
1.973e+07
1.973e+07
1.973e+07
1.973e+07
1.973e+07
1.973e+07
1.973e+07
1.973e+07
1.973e+07
1.973e+07
1.973e+07
1.973e+07
1.973e+07
1.973e+07
1.973e+07
1.973e+07
1.973e+07
1.973e+07
1.973e+07
1.973e+07
1.973e+07
1.973e+07
1.973e+07
1.973e+07
1.973e+07
1.973e+07
1.973e+07
1.973e+07
1.973e+07
1.973e+07
1.973e+07
1.973e+07
1.973e+07
1.973e+07
1.973e+07
1.973e+07
1.973e+07
1.973e+07
1.973e+07
1.973e+07
1.973e+07
1.973e+07
1.973e+07
1.973e+07
1.973e+07
1.973e+07
1.973e+07
1.973e+07
1.973e+07
1.973e+07
1.973e+07
1.973e+07
1.973e+07
1.973e+07
1.973e+07
1.973e+07
1.973e+07
1.973e+07
1.973e+07
1.973e+07
1.973e+07
1.973e+07
1.973e+07
1.973e+07
1.973e+07
1.973e+07
1.973e+07
1.973e+07
1.973e+07
1.973e+07
1.973e+07
1.973e+07
1.973e+07
1.973e+07
1.973e+07
1.973e+07
1.973e+07
1.973e+07
1.973e+07
1.973e+07
1.973e+07
1.973e+07
1.973e+07
1.973e+07
1.973e+07
1.973e+07
1.973e+07
1.973e+07
1.973e+07
1.973e+07
1.973e+07
1.973e+07
1.973e+07
1.973e+07
1.973e+07
1.973e+07
1.973e+07
1.973e+07
1.973e+07
1.973e+07
1.973e+07
1.973e+07
1.973e+07
1.973e+07
1.973e+07
1.973e+07
1.973e+07
1.973e+07
1.973e+07
1.973e+07
1.973e+07
1.973e+07
1.973e+07
1.973e+07
1.973e+07
1.973e+07
1.973e+07
1.973e+07
1.973e+07
1.973e+07
1.973e+07
1.973e+07
1.973e+07
1.973e+07
1.973e+07
1.973e+07
1.973e+07
1.973e+07
1.973e+07
)
;

boundaryField
{
    inlet
    {
        type            zeroGradient;
    }
    backWall
    {
        type            uniformTotalPressure;
        rho             none;
        psi             none;
        gamma           1.548;
        pressure        tableFile;
        pressureCoeffs
        {
            fileName        "$FOAM_RUN/SH1_vct0.2/outlet0.2.dat";
        }
        value           uniform 1.973e+07;
    }
    sides
    {
        type            empty;
    }
}


// ************************************************************************* //
