/*--------------------------------*- C++ -*----------------------------------*\
| =========                 |                                                 |
| \\      /  F ield         | OpenFOAM: The Open Source CFD Toolbox           |
|  \\    /   O peration     | Version:  3.0.x                                 |
|   \\  /    A nd           | Web:      www.OpenFOAM.org                      |
|    \\/     M anipulation  |                                                 |
\*---------------------------------------------------------------------------*/
FoamFile
{
    version     2.0;
    format      ascii;
    class       volScalarField;
    location    "0.26";
    object      rho;
}
// * * * * * * * * * * * * * * * * * * * * * * * * * * * * * * * * * * * * * //

dimensions      [1 -3 0 0 0 0 0];

internalField   nonuniform List<scalar> 
6900
(
50.8968
50.8968
50.897
50.8972
50.8974
50.8974
50.8974
50.8974
50.8972
50.8971
50.8969
50.8968
50.8967
50.8967
50.8966
50.8966
50.8965
50.8965
50.8965
50.8964
50.8963
50.8961
50.8959
50.8956
50.8953
50.895
50.8946
50.8944
50.8941
50.8939
50.8937
50.8934
50.8932
50.8928
50.8924
50.892
50.8915
50.8911
50.8906
50.89
50.8895
50.8889
50.8884
50.8878
50.8873
50.8867
50.8861
50.8855
50.8849
50.8843
50.8837
50.8831
50.8826
50.882
50.8814
50.8808
50.8802
50.8796
50.879
50.8784
50.8778
50.8773
50.8767
50.8761
50.8755
50.875
50.8744
50.8738
50.8732
50.8727
50.8721
50.8716
50.871
50.8705
50.87
50.8695
50.869
50.8685
50.868
50.8676
50.8671
50.8667
50.8663
50.866
50.8656
50.8653
50.865
50.8647
50.8645
50.8643
50.8641
50.8639
50.8637
50.8636
50.8635
50.8634
50.8633
50.8632
50.8631
50.863
50.863
50.8629
50.8628
50.8628
50.8627
50.8626
50.8625
50.8624
50.8624
50.8623
50.8622
50.8621
50.862
50.8619
50.8618
50.8617
50.8616
50.8615
50.8615
50.8614
50.8614
50.8613
50.8613
50.8613
50.8613
50.8613
50.8614
50.8614
50.8615
50.8616
50.8616
50.8617
50.8618
50.8619
50.862
50.8621
50.8621
50.8622
50.8622
50.8623
50.8623
50.8623
50.8622
50.8622
50.8621
50.862
50.8619
50.8618
50.8617
50.8616
50.8614
50.8613
50.8611
50.861
50.8608
50.8606
50.8605
50.8603
50.8602
50.8601
50.86
50.8599
50.8598
50.8597
50.8596
50.8596
50.8595
50.8595
50.8595
50.8594
50.8594
50.8593
50.8592
50.859
50.8589
50.8586
50.8584
50.8581
50.8577
50.8573
50.8569
50.8565
50.856
50.8556
50.8551
50.8546
50.8541
50.8535
50.853
50.8525
50.8519
50.8513
50.8508
50.8502
50.8497
50.8491
50.8487
50.8482
50.8482
50.845
50.8969
50.897
50.8971
50.8973
50.8975
50.8976
50.8976
50.8975
50.8974
50.8972
50.8971
50.8969
50.8968
50.8968
50.8967
50.8967
50.8966
50.8966
50.8966
50.8965
50.8964
50.8962
50.896
50.8957
50.8954
50.8951
50.8947
50.8945
50.8942
50.894
50.8938
50.8935
50.8932
50.8929
50.8925
50.8921
50.8916
50.8911
50.8906
50.8901
50.8896
50.889
50.8885
50.8879
50.8873
50.8868
50.8862
50.8856
50.885
50.8844
50.8838
50.8832
50.8826
50.882
50.8814
50.8809
50.8803
50.8797
50.8791
50.8785
50.8779
50.8773
50.8768
50.8762
50.8756
50.875
50.8745
50.8739
50.8733
50.8728
50.8722
50.8717
50.8711
50.8706
50.8701
50.8695
50.869
50.8686
50.8681
50.8676
50.8672
50.8668
50.8664
50.866
50.8657
50.8654
50.8651
50.8648
50.8646
50.8644
50.8642
50.864
50.8638
50.8637
50.8636
50.8635
50.8634
50.8633
50.8632
50.8631
50.8631
50.863
50.8629
50.8628
50.8628
50.8627
50.8626
50.8625
50.8624
50.8623
50.8623
50.8622
50.8621
50.862
50.8619
50.8618
50.8617
50.8616
50.8615
50.8615
50.8614
50.8614
50.8614
50.8614
50.8614
50.8614
50.8614
50.8615
50.8616
50.8616
50.8617
50.8618
50.8619
50.862
50.8621
50.8622
50.8622
50.8623
50.8623
50.8623
50.8624
50.8623
50.8623
50.8623
50.8622
50.8621
50.862
50.8619
50.8618
50.8616
50.8615
50.8614
50.8612
50.861
50.8609
50.8607
50.8606
50.8604
50.8603
50.8602
50.86
50.8599
50.8599
50.8598
50.8597
50.8597
50.8596
50.8596
50.8596
50.8595
50.8594
50.8594
50.8593
50.8591
50.8589
50.8587
50.8585
50.8581
50.8578
50.8574
50.857
50.8566
50.8561
50.8556
50.8552
50.8547
50.8542
50.8536
50.8531
50.8525
50.852
50.8514
50.8509
50.8503
50.8498
50.8492
50.8488
50.8483
50.8482
50.8453
50.8969
50.897
50.8971
50.8973
50.8975
50.8976
50.8975
50.8975
50.8974
50.8972
50.8971
50.8969
50.8968
50.8968
50.8967
50.8967
50.8966
50.8966
50.8966
50.8965
50.8964
50.8962
50.896
50.8957
50.8954
50.8951
50.8947
50.8945
50.8942
50.894
50.8938
50.8935
50.8932
50.8929
50.8925
50.8921
50.8916
50.8911
50.8906
50.8901
50.8896
50.889
50.8885
50.8879
50.8873
50.8868
50.8862
50.8856
50.885
50.8844
50.8838
50.8832
50.8826
50.882
50.8814
50.8809
50.8803
50.8797
50.8791
50.8785
50.8779
50.8773
50.8768
50.8762
50.8756
50.875
50.8745
50.8739
50.8733
50.8728
50.8722
50.8717
50.8711
50.8706
50.8701
50.8695
50.869
50.8686
50.8681
50.8676
50.8672
50.8668
50.8664
50.866
50.8657
50.8654
50.8651
50.8648
50.8646
50.8644
50.8642
50.864
50.8638
50.8637
50.8636
50.8635
50.8634
50.8633
50.8632
50.8631
50.8631
50.863
50.8629
50.8628
50.8628
50.8627
50.8626
50.8625
50.8624
50.8623
50.8623
50.8622
50.8621
50.862
50.8619
50.8618
50.8617
50.8616
50.8615
50.8615
50.8614
50.8614
50.8614
50.8614
50.8614
50.8614
50.8614
50.8615
50.8616
50.8616
50.8617
50.8618
50.8619
50.862
50.8621
50.8622
50.8622
50.8623
50.8623
50.8623
50.8624
50.8623
50.8623
50.8623
50.8622
50.8621
50.862
50.8619
50.8618
50.8616
50.8615
50.8614
50.8612
50.861
50.8609
50.8607
50.8606
50.8604
50.8603
50.8602
50.86
50.8599
50.8598
50.8598
50.8597
50.8597
50.8596
50.8596
50.8596
50.8595
50.8594
50.8594
50.8593
50.8591
50.8589
50.8587
50.8585
50.8581
50.8578
50.8574
50.857
50.8566
50.8561
50.8556
50.8552
50.8547
50.8542
50.8536
50.8531
50.8525
50.852
50.8514
50.8509
50.8503
50.8498
50.8492
50.8487
50.8482
50.8479
50.8474
50.8969
50.897
50.8971
50.8973
50.8975
50.8976
50.8976
50.8975
50.8974
50.8972
50.8971
50.8969
50.8968
50.8968
50.8967
50.8967
50.8966
50.8966
50.8966
50.8965
50.8964
50.8962
50.896
50.8957
50.8954
50.8951
50.8947
50.8945
50.8942
50.894
50.8938
50.8935
50.8932
50.8929
50.8925
50.8921
50.8916
50.8911
50.8906
50.8901
50.8896
50.889
50.8885
50.8879
50.8873
50.8868
50.8862
50.8856
50.885
50.8844
50.8838
50.8832
50.8826
50.882
50.8814
50.8809
50.8803
50.8797
50.8791
50.8785
50.8779
50.8773
50.8768
50.8762
50.8756
50.875
50.8745
50.8739
50.8733
50.8728
50.8722
50.8717
50.8711
50.8706
50.8701
50.8695
50.869
50.8686
50.8681
50.8676
50.8672
50.8668
50.8664
50.866
50.8657
50.8654
50.8651
50.8648
50.8646
50.8644
50.8642
50.864
50.8638
50.8637
50.8636
50.8635
50.8634
50.8633
50.8632
50.8631
50.8631
50.863
50.8629
50.8628
50.8628
50.8627
50.8626
50.8625
50.8624
50.8623
50.8623
50.8622
50.8621
50.862
50.8619
50.8618
50.8617
50.8616
50.8615
50.8615
50.8614
50.8614
50.8614
50.8614
50.8614
50.8614
50.8614
50.8615
50.8616
50.8616
50.8617
50.8618
50.8619
50.862
50.8621
50.8622
50.8622
50.8623
50.8623
50.8623
50.8624
50.8623
50.8623
50.8623
50.8622
50.8621
50.862
50.8619
50.8618
50.8616
50.8615
50.8614
50.8612
50.861
50.8609
50.8607
50.8606
50.8604
50.8603
50.8602
50.86
50.8599
50.8598
50.8598
50.8597
50.8597
50.8596
50.8596
50.8595
50.8595
50.8594
50.8594
50.8592
50.8591
50.8589
50.8587
50.8584
50.8582
50.8578
50.8574
50.857
50.8566
50.8561
50.8557
50.8552
50.8547
50.8541
50.8536
50.8531
50.8526
50.852
50.8514
50.8508
50.8503
50.8497
50.8492
50.8487
50.8483
50.847
50.8527
50.8968
50.8968
50.897
50.8972
50.8974
50.8974
50.8974
50.8974
50.8972
50.8971
50.8969
50.8968
50.8967
50.8967
50.8966
50.8966
50.8965
50.8965
50.8965
50.8964
50.8963
50.8961
50.8959
50.8956
50.8953
50.895
50.8946
50.8944
50.8941
50.8939
50.8937
50.8934
50.8932
50.8928
50.8924
50.892
50.8915
50.8911
50.8906
50.89
50.8895
50.8889
50.8884
50.8878
50.8873
50.8867
50.8861
50.8855
50.8849
50.8843
50.8837
50.8831
50.8826
50.882
50.8814
50.8808
50.8802
50.8796
50.879
50.8784
50.8778
50.8773
50.8767
50.8761
50.8755
50.875
50.8744
50.8738
50.8732
50.8727
50.8721
50.8716
50.871
50.8705
50.87
50.8695
50.869
50.8685
50.868
50.8676
50.8671
50.8667
50.8663
50.866
50.8656
50.8653
50.865
50.8647
50.8645
50.8643
50.8641
50.8639
50.8637
50.8636
50.8635
50.8634
50.8633
50.8632
50.8631
50.863
50.863
50.8629
50.8628
50.8628
50.8627
50.8626
50.8625
50.8624
50.8624
50.8623
50.8622
50.8621
50.862
50.8619
50.8618
50.8617
50.8616
50.8615
50.8615
50.8614
50.8614
50.8613
50.8613
50.8613
50.8613
50.8613
50.8614
50.8614
50.8615
50.8616
50.8616
50.8617
50.8618
50.8619
50.862
50.8621
50.8621
50.8622
50.8622
50.8623
50.8623
50.8623
50.8622
50.8622
50.8621
50.862
50.8619
50.8618
50.8617
50.8616
50.8614
50.8613
50.8611
50.861
50.8608
50.8606
50.8605
50.8603
50.8602
50.8601
50.86
50.8599
50.8598
50.8597
50.8596
50.8596
50.8595
50.8595
50.8595
50.8594
50.8594
50.8593
50.8592
50.859
50.8589
50.8586
50.8584
50.8581
50.8577
50.8574
50.8569
50.8565
50.856
50.8556
50.8551
50.8546
50.8541
50.8536
50.853
50.8525
50.8519
50.8514
50.8508
50.8502
50.8496
50.8492
50.8486
50.8483
50.8464
50.8583
50.863
50.8696
50.8702
50.8682
50.8663
50.8644
50.8623
50.8611
50.8624
50.8632
50.8598
50.8509
50.8394
50.8303
50.8226
50.8155
50.8127
50.8189
50.8309
50.8321
50.8595
50.8628
50.8625
50.8606
50.8588
50.857
50.8549
50.8538
50.8555
50.8563
50.8516
50.8417
50.8305
50.822
50.8146
50.8082
50.8058
50.8137
50.8248
50.8224
50.848
50.8479
50.8467
50.8446
50.8417
50.8382
50.8339
50.8287
50.8222
50.8154
50.8083
50.8014
50.7939
50.785
50.775
50.7643
50.7526
50.7393
50.7258
50.714
50.8252
50.8221
50.8229
50.8244
50.8233
50.8196
50.8142
50.8072
50.8011
50.7935
50.7869
50.7797
50.7731
50.7667
50.7607
50.7555
50.7512
50.7472
50.7444
50.7423
50.8154
50.8032
50.7987
50.798
50.7958
50.7909
50.7843
50.7761
50.7685
50.7596
50.7515
50.7429
50.7351
50.7272
50.7205
50.714
50.7088
50.704
50.7005
50.6987
50.7572
50.7258
50.735
50.7388
50.7319
50.7277
50.7274
50.7271
50.7264
50.7257
50.7252
50.7249
50.7243
50.7237
50.7232
50.7226
50.722
50.7215
50.7209
50.7204
50.7198
50.7194
50.719
50.7185
50.7179
50.7173
50.7168
50.7163
50.7159
50.7154
50.7149
50.7144
50.714
50.7137
50.7132
50.7128
50.7122
50.7117
50.7111
50.7106
50.7101
50.7096
50.7095
50.7091
50.7087
50.7082
50.7074
50.7068
50.7064
50.706
50.7058
50.7057
50.7055
50.7054
50.7051
50.7039
50.6978
50.683
50.673
50.6699
50.6708
50.6797
50.6952
50.7047
50.7089
50.7098
50.7093
50.7081
50.7065
50.7052
50.7042
50.7033
50.7026
50.702
50.7014
50.7008
50.7003
50.6999
50.6994
50.6989
50.6985
50.698
50.6976
50.6971
50.6967
50.6962
50.6958
50.6953
50.6949
50.6944
50.694
50.6935
50.6931
50.6926
50.6921
50.6917
50.6912
50.6907
50.6902
50.6898
50.6893
50.6888
50.6883
50.6878
50.6873
50.6868
50.6864
50.6859
50.6854
50.685
50.6845
50.6841
50.6836
50.6832
50.6828
50.6824
50.682
50.6816
50.6812
50.6809
50.6805
50.6802
50.6799
50.6795
50.6792
50.6789
50.6786
50.6783
50.6779
50.6776
50.6773
50.6769
50.6765
50.6762
50.6757
50.6753
50.6749
50.6744
50.6739
50.6735
50.6729
50.6724
50.6719
50.6713
50.6707
50.6701
50.6695
50.6689
50.6683
50.6677
50.667
50.6664
50.6658
50.6651
50.6645
50.6639
50.6633
50.6627
50.6621
50.6616
50.661
50.6605
50.66
50.6596
50.6592
50.6588
50.6584
50.6581
50.6578
50.6575
50.6572
50.657
50.6567
50.6565
50.6563
50.6561
50.6559
50.6556
50.6554
50.6551
50.6549
50.6546
50.6542
50.6539
50.6536
50.6532
50.6528
50.6524
50.652
50.6516
50.6511
50.6507
50.6503
50.6499
50.6494
50.649
50.6485
50.6482
50.6465
50.6545
50.7523
50.7251
50.735
50.7379
50.731
50.727
50.7264
50.726
50.7253
50.7247
50.7242
50.7238
50.7232
50.7226
50.7221
50.7215
50.7209
50.7203
50.7198
50.7192
50.7186
50.7182
50.7177
50.7172
50.7167
50.7161
50.7157
50.7152
50.7147
50.7142
50.7138
50.7134
50.713
50.7125
50.712
50.7114
50.7108
50.7102
50.7096
50.7091
50.7086
50.7082
50.7078
50.7073
50.7068
50.706
50.7053
50.7048
50.7044
50.7041
50.704
50.7038
50.7038
50.7036
50.703
50.7
50.6911
50.6831
50.6798
50.6795
50.6822
50.6918
50.7004
50.7052
50.7072
50.7075
50.7071
50.7064
50.7055
50.7047
50.7039
50.7032
50.7026
50.702
50.7014
50.7009
50.7004
50.6999
50.6994
50.699
50.6985
50.6981
50.6976
50.6972
50.6968
50.6963
50.6959
50.6954
50.695
50.6945
50.6941
50.6936
50.6932
50.6927
50.6922
50.6917
50.6913
50.6908
50.6903
50.6898
50.6893
50.6889
50.6884
50.6879
50.6874
50.6869
50.6864
50.686
50.6855
50.685
50.6846
50.6841
50.6837
50.6833
50.6829
50.6825
50.6821
50.6817
50.6813
50.681
50.6806
50.6803
50.6799
50.6796
50.6793
50.679
50.6787
50.6783
50.678
50.6777
50.6773
50.677
50.6766
50.6762
50.6758
50.6754
50.675
50.6745
50.674
50.6735
50.673
50.6725
50.6719
50.6714
50.6708
50.6702
50.6696
50.669
50.6684
50.6677
50.6671
50.6665
50.6658
50.6652
50.6646
50.664
50.6634
50.6628
50.6622
50.6616
50.6611
50.6606
50.6601
50.6597
50.6592
50.6589
50.6585
50.6582
50.6578
50.6576
50.6573
50.657
50.6568
50.6566
50.6564
50.6562
50.6559
50.6557
50.6555
50.6552
50.6549
50.6546
50.6543
50.654
50.6536
50.6533
50.6529
50.6525
50.6521
50.6516
50.6512
50.6508
50.6504
50.6499
50.6495
50.6491
50.6486
50.6482
50.647
50.65
50.6925
50.7043
50.7116
50.7121
50.7106
50.71
50.7097
50.7095
50.7092
50.7088
50.7083
50.7078
50.7072
50.7067
50.7061
50.7055
50.7049
50.7044
50.7038
50.7033
50.7028
50.7023
50.7018
50.7013
50.7008
50.7002
50.6996
50.699
50.6984
50.6978
50.6972
50.6966
50.696
50.6953
50.6946
50.6939
50.6933
50.6928
50.6923
50.6919
50.6919
50.6934
50.6968
50.7
50.7026
50.7044
50.7056
50.7063
50.7066
50.7067
50.7066
50.7065
50.7064
50.7062
50.7061
50.706
50.7059
50.7062
50.7066
50.7069
50.7071
50.7071
50.707
50.7067
50.7063
50.7058
50.7053
50.7048
50.7043
50.7038
50.7033
50.7028
50.7023
50.7018
50.7013
50.7008
50.7003
50.6999
50.6994
50.699
50.6985
50.6981
50.6976
50.6972
50.6967
50.6963
50.6959
50.6954
50.695
50.6945
50.6941
50.6936
50.6932
50.6927
50.6922
50.6917
50.6913
50.6908
50.6903
50.6898
50.6893
50.6889
50.6884
50.6879
50.6874
50.6869
50.6864
50.686
50.6855
50.685
50.6846
50.6841
50.6837
50.6833
50.6829
50.6825
50.6821
50.6817
50.6813
50.681
50.6806
50.6803
50.6799
50.6796
50.6793
50.679
50.6787
50.6783
50.678
50.6777
50.6773
50.677
50.6766
50.6762
50.6758
50.6754
50.675
50.6745
50.674
50.6735
50.673
50.6725
50.6719
50.6714
50.6708
50.6702
50.6696
50.669
50.6684
50.6677
50.6671
50.6665
50.6658
50.6652
50.6646
50.664
50.6634
50.6628
50.6622
50.6616
50.6611
50.6606
50.6601
50.6597
50.6592
50.6589
50.6585
50.6582
50.6578
50.6576
50.6573
50.657
50.6568
50.6566
50.6564
50.6562
50.6559
50.6557
50.6555
50.6552
50.6549
50.6546
50.6543
50.654
50.6536
50.6533
50.6529
50.6525
50.6521
50.6516
50.6512
50.6508
50.6504
50.6499
50.6495
50.6491
50.6486
50.6482
50.6478
50.6473
50.7339
50.7315
50.7304
50.7288
50.7275
50.7267
50.7263
50.726
50.7255
50.7251
50.7247
50.7242
50.7237
50.7232
50.7227
50.7221
50.7216
50.7211
50.7205
50.72
50.7194
50.7189
50.7183
50.7178
50.7173
50.7168
50.7163
50.7158
50.7153
50.7148
50.7144
50.714
50.7135
50.7131
50.7127
50.7122
50.7117
50.7113
50.711
50.7106
50.7102
50.7098
50.7093
50.7088
50.7082
50.7074
50.7069
50.7064
50.7057
50.7048
50.7041
50.7037
50.7032
50.702
50.6991
50.6962
50.6947
50.6943
50.6944
50.6965
50.7012
50.7047
50.7068
50.7076
50.7076
50.7072
50.7066
50.7059
50.7051
50.7044
50.7037
50.7031
50.7025
50.7019
50.7014
50.7009
50.7004
50.6999
50.6994
50.699
50.6985
50.6981
50.6976
50.6972
50.6967
50.6963
50.6959
50.6954
50.695
50.6945
50.6941
50.6936
50.6932
50.6927
50.6922
50.6917
50.6913
50.6908
50.6903
50.6898
50.6893
50.6889
50.6884
50.6879
50.6874
50.6869
50.6864
50.686
50.6855
50.685
50.6846
50.6841
50.6837
50.6833
50.6829
50.6825
50.6821
50.6817
50.6813
50.681
50.6806
50.6803
50.6799
50.6796
50.6793
50.679
50.6787
50.6783
50.678
50.6777
50.6773
50.677
50.6766
50.6762
50.6758
50.6754
50.675
50.6745
50.674
50.6735
50.673
50.6725
50.6719
50.6714
50.6708
50.6702
50.6696
50.669
50.6684
50.6677
50.6671
50.6665
50.6658
50.6652
50.6646
50.664
50.6634
50.6628
50.6622
50.6616
50.6611
50.6606
50.6601
50.6597
50.6592
50.6589
50.6585
50.6582
50.6578
50.6576
50.6573
50.657
50.6568
50.6566
50.6564
50.6562
50.6559
50.6557
50.6555
50.6552
50.6549
50.6546
50.6543
50.654
50.6536
50.6533
50.6529
50.6525
50.6521
50.6516
50.6512
50.6508
50.6504
50.6499
50.6495
50.6491
50.6486
50.6482
50.6482
50.6466
50.7187
50.7223
50.722
50.7207
50.7194
50.7187
50.7183
50.718
50.7177
50.7173
50.7169
50.7164
50.716
50.7155
50.7151
50.7145
50.714
50.7135
50.7129
50.7123
50.7118
50.7112
50.7107
50.7101
50.7096
50.7091
50.7086
50.7082
50.7077
50.7073
50.7069
50.7065
50.7061
50.7056
50.7051
50.7047
50.7043
50.7039
50.7035
50.7031
50.7026
50.7022
50.7015
50.7009
50.7004
50.6998
50.6991
50.6985
50.6982
50.698
50.6978
50.6975
50.6957
50.6881
50.6771
50.671
50.6692
50.6695
50.6738
50.6837
50.6917
50.6973
50.7009
50.703
50.7041
50.7046
50.7047
50.7045
50.7041
50.7037
50.7032
50.7027
50.7022
50.7017
50.7012
50.7007
50.7003
50.6998
50.6993
50.6989
50.6984
50.698
50.6976
50.6971
50.6967
50.6962
50.6958
50.6953
50.6949
50.6944
50.694
50.6935
50.6931
50.6926
50.6921
50.6917
50.6912
50.6907
50.6902
50.6898
50.6893
50.6888
50.6883
50.6878
50.6873
50.6868
50.6864
50.6859
50.6854
50.685
50.6845
50.6841
50.6836
50.6832
50.6828
50.6824
50.682
50.6816
50.6812
50.6809
50.6805
50.6802
50.6799
50.6795
50.6792
50.6789
50.6786
50.6783
50.6779
50.6776
50.6773
50.6769
50.6765
50.6762
50.6757
50.6753
50.6749
50.6744
50.6739
50.6735
50.6729
50.6724
50.6719
50.6713
50.6707
50.6701
50.6695
50.6689
50.6683
50.6677
50.667
50.6664
50.6658
50.6651
50.6645
50.6639
50.6633
50.6627
50.6621
50.6616
50.661
50.6605
50.66
50.6596
50.6592
50.6588
50.6584
50.6581
50.6578
50.6575
50.6572
50.657
50.6567
50.6565
50.6563
50.6561
50.6559
50.6556
50.6554
50.6551
50.6549
50.6546
50.6542
50.6539
50.6536
50.6532
50.6528
50.6524
50.652
50.6516
50.6511
50.6507
50.6503
50.6499
50.6494
50.649
50.6486
50.6482
50.6481
50.6464
50.6185
50.606
50.6013
50.6003
50.5979
50.593
50.5863
50.5793
50.5713
50.5635
50.5555
50.5474
50.54
50.5327
50.5263
50.5199
50.5145
50.5093
50.5057
50.5038
50.627
50.6238
50.6243
50.6253
50.624
50.6203
50.6144
50.6091
50.6019
50.5959
50.589
50.5822
50.5757
50.5702
50.5647
50.5595
50.5549
50.5507
50.5475
50.5452
50.6477
50.6475
50.6464
50.6443
50.6416
50.6381
50.634
50.6288
50.6235
50.6176
50.6111
50.6035
50.5948
50.5852
50.5745
50.5628
50.5518
50.5421
50.5341
50.5255
50.658
50.6613
50.6611
50.6594
50.658
50.6568
50.6562
50.6557
50.6525
50.6455
50.6388
50.6333
50.6286
50.6259
50.6305
50.6416
50.6467
50.6404
50.6232
50.6018
50.6613
50.6678
50.6684
50.6666
50.6651
50.6638
50.6631
50.6625
50.6596
50.6532
50.6462
50.6404
50.6355
50.6325
50.6368
50.6467
50.6538
50.6505
50.6379
50.6168
50.5257
50.5301
50.5288
50.5272
50.5261
50.5254
50.525
50.5247
50.5244
50.5243
50.5242
50.5241
50.524
50.524
50.524
50.524
50.524
50.524
50.524
50.524
50.5241
50.5241
50.5241
50.5242
50.5243
50.5243
50.5244
50.5245
50.5246
50.5247
50.5248
50.5249
50.525
50.5251
50.5252
50.5253
50.5254
50.5255
50.5256
50.5257
50.5257
50.5257
50.5255
50.5253
50.5251
50.5251
50.5249
50.5247
50.5244
50.5243
50.5245
50.5246
50.5247
50.5234
50.5168
50.506
50.4998
50.498
50.4986
50.5026
50.5125
50.5211
50.5273
50.5315
50.5343
50.5361
50.5372
50.5379
50.5383
50.5386
50.5388
50.539
50.5391
50.5393
50.5394
50.5395
50.5396
50.5397
50.5397
50.5398
50.5398
50.5398
50.5398
50.5397
50.5397
50.5396
50.5395
50.5394
50.5392
50.5391
50.5389
50.5387
50.5385
50.5384
50.5381
50.5379
50.5376
50.5375
50.536
50.5436
50.5404
50.5389
50.5369
50.5351
50.534
50.5332
50.5327
50.5323
50.5321
50.532
50.5319
50.5317
50.5316
50.5316
50.5315
50.5315
50.5315
50.5315
50.5315
50.5315
50.5315
50.5315
50.5315
50.5316
50.5317
50.5317
50.5318
50.5319
50.5319
50.532
50.5321
50.5323
50.5324
50.5325
50.5325
50.5326
50.5327
50.5328
50.5329
50.533
50.5331
50.5331
50.5331
50.533
50.5327
50.5324
50.5322
50.5321
50.532
50.5317
50.5311
50.5307
50.5306
50.5305
50.5298
50.5274
50.5248
50.5235
50.5234
50.5238
50.5259
50.5307
50.5348
50.5375
50.5389
50.5396
50.5398
50.5399
50.5398
50.5397
50.5396
50.5395
50.5395
50.5396
50.5396
50.5397
50.5397
50.5398
50.5399
50.5399
50.5399
50.5399
50.5399
50.5398
50.5398
50.5397
50.5396
50.5394
50.5393
50.5391
50.539
50.5388
50.5386
50.5384
50.5382
50.538
50.5377
50.5375
50.5364
50.5393
50.5024
50.5114
50.5174
50.5181
50.5172
50.5166
50.5164
50.5162
50.5162
50.5161
50.516
50.5159
50.5158
50.5157
50.5156
50.5155
50.5155
50.5154
50.5154
50.5154
50.5155
50.5155
50.5155
50.5155
50.5156
50.5156
50.5156
50.5155
50.5155
50.5155
50.5154
50.5154
50.5155
50.5155
50.5154
50.5152
50.515
50.5149
50.5148
50.5148
50.5149
50.5153
50.5169
50.5205
50.524
50.5268
50.529
50.5305
50.5315
50.5321
50.5325
50.5328
50.5331
50.5333
50.5334
50.5337
50.5339
50.5343
50.5349
50.5357
50.5364
50.537
50.5376
50.5379
50.5382
50.5383
50.5385
50.5386
50.5387
50.5388
50.5389
50.5391
50.5392
50.5393
50.5395
50.5396
50.5397
50.5398
50.5398
50.5399
50.5399
50.5399
50.5399
50.5398
50.5397
50.5397
50.5396
50.5394
50.5393
50.5391
50.539
50.5388
50.5386
50.5384
50.5382
50.538
50.5378
50.5375
50.5372
50.5369
50.5395
50.534
50.5476
50.5415
50.5349
50.5336
50.5333
50.5328
50.5319
50.5316
50.5316
50.5314
50.5312
50.5311
50.531
50.531
50.5309
50.5309
50.5309
50.5309
50.5309
50.5309
50.5309
50.5309
50.531
50.5311
50.5312
50.5312
50.5313
50.5313
50.5314
50.5316
50.5317
50.5318
50.5318
50.5318
50.5317
50.5316
50.5316
50.5316
50.5316
50.5317
50.5317
50.5318
50.5315
50.5309
50.5306
50.5305
50.5305
50.5306
50.5307
50.5308
50.531
50.5312
50.5313
50.5309
50.5284
50.5204
50.5128
50.5095
50.5094
50.5118
50.5206
50.5302
50.5361
50.539
50.5401
50.5404
50.5404
50.5402
50.5399
50.5398
50.5397
50.5397
50.5397
50.5397
50.5398
50.5398
50.5399
50.5399
50.5399
50.5399
50.5399
50.5398
50.5398
50.5397
50.5396
50.5394
50.5393
50.5391
50.539
50.5388
50.5386
50.5384
50.5382
50.538
50.5378
50.5376
50.5377
50.5364
50.544
50.5335
50.5479
50.5421
50.5356
50.5345
50.5343
50.5339
50.533
50.5326
50.5326
50.5324
50.5322
50.5321
50.5321
50.532
50.532
50.532
50.5319
50.532
50.532
50.532
50.532
50.532
50.5321
50.5322
50.5323
50.5323
50.5324
50.5325
50.5325
50.5326
50.5328
50.5329
50.533
50.5331
50.5331
50.5331
50.533
50.533
50.533
50.5331
50.5333
50.5336
50.5336
50.5331
50.5326
50.5324
50.5323
50.5324
50.5325
50.5326
50.5327
50.5329
50.5331
50.5331
50.5324
50.5282
50.5153
50.5046
50.5009
50.5015
50.5078
50.5232
50.5344
50.5401
50.5421
50.5425
50.5422
50.5412
50.5405
50.5401
50.5399
50.5397
50.5397
50.5397
50.5397
50.5398
50.5398
50.5398
50.5398
50.5398
50.5398
50.5398
50.5397
50.5396
50.5395
50.5394
50.5392
50.5391
50.5389
50.5387
50.5386
50.5384
50.5382
50.5379
50.5377
50.5375
50.5376
50.5362
50.5084
50.4958
50.4912
50.4902
50.4878
50.4829
50.4762
50.4693
50.4613
50.4535
50.4455
50.4374
50.43
50.4227
50.4163
50.4099
50.4044
50.3992
50.3955
50.3937
50.5169
50.5137
50.5141
50.5152
50.5139
50.5102
50.5043
50.4991
50.4918
50.4859
50.479
50.4721
50.4657
50.4602
50.4546
50.4495
50.4448
50.4405
50.4373
50.435
50.5374
50.5373
50.5362
50.5342
50.5314
50.528
50.5239
50.5188
50.5135
50.5077
50.5012
50.4935
50.4848
50.4753
50.4645
50.4529
50.4422
50.4329
50.425
50.4164
50.5476
50.5509
50.5508
50.5492
50.5478
50.5467
50.5461
50.5454
50.5421
50.535
50.5285
50.5232
50.5187
50.5166
50.5227
50.5333
50.5367
50.5284
50.5099
50.4891
50.5509
50.5575
50.5581
50.5564
50.5549
50.5537
50.553
50.5522
50.5492
50.5428
50.5359
50.5303
50.5256
50.5232
50.5287
50.5386
50.5442
50.5389
50.5248
50.5039
50.4155
50.42
50.4188
50.4173
50.4162
50.4152
50.4147
50.4143
50.414
50.4136
50.4131
50.4127
50.4123
50.4119
50.4115
50.4111
50.4106
50.4102
50.4098
50.4094
50.409
50.4086
50.4083
50.4079
50.4075
50.4072
50.4069
50.4066
50.4063
50.406
50.4057
50.4055
50.4053
50.405
50.4048
50.4046
50.4045
50.4043
50.4041
50.4039
50.4036
50.4032
50.4028
50.4024
50.402
50.4014
50.4008
50.4004
50.4001
50.4
50.3998
50.3988
50.3938
50.3826
50.3749
50.372
50.3718
50.3743
50.3831
50.3919
50.3982
50.4023
50.4048
50.4062
50.4069
50.4071
50.407
50.4068
50.4064
50.406
50.4056
50.4051
50.4047
50.4042
50.4037
50.4033
50.4028
50.4024
50.4019
50.4014
50.401
50.4005
50.4001
50.3996
50.3991
50.3987
50.3982
50.3978
50.3973
50.3969
50.3965
50.396
50.3956
50.3951
50.3947
50.3943
50.3938
50.3934
50.393
50.3926
50.3922
50.3917
50.3913
50.391
50.3906
50.3902
50.3898
50.3895
50.3891
50.3888
50.3885
50.3882
50.3879
50.3877
50.3874
50.3872
50.387
50.3868
50.3866
50.3864
50.3862
50.386
50.3859
50.3857
50.3856
50.3854
50.3853
50.3852
50.385
50.3849
50.3848
50.3847
50.3846
50.3844
50.3843
50.3843
50.3842
50.3841
50.3841
50.384
50.384
50.384
50.384
50.3841
50.3841
50.3842
50.3843
50.3844
50.3846
50.3847
50.3849
50.3852
50.3854
50.3857
50.386
50.3863
50.3867
50.3871
50.3875
50.388
50.3885
50.389
50.3895
50.3901
50.3907
50.3914
50.392
50.3927
50.3934
50.3941
50.3948
50.3955
50.3962
50.3969
50.3976
50.3983
50.3991
50.3998
50.4005
50.4012
50.4019
50.4027
50.4034
50.4042
50.405
50.4058
50.4067
50.4076
50.4085
50.4094
50.4104
50.4114
50.4125
50.4136
50.4147
50.4158
50.4171
50.4183
50.4201
50.42
50.4301
50.4287
50.4269
50.4251
50.4239
50.4229
50.4223
50.4218
50.4214
50.4211
50.4206
50.4202
50.4198
50.4193
50.4189
50.4185
50.4181
50.4177
50.4172
50.4168
50.4164
50.4161
50.4157
50.4153
50.415
50.4146
50.4143
50.414
50.4137
50.4134
50.4132
50.4129
50.4127
50.4124
50.4122
50.412
50.4118
50.4116
50.4114
50.4113
50.411
50.4108
50.4104
50.4099
50.4093
50.4088
50.4084
50.408
50.4072
50.4064
50.4059
50.4055
50.4047
50.4023
50.3992
50.3974
50.3968
50.3968
50.3982
50.4025
50.4063
50.4087
50.4097
50.4099
50.4097
50.4092
50.4085
50.4078
50.4072
50.4065
50.406
50.4054
50.4049
50.4044
50.4039
50.4034
50.4029
50.4024
50.402
50.4015
50.401
50.4006
50.4001
50.3997
50.3992
50.3988
50.3983
50.3979
50.3974
50.397
50.3965
50.3961
50.3957
50.3952
50.3948
50.3943
50.3939
50.3935
50.3931
50.3926
50.3922
50.3918
50.3914
50.391
50.3906
50.3903
50.3899
50.3896
50.3892
50.3889
50.3886
50.3883
50.388
50.3878
50.3875
50.3873
50.3871
50.3868
50.3866
50.3865
50.3863
50.3861
50.386
50.3858
50.3857
50.3855
50.3854
50.3852
50.3851
50.385
50.3849
50.3847
50.3846
50.3845
50.3844
50.3843
50.3843
50.3842
50.3842
50.3841
50.3841
50.3841
50.3841
50.3842
50.3842
50.3843
50.3844
50.3845
50.3846
50.3848
50.385
50.3852
50.3855
50.3857
50.3861
50.3864
50.3867
50.3871
50.3876
50.388
50.3885
50.3891
50.3896
50.3902
50.3908
50.3915
50.3921
50.3928
50.3935
50.3942
50.3949
50.3956
50.3963
50.397
50.3977
50.3984
50.3991
50.3998
50.4006
50.4013
50.402
50.4027
50.4035
50.4043
50.4051
50.4059
50.4067
50.4076
50.4085
50.4095
50.4105
50.4115
50.4126
50.4136
50.4148
50.4159
50.4172
50.4183
50.4201
50.4202
50.3922
50.4016
50.4079
50.4087
50.4076
50.4067
50.4062
50.4058
50.4054
50.405
50.4046
50.4042
50.4038
50.4033
50.4029
50.4025
50.4021
50.4017
50.4013
50.4009
50.4005
50.4001
50.3998
50.3994
50.399
50.3987
50.3983
50.3979
50.3975
50.3971
50.3967
50.3963
50.3958
50.3953
50.3947
50.3942
50.3938
50.3935
50.3933
50.3931
50.3936
50.3959
50.3994
50.4023
50.4047
50.4063
50.4073
50.4079
50.4081
50.4082
50.4082
50.4082
50.4081
50.408
50.4079
50.4079
50.4082
50.4086
50.4089
50.4092
50.4093
50.4092
50.409
50.4087
50.4083
50.4079
50.4074
50.407
50.4065
50.4061
50.4056
50.4052
50.4047
50.4043
50.4038
50.4033
50.4029
50.4024
50.402
50.4015
50.401
50.4006
50.4001
50.3997
50.3992
50.3988
50.3983
50.3979
50.3974
50.397
50.3965
50.3961
50.3957
50.3952
50.3948
50.3943
50.3939
50.3935
50.3931
50.3926
50.3922
50.3918
50.3914
50.391
50.3906
50.3903
50.3899
50.3896
50.3892
50.3889
50.3886
50.3883
50.388
50.3878
50.3875
50.3873
50.3871
50.3868
50.3866
50.3865
50.3863
50.3861
50.386
50.3858
50.3857
50.3855
50.3854
50.3852
50.3851
50.385
50.3849
50.3847
50.3846
50.3845
50.3844
50.3843
50.3843
50.3842
50.3842
50.3841
50.3841
50.3841
50.3841
50.3842
50.3842
50.3843
50.3844
50.3845
50.3846
50.3848
50.385
50.3852
50.3855
50.3857
50.3861
50.3864
50.3867
50.3871
50.3876
50.388
50.3885
50.3891
50.3896
50.3902
50.3908
50.3915
50.3921
50.3928
50.3935
50.3942
50.3949
50.3956
50.3963
50.397
50.3977
50.3984
50.3991
50.3998
50.4006
50.4013
50.402
50.4027
50.4035
50.4043
50.4051
50.4059
50.4067
50.4076
50.4085
50.4095
50.4105
50.4115
50.4126
50.4136
50.4148
50.4159
50.4171
50.4183
50.4196
50.4209
50.429
50.425
50.4367
50.4302
50.4246
50.4232
50.4227
50.4219
50.421
50.4205
50.4201
50.4196
50.4192
50.4187
50.4183
50.4179
50.4175
50.417
50.4166
50.4162
50.4158
50.4154
50.4151
50.4147
50.4144
50.414
50.4137
50.4134
50.4131
50.4128
50.4125
50.4123
50.412
50.4118
50.4115
50.4112
50.4108
50.4105
50.4102
50.4099
50.4097
50.4094
50.4091
50.4086
50.4078
50.4071
50.4066
50.4063
50.4061
50.406
50.4059
50.4058
50.4057
50.4053
50.4032
50.3958
50.3873
50.3831
50.3824
50.384
50.3918
50.4012
50.4067
50.4092
50.4099
50.4097
50.4091
50.4083
50.4075
50.4068
50.4061
50.4055
50.405
50.4044
50.4039
50.4034
50.4029
50.4025
50.402
50.4015
50.401
50.4006
50.4001
50.3997
50.3992
50.3988
50.3983
50.3979
50.3974
50.397
50.3965
50.3961
50.3957
50.3952
50.3948
50.3943
50.3939
50.3935
50.3931
50.3926
50.3922
50.3918
50.3914
50.391
50.3906
50.3903
50.3899
50.3896
50.3892
50.3889
50.3886
50.3883
50.388
50.3878
50.3875
50.3873
50.3871
50.3868
50.3866
50.3865
50.3863
50.3861
50.386
50.3858
50.3857
50.3855
50.3854
50.3852
50.3851
50.385
50.3849
50.3847
50.3846
50.3845
50.3844
50.3843
50.3843
50.3842
50.3842
50.3841
50.3841
50.3841
50.3841
50.3842
50.3842
50.3843
50.3844
50.3845
50.3846
50.3848
50.385
50.3852
50.3855
50.3857
50.3861
50.3864
50.3867
50.3871
50.3876
50.388
50.3885
50.3891
50.3896
50.3902
50.3908
50.3915
50.3921
50.3928
50.3935
50.3942
50.3949
50.3956
50.3963
50.397
50.3977
50.3984
50.3991
50.3998
50.4006
50.4013
50.402
50.4027
50.4035
50.4043
50.4051
50.4059
50.4067
50.4076
50.4085
50.4095
50.4105
50.4115
50.4126
50.4136
50.4147
50.416
50.417
50.4183
50.4189
50.4236
50.4331
50.4245
50.437
50.4308
50.4253
50.4242
50.4237
50.4229
50.422
50.4215
50.4212
50.4207
50.4203
50.4198
50.4194
50.419
50.4185
50.4181
50.4177
50.4173
50.4169
50.4165
50.4161
50.4158
50.4154
50.4151
50.4148
50.4145
50.4141
50.4138
50.4136
50.4133
50.4131
50.4129
50.4126
50.4123
50.412
50.4117
50.4114
50.4112
50.4109
50.4108
50.4108
50.4106
50.41
50.4093
50.4087
50.4083
50.408
50.4078
50.4077
50.4076
50.4075
50.4073
50.4065
50.4025
50.3899
50.3783
50.3738
50.3738
50.3792
50.3941
50.4051
50.4104
50.412
50.4118
50.4109
50.4094
50.4081
50.4071
50.4063
50.4056
50.405
50.4044
50.4039
50.4034
50.4029
50.4024
50.4019
50.4014
50.401
50.4005
50.4001
50.3996
50.3991
50.3987
50.3982
50.3978
50.3973
50.3969
50.3965
50.396
50.3956
50.3951
50.3947
50.3943
50.3938
50.3934
50.393
50.3926
50.3922
50.3917
50.3913
50.391
50.3906
50.3902
50.3898
50.3895
50.3891
50.3888
50.3885
50.3882
50.3879
50.3877
50.3874
50.3872
50.387
50.3868
50.3866
50.3864
50.3862
50.386
50.3859
50.3857
50.3856
50.3854
50.3853
50.3852
50.385
50.3849
50.3848
50.3847
50.3846
50.3844
50.3843
50.3843
50.3842
50.3841
50.3841
50.384
50.384
50.384
50.384
50.3841
50.3841
50.3842
50.3843
50.3844
50.3846
50.3847
50.3849
50.3852
50.3854
50.3857
50.386
50.3863
50.3867
50.3871
50.3875
50.388
50.3885
50.389
50.3895
50.3901
50.3907
50.3914
50.392
50.3927
50.3934
50.3941
50.3948
50.3955
50.3962
50.3969
50.3976
50.3983
50.3991
50.3998
50.4005
50.4012
50.4019
50.4027
50.4034
50.4042
50.405
50.4058
50.4067
50.4076
50.4085
50.4094
50.4104
50.4114
50.4125
50.4136
50.4147
50.4159
50.4169
50.4182
50.4184
50.4278
50.435
50.4415
50.4426
50.4413
50.4402
50.4392
50.4386
50.4393
50.4393
50.4359
50.4285
50.421
50.4155
50.4106
50.4073
50.4109
50.4214
50.4289
50.4265
50.4142
50.4319
50.4354
50.4356
50.4345
50.4335
50.4326
50.432
50.433
50.4329
50.4288
50.4208
50.4138
50.4086
50.404
50.4011
50.4048
50.4168
50.4226
50.4173
50.402
50.4224
50.4228
50.4221
50.4206
50.4184
50.4156
50.4121
50.4075
50.4026
50.3973
50.392
50.3857
50.3784
50.3701
50.361
50.3508
50.3396
50.3293
50.3202
50.3127
50.4038
50.4012
50.402
50.4034
50.4025
50.3994
50.3941
50.3894
50.3833
50.3781
50.3715
50.3659
50.3599
50.3546
50.35
50.3457
50.3417
50.3384
50.3355
50.3335
50.3957
50.3845
50.3804
50.3798
50.378
50.3736
50.3676
50.3613
50.3544
50.3475
50.3401
50.3328
50.3262
50.3196
50.3138
50.3083
50.3036
50.2992
50.2958
50.2941
50.3216
50.3233
50.3401
50.3383
50.3364
50.3377
50.34
50.3423
50.3446
50.347
50.3494
50.3519
50.3545
50.3571
50.3598
50.3625
50.3653
50.3681
50.371
50.374
50.3771
50.3803
50.3835
50.3868
50.3904
50.3939
50.3974
50.4009
50.4046
50.4084
50.4123
50.4163
50.4204
50.4247
50.429
50.4333
50.4376
50.4419
50.4465
50.4516
50.4569
50.4615
50.463
50.455
50.4481
50.4493
50.4558
50.4692
50.4906
50.5055
50.5147
50.5211
50.5265
50.5302
50.5343
50.5389
50.5438
50.5489
50.5542
50.5596
50.5651
50.5707
50.5764
50.5822
50.5881
50.594
50.6
50.6062
50.6124
50.6186
50.625
50.6315
50.638
50.6446
50.6513
50.658
50.6649
50.6718
50.6787
50.6857
50.6928
50.6999
50.7071
50.7143
50.7216
50.7289
50.7362
50.7436
50.7511
50.7586
50.7661
50.7737
50.7813
50.7889
50.7967
50.8044
50.8122
50.8201
50.828
50.836
50.844
50.8521
50.8602
50.8684
50.8767
50.8851
50.8935
50.9019
50.9105
50.9191
50.9278
50.9366
50.9454
50.9543
50.9632
50.9723
50.9813
50.9905
50.9997
51.009
51.0183
51.0276
51.037
51.0465
51.056
51.0655
51.0751
51.0847
51.0944
51.1041
51.1138
51.1236
51.1334
51.1432
51.1531
51.163
51.1729
51.1829
51.1929
51.2029
51.213
51.2231
51.2333
51.2435
51.2537
51.264
51.2743
51.2847
51.2952
51.3056
51.3162
51.3267
51.3373
51.348
51.3587
51.3695
51.3803
51.3911
51.402
51.4129
51.4239
51.4349
51.4459
51.457
51.468
51.4792
51.4903
51.5015
51.5126
51.5238
51.5351
51.5463
51.5575
51.5688
51.5801
51.5914
51.6027
51.614
51.6254
51.6367
51.6481
51.6595
51.6709
51.6823
51.6938
51.7052
51.7167
51.7282
51.7397
51.7512
51.7628
51.7744
51.7859
51.7976
51.8092
51.8208
51.8325
51.8442
51.8559
51.8676
51.8793
51.8911
51.9028
51.9146
51.9263
51.9381
51.9498
51.9616
51.9734
51.9851
51.9969
52.0087
52.0204
52.0322
52.0439
52.0556
52.0673
52.079
52.0907
52.1024
52.1141
52.1258
52.1374
52.1491
52.1607
52.1723
52.1839
52.1955
52.2071
52.2187
52.2303
52.2419
52.2534
52.265
52.2765
52.2881
52.2996
52.3111
52.3226
52.3341
52.3456
52.357
52.3685
52.3799
52.3914
52.4028
52.4142
52.4256
52.4369
52.4482
52.4596
52.4709
52.4821
52.4934
52.5046
52.5158
52.527
52.5381
52.5492
52.5603
52.5714
52.5825
52.5935
52.6045
52.6155
52.6264
52.6373
52.6482
52.6591
52.67
52.6808
52.6916
52.7024
52.7131
52.7238
52.7345
52.7452
52.7558
52.7665
52.777
52.7876
52.7981
52.8086
52.8191
52.8295
52.8399
52.8502
52.8605
52.8707
52.881
52.8911
52.9012
52.9113
52.9213
52.9313
52.9412
52.9511
52.9609
52.9706
52.9804
52.99
52.9996
53.0092
53.0187
53.0281
53.0375
53.0468
53.0561
53.0653
53.0745
53.0837
53.0927
53.1018
53.1108
53.1197
53.1286
53.1374
53.1462
53.155
53.1637
53.1723
53.1809
53.1895
53.198
53.2065
53.2149
53.2232
53.2315
53.2397
53.2479
53.256
53.2641
53.2721
53.28
53.2879
53.2957
53.3034
53.3111
53.3187
53.3262
53.3336
53.341
53.3483
53.3555
53.3626
53.3697
53.3767
53.3836
53.3904
53.3971
53.4038
53.4104
53.4169
53.4233
53.4296
53.4359
53.4421
53.4482
53.4542
53.4601
53.466
53.4717
53.4774
53.4831
53.4886
53.4941
53.4995
53.5048
53.51
53.5152
53.5202
53.5252
53.5302
53.535
53.5398
53.5445
53.5491
53.5537
53.5581
53.5625
53.5669
53.5711
53.5753
53.5794
53.5834
53.5874
53.5912
53.595
53.5988
53.6025
53.6061
53.6096
53.6131
53.6164
53.6198
53.623
53.6262
53.6294
53.6325
53.6355
53.6384
53.6413
53.6441
53.6469
53.6496
53.6522
53.6548
53.6573
53.6598
53.6622
53.6646
53.6669
53.6691
53.6713
53.6734
53.6755
53.6775
53.6795
53.6814
53.6833
53.6851
53.6868
53.6886
53.6902
53.6918
53.6934
53.6949
53.6963
53.6977
53.6991
53.7004
53.7017
53.7029
53.7041
53.7052
53.7063
53.7074
53.7084
53.7095
53.7104
53.7114
53.7123
53.7132
53.7141
53.715
53.7158
53.7167
53.7175
53.7184
53.7192
53.72
53.7209
53.7217
53.7226
53.7234
53.7243
53.7252
53.7261
53.727
53.7279
53.7289
53.7298
53.7308
53.7318
53.7328
53.7339
53.735
53.736
53.7372
53.7383
53.7394
53.7406
53.7418
53.743
53.7442
53.7455
53.7467
53.748
53.7493
53.7506
53.7519
53.7532
53.7545
53.7558
53.7572
53.7585
53.7598
53.7612
53.7625
53.7639
53.7652
53.7666
53.7679
53.7692
53.7706
53.7719
53.7732
53.7745
53.7758
53.7771
53.7784
53.7797
53.7809
53.7822
53.7834
53.7847
53.7859
53.7871
53.7883
53.7895
53.7907
53.7919
53.7931
53.7942
53.7954
53.7965
53.7977
53.7988
53.7999
53.801
53.8021
53.8032
53.8043
53.8053
53.8064
53.8074
53.8084
53.8095
53.8105
53.8115
53.8124
53.8134
53.8143
53.8153
53.8162
53.8171
53.818
53.8189
53.8198
53.8206
53.8215
53.8223
53.8231
53.824
53.8248
53.8256
53.8264
53.8271
53.8279
53.8287
53.8295
53.8302
53.831
53.8317
53.8325
53.8332
53.8339
53.8347
53.8354
53.8361
53.8369
53.8376
53.8383
53.839
53.8397
53.8404
53.8411
53.8418
53.8425
53.8432
53.8438
53.8445
53.8451
53.8458
53.8464
53.847
53.8476
53.8482
53.8488
53.8494
53.8499
53.8505
53.851
53.8516
53.852
53.8526
53.8529
53.8536
53.8538
53.8545
53.8547
53.8554
53.8555
53.8562
53.8563
53.857
53.857
53.8578
53.8578
53.8587
50.3178
50.3234
50.339
50.3376
50.3355
50.3368
50.339
50.3412
50.3436
50.346
50.3484
50.3509
50.3535
50.3561
50.3588
50.3615
50.3642
50.3671
50.37
50.3729
50.376
50.3791
50.3822
50.3855
50.389
50.3925
50.3961
50.3997
50.4034
50.4072
50.4111
50.4152
50.4193
50.4235
50.4276
50.4318
50.436
50.4404
50.4452
50.4504
50.4555
50.4596
50.4592
50.4556
50.4559
50.4606
50.4678
50.4803
50.4947
50.505
50.5124
50.5186
50.5242
50.5289
50.5336
50.5386
50.5437
50.5489
50.5542
50.5597
50.5652
50.5708
50.5765
50.5823
50.5881
50.5941
50.6001
50.6062
50.6124
50.6187
50.6251
50.6315
50.6381
50.6447
50.6514
50.6581
50.6649
50.6718
50.6788
50.6858
50.6929
50.7
50.7072
50.7144
50.7217
50.729
50.7363
50.7437
50.7512
50.7586
50.7662
50.7737
50.7814
50.789
50.7967
50.8045
50.8123
50.8201
50.8281
50.836
50.8441
50.8521
50.8603
50.8685
50.8768
50.8851
50.8935
50.902
50.9106
50.9192
50.9279
50.9366
50.9455
50.9544
50.9633
50.9723
50.9814
50.9906
50.9998
51.009
51.0183
51.0277
51.0371
51.0466
51.0561
51.0656
51.0752
51.0848
51.0945
51.1042
51.1139
51.1237
51.1334
51.1433
51.1531
51.163
51.173
51.1829
51.1929
51.203
51.2131
51.2232
51.2333
51.2435
51.2538
51.2641
51.2744
51.2848
51.2952
51.3057
51.3162
51.3268
51.3374
51.3481
51.3588
51.3696
51.3804
51.3912
51.4021
51.413
51.424
51.4349
51.446
51.457
51.4681
51.4792
51.4904
51.5015
51.5127
51.5239
51.5351
51.5464
51.5576
51.5689
51.5802
51.5915
51.6028
51.6141
51.6255
51.6368
51.6482
51.6596
51.671
51.6824
51.6938
51.7053
51.7168
51.7283
51.7398
51.7513
51.7629
51.7744
51.786
51.7976
51.8093
51.8209
51.8326
51.8443
51.856
51.8677
51.8794
51.8911
51.9029
51.9146
51.9264
51.9381
51.9499
51.9617
51.9734
51.9852
51.997
52.0087
52.0205
52.0322
52.044
52.0557
52.0674
52.0791
52.0908
52.1025
52.1142
52.1258
52.1375
52.1491
52.1608
52.1724
52.184
52.1956
52.2072
52.2188
52.2304
52.2419
52.2535
52.265
52.2766
52.2881
52.2996
52.3112
52.3227
52.3342
52.3456
52.3571
52.3686
52.38
52.3914
52.4029
52.4142
52.4256
52.437
52.4483
52.4596
52.4709
52.4822
52.4934
52.5047
52.5159
52.527
52.5382
52.5493
52.5604
52.5715
52.5825
52.5936
52.6046
52.6155
52.6265
52.6374
52.6483
52.6592
52.67
52.6808
52.6917
52.7024
52.7132
52.7239
52.7346
52.7453
52.7559
52.7665
52.7771
52.7877
52.7982
52.8087
52.8191
52.8295
52.8399
52.8503
52.8606
52.8708
52.881
52.8912
52.9013
52.9114
52.9214
52.9314
52.9413
52.9511
52.961
52.9707
52.9804
52.9901
52.9997
53.0092
53.0187
53.0282
53.0375
53.0469
53.0562
53.0654
53.0746
53.0837
53.0928
53.1018
53.1108
53.1198
53.1287
53.1375
53.1463
53.155
53.1637
53.1724
53.181
53.1896
53.1981
53.2065
53.2149
53.2233
53.2316
53.2398
53.248
53.2561
53.2642
53.2722
53.2801
53.288
53.2958
53.3035
53.3111
53.3187
53.3263
53.3337
53.3411
53.3484
53.3556
53.3627
53.3698
53.3767
53.3836
53.3905
53.3972
53.4039
53.4104
53.4169
53.4233
53.4297
53.4359
53.4421
53.4482
53.4542
53.4602
53.466
53.4718
53.4775
53.4831
53.4887
53.4941
53.4995
53.5048
53.5101
53.5152
53.5203
53.5253
53.5302
53.5351
53.5399
53.5446
53.5492
53.5537
53.5582
53.5626
53.5669
53.5712
53.5753
53.5794
53.5835
53.5874
53.5913
53.5951
53.5988
53.6025
53.6061
53.6096
53.6131
53.6165
53.6198
53.6231
53.6263
53.6294
53.6325
53.6355
53.6385
53.6413
53.6442
53.6469
53.6496
53.6523
53.6549
53.6574
53.6599
53.6623
53.6646
53.6669
53.6692
53.6714
53.6735
53.6756
53.6776
53.6796
53.6815
53.6833
53.6851
53.6869
53.6886
53.6903
53.6919
53.6934
53.6949
53.6964
53.6978
53.6991
53.7004
53.7017
53.7029
53.7041
53.7053
53.7064
53.7075
53.7085
53.7095
53.7105
53.7114
53.7124
53.7133
53.7142
53.715
53.7159
53.7167
53.7176
53.7184
53.7192
53.7201
53.7209
53.7217
53.7226
53.7235
53.7243
53.7252
53.7261
53.727
53.728
53.7289
53.7299
53.7309
53.7319
53.7329
53.7339
53.735
53.7361
53.7372
53.7383
53.7395
53.7406
53.7418
53.743
53.7443
53.7455
53.7468
53.748
53.7493
53.7506
53.7519
53.7532
53.7545
53.7559
53.7572
53.7585
53.7599
53.7612
53.7626
53.7639
53.7653
53.7666
53.7679
53.7693
53.7706
53.7719
53.7732
53.7745
53.7758
53.7771
53.7784
53.7797
53.781
53.7822
53.7835
53.7847
53.7859
53.7871
53.7884
53.7896
53.7907
53.7919
53.7931
53.7943
53.7954
53.7966
53.7977
53.7988
53.7999
53.801
53.8021
53.8032
53.8043
53.8054
53.8064
53.8075
53.8085
53.8095
53.8105
53.8115
53.8125
53.8134
53.8144
53.8153
53.8162
53.8172
53.818
53.8189
53.8198
53.8207
53.8215
53.8224
53.8232
53.824
53.8248
53.8256
53.8264
53.8272
53.828
53.8287
53.8295
53.8303
53.831
53.8318
53.8325
53.8332
53.834
53.8347
53.8354
53.8362
53.8369
53.8376
53.8383
53.839
53.8397
53.8404
53.8411
53.8418
53.8425
53.8432
53.8439
53.8445
53.8452
53.8458
53.8464
53.8471
53.8477
53.8483
53.8488
53.8494
53.85
53.8505
53.851
53.8516
53.852
53.8526
53.853
53.8536
53.8538
53.8545
53.8547
53.8554
53.8555
53.8562
53.8563
53.857
53.8571
53.8578
53.8579
53.8588
50.2892
50.3069
50.3164
50.3187
50.3197
50.3215
50.3238
50.3263
50.3286
50.331
50.3335
50.336
50.3385
50.341
50.3435
50.3462
50.3489
50.3517
50.3546
50.3575
50.3605
50.3636
50.3668
50.3699
50.373
50.3761
50.3794
50.3828
50.3865
50.3905
50.395
50.4002
50.4071
50.4154
50.4231
50.4301
50.4362
50.4419
50.4475
50.4528
50.4579
50.463
50.4682
50.4737
50.4792
50.4849
50.4905
50.496
50.5014
50.5066
50.5118
50.5169
50.5221
50.5273
50.5325
50.5378
50.5432
50.5485
50.554
50.5595
50.5651
50.5707
50.5765
50.5823
50.5881
50.5941
50.6001
50.6062
50.6124
50.6187
50.6251
50.6315
50.6381
50.6447
50.6514
50.6581
50.6649
50.6718
50.6788
50.6858
50.6929
50.7
50.7072
50.7144
50.7217
50.729
50.7363
50.7437
50.7512
50.7586
50.7662
50.7737
50.7814
50.789
50.7967
50.8045
50.8123
50.8201
50.8281
50.836
50.8441
50.8521
50.8603
50.8685
50.8768
50.8851
50.8935
50.902
50.9106
50.9192
50.9279
50.9366
50.9455
50.9544
50.9633
50.9723
50.9814
50.9906
50.9998
51.009
51.0183
51.0277
51.0371
51.0466
51.0561
51.0656
51.0752
51.0848
51.0945
51.1042
51.1139
51.1237
51.1334
51.1433
51.1531
51.163
51.173
51.1829
51.1929
51.203
51.2131
51.2232
51.2333
51.2435
51.2538
51.2641
51.2744
51.2848
51.2952
51.3057
51.3162
51.3268
51.3374
51.3481
51.3588
51.3696
51.3804
51.3912
51.4021
51.413
51.424
51.4349
51.446
51.457
51.4681
51.4792
51.4904
51.5015
51.5127
51.5239
51.5351
51.5464
51.5576
51.5689
51.5802
51.5915
51.6028
51.6141
51.6255
51.6368
51.6482
51.6596
51.671
51.6824
51.6938
51.7053
51.7168
51.7283
51.7398
51.7513
51.7629
51.7744
51.786
51.7976
51.8093
51.8209
51.8326
51.8443
51.856
51.8677
51.8794
51.8911
51.9029
51.9146
51.9264
51.9381
51.9499
51.9617
51.9734
51.9852
51.997
52.0087
52.0205
52.0322
52.044
52.0557
52.0674
52.0791
52.0908
52.1025
52.1142
52.1258
52.1375
52.1491
52.1608
52.1724
52.184
52.1956
52.2072
52.2188
52.2304
52.2419
52.2535
52.265
52.2766
52.2881
52.2996
52.3112
52.3227
52.3342
52.3456
52.3571
52.3686
52.38
52.3914
52.4029
52.4142
52.4256
52.437
52.4483
52.4596
52.4709
52.4822
52.4934
52.5047
52.5159
52.527
52.5382
52.5493
52.5604
52.5715
52.5825
52.5936
52.6046
52.6155
52.6265
52.6374
52.6483
52.6592
52.67
52.6808
52.6917
52.7024
52.7132
52.7239
52.7346
52.7453
52.7559
52.7665
52.7771
52.7877
52.7982
52.8087
52.8191
52.8295
52.8399
52.8503
52.8606
52.8708
52.881
52.8912
52.9013
52.9114
52.9214
52.9314
52.9413
52.9511
52.961
52.9707
52.9804
52.9901
52.9997
53.0092
53.0187
53.0282
53.0375
53.0469
53.0562
53.0654
53.0746
53.0837
53.0928
53.1018
53.1108
53.1198
53.1287
53.1375
53.1463
53.155
53.1637
53.1724
53.181
53.1896
53.1981
53.2065
53.2149
53.2233
53.2316
53.2398
53.248
53.2561
53.2642
53.2722
53.2801
53.288
53.2958
53.3035
53.3111
53.3187
53.3263
53.3337
53.3411
53.3484
53.3556
53.3627
53.3698
53.3767
53.3836
53.3905
53.3972
53.4039
53.4104
53.4169
53.4233
53.4297
53.4359
53.4421
53.4482
53.4542
53.4602
53.466
53.4718
53.4775
53.4831
53.4887
53.4941
53.4995
53.5048
53.5101
53.5152
53.5203
53.5253
53.5302
53.5351
53.5399
53.5446
53.5492
53.5537
53.5582
53.5626
53.5669
53.5712
53.5753
53.5794
53.5835
53.5874
53.5913
53.5951
53.5988
53.6025
53.6061
53.6096
53.6131
53.6165
53.6198
53.6231
53.6263
53.6294
53.6325
53.6355
53.6385
53.6413
53.6442
53.6469
53.6496
53.6523
53.6549
53.6574
53.6599
53.6623
53.6646
53.6669
53.6692
53.6714
53.6735
53.6756
53.6776
53.6796
53.6815
53.6833
53.6851
53.6869
53.6886
53.6903
53.6919
53.6934
53.6949
53.6964
53.6978
53.6991
53.7004
53.7017
53.7029
53.7041
53.7053
53.7064
53.7075
53.7085
53.7095
53.7105
53.7114
53.7124
53.7133
53.7142
53.715
53.7159
53.7167
53.7176
53.7184
53.7192
53.7201
53.7209
53.7217
53.7226
53.7235
53.7243
53.7252
53.7261
53.727
53.728
53.7289
53.7299
53.7309
53.7319
53.7329
53.7339
53.735
53.7361
53.7372
53.7383
53.7395
53.7406
53.7418
53.743
53.7443
53.7455
53.7468
53.748
53.7493
53.7506
53.7519
53.7532
53.7545
53.7559
53.7572
53.7585
53.7599
53.7612
53.7626
53.7639
53.7653
53.7666
53.7679
53.7693
53.7706
53.7719
53.7732
53.7745
53.7758
53.7771
53.7784
53.7797
53.781
53.7822
53.7835
53.7847
53.7859
53.7871
53.7884
53.7896
53.7907
53.7919
53.7931
53.7943
53.7954
53.7966
53.7977
53.7988
53.7999
53.801
53.8021
53.8032
53.8043
53.8054
53.8064
53.8075
53.8085
53.8095
53.8105
53.8115
53.8125
53.8134
53.8144
53.8153
53.8162
53.8172
53.818
53.8189
53.8198
53.8207
53.8215
53.8224
53.8232
53.824
53.8248
53.8256
53.8264
53.8272
53.828
53.8287
53.8295
53.8303
53.831
53.8318
53.8325
53.8332
53.834
53.8347
53.8354
53.8362
53.8369
53.8376
53.8383
53.839
53.8397
53.8404
53.8411
53.8418
53.8425
53.8432
53.8439
53.8445
53.8452
53.8458
53.8464
53.8471
53.8477
53.8483
53.8488
53.8494
53.85
53.8505
53.851
53.8516
53.852
53.8526
53.853
53.8536
53.8538
53.8545
53.8547
53.8554
53.8555
53.8562
53.8563
53.857
53.8571
53.8578
53.8579
53.8588
50.3248
50.329
50.3328
50.3343
50.3353
50.3369
50.3392
50.3416
50.344
50.3464
50.3489
50.3514
50.354
50.3566
50.3593
50.362
50.3648
50.3677
50.3706
50.3736
50.3767
50.3798
50.383
50.3862
50.3896
50.3931
50.3966
50.4003
50.404
50.408
50.412
50.4159
50.4199
50.4242
50.4286
50.4327
50.4366
50.4405
50.4451
50.4501
50.4543
50.4567
50.459
50.4628
50.4681
50.4745
50.4826
50.4925
50.5005
50.5071
50.5131
50.5187
50.5235
50.5283
50.5333
50.5384
50.5435
50.5488
50.5542
50.5596
50.5652
50.5708
50.5765
50.5823
50.5881
50.5941
50.6001
50.6062
50.6124
50.6187
50.6251
50.6315
50.6381
50.6447
50.6514
50.6581
50.6649
50.6718
50.6788
50.6858
50.6929
50.7
50.7072
50.7144
50.7217
50.729
50.7363
50.7437
50.7512
50.7586
50.7662
50.7737
50.7814
50.789
50.7967
50.8045
50.8123
50.8201
50.8281
50.836
50.8441
50.8521
50.8603
50.8685
50.8768
50.8851
50.8935
50.902
50.9106
50.9192
50.9279
50.9366
50.9455
50.9544
50.9633
50.9723
50.9814
50.9906
50.9998
51.009
51.0183
51.0277
51.0371
51.0466
51.0561
51.0656
51.0752
51.0848
51.0945
51.1042
51.1139
51.1237
51.1334
51.1433
51.1531
51.163
51.173
51.1829
51.1929
51.203
51.2131
51.2232
51.2333
51.2435
51.2538
51.2641
51.2744
51.2848
51.2952
51.3057
51.3162
51.3268
51.3374
51.3481
51.3588
51.3696
51.3804
51.3912
51.4021
51.413
51.424
51.4349
51.446
51.457
51.4681
51.4792
51.4904
51.5015
51.5127
51.5239
51.5351
51.5464
51.5576
51.5689
51.5802
51.5915
51.6028
51.6141
51.6255
51.6368
51.6482
51.6596
51.671
51.6824
51.6938
51.7053
51.7168
51.7283
51.7398
51.7513
51.7629
51.7744
51.786
51.7976
51.8093
51.8209
51.8326
51.8443
51.856
51.8677
51.8794
51.8911
51.9029
51.9146
51.9264
51.9381
51.9499
51.9617
51.9734
51.9852
51.997
52.0087
52.0205
52.0322
52.044
52.0557
52.0674
52.0791
52.0908
52.1025
52.1142
52.1258
52.1375
52.1491
52.1608
52.1724
52.184
52.1956
52.2072
52.2188
52.2304
52.2419
52.2535
52.265
52.2766
52.2881
52.2996
52.3112
52.3227
52.3342
52.3456
52.3571
52.3686
52.38
52.3914
52.4029
52.4142
52.4256
52.437
52.4483
52.4596
52.4709
52.4822
52.4934
52.5047
52.5159
52.527
52.5382
52.5493
52.5604
52.5715
52.5825
52.5936
52.6046
52.6155
52.6265
52.6374
52.6483
52.6592
52.67
52.6808
52.6917
52.7024
52.7132
52.7239
52.7346
52.7453
52.7559
52.7665
52.7771
52.7877
52.7982
52.8087
52.8191
52.8295
52.8399
52.8503
52.8606
52.8708
52.881
52.8912
52.9013
52.9114
52.9214
52.9314
52.9413
52.9511
52.961
52.9707
52.9804
52.9901
52.9997
53.0092
53.0187
53.0282
53.0375
53.0469
53.0562
53.0654
53.0746
53.0837
53.0928
53.1018
53.1108
53.1198
53.1287
53.1375
53.1463
53.155
53.1637
53.1724
53.181
53.1896
53.1981
53.2065
53.2149
53.2233
53.2316
53.2398
53.248
53.2561
53.2642
53.2722
53.2801
53.288
53.2958
53.3035
53.3111
53.3187
53.3263
53.3337
53.3411
53.3484
53.3556
53.3627
53.3698
53.3767
53.3836
53.3905
53.3972
53.4039
53.4104
53.4169
53.4233
53.4297
53.4359
53.4421
53.4482
53.4542
53.4602
53.466
53.4718
53.4775
53.4831
53.4887
53.4941
53.4995
53.5048
53.5101
53.5152
53.5203
53.5253
53.5302
53.5351
53.5399
53.5446
53.5492
53.5537
53.5582
53.5626
53.5669
53.5712
53.5753
53.5794
53.5835
53.5874
53.5913
53.5951
53.5988
53.6025
53.6061
53.6096
53.6131
53.6165
53.6198
53.6231
53.6263
53.6294
53.6325
53.6355
53.6385
53.6413
53.6442
53.6469
53.6496
53.6523
53.6549
53.6574
53.6599
53.6623
53.6646
53.6669
53.6692
53.6714
53.6735
53.6756
53.6776
53.6796
53.6815
53.6833
53.6851
53.6869
53.6886
53.6903
53.6919
53.6934
53.6949
53.6964
53.6978
53.6991
53.7004
53.7017
53.7029
53.7041
53.7053
53.7064
53.7075
53.7085
53.7095
53.7105
53.7114
53.7124
53.7133
53.7142
53.715
53.7159
53.7167
53.7176
53.7184
53.7192
53.7201
53.7209
53.7217
53.7226
53.7235
53.7243
53.7252
53.7261
53.727
53.728
53.7289
53.7299
53.7309
53.7319
53.7329
53.7339
53.735
53.7361
53.7372
53.7383
53.7395
53.7406
53.7418
53.743
53.7443
53.7455
53.7468
53.748
53.7493
53.7506
53.7519
53.7532
53.7545
53.7559
53.7572
53.7585
53.7599
53.7612
53.7626
53.7639
53.7653
53.7666
53.7679
53.7693
53.7706
53.7719
53.7732
53.7745
53.7758
53.7771
53.7784
53.7797
53.781
53.7822
53.7835
53.7847
53.7859
53.7871
53.7884
53.7896
53.7907
53.7919
53.7931
53.7943
53.7954
53.7966
53.7977
53.7988
53.7999
53.801
53.8021
53.8032
53.8043
53.8054
53.8064
53.8075
53.8085
53.8095
53.8105
53.8115
53.8125
53.8134
53.8144
53.8153
53.8162
53.8172
53.818
53.8189
53.8198
53.8207
53.8215
53.8224
53.8232
53.824
53.8248
53.8256
53.8264
53.8272
53.828
53.8287
53.8295
53.8303
53.831
53.8318
53.8325
53.8332
53.834
53.8347
53.8354
53.8362
53.8369
53.8376
53.8383
53.839
53.8397
53.8404
53.8411
53.8418
53.8425
53.8432
53.8439
53.8445
53.8452
53.8458
53.8464
53.8471
53.8477
53.8483
53.8488
53.8494
53.85
53.8505
53.851
53.8516
53.852
53.8526
53.853
53.8536
53.8538
53.8545
53.8547
53.8554
53.8555
53.8562
53.8563
53.857
53.8571
53.8578
53.8579
53.8588
50.3128
50.3209
50.3251
50.3268
50.3279
50.3296
50.3318
50.3342
50.3366
50.339
50.3415
50.344
50.3466
50.3492
50.3519
50.3547
50.3575
50.3604
50.3633
50.3663
50.3694
50.3724
50.3756
50.3788
50.3821
50.3855
50.3891
50.3928
50.3966
50.4003
50.4043
50.4085
50.4127
50.4167
50.4206
50.4245
50.4289
50.4338
50.439
50.4437
50.4457
50.4413
50.4381
50.4398
50.4452
50.453
50.4662
50.4806
50.4919
50.5012
50.5087
50.5151
50.5212
50.527
50.5324
50.5378
50.5431
50.5485
50.5539
50.5595
50.565
50.5707
50.5764
50.5822
50.5881
50.594
50.6
50.6062
50.6124
50.6186
50.625
50.6315
50.638
50.6446
50.6513
50.658
50.6649
50.6718
50.6787
50.6857
50.6928
50.6999
50.7071
50.7143
50.7216
50.7289
50.7362
50.7436
50.7511
50.7586
50.7661
50.7737
50.7813
50.7889
50.7967
50.8044
50.8122
50.8201
50.828
50.836
50.844
50.8521
50.8602
50.8684
50.8767
50.8851
50.8935
50.9019
50.9105
50.9191
50.9278
50.9366
50.9454
50.9543
50.9632
50.9723
50.9813
50.9905
50.9997
51.009
51.0183
51.0276
51.037
51.0465
51.056
51.0655
51.0751
51.0847
51.0944
51.1041
51.1138
51.1236
51.1334
51.1432
51.1531
51.163
51.1729
51.1829
51.1929
51.2029
51.213
51.2231
51.2333
51.2435
51.2537
51.264
51.2743
51.2847
51.2952
51.3056
51.3162
51.3267
51.3373
51.348
51.3587
51.3695
51.3803
51.3911
51.402
51.4129
51.4239
51.4349
51.4459
51.457
51.468
51.4792
51.4903
51.5015
51.5126
51.5238
51.5351
51.5463
51.5575
51.5688
51.5801
51.5914
51.6027
51.614
51.6254
51.6367
51.6481
51.6595
51.6709
51.6823
51.6938
51.7052
51.7167
51.7282
51.7397
51.7512
51.7628
51.7744
51.7859
51.7976
51.8092
51.8208
51.8325
51.8442
51.8559
51.8676
51.8793
51.8911
51.9028
51.9146
51.9263
51.9381
51.9498
51.9616
51.9734
51.9851
51.9969
52.0087
52.0204
52.0322
52.0439
52.0556
52.0673
52.079
52.0907
52.1024
52.1141
52.1258
52.1374
52.1491
52.1607
52.1723
52.1839
52.1955
52.2071
52.2187
52.2303
52.2419
52.2534
52.265
52.2765
52.2881
52.2996
52.3111
52.3226
52.3341
52.3456
52.357
52.3685
52.3799
52.3914
52.4028
52.4142
52.4256
52.4369
52.4482
52.4596
52.4709
52.4821
52.4934
52.5046
52.5158
52.527
52.5381
52.5492
52.5603
52.5714
52.5825
52.5935
52.6045
52.6155
52.6264
52.6373
52.6482
52.6591
52.67
52.6808
52.6916
52.7024
52.7131
52.7238
52.7345
52.7452
52.7558
52.7665
52.777
52.7876
52.7981
52.8086
52.8191
52.8295
52.8399
52.8502
52.8605
52.8707
52.881
52.8911
52.9012
52.9113
52.9213
52.9313
52.9412
52.9511
52.9609
52.9706
52.9804
52.99
52.9996
53.0092
53.0187
53.0281
53.0375
53.0468
53.0561
53.0653
53.0745
53.0837
53.0927
53.1018
53.1108
53.1197
53.1286
53.1374
53.1462
53.155
53.1637
53.1723
53.1809
53.1895
53.198
53.2065
53.2149
53.2232
53.2315
53.2397
53.2479
53.256
53.2641
53.2721
53.28
53.2879
53.2957
53.3034
53.3111
53.3187
53.3262
53.3336
53.341
53.3483
53.3555
53.3626
53.3697
53.3767
53.3836
53.3904
53.3971
53.4038
53.4104
53.4169
53.4233
53.4296
53.4359
53.4421
53.4482
53.4542
53.4601
53.466
53.4717
53.4774
53.4831
53.4886
53.4941
53.4995
53.5048
53.51
53.5152
53.5202
53.5252
53.5302
53.535
53.5398
53.5445
53.5491
53.5537
53.5581
53.5625
53.5669
53.5711
53.5753
53.5794
53.5834
53.5874
53.5912
53.595
53.5988
53.6025
53.6061
53.6096
53.6131
53.6164
53.6198
53.623
53.6262
53.6294
53.6325
53.6355
53.6384
53.6413
53.6441
53.6469
53.6496
53.6522
53.6548
53.6573
53.6598
53.6622
53.6646
53.6669
53.6691
53.6713
53.6734
53.6755
53.6775
53.6795
53.6814
53.6833
53.6851
53.6868
53.6886
53.6902
53.6918
53.6934
53.6949
53.6963
53.6977
53.6991
53.7004
53.7017
53.7029
53.7041
53.7052
53.7063
53.7074
53.7084
53.7095
53.7104
53.7114
53.7123
53.7132
53.7141
53.715
53.7158
53.7167
53.7175
53.7184
53.7192
53.72
53.7209
53.7217
53.7226
53.7234
53.7243
53.7252
53.7261
53.727
53.7279
53.7289
53.7298
53.7308
53.7318
53.7328
53.7339
53.735
53.736
53.7372
53.7383
53.7394
53.7406
53.7418
53.743
53.7442
53.7455
53.7467
53.748
53.7493
53.7506
53.7519
53.7532
53.7545
53.7558
53.7572
53.7585
53.7598
53.7612
53.7625
53.7639
53.7652
53.7666
53.7679
53.7692
53.7706
53.7719
53.7732
53.7745
53.7758
53.7771
53.7784
53.7797
53.7809
53.7822
53.7834
53.7847
53.7859
53.7871
53.7883
53.7895
53.7907
53.7919
53.7931
53.7942
53.7954
53.7965
53.7977
53.7988
53.7999
53.801
53.8021
53.8032
53.8043
53.8053
53.8064
53.8074
53.8084
53.8095
53.8105
53.8115
53.8124
53.8134
53.8143
53.8153
53.8162
53.8171
53.818
53.8189
53.8198
53.8206
53.8215
53.8223
53.8231
53.824
53.8248
53.8256
53.8264
53.8271
53.8279
53.8287
53.8295
53.8302
53.831
53.8317
53.8325
53.8332
53.8339
53.8347
53.8354
53.8361
53.8369
53.8376
53.8383
53.839
53.8397
53.8404
53.8411
53.8418
53.8425
53.8432
53.8438
53.8445
53.8451
53.8458
53.8464
53.847
53.8476
53.8482
53.8488
53.8494
53.8499
53.8505
53.851
53.8516
53.852
53.8526
53.8529
53.8536
53.8538
53.8545
53.8547
53.8554
53.8555
53.8562
53.8563
53.857
53.857
53.8578
53.8578
53.8587
)
;

boundaryField
{
    inlet
    {
        type            calculated;
        value           nonuniform List<scalar> 5(50.8968 50.8969 50.8969 50.8969 50.8968);
    }
    outlet
    {
        type            calculated;
        value           nonuniform List<scalar> 5(53.859 53.859 53.859 53.859 53.859);
    }
    sides
    {
        type            empty;
    }
    walls
    {
        type            calculated;
        value           nonuniform List<scalar> 
2760
(
50.8968
50.8968
50.897
50.8972
50.8974
50.8974
50.8974
50.8974
50.8972
50.8971
50.8969
50.8968
50.8967
50.8967
50.8966
50.8966
50.8965
50.8965
50.8965
50.8964
50.8963
50.8961
50.8959
50.8956
50.8953
50.895
50.8946
50.8944
50.8941
50.8939
50.8937
50.8934
50.8932
50.8928
50.8924
50.892
50.8915
50.8911
50.8906
50.89
50.8895
50.8889
50.8884
50.8878
50.8873
50.8867
50.8861
50.8855
50.8849
50.8843
50.8837
50.8831
50.8826
50.882
50.8814
50.8808
50.8802
50.8796
50.879
50.8784
50.8778
50.8773
50.8767
50.8761
50.8755
50.875
50.8744
50.8738
50.8732
50.8727
50.8721
50.8716
50.871
50.8705
50.87
50.8695
50.869
50.8685
50.868
50.8676
50.8671
50.8667
50.8663
50.866
50.8656
50.8653
50.865
50.8647
50.8645
50.8643
50.8641
50.8639
50.8637
50.8636
50.8635
50.8634
50.8633
50.8632
50.8631
50.863
50.863
50.8629
50.8628
50.8628
50.8627
50.8626
50.8625
50.8624
50.8624
50.8623
50.8622
50.8621
50.862
50.8619
50.8618
50.8617
50.8616
50.8615
50.8615
50.8614
50.8614
50.8613
50.8613
50.8613
50.8613
50.8613
50.8614
50.8614
50.8615
50.8616
50.8616
50.8617
50.8618
50.8619
50.862
50.8621
50.8621
50.8622
50.8622
50.8623
50.8623
50.8623
50.8622
50.8622
50.8621
50.862
50.8619
50.8618
50.8617
50.8616
50.8614
50.8613
50.8611
50.861
50.8608
50.8606
50.8605
50.8603
50.8602
50.8601
50.86
50.8599
50.8598
50.8597
50.8596
50.8596
50.8595
50.8595
50.8595
50.8594
50.8594
50.8593
50.8592
50.859
50.8589
50.8586
50.8584
50.8581
50.8577
50.8573
50.8569
50.8565
50.856
50.8556
50.8551
50.8546
50.8541
50.8535
50.853
50.8525
50.8519
50.8513
50.8508
50.8502
50.8497
50.8491
50.8487
50.8482
50.8482
50.845
50.8968
50.8968
50.897
50.8972
50.8974
50.8974
50.8974
50.8974
50.8972
50.8971
50.8969
50.8968
50.8967
50.8967
50.8966
50.8966
50.8965
50.8965
50.8965
50.8964
50.8963
50.8961
50.8959
50.8956
50.8953
50.895
50.8946
50.8944
50.8941
50.8939
50.8937
50.8934
50.8932
50.8928
50.8924
50.892
50.8915
50.8911
50.8906
50.89
50.8895
50.8889
50.8884
50.8878
50.8873
50.8867
50.8861
50.8855
50.8849
50.8843
50.8837
50.8831
50.8826
50.882
50.8814
50.8808
50.8802
50.8796
50.879
50.8784
50.8778
50.8773
50.8767
50.8761
50.8755
50.875
50.8744
50.8738
50.8732
50.8727
50.8721
50.8716
50.871
50.8705
50.87
50.8695
50.869
50.8685
50.868
50.8676
50.8671
50.8667
50.8663
50.866
50.8656
50.8653
50.865
50.8647
50.8645
50.8643
50.8641
50.8639
50.8637
50.8636
50.8635
50.8634
50.8633
50.8632
50.8631
50.863
50.863
50.8629
50.8628
50.8628
50.8627
50.8626
50.8625
50.8624
50.8624
50.8623
50.8622
50.8621
50.862
50.8619
50.8618
50.8617
50.8616
50.8615
50.8615
50.8614
50.8614
50.8613
50.8613
50.8613
50.8613
50.8613
50.8614
50.8614
50.8615
50.8616
50.8616
50.8617
50.8618
50.8619
50.862
50.8621
50.8621
50.8622
50.8622
50.8623
50.8623
50.8623
50.8622
50.8622
50.8621
50.862
50.8619
50.8618
50.8617
50.8616
50.8614
50.8613
50.8611
50.861
50.8608
50.8606
50.8605
50.8603
50.8602
50.8601
50.86
50.8599
50.8598
50.8597
50.8596
50.8596
50.8595
50.8595
50.8595
50.8594
50.8594
50.8593
50.8592
50.859
50.8589
50.8586
50.8584
50.8581
50.8577
50.8574
50.8569
50.8565
50.856
50.8556
50.8551
50.8546
50.8541
50.8536
50.853
50.8525
50.8519
50.8514
50.8508
50.8502
50.8496
50.8492
50.8486
50.8483
50.8464
50.8583
50.863
50.8696
50.8702
50.8682
50.8663
50.8644
50.8623
50.8611
50.8624
50.8632
50.8598
50.8509
50.8394
50.8303
50.8226
50.8155
50.8127
50.8189
50.8309
50.8321
50.8154
50.8032
50.7987
50.798
50.7958
50.7909
50.7843
50.7761
50.7685
50.7596
50.7515
50.7429
50.7351
50.7272
50.7205
50.714
50.7088
50.704
50.7005
50.6987
50.7572
50.7258
50.735
50.7388
50.7319
50.7277
50.7274
50.7271
50.7264
50.7257
50.7252
50.7249
50.7243
50.7237
50.7232
50.7226
50.722
50.7215
50.7209
50.7204
50.7198
50.7194
50.719
50.7185
50.7179
50.7173
50.7168
50.7163
50.7159
50.7154
50.7149
50.7144
50.714
50.7137
50.7132
50.7128
50.7122
50.7117
50.7111
50.7106
50.7101
50.7096
50.7095
50.7091
50.7087
50.7082
50.7074
50.7068
50.7064
50.706
50.7058
50.7057
50.7055
50.7054
50.7051
50.7039
50.6978
50.683
50.673
50.6699
50.6708
50.6797
50.6952
50.7047
50.7089
50.7098
50.7093
50.7081
50.7065
50.7052
50.7042
50.7033
50.7026
50.702
50.7014
50.7008
50.7003
50.6999
50.6994
50.6989
50.6985
50.698
50.6976
50.6971
50.6967
50.6962
50.6958
50.6953
50.6949
50.6944
50.694
50.6935
50.6931
50.6926
50.6921
50.6917
50.6912
50.6907
50.6902
50.6898
50.6893
50.6888
50.6883
50.6878
50.6873
50.6868
50.6864
50.6859
50.6854
50.685
50.6845
50.6841
50.6836
50.6832
50.6828
50.6824
50.682
50.6816
50.6812
50.6809
50.6805
50.6802
50.6799
50.6795
50.6792
50.6789
50.6786
50.6783
50.6779
50.6776
50.6773
50.6769
50.6765
50.6762
50.6757
50.6753
50.6749
50.6744
50.6739
50.6735
50.6729
50.6724
50.6719
50.6713
50.6707
50.6701
50.6695
50.6689
50.6683
50.6677
50.667
50.6664
50.6658
50.6651
50.6645
50.6639
50.6633
50.6627
50.6621
50.6616
50.661
50.6605
50.66
50.6596
50.6592
50.6588
50.6584
50.6581
50.6578
50.6575
50.6572
50.657
50.6567
50.6565
50.6563
50.6561
50.6559
50.6556
50.6554
50.6551
50.6549
50.6546
50.6542
50.6539
50.6536
50.6532
50.6528
50.6524
50.652
50.6516
50.6511
50.6507
50.6503
50.6499
50.6494
50.649
50.6485
50.6482
50.6465
50.6545
50.7187
50.7223
50.722
50.7207
50.7194
50.7187
50.7183
50.718
50.7177
50.7173
50.7169
50.7164
50.716
50.7155
50.7151
50.7145
50.714
50.7135
50.7129
50.7123
50.7118
50.7112
50.7107
50.7101
50.7096
50.7091
50.7086
50.7082
50.7077
50.7073
50.7069
50.7065
50.7061
50.7056
50.7051
50.7047
50.7043
50.7039
50.7035
50.7031
50.7026
50.7022
50.7015
50.7009
50.7004
50.6998
50.6991
50.6985
50.6982
50.698
50.6978
50.6975
50.6957
50.6881
50.6771
50.671
50.6692
50.6695
50.6738
50.6837
50.6917
50.6973
50.7009
50.703
50.7041
50.7046
50.7047
50.7045
50.7041
50.7037
50.7032
50.7027
50.7022
50.7017
50.7012
50.7007
50.7003
50.6998
50.6993
50.6989
50.6984
50.698
50.6976
50.6971
50.6967
50.6962
50.6958
50.6953
50.6949
50.6944
50.694
50.6935
50.6931
50.6926
50.6921
50.6917
50.6912
50.6907
50.6902
50.6898
50.6893
50.6888
50.6883
50.6878
50.6873
50.6868
50.6864
50.6859
50.6854
50.685
50.6845
50.6841
50.6836
50.6832
50.6828
50.6824
50.682
50.6816
50.6812
50.6809
50.6805
50.6802
50.6799
50.6795
50.6792
50.6789
50.6786
50.6783
50.6779
50.6776
50.6773
50.6769
50.6765
50.6762
50.6757
50.6753
50.6749
50.6744
50.6739
50.6735
50.6729
50.6724
50.6719
50.6713
50.6707
50.6701
50.6695
50.6689
50.6683
50.6677
50.667
50.6664
50.6658
50.6651
50.6645
50.6639
50.6633
50.6627
50.6621
50.6616
50.661
50.6605
50.66
50.6596
50.6592
50.6588
50.6584
50.6581
50.6578
50.6575
50.6572
50.657
50.6567
50.6565
50.6563
50.6561
50.6559
50.6556
50.6554
50.6551
50.6549
50.6546
50.6542
50.6539
50.6536
50.6532
50.6528
50.6524
50.652
50.6516
50.6511
50.6507
50.6503
50.6499
50.6494
50.649
50.6486
50.6482
50.6481
50.6464
50.6185
50.606
50.6013
50.6003
50.5979
50.593
50.5863
50.5793
50.5713
50.5635
50.5555
50.5474
50.54
50.5327
50.5263
50.5199
50.5145
50.5093
50.5057
50.5038
50.6613
50.6678
50.6684
50.6666
50.6651
50.6638
50.6631
50.6625
50.6596
50.6532
50.6462
50.6404
50.6355
50.6325
50.6368
50.6467
50.6538
50.6505
50.6379
50.6168
50.5257
50.5301
50.5288
50.5272
50.5261
50.5254
50.525
50.5247
50.5244
50.5243
50.5242
50.5241
50.524
50.524
50.524
50.524
50.524
50.524
50.524
50.524
50.5241
50.5241
50.5241
50.5242
50.5243
50.5243
50.5244
50.5245
50.5246
50.5247
50.5248
50.5249
50.525
50.5251
50.5252
50.5253
50.5254
50.5255
50.5256
50.5257
50.5257
50.5257
50.5255
50.5253
50.5251
50.5251
50.5249
50.5247
50.5244
50.5243
50.5245
50.5246
50.5247
50.5234
50.5168
50.506
50.4998
50.498
50.4986
50.5026
50.5125
50.5211
50.5273
50.5315
50.5343
50.5361
50.5372
50.5379
50.5383
50.5386
50.5388
50.539
50.5391
50.5393
50.5394
50.5395
50.5396
50.5397
50.5397
50.5398
50.5398
50.5398
50.5398
50.5397
50.5397
50.5396
50.5395
50.5394
50.5392
50.5391
50.5389
50.5387
50.5385
50.5384
50.5381
50.5379
50.5376
50.5375
50.536
50.5436
50.544
50.5335
50.5479
50.5421
50.5356
50.5345
50.5343
50.5339
50.533
50.5326
50.5326
50.5324
50.5322
50.5321
50.5321
50.532
50.532
50.532
50.5319
50.532
50.532
50.532
50.532
50.532
50.5321
50.5322
50.5323
50.5323
50.5324
50.5325
50.5325
50.5326
50.5328
50.5329
50.533
50.5331
50.5331
50.5331
50.533
50.533
50.533
50.5331
50.5333
50.5336
50.5336
50.5331
50.5326
50.5324
50.5323
50.5324
50.5325
50.5326
50.5327
50.5329
50.5331
50.5331
50.5324
50.5282
50.5153
50.5046
50.5009
50.5015
50.5078
50.5232
50.5344
50.5401
50.5421
50.5425
50.5422
50.5412
50.5405
50.5401
50.5399
50.5397
50.5397
50.5397
50.5397
50.5398
50.5398
50.5398
50.5398
50.5398
50.5398
50.5398
50.5397
50.5396
50.5395
50.5394
50.5392
50.5391
50.5389
50.5387
50.5386
50.5384
50.5382
50.5379
50.5377
50.5375
50.5376
50.5362
50.5084
50.4958
50.4912
50.4902
50.4878
50.4829
50.4762
50.4693
50.4613
50.4535
50.4455
50.4374
50.43
50.4227
50.4163
50.4099
50.4044
50.3992
50.3955
50.3937
50.5509
50.5575
50.5581
50.5564
50.5549
50.5537
50.553
50.5522
50.5492
50.5428
50.5359
50.5303
50.5256
50.5232
50.5287
50.5386
50.5442
50.5389
50.5248
50.5039
50.4155
50.42
50.4188
50.4173
50.4162
50.4152
50.4147
50.4143
50.414
50.4136
50.4131
50.4127
50.4123
50.4119
50.4115
50.4111
50.4106
50.4102
50.4098
50.4094
50.409
50.4086
50.4083
50.4079
50.4075
50.4072
50.4069
50.4066
50.4063
50.406
50.4057
50.4055
50.4053
50.405
50.4048
50.4046
50.4045
50.4043
50.4041
50.4039
50.4036
50.4032
50.4028
50.4024
50.402
50.4014
50.4008
50.4004
50.4001
50.4
50.3998
50.3988
50.3938
50.3826
50.3749
50.372
50.3718
50.3743
50.3831
50.3919
50.3982
50.4023
50.4048
50.4062
50.4069
50.4071
50.407
50.4068
50.4064
50.406
50.4056
50.4051
50.4047
50.4042
50.4037
50.4033
50.4028
50.4024
50.4019
50.4014
50.401
50.4005
50.4001
50.3996
50.3991
50.3987
50.3982
50.3978
50.3973
50.3969
50.3965
50.396
50.3956
50.3951
50.3947
50.3943
50.3938
50.3934
50.393
50.3926
50.3922
50.3917
50.3913
50.391
50.3906
50.3902
50.3898
50.3895
50.3891
50.3888
50.3885
50.3882
50.3879
50.3877
50.3874
50.3872
50.387
50.3868
50.3866
50.3864
50.3862
50.386
50.3859
50.3857
50.3856
50.3854
50.3853
50.3852
50.385
50.3849
50.3848
50.3847
50.3846
50.3844
50.3843
50.3843
50.3842
50.3841
50.3841
50.384
50.384
50.384
50.384
50.3841
50.3841
50.3842
50.3843
50.3844
50.3846
50.3847
50.3849
50.3852
50.3854
50.3857
50.386
50.3863
50.3867
50.3871
50.3875
50.388
50.3885
50.389
50.3895
50.3901
50.3907
50.3914
50.392
50.3927
50.3934
50.3941
50.3948
50.3955
50.3962
50.3969
50.3976
50.3983
50.3991
50.3998
50.4005
50.4012
50.4019
50.4027
50.4034
50.4042
50.405
50.4058
50.4067
50.4076
50.4085
50.4094
50.4104
50.4114
50.4125
50.4136
50.4147
50.4158
50.4171
50.4183
50.4201
50.42
50.4331
50.4245
50.437
50.4308
50.4253
50.4242
50.4237
50.4229
50.422
50.4215
50.4212
50.4207
50.4203
50.4198
50.4194
50.419
50.4185
50.4181
50.4177
50.4173
50.4169
50.4165
50.4161
50.4158
50.4154
50.4151
50.4148
50.4145
50.4141
50.4138
50.4136
50.4133
50.4131
50.4129
50.4126
50.4123
50.412
50.4117
50.4114
50.4112
50.4109
50.4108
50.4108
50.4106
50.41
50.4093
50.4087
50.4083
50.408
50.4078
50.4077
50.4076
50.4075
50.4073
50.4065
50.4025
50.3899
50.3783
50.3738
50.3738
50.3792
50.3941
50.4051
50.4104
50.412
50.4118
50.4109
50.4094
50.4081
50.4071
50.4063
50.4056
50.405
50.4044
50.4039
50.4034
50.4029
50.4024
50.4019
50.4014
50.401
50.4005
50.4001
50.3996
50.3991
50.3987
50.3982
50.3978
50.3973
50.3969
50.3965
50.396
50.3956
50.3951
50.3947
50.3943
50.3938
50.3934
50.393
50.3926
50.3922
50.3917
50.3913
50.391
50.3906
50.3902
50.3898
50.3895
50.3891
50.3888
50.3885
50.3882
50.3879
50.3877
50.3874
50.3872
50.387
50.3868
50.3866
50.3864
50.3862
50.386
50.3859
50.3857
50.3856
50.3854
50.3853
50.3852
50.385
50.3849
50.3848
50.3847
50.3846
50.3844
50.3843
50.3843
50.3842
50.3841
50.3841
50.384
50.384
50.384
50.384
50.3841
50.3841
50.3842
50.3843
50.3844
50.3846
50.3847
50.3849
50.3852
50.3854
50.3857
50.386
50.3863
50.3867
50.3871
50.3875
50.388
50.3885
50.389
50.3895
50.3901
50.3907
50.3914
50.392
50.3927
50.3934
50.3941
50.3948
50.3955
50.3962
50.3969
50.3976
50.3983
50.3991
50.3998
50.4005
50.4012
50.4019
50.4027
50.4034
50.4042
50.405
50.4058
50.4067
50.4076
50.4085
50.4094
50.4104
50.4114
50.4125
50.4136
50.4147
50.4159
50.4169
50.4182
50.4184
50.4278
50.435
50.4415
50.4426
50.4413
50.4402
50.4392
50.4386
50.4393
50.4393
50.4359
50.4285
50.421
50.4155
50.4106
50.4073
50.4109
50.4214
50.4289
50.4265
50.4142
50.3957
50.3845
50.3804
50.3798
50.378
50.3736
50.3676
50.3613
50.3544
50.3475
50.3401
50.3328
50.3262
50.3196
50.3138
50.3083
50.3036
50.2992
50.2958
50.2941
50.3216
50.3233
50.3401
50.3383
50.3364
50.3377
50.34
50.3423
50.3446
50.347
50.3494
50.3519
50.3545
50.3571
50.3598
50.3625
50.3653
50.3681
50.371
50.374
50.3771
50.3803
50.3835
50.3868
50.3904
50.3939
50.3974
50.4009
50.4046
50.4084
50.4123
50.4163
50.4204
50.4247
50.429
50.4333
50.4376
50.4419
50.4465
50.4516
50.4569
50.4615
50.463
50.455
50.4481
50.4493
50.4558
50.4692
50.4906
50.5055
50.5147
50.5211
50.5265
50.5302
50.5343
50.5389
50.5438
50.5489
50.5542
50.5596
50.5651
50.5707
50.5764
50.5822
50.5881
50.594
50.6
50.6062
50.6124
50.6186
50.625
50.6315
50.638
50.6446
50.6513
50.658
50.6649
50.6718
50.6787
50.6857
50.6928
50.6999
50.7071
50.7143
50.7216
50.7289
50.7362
50.7436
50.7511
50.7586
50.7661
50.7737
50.7813
50.7889
50.7967
50.8044
50.8122
50.8201
50.828
50.836
50.844
50.8521
50.8602
50.8684
50.8767
50.8851
50.8935
50.9019
50.9105
50.9191
50.9278
50.9366
50.9454
50.9543
50.9632
50.9723
50.9813
50.9905
50.9997
51.009
51.0183
51.0276
51.037
51.0465
51.056
51.0655
51.0751
51.0847
51.0944
51.1041
51.1138
51.1236
51.1334
51.1432
51.1531
51.163
51.1729
51.1829
51.1929
51.2029
51.213
51.2231
51.2333
51.2435
51.2537
51.264
51.2743
51.2847
51.2952
51.3056
51.3162
51.3267
51.3373
51.348
51.3587
51.3695
51.3803
51.3911
51.402
51.4129
51.4239
51.4349
51.4459
51.457
51.468
51.4792
51.4903
51.5015
51.5126
51.5238
51.5351
51.5463
51.5575
51.5688
51.5801
51.5914
51.6027
51.614
51.6254
51.6367
51.6481
51.6595
51.6709
51.6823
51.6938
51.7052
51.7167
51.7282
51.7397
51.7512
51.7628
51.7744
51.7859
51.7976
51.8092
51.8208
51.8325
51.8442
51.8559
51.8676
51.8793
51.8911
51.9028
51.9146
51.9263
51.9381
51.9498
51.9616
51.9734
51.9851
51.9969
52.0087
52.0204
52.0322
52.0439
52.0556
52.0673
52.079
52.0907
52.1024
52.1141
52.1258
52.1374
52.1491
52.1607
52.1723
52.1839
52.1955
52.2071
52.2187
52.2303
52.2419
52.2534
52.265
52.2765
52.2881
52.2996
52.3111
52.3226
52.3341
52.3456
52.357
52.3685
52.3799
52.3914
52.4028
52.4142
52.4256
52.4369
52.4482
52.4596
52.4709
52.4821
52.4934
52.5046
52.5158
52.527
52.5381
52.5492
52.5603
52.5714
52.5825
52.5935
52.6045
52.6155
52.6264
52.6373
52.6482
52.6591
52.67
52.6808
52.6916
52.7024
52.7131
52.7238
52.7345
52.7452
52.7558
52.7665
52.777
52.7876
52.7981
52.8086
52.8191
52.8295
52.8399
52.8502
52.8605
52.8707
52.881
52.8911
52.9012
52.9113
52.9213
52.9313
52.9412
52.9511
52.9609
52.9706
52.9804
52.99
52.9996
53.0092
53.0187
53.0281
53.0375
53.0468
53.0561
53.0653
53.0745
53.0837
53.0927
53.1018
53.1108
53.1197
53.1286
53.1374
53.1462
53.155
53.1637
53.1723
53.1809
53.1895
53.198
53.2065
53.2149
53.2232
53.2315
53.2397
53.2479
53.256
53.2641
53.2721
53.28
53.2879
53.2957
53.3034
53.3111
53.3187
53.3262
53.3336
53.341
53.3483
53.3555
53.3626
53.3697
53.3767
53.3836
53.3904
53.3971
53.4038
53.4104
53.4169
53.4233
53.4296
53.4359
53.4421
53.4482
53.4542
53.4601
53.466
53.4717
53.4774
53.4831
53.4886
53.4941
53.4995
53.5048
53.51
53.5152
53.5202
53.5252
53.5302
53.535
53.5398
53.5445
53.5491
53.5537
53.5581
53.5625
53.5669
53.5711
53.5753
53.5794
53.5834
53.5874
53.5912
53.595
53.5988
53.6025
53.6061
53.6096
53.6131
53.6164
53.6198
53.623
53.6262
53.6294
53.6325
53.6355
53.6384
53.6413
53.6441
53.6469
53.6496
53.6522
53.6548
53.6573
53.6598
53.6622
53.6646
53.6669
53.6691
53.6713
53.6734
53.6755
53.6775
53.6795
53.6814
53.6833
53.6851
53.6868
53.6886
53.6902
53.6918
53.6934
53.6949
53.6963
53.6977
53.6991
53.7004
53.7017
53.7029
53.7041
53.7052
53.7063
53.7074
53.7084
53.7095
53.7104
53.7114
53.7123
53.7132
53.7141
53.715
53.7158
53.7167
53.7175
53.7184
53.7192
53.72
53.7209
53.7217
53.7226
53.7234
53.7243
53.7252
53.7261
53.727
53.7279
53.7289
53.7298
53.7308
53.7318
53.7328
53.7339
53.735
53.736
53.7372
53.7383
53.7394
53.7406
53.7418
53.743
53.7442
53.7455
53.7467
53.748
53.7493
53.7506
53.7519
53.7532
53.7545
53.7558
53.7572
53.7585
53.7598
53.7612
53.7625
53.7639
53.7652
53.7666
53.7679
53.7692
53.7706
53.7719
53.7732
53.7745
53.7758
53.7771
53.7784
53.7797
53.7809
53.7822
53.7834
53.7847
53.7859
53.7871
53.7883
53.7895
53.7907
53.7919
53.7931
53.7942
53.7954
53.7965
53.7977
53.7988
53.7999
53.801
53.8021
53.8032
53.8043
53.8053
53.8064
53.8074
53.8084
53.8095
53.8105
53.8115
53.8124
53.8134
53.8143
53.8153
53.8162
53.8171
53.818
53.8189
53.8198
53.8206
53.8215
53.8223
53.8231
53.824
53.8248
53.8256
53.8264
53.8271
53.8279
53.8287
53.8295
53.8302
53.831
53.8317
53.8325
53.8332
53.8339
53.8347
53.8354
53.8361
53.8369
53.8376
53.8383
53.839
53.8397
53.8404
53.8411
53.8418
53.8425
53.8432
53.8438
53.8445
53.8451
53.8458
53.8464
53.847
53.8476
53.8482
53.8488
53.8494
53.8499
53.8505
53.851
53.8516
53.852
53.8526
53.8529
53.8536
53.8538
53.8545
53.8547
53.8554
53.8555
53.8562
53.8563
53.857
53.857
53.8578
53.8578
53.8587
50.3128
50.3209
50.3251
50.3268
50.3279
50.3296
50.3318
50.3342
50.3366
50.339
50.3415
50.344
50.3466
50.3492
50.3519
50.3547
50.3575
50.3604
50.3633
50.3663
50.3694
50.3724
50.3756
50.3788
50.3821
50.3855
50.3891
50.3928
50.3966
50.4003
50.4043
50.4085
50.4127
50.4167
50.4206
50.4245
50.4289
50.4338
50.439
50.4437
50.4457
50.4413
50.4381
50.4398
50.4452
50.453
50.4662
50.4806
50.4919
50.5012
50.5087
50.5151
50.5212
50.527
50.5324
50.5378
50.5431
50.5485
50.5539
50.5595
50.565
50.5707
50.5764
50.5822
50.5881
50.594
50.6
50.6062
50.6124
50.6186
50.625
50.6315
50.638
50.6446
50.6513
50.658
50.6649
50.6718
50.6787
50.6857
50.6928
50.6999
50.7071
50.7143
50.7216
50.7289
50.7362
50.7436
50.7511
50.7586
50.7661
50.7737
50.7813
50.7889
50.7967
50.8044
50.8122
50.8201
50.828
50.836
50.844
50.8521
50.8602
50.8684
50.8767
50.8851
50.8935
50.9019
50.9105
50.9191
50.9278
50.9366
50.9454
50.9543
50.9632
50.9723
50.9813
50.9905
50.9997
51.009
51.0183
51.0276
51.037
51.0465
51.056
51.0655
51.0751
51.0847
51.0944
51.1041
51.1138
51.1236
51.1334
51.1432
51.1531
51.163
51.1729
51.1829
51.1929
51.2029
51.213
51.2231
51.2333
51.2435
51.2537
51.264
51.2743
51.2847
51.2952
51.3056
51.3162
51.3267
51.3373
51.348
51.3587
51.3695
51.3803
51.3911
51.402
51.4129
51.4239
51.4349
51.4459
51.457
51.468
51.4792
51.4903
51.5015
51.5126
51.5238
51.5351
51.5463
51.5575
51.5688
51.5801
51.5914
51.6027
51.614
51.6254
51.6367
51.6481
51.6595
51.6709
51.6823
51.6938
51.7052
51.7167
51.7282
51.7397
51.7512
51.7628
51.7744
51.7859
51.7976
51.8092
51.8208
51.8325
51.8442
51.8559
51.8676
51.8793
51.8911
51.9028
51.9146
51.9263
51.9381
51.9498
51.9616
51.9734
51.9851
51.9969
52.0087
52.0204
52.0322
52.0439
52.0556
52.0673
52.079
52.0907
52.1024
52.1141
52.1258
52.1374
52.1491
52.1607
52.1723
52.1839
52.1955
52.2071
52.2187
52.2303
52.2419
52.2534
52.265
52.2765
52.2881
52.2996
52.3111
52.3226
52.3341
52.3456
52.357
52.3685
52.3799
52.3914
52.4028
52.4142
52.4256
52.4369
52.4482
52.4596
52.4709
52.4821
52.4934
52.5046
52.5158
52.527
52.5381
52.5492
52.5603
52.5714
52.5825
52.5935
52.6045
52.6155
52.6264
52.6373
52.6482
52.6591
52.67
52.6808
52.6916
52.7024
52.7131
52.7238
52.7345
52.7452
52.7558
52.7665
52.777
52.7876
52.7981
52.8086
52.8191
52.8295
52.8399
52.8502
52.8605
52.8707
52.881
52.8911
52.9012
52.9113
52.9213
52.9313
52.9412
52.9511
52.9609
52.9706
52.9804
52.99
52.9996
53.0092
53.0187
53.0281
53.0375
53.0468
53.0561
53.0653
53.0745
53.0837
53.0927
53.1018
53.1108
53.1197
53.1286
53.1374
53.1462
53.155
53.1637
53.1723
53.1809
53.1895
53.198
53.2065
53.2149
53.2232
53.2315
53.2397
53.2479
53.256
53.2641
53.2721
53.28
53.2879
53.2957
53.3034
53.3111
53.3187
53.3262
53.3336
53.341
53.3483
53.3555
53.3626
53.3697
53.3767
53.3836
53.3904
53.3971
53.4038
53.4104
53.4169
53.4233
53.4296
53.4359
53.4421
53.4482
53.4542
53.4601
53.466
53.4717
53.4774
53.4831
53.4886
53.4941
53.4995
53.5048
53.51
53.5152
53.5202
53.5252
53.5302
53.535
53.5398
53.5445
53.5491
53.5537
53.5581
53.5625
53.5669
53.5711
53.5753
53.5794
53.5834
53.5874
53.5912
53.595
53.5988
53.6025
53.6061
53.6096
53.6131
53.6164
53.6198
53.623
53.6262
53.6294
53.6325
53.6355
53.6384
53.6413
53.6441
53.6469
53.6496
53.6522
53.6548
53.6573
53.6598
53.6622
53.6646
53.6669
53.6691
53.6713
53.6734
53.6755
53.6775
53.6795
53.6814
53.6833
53.6851
53.6868
53.6886
53.6902
53.6918
53.6934
53.6949
53.6963
53.6977
53.6991
53.7004
53.7017
53.7029
53.7041
53.7052
53.7063
53.7074
53.7084
53.7095
53.7104
53.7114
53.7123
53.7132
53.7141
53.715
53.7158
53.7167
53.7175
53.7184
53.7192
53.72
53.7209
53.7217
53.7226
53.7234
53.7243
53.7252
53.7261
53.727
53.7279
53.7289
53.7298
53.7308
53.7318
53.7328
53.7339
53.735
53.736
53.7372
53.7383
53.7394
53.7406
53.7418
53.743
53.7442
53.7455
53.7467
53.748
53.7493
53.7506
53.7519
53.7532
53.7545
53.7558
53.7572
53.7585
53.7598
53.7612
53.7625
53.7639
53.7652
53.7666
53.7679
53.7692
53.7706
53.7719
53.7732
53.7745
53.7758
53.7771
53.7784
53.7797
53.7809
53.7822
53.7834
53.7847
53.7859
53.7871
53.7883
53.7895
53.7907
53.7919
53.7931
53.7942
53.7954
53.7965
53.7977
53.7988
53.7999
53.801
53.8021
53.8032
53.8043
53.8053
53.8064
53.8074
53.8084
53.8095
53.8105
53.8115
53.8124
53.8134
53.8143
53.8153
53.8162
53.8171
53.818
53.8189
53.8198
53.8206
53.8215
53.8223
53.8231
53.824
53.8248
53.8256
53.8264
53.8271
53.8279
53.8287
53.8295
53.8302
53.831
53.8317
53.8325
53.8332
53.8339
53.8347
53.8354
53.8361
53.8369
53.8376
53.8383
53.839
53.8397
53.8404
53.8411
53.8418
53.8425
53.8432
53.8438
53.8445
53.8451
53.8458
53.8464
53.847
53.8476
53.8482
53.8488
53.8494
53.8499
53.8505
53.851
53.8516
53.852
53.8526
53.8529
53.8536
53.8538
53.8545
53.8547
53.8554
53.8555
53.8562
53.8563
53.857
53.857
53.8578
53.8578
53.8587
)
;
    }
}


// ************************************************************************* //
