/*--------------------------------*- C++ -*----------------------------------*\
| =========                 |                                                 |
| \\      /  F ield         | OpenFOAM: The Open Source CFD Toolbox           |
|  \\    /   O peration     | Version:  3.0.x                                 |
|   \\  /    A nd           | Web:      www.OpenFOAM.org                      |
|    \\/     M anipulation  |                                                 |
\*---------------------------------------------------------------------------*/
FoamFile
{
    version     2.0;
    format      ascii;
    class       volScalarField;
    location    "0.25";
    object      T;
}
// * * * * * * * * * * * * * * * * * * * * * * * * * * * * * * * * * * * * * //

dimensions      [0 0 0 1 0 0 0];

internalField   nonuniform List<scalar> 
6900
(
774.318
774.317
774.314
774.311
774.31
774.309
774.309
774.309
774.309
774.309
774.307
774.305
774.302
774.299
774.296
774.292
774.288
774.284
774.281
774.278
774.276
774.274
774.273
774.272
774.271
774.269
774.267
774.263
774.259
774.255
774.251
774.248
774.246
774.244
774.242
774.241
774.239
774.238
774.237
774.236
774.235
774.234
774.233
774.231
774.23
774.229
774.228
774.227
774.227
774.226
774.225
774.224
774.223
774.222
774.221
774.22
774.22
774.219
774.218
774.217
774.216
774.216
774.215
774.214
774.214
774.213
774.212
774.212
774.211
774.211
774.21
774.21
774.209
774.209
774.209
774.208
774.208
774.208
774.208
774.208
774.208
774.208
774.208
774.208
774.208
774.208
774.208
774.209
774.209
774.209
774.209
774.209
774.209
774.209
774.209
774.209
774.209
774.209
774.209
774.208
774.208
774.208
774.208
774.208
774.207
774.207
774.207
774.207
774.207
774.207
774.206
774.206
774.206
774.206
774.206
774.206
774.207
774.207
774.207
774.207
774.207
774.207
774.207
774.207
774.208
774.208
774.207
774.207
774.207
774.207
774.207
774.207
774.206
774.206
774.205
774.205
774.204
774.203
774.202
774.202
774.201
774.2
774.199
774.198
774.197
774.196
774.195
774.194
774.193
774.192
774.191
774.191
774.19
774.189
774.188
774.187
774.186
774.186
774.185
774.184
774.183
774.182
774.181
774.18
774.178
774.177
774.175
774.174
774.172
774.171
774.169
774.168
774.166
774.164
774.162
774.16
774.159
774.157
774.155
774.153
774.151
774.149
774.147
774.146
774.144
774.142
774.141
774.139
774.138
774.137
774.135
774.134
774.133
774.132
774.13
774.13
774.128
774.128
774.127
774.193
774.317
774.315
774.312
774.309
774.308
774.307
774.307
774.307
774.307
774.307
774.306
774.303
774.3
774.298
774.294
774.291
774.287
774.283
774.28
774.277
774.274
774.273
774.271
774.271
774.27
774.268
774.265
774.261
774.257
774.254
774.25
774.247
774.245
774.243
774.241
774.239
774.238
774.237
774.236
774.235
774.234
774.232
774.231
774.23
774.229
774.228
774.227
774.226
774.225
774.224
774.224
774.223
774.222
774.221
774.22
774.219
774.218
774.218
774.217
774.216
774.215
774.215
774.214
774.213
774.212
774.212
774.211
774.21
774.21
774.209
774.209
774.208
774.208
774.208
774.207
774.207
774.207
774.207
774.207
774.207
774.207
774.207
774.207
774.207
774.207
774.207
774.207
774.207
774.207
774.208
774.208
774.208
774.208
774.208
774.208
774.208
774.208
774.208
774.207
774.207
774.207
774.207
774.207
774.206
774.206
774.206
774.206
774.206
774.206
774.205
774.205
774.205
774.205
774.205
774.205
774.205
774.205
774.206
774.206
774.206
774.206
774.206
774.206
774.206
774.206
774.206
774.206
774.206
774.206
774.206
774.206
774.205
774.205
774.205
774.204
774.203
774.203
774.202
774.201
774.2
774.2
774.199
774.198
774.197
774.196
774.195
774.194
774.193
774.192
774.191
774.19
774.189
774.189
774.188
774.187
774.186
774.185
774.184
774.184
774.183
774.182
774.181
774.18
774.178
774.177
774.176
774.174
774.173
774.171
774.17
774.168
774.166
774.165
774.163
774.161
774.159
774.157
774.156
774.154
774.152
774.15
774.148
774.146
774.145
774.143
774.141
774.14
774.138
774.137
774.136
774.134
774.133
774.132
774.131
774.129
774.129
774.127
774.127
774.126
774.187
774.317
774.315
774.312
774.31
774.308
774.307
774.307
774.307
774.307
774.307
774.306
774.303
774.3
774.298
774.294
774.291
774.287
774.283
774.28
774.277
774.274
774.273
774.271
774.271
774.27
774.268
774.265
774.261
774.258
774.254
774.25
774.247
774.245
774.243
774.241
774.239
774.238
774.237
774.236
774.235
774.234
774.232
774.231
774.23
774.229
774.228
774.227
774.226
774.225
774.224
774.224
774.223
774.222
774.221
774.22
774.219
774.218
774.218
774.217
774.216
774.215
774.215
774.214
774.213
774.212
774.212
774.211
774.21
774.21
774.209
774.209
774.208
774.208
774.208
774.207
774.207
774.207
774.207
774.207
774.207
774.207
774.207
774.207
774.207
774.207
774.207
774.207
774.207
774.207
774.208
774.208
774.208
774.208
774.208
774.208
774.208
774.208
774.208
774.207
774.207
774.207
774.207
774.207
774.206
774.206
774.206
774.206
774.206
774.206
774.205
774.205
774.205
774.205
774.205
774.205
774.205
774.205
774.206
774.206
774.206
774.206
774.206
774.206
774.206
774.206
774.206
774.206
774.206
774.206
774.206
774.206
774.205
774.205
774.205
774.204
774.203
774.203
774.202
774.201
774.2
774.2
774.199
774.198
774.197
774.196
774.195
774.194
774.193
774.192
774.191
774.19
774.189
774.189
774.188
774.187
774.186
774.185
774.184
774.184
774.183
774.182
774.181
774.18
774.178
774.177
774.176
774.174
774.173
774.171
774.17
774.168
774.166
774.165
774.163
774.161
774.159
774.157
774.156
774.154
774.152
774.15
774.148
774.146
774.145
774.143
774.141
774.14
774.138
774.137
774.135
774.134
774.133
774.132
774.131
774.129
774.129
774.127
774.126
774.124
774.126
774.317
774.315
774.312
774.309
774.308
774.307
774.307
774.307
774.307
774.307
774.306
774.303
774.3
774.298
774.294
774.291
774.287
774.283
774.28
774.277
774.274
774.273
774.271
774.271
774.27
774.268
774.265
774.261
774.257
774.254
774.25
774.247
774.245
774.243
774.241
774.239
774.238
774.237
774.236
774.235
774.234
774.232
774.231
774.23
774.229
774.228
774.227
774.226
774.225
774.224
774.224
774.223
774.222
774.221
774.22
774.219
774.218
774.218
774.217
774.216
774.215
774.215
774.214
774.213
774.212
774.212
774.211
774.21
774.21
774.209
774.209
774.208
774.208
774.208
774.207
774.207
774.207
774.207
774.207
774.207
774.207
774.207
774.207
774.207
774.207
774.207
774.207
774.207
774.207
774.208
774.208
774.208
774.208
774.208
774.208
774.208
774.208
774.208
774.207
774.207
774.207
774.207
774.207
774.206
774.206
774.206
774.206
774.206
774.206
774.205
774.205
774.205
774.205
774.205
774.205
774.205
774.205
774.206
774.206
774.206
774.206
774.206
774.206
774.206
774.206
774.206
774.206
774.206
774.206
774.206
774.206
774.205
774.205
774.205
774.204
774.203
774.203
774.202
774.201
774.2
774.2
774.199
774.198
774.197
774.196
774.195
774.194
774.193
774.192
774.191
774.19
774.189
774.189
774.188
774.187
774.186
774.185
774.184
774.184
774.183
774.182
774.181
774.18
774.178
774.177
774.176
774.174
774.173
774.171
774.17
774.168
774.166
774.165
774.163
774.161
774.159
774.157
774.156
774.154
774.152
774.15
774.148
774.146
774.145
774.143
774.141
774.14
774.138
774.137
774.135
774.134
774.133
774.132
774.13
774.13
774.128
774.128
774.123
774.127
774.004
774.318
774.317
774.314
774.311
774.31
774.309
774.309
774.309
774.309
774.309
774.307
774.305
774.302
774.299
774.296
774.292
774.288
774.284
774.281
774.278
774.276
774.274
774.273
774.272
774.271
774.269
774.267
774.263
774.259
774.255
774.251
774.248
774.246
774.244
774.242
774.241
774.239
774.238
774.237
774.236
774.235
774.234
774.233
774.231
774.23
774.229
774.228
774.227
774.227
774.226
774.225
774.224
774.223
774.222
774.221
774.22
774.22
774.219
774.218
774.217
774.216
774.216
774.215
774.214
774.214
774.213
774.212
774.212
774.211
774.211
774.21
774.21
774.209
774.209
774.209
774.208
774.208
774.208
774.208
774.208
774.208
774.208
774.208
774.208
774.208
774.208
774.208
774.209
774.209
774.209
774.209
774.209
774.209
774.209
774.209
774.209
774.209
774.209
774.209
774.208
774.208
774.208
774.208
774.208
774.207
774.207
774.207
774.207
774.207
774.207
774.206
774.206
774.206
774.206
774.206
774.206
774.207
774.207
774.207
774.207
774.207
774.207
774.207
774.207
774.208
774.208
774.207
774.207
774.207
774.207
774.207
774.207
774.206
774.206
774.205
774.205
774.204
774.203
774.202
774.202
774.201
774.2
774.199
774.198
774.197
774.196
774.195
774.194
774.193
774.192
774.191
774.191
774.19
774.189
774.188
774.187
774.186
774.186
774.185
774.184
774.183
774.182
774.181
774.179
774.178
774.177
774.176
774.174
774.172
774.171
774.169
774.167
774.166
774.164
774.162
774.16
774.159
774.157
774.155
774.153
774.151
774.149
774.148
774.146
774.144
774.142
774.141
774.139
774.138
774.136
774.136
774.134
774.133
774.132
774.131
774.129
774.129
774.124
774.135
773.919
774.177
774.19
774.188
774.187
774.184
774.179
774.174
774.17
774.172
774.179
774.167
774.144
774.131
774.114
774.072
774.044
774.046
774.057
774.078
773.994
774.164
774.167
774.165
774.16
774.155
774.149
774.14
774.134
774.135
774.141
774.127
774.096
774.09
774.08
774.041
773.988
773.985
773.996
774.015
773.98
774.125
774.124
774.121
774.117
774.111
774.104
774.097
774.089
774.079
774.071
774.064
774.061
774.057
774.048
774.036
774.027
774.019
774.012
774.002
774.003
774.056
774.057
774.062
774.061
774.053
774.04
774.025
774.001
773.988
773.965
773.945
773.934
773.915
773.894
773.882
773.867
773.856
773.842
773.835
773.826
774.004
773.984
773.98
773.982
773.981
773.976
773.964
773.949
773.934
773.921
773.903
773.892
773.875
773.867
773.853
773.848
773.839
773.84
773.846
773.871
773.849
773.805
773.797
773.765
773.765
773.78
773.78
773.768
773.762
773.763
773.765
773.765
773.763
773.762
773.761
773.761
773.76
773.759
773.758
773.757
773.756
773.755
773.754
773.752
773.751
773.749
773.747
773.746
773.744
773.742
773.739
773.736
773.734
773.733
773.732
773.731
773.731
773.73
773.729
773.724
773.718
773.716
773.716
773.718
773.723
773.725
773.726
773.726
773.727
773.727
773.728
773.73
773.738
773.783
773.963
774.19
774.294
774.303
774.235
773.994
773.775
773.661
773.618
773.611
773.616
773.634
773.649
773.658
773.664
773.667
773.668
773.669
773.67
773.669
773.669
773.668
773.667
773.666
773.665
773.663
773.662
773.661
773.659
773.657
773.656
773.654
773.652
773.651
773.649
773.647
773.645
773.643
773.642
773.64
773.638
773.637
773.635
773.633
773.632
773.631
773.629
773.628
773.627
773.625
773.624
773.623
773.622
773.621
773.62
773.619
773.618
773.618
773.617
773.616
773.615
773.614
773.613
773.612
773.611
773.61
773.609
773.608
773.607
773.605
773.604
773.603
773.601
773.6
773.598
773.596
773.594
773.593
773.591
773.589
773.587
773.585
773.583
773.581
773.579
773.577
773.576
773.574
773.572
773.57
773.569
773.567
773.566
773.565
773.564
773.562
773.561
773.561
773.56
773.559
773.559
773.558
773.558
773.558
773.558
773.557
773.557
773.557
773.557
773.557
773.557
773.557
773.556
773.556
773.556
773.556
773.555
773.555
773.554
773.554
773.553
773.553
773.552
773.551
773.551
773.55
773.549
773.548
773.548
773.547
773.546
773.545
773.544
773.543
773.542
773.541
773.541
773.54
773.539
773.539
773.539
773.538
773.538
773.534
773.54
773.368
773.822
773.813
773.804
773.776
773.78
773.796
773.794
773.782
773.778
773.78
773.782
773.781
773.779
773.779
773.779
773.779
773.778
773.777
773.777
773.776
773.775
773.773
773.771
773.769
773.767
773.766
773.765
773.763
773.761
773.758
773.756
773.755
773.754
773.754
773.754
773.754
773.754
773.753
773.75
773.747
773.746
773.746
773.747
773.751
773.755
773.755
773.755
773.754
773.754
773.754
773.754
773.757
773.777
773.865
774.02
774.113
774.137
774.123
774.024
773.854
773.741
773.682
773.657
773.651
773.651
773.655
773.661
773.664
773.667
773.668
773.669
773.669
773.669
773.669
773.668
773.667
773.666
773.665
773.664
773.662
773.661
773.659
773.658
773.656
773.655
773.653
773.651
773.65
773.648
773.646
773.644
773.642
773.641
773.639
773.637
773.636
773.634
773.632
773.631
773.629
773.628
773.627
773.625
773.624
773.623
773.622
773.621
773.62
773.619
773.618
773.617
773.616
773.616
773.615
773.614
773.613
773.612
773.611
773.61
773.609
773.608
773.607
773.606
773.604
773.603
773.602
773.6
773.598
773.597
773.595
773.593
773.592
773.59
773.588
773.586
773.584
773.582
773.58
773.578
773.576
773.575
773.573
773.571
773.569
773.568
773.566
773.565
773.564
773.562
773.561
773.56
773.56
773.559
773.558
773.558
773.557
773.557
773.557
773.556
773.556
773.556
773.556
773.556
773.556
773.556
773.555
773.555
773.555
773.555
773.554
773.554
773.554
773.553
773.553
773.552
773.552
773.551
773.55
773.55
773.549
773.548
773.547
773.547
773.546
773.545
773.544
773.543
773.542
773.541
773.54
773.54
773.539
773.538
773.538
773.538
773.537
773.537
773.534
773.534
773.437
774.008
774.01
774.021
774.025
774.03
774.029
774.026
774.025
774.025
774.025
774.024
774.024
774.024
774.024
774.023
774.022
774.021
774.019
774.018
774.016
774.014
774.013
774.012
774.012
774.012
774.013
774.014
774.014
774.014
774.015
774.015
774.017
774.019
774.02
774.02
774.02
774.019
774.016
774.009
773.981
773.922
773.863
773.814
773.778
773.753
773.737
773.728
773.724
773.722
773.722
773.723
773.724
773.725
773.724
773.722
773.714
773.705
773.697
773.69
773.686
773.683
773.682
773.681
773.68
773.679
773.678
773.677
773.676
773.675
773.674
773.673
773.672
773.671
773.67
773.669
773.668
773.666
773.665
773.664
773.662
773.661
773.66
773.658
773.656
773.655
773.653
773.651
773.65
773.648
773.646
773.644
773.642
773.641
773.639
773.637
773.636
773.634
773.632
773.631
773.629
773.628
773.627
773.625
773.624
773.623
773.622
773.621
773.62
773.619
773.618
773.617
773.616
773.616
773.615
773.614
773.613
773.612
773.611
773.61
773.609
773.608
773.607
773.606
773.604
773.603
773.602
773.6
773.598
773.597
773.595
773.593
773.592
773.59
773.588
773.586
773.584
773.582
773.58
773.578
773.576
773.575
773.573
773.571
773.569
773.568
773.566
773.565
773.564
773.562
773.561
773.56
773.56
773.559
773.558
773.558
773.557
773.557
773.557
773.556
773.556
773.556
773.556
773.556
773.556
773.556
773.555
773.555
773.555
773.555
773.554
773.554
773.554
773.553
773.553
773.552
773.552
773.551
773.55
773.55
773.549
773.548
773.547
773.547
773.546
773.545
773.544
773.543
773.542
773.541
773.54
773.54
773.539
773.538
773.538
773.537
773.537
773.537
773.537
773.537
773.54
773.803
773.796
773.787
773.783
773.784
773.783
773.779
773.776
773.775
773.775
773.774
773.772
773.77
773.769
773.768
773.767
773.766
773.765
773.765
773.764
773.763
773.762
773.761
773.76
773.758
773.757
773.756
773.754
773.752
773.75
773.747
773.745
773.743
773.741
773.74
773.737
773.734
773.732
773.73
773.729
773.729
773.73
773.734
773.738
773.74
773.743
773.75
773.761
773.768
773.773
773.78
773.802
773.85
773.887
773.902
773.903
773.891
773.837
773.762
773.71
773.68
773.665
773.66
773.66
773.661
773.664
773.666
773.668
773.669
773.67
773.67
773.67
773.67
773.669
773.668
773.667
773.666
773.665
773.664
773.662
773.661
773.659
773.658
773.656
773.655
773.653
773.651
773.65
773.648
773.646
773.644
773.642
773.641
773.639
773.637
773.636
773.634
773.632
773.631
773.629
773.628
773.627
773.625
773.624
773.623
773.622
773.621
773.62
773.619
773.618
773.617
773.616
773.616
773.615
773.614
773.613
773.612
773.611
773.61
773.609
773.608
773.607
773.606
773.604
773.603
773.602
773.6
773.598
773.597
773.595
773.593
773.592
773.59
773.588
773.586
773.584
773.582
773.58
773.578
773.576
773.575
773.573
773.571
773.569
773.568
773.566
773.565
773.564
773.562
773.561
773.56
773.56
773.559
773.558
773.558
773.557
773.557
773.557
773.556
773.556
773.556
773.556
773.556
773.556
773.556
773.555
773.555
773.555
773.555
773.554
773.554
773.554
773.553
773.553
773.552
773.552
773.551
773.55
773.55
773.549
773.548
773.547
773.547
773.546
773.545
773.544
773.543
773.542
773.541
773.54
773.54
773.539
773.538
773.538
773.537
773.537
773.537
773.538
773.541
773.59
773.919
773.917
773.911
773.905
773.905
773.902
773.898
773.896
773.894
773.892
773.89
773.888
773.887
773.885
773.884
773.883
773.882
773.882
773.881
773.88
773.88
773.879
773.878
773.877
773.875
773.873
773.871
773.869
773.866
773.864
773.861
773.859
773.858
773.856
773.853
773.85
773.848
773.847
773.847
773.847
773.849
773.85
773.851
773.854
773.859
773.863
773.864
773.863
773.863
773.868
773.905
774.05
774.214
774.294
774.312
774.295
774.199
774.037
773.913
773.827
773.77
773.733
773.71
773.696
773.687
773.682
773.679
773.677
773.676
773.675
773.674
773.673
773.672
773.671
773.67
773.669
773.667
773.666
773.665
773.664
773.662
773.661
773.659
773.657
773.656
773.654
773.652
773.651
773.649
773.647
773.645
773.643
773.642
773.64
773.638
773.637
773.635
773.633
773.632
773.631
773.629
773.628
773.627
773.625
773.624
773.623
773.622
773.621
773.62
773.619
773.618
773.618
773.617
773.616
773.615
773.614
773.613
773.612
773.611
773.61
773.609
773.608
773.607
773.605
773.604
773.603
773.601
773.6
773.598
773.596
773.594
773.593
773.591
773.589
773.587
773.585
773.583
773.581
773.579
773.577
773.576
773.574
773.572
773.57
773.569
773.567
773.566
773.565
773.564
773.562
773.561
773.561
773.56
773.559
773.559
773.558
773.558
773.558
773.558
773.557
773.557
773.557
773.557
773.557
773.557
773.557
773.556
773.556
773.556
773.556
773.555
773.555
773.554
773.554
773.553
773.553
773.552
773.551
773.551
773.55
773.549
773.548
773.548
773.547
773.546
773.545
773.544
773.543
773.542
773.541
773.541
773.54
773.539
773.539
773.539
773.538
773.538
773.54
773.542
773.596
773.429
773.409
773.404
773.406
773.405
773.4
773.387
773.378
773.361
773.352
773.334
773.325
773.309
773.302
773.288
773.284
773.274
773.274
773.279
773.302
773.477
773.477
773.482
773.48
773.474
773.461
773.443
773.43
773.408
773.397
773.375
773.358
773.343
773.326
773.313
773.306
773.294
773.284
773.275
773.263
773.541
773.541
773.538
773.534
773.528
773.523
773.515
773.507
773.501
773.495
773.49
773.483
773.473
773.465
773.459
773.453
773.446
773.445
773.454
773.461
773.578
773.581
773.579
773.576
773.572
773.568
773.566
773.567
773.559
773.541
773.535
773.52
773.482
773.457
773.461
773.473
773.484
773.479
773.415
773.289
773.59
773.603
773.601
773.602
773.599
773.598
773.598
773.6
773.595
773.58
773.573
773.554
773.524
773.512
773.516
773.527
773.536
773.532
773.472
773.338
773.359
773.36
773.357
773.359
773.359
773.356
773.355
773.356
773.357
773.357
773.356
773.356
773.355
773.355
773.354
773.354
773.354
773.354
773.353
773.353
773.352
773.352
773.351
773.351
773.35
773.35
773.349
773.347
773.346
773.346
773.345
773.345
773.344
773.343
773.342
773.341
773.34
773.341
773.341
773.344
773.347
773.349
773.35
773.352
773.355
773.362
773.367
773.37
773.371
773.372
773.378
773.415
773.555
773.723
773.809
773.831
773.818
773.732
773.573
773.45
773.364
773.307
773.27
773.247
773.233
773.225
773.22
773.217
773.215
773.214
773.213
773.212
773.21
773.209
773.208
773.207
773.205
773.204
773.203
773.201
773.2
773.198
773.196
773.195
773.193
773.191
773.189
773.188
773.186
773.184
773.183
773.181
773.18
773.178
773.178
773.176
773.175
773.17
773.174
773.007
773.247
773.239
773.239
773.241
773.241
773.238
773.237
773.238
773.241
773.241
773.241
773.24
773.241
773.241
773.241
773.24
773.24
773.24
773.24
773.24
773.239
773.239
773.238
773.238
773.237
773.237
773.236
773.236
773.235
773.234
773.233
773.232
773.232
773.232
773.231
773.23
773.229
773.228
773.228
773.228
773.229
773.232
773.236
773.24
773.243
773.246
773.25
773.259
773.272
773.281
773.287
773.295
773.316
773.363
773.403
773.421
773.424
773.416
773.371
773.298
773.246
773.216
773.202
773.197
773.197
773.198
773.201
773.204
773.206
773.207
773.208
773.208
773.208
773.207
773.206
773.205
773.204
773.203
773.201
773.2
773.198
773.197
773.195
773.193
773.192
773.19
773.188
773.187
773.185
773.183
773.182
773.18
773.179
773.177
773.176
773.175
773.174
773.171
773.169
773.074
773.435
773.444
773.474
773.482
773.483
773.479
773.479
773.481
773.482
773.483
773.483
773.484
773.485
773.485
773.486
773.486
773.486
773.485
773.485
773.485
773.484
773.484
773.484
773.485
773.485
773.486
773.488
773.489
773.49
773.491
773.492
773.493
773.494
773.497
773.501
773.503
773.505
773.506
773.505
773.5
773.476
773.42
773.365
773.32
773.287
773.265
773.251
773.244
773.241
773.241
773.241
773.244
773.246
773.248
773.249
773.247
773.241
773.234
773.228
773.223
773.219
773.218
773.217
773.217
773.216
773.216
773.215
773.215
773.214
773.213
773.212
773.211
773.21
773.208
773.207
773.206
773.204
773.203
773.202
773.2
773.198
773.197
773.195
773.193
773.192
773.19
773.188
773.187
773.185
773.183
773.182
773.18
773.179
773.178
773.176
773.175
773.174
773.174
773.172
773.174
773.241
773.251
773.238
773.24
773.261
773.259
773.243
773.238
773.242
773.249
773.249
773.247
773.247
773.248
773.249
773.25
773.25
773.25
773.25
773.25
773.249
773.249
773.248
773.247
773.247
773.247
773.247
773.246
773.245
773.244
773.243
773.243
773.243
773.244
773.246
773.247
773.247
773.247
773.246
773.246
773.247
773.25
773.255
773.256
773.258
773.259
773.259
773.259
773.261
773.263
773.266
773.269
773.276
773.298
773.382
773.533
773.629
773.659
773.65
773.571
773.403
773.286
773.222
773.195
773.187
773.187
773.191
773.197
773.202
773.204
773.206
773.206
773.207
773.206
773.206
773.205
773.204
773.203
773.201
773.2
773.198
773.197
773.195
773.193
773.192
773.19
773.188
773.187
773.185
773.183
773.182
773.18
773.179
773.178
773.176
773.176
773.174
773.175
773.177
773.224
773.242
773.249
773.233
773.227
773.247
773.246
773.23
773.222
773.226
773.233
773.234
773.232
773.231
773.232
773.233
773.233
773.233
773.233
773.233
773.233
773.232
773.232
773.231
773.23
773.23
773.229
773.229
773.229
773.229
773.228
773.226
773.224
773.224
773.224
773.224
773.226
773.226
773.226
773.225
773.223
773.219
773.218
773.221
773.225
773.229
773.231
773.232
773.233
773.235
773.237
773.24
773.243
773.247
773.256
773.294
773.444
773.672
773.793
773.815
773.772
773.573
773.342
773.214
773.161
773.15
773.153
773.169
773.185
773.195
773.201
773.204
773.206
773.207
773.207
773.207
773.206
773.205
773.204
773.202
773.201
773.199
773.198
773.196
773.194
773.193
773.191
773.189
773.188
773.186
773.184
773.183
773.181
773.18
773.179
773.177
773.177
773.175
773.176
773.178
773.229
773.065
773.045
773.039
773.041
773.04
773.035
773.022
773.013
772.995
772.986
772.968
772.959
772.943
772.936
772.922
772.918
772.908
772.907
772.911
772.933
773.111
773.111
773.116
773.114
773.108
773.094
773.077
773.063
773.041
773.03
773.008
772.992
772.976
772.959
772.946
772.94
772.926
772.917
772.908
772.896
773.174
773.174
773.171
773.167
773.161
773.156
773.148
773.14
773.134
773.127
773.122
773.115
773.104
773.096
773.09
773.083
773.076
773.075
773.084
773.09
773.212
773.214
773.212
773.209
773.204
773.2
773.198
773.199
773.189
773.172
773.167
773.149
773.111
773.09
773.095
773.107
773.117
773.108
773.036
772.928
773.223
773.236
773.234
773.234
773.231
773.229
773.23
773.231
773.225
773.211
773.204
773.183
773.154
773.144
773.149
773.159
773.168
773.16
773.095
772.975
772.99
772.99
772.986
772.986
772.984
772.978
772.977
772.977
772.977
772.976
772.975
772.974
772.974
772.973
772.972
772.97
772.969
772.968
772.966
772.965
772.963
772.961
772.96
772.958
772.956
772.954
772.952
772.95
772.948
772.946
772.945
772.942
772.94
772.938
772.936
772.933
772.932
772.931
772.931
772.933
772.934
772.935
772.936
772.94
772.947
772.951
772.951
772.951
772.953
772.972
773.07
773.251
773.361
773.398
773.394
773.337
773.182
773.045
772.947
772.881
772.839
772.812
772.796
772.786
772.78
772.776
772.773
772.771
772.769
772.768
772.766
772.765
772.763
772.762
772.761
772.759
772.758
772.756
772.755
772.753
772.752
772.75
772.749
772.748
772.747
772.745
772.744
772.743
772.742
772.741
772.74
772.74
772.739
772.738
772.738
772.738
772.737
772.737
772.737
772.737
772.737
772.737
772.737
772.737
772.737
772.738
772.738
772.738
772.739
772.739
772.739
772.739
772.739
772.74
772.74
772.74
772.74
772.74
772.74
772.74
772.74
772.739
772.739
772.739
772.738
772.738
772.738
772.737
772.737
772.736
772.736
772.735
772.735
772.734
772.734
772.734
772.733
772.733
772.733
772.732
772.732
772.732
772.732
772.732
772.733
772.733
772.733
772.733
772.734
772.734
772.735
772.735
772.736
772.736
772.737
772.737
772.738
772.738
772.739
772.739
772.74
772.74
772.74
772.741
772.741
772.741
772.741
772.742
772.742
772.742
772.742
772.742
772.742
772.743
772.743
772.743
772.743
772.743
772.743
772.744
772.744
772.744
772.745
772.745
772.746
772.746
772.747
772.748
772.749
772.75
772.751
772.752
772.754
772.755
772.757
772.759
772.761
772.764
772.767
772.823
772.879
772.871
772.869
772.87
772.868
772.862
772.861
772.862
772.863
772.863
772.861
772.86
772.86
772.859
772.858
772.857
772.855
772.854
772.852
772.851
772.849
772.847
772.846
772.844
772.842
772.841
772.839
772.837
772.835
772.833
772.831
772.829
772.828
772.826
772.824
772.822
772.82
772.818
772.817
772.817
772.817
772.821
772.825
772.827
772.829
772.834
772.845
772.854
772.859
772.865
772.88
772.922
772.966
772.987
772.991
772.984
772.947
772.873
772.816
772.782
772.765
772.758
772.756
772.756
772.759
772.761
772.763
772.764
772.764
772.764
772.763
772.763
772.762
772.76
772.759
772.758
772.756
772.755
772.754
772.752
772.751
772.749
772.748
772.747
772.745
772.744
772.743
772.742
772.741
772.74
772.739
772.739
772.738
772.737
772.737
772.737
772.736
772.736
772.736
772.736
772.736
772.736
772.736
772.736
772.736
772.737
772.737
772.737
772.737
772.738
772.738
772.738
772.738
772.739
772.739
772.739
772.739
772.739
772.739
772.739
772.738
772.738
772.738
772.738
772.737
772.737
772.737
772.736
772.736
772.735
772.735
772.734
772.734
772.733
772.733
772.733
772.732
772.732
772.732
772.731
772.731
772.731
772.731
772.731
772.731
772.732
772.732
772.732
772.733
772.733
772.734
772.734
772.735
772.735
772.736
772.736
772.737
772.737
772.738
772.738
772.738
772.739
772.739
772.739
772.74
772.74
772.74
772.74
772.741
772.741
772.741
772.741
772.741
772.741
772.742
772.742
772.742
772.742
772.742
772.743
772.743
772.743
772.744
772.744
772.745
772.745
772.746
772.747
772.748
772.749
772.75
772.751
772.753
772.754
772.756
772.758
772.76
772.763
772.766
772.817
773.061
773.07
773.1
773.106
773.107
773.104
773.105
773.107
773.107
773.107
773.106
773.105
773.104
773.103
773.102
773.101
773.1
773.098
773.097
773.095
773.093
773.092
773.09
773.088
773.087
773.087
773.087
773.087
773.087
773.087
773.088
773.091
773.094
773.097
773.098
773.098
773.097
773.094
773.084
773.048
772.988
772.935
772.893
772.862
772.841
772.829
772.822
772.819
772.818
772.818
772.818
772.819
772.819
772.817
772.81
772.802
772.795
772.788
772.783
772.78
772.779
772.777
772.776
772.775
772.774
772.773
772.771
772.77
772.768
772.767
772.765
772.764
772.763
772.761
772.76
772.758
772.757
772.755
772.754
772.752
772.751
772.749
772.748
772.747
772.745
772.744
772.743
772.742
772.741
772.74
772.739
772.739
772.738
772.737
772.737
772.737
772.736
772.736
772.736
772.736
772.736
772.736
772.736
772.736
772.736
772.737
772.737
772.737
772.737
772.738
772.738
772.738
772.738
772.739
772.739
772.739
772.739
772.739
772.739
772.739
772.738
772.738
772.738
772.738
772.737
772.737
772.737
772.736
772.736
772.735
772.735
772.734
772.734
772.733
772.733
772.733
772.732
772.732
772.732
772.731
772.731
772.731
772.731
772.731
772.731
772.732
772.732
772.732
772.733
772.733
772.734
772.734
772.735
772.735
772.736
772.736
772.737
772.737
772.738
772.738
772.738
772.739
772.739
772.739
772.74
772.74
772.74
772.74
772.741
772.741
772.741
772.741
772.741
772.741
772.742
772.742
772.742
772.742
772.742
772.743
772.743
772.743
772.744
772.744
772.745
772.745
772.746
772.747
772.748
772.749
772.75
772.751
772.753
772.754
772.756
772.758
772.76
772.762
772.764
772.769
772.866
772.88
772.865
772.871
772.891
772.883
772.868
772.866
772.871
772.874
772.872
772.869
772.868
772.868
772.868
772.866
772.864
772.863
772.862
772.86
772.858
772.857
772.855
772.853
772.851
772.85
772.848
772.846
772.844
772.842
772.84
772.839
772.838
772.837
772.837
772.837
772.836
772.834
772.832
772.832
772.834
772.838
772.841
772.844
772.845
772.845
772.844
772.844
772.844
772.844
772.847
772.86
772.92
773.067
773.177
773.217
773.214
773.152
772.989
772.862
772.79
772.758
772.748
772.747
772.749
772.755
772.759
772.761
772.762
772.763
772.762
772.762
772.761
772.76
772.759
772.758
772.756
772.755
772.754
772.752
772.751
772.749
772.748
772.747
772.745
772.744
772.743
772.742
772.741
772.74
772.739
772.739
772.738
772.737
772.737
772.737
772.736
772.736
772.736
772.736
772.736
772.736
772.736
772.736
772.736
772.737
772.737
772.737
772.737
772.738
772.738
772.738
772.738
772.739
772.739
772.739
772.739
772.739
772.739
772.739
772.738
772.738
772.738
772.738
772.737
772.737
772.737
772.736
772.736
772.735
772.735
772.734
772.734
772.733
772.733
772.733
772.732
772.732
772.732
772.731
772.731
772.731
772.731
772.731
772.731
772.732
772.732
772.732
772.733
772.733
772.734
772.734
772.735
772.735
772.736
772.736
772.737
772.737
772.738
772.738
772.738
772.739
772.739
772.739
772.74
772.74
772.74
772.74
772.741
772.741
772.741
772.741
772.741
772.741
772.742
772.742
772.742
772.742
772.742
772.743
772.743
772.743
772.744
772.744
772.745
772.745
772.746
772.747
772.748
772.749
772.75
772.751
772.753
772.754
772.756
772.758
772.76
772.759
772.76
772.67
772.867
772.879
772.86
772.858
772.877
772.871
772.854
772.85
772.854
772.858
772.857
772.853
772.851
772.851
772.851
772.85
772.848
772.847
772.845
772.844
772.842
772.84
772.838
772.837
772.835
772.833
772.832
772.83
772.828
772.826
772.824
772.822
772.82
772.819
772.819
772.818
772.817
772.815
772.812
772.807
772.803
772.804
772.807
772.813
772.816
772.816
772.816
772.817
772.818
772.819
772.821
772.826
772.852
772.972
773.208
773.346
773.378
773.347
773.169
772.926
772.786
772.725
772.709
772.711
772.725
772.742
772.752
772.757
772.76
772.762
772.762
772.762
772.762
772.761
772.76
772.759
772.757
772.756
772.755
772.753
772.752
772.75
772.749
772.748
772.747
772.745
772.744
772.743
772.742
772.741
772.74
772.74
772.739
772.738
772.738
772.738
772.737
772.737
772.737
772.737
772.737
772.737
772.737
772.737
772.737
772.738
772.738
772.738
772.739
772.739
772.739
772.739
772.739
772.74
772.74
772.74
772.74
772.74
772.74
772.74
772.74
772.739
772.739
772.739
772.738
772.738
772.738
772.737
772.737
772.736
772.736
772.735
772.735
772.734
772.734
772.734
772.733
772.733
772.733
772.732
772.732
772.732
772.732
772.732
772.733
772.733
772.733
772.733
772.734
772.734
772.735
772.735
772.736
772.736
772.737
772.737
772.738
772.738
772.739
772.739
772.74
772.74
772.74
772.741
772.741
772.741
772.741
772.742
772.742
772.742
772.742
772.742
772.742
772.743
772.743
772.743
772.743
772.743
772.744
772.744
772.744
772.744
772.745
772.745
772.746
772.746
772.747
772.748
772.749
772.75
772.751
772.752
772.754
772.755
772.757
772.759
772.761
772.759
772.766
772.603
772.819
772.832
772.83
772.831
772.829
772.827
772.825
772.827
772.832
772.824
772.807
772.798
772.782
772.745
772.731
772.735
772.744
772.758
772.747
772.612
772.808
772.811
772.809
772.806
772.803
772.798
772.794
772.794
772.798
772.787
772.766
772.761
772.749
772.709
772.676
772.679
772.69
772.701
772.699
772.576
772.771
772.77
772.769
772.766
772.76
772.756
772.75
772.742
772.735
772.729
772.726
772.723
772.716
772.707
772.7
772.695
772.69
772.685
772.684
772.694
772.708
772.71
772.715
772.713
772.707
772.695
772.676
772.664
772.645
772.63
772.616
772.597
772.58
772.568
772.553
772.539
772.532
772.521
772.516
772.504
772.663
772.644
772.639
772.641
772.64
772.636
772.622
772.614
772.598
772.589
772.573
772.562
772.549
772.539
772.529
772.523
772.516
772.514
772.517
772.534
772.502
772.494
772.483
772.483
772.494
772.494
772.492
772.496
772.503
772.508
772.512
772.517
772.522
772.527
772.533
772.538
772.544
772.549
772.554
772.559
772.565
772.572
772.578
772.584
772.588
772.594
772.6
772.606
772.612
772.62
772.627
772.634
772.643
772.654
772.667
772.682
772.695
772.705
772.714
772.73
772.783
772.975
773.208
773.31
773.314
773.224
772.971
772.801
772.734
772.723
772.731
772.762
772.793
772.817
772.837
772.853
772.868
772.882
772.896
772.909
772.922
772.935
772.949
772.962
772.975
772.989
773.003
773.016
773.03
773.044
773.059
773.073
773.088
773.102
773.117
773.133
773.148
773.164
773.18
773.196
773.212
773.229
773.246
773.263
773.28
773.298
773.316
773.334
773.352
773.371
773.389
773.408
773.428
773.447
773.466
773.486
773.506
773.526
773.546
773.566
773.587
773.607
773.628
773.649
773.67
773.691
773.712
773.734
773.755
773.777
773.799
773.821
773.843
773.865
773.888
773.911
773.934
773.957
773.98
774.003
774.027
774.051
774.075
774.099
774.124
774.149
774.173
774.199
774.224
774.249
774.275
774.301
774.327
774.353
774.38
774.406
774.433
774.46
774.487
774.514
774.542
774.569
774.597
774.625
774.652
774.68
774.708
774.737
774.765
774.793
774.822
774.851
774.879
774.908
774.937
774.966
774.996
775.025
775.055
775.084
775.114
775.144
775.174
775.205
775.235
775.266
775.297
775.327
775.359
775.39
775.421
775.453
775.484
775.516
775.548
775.58
775.612
775.644
775.676
775.709
775.741
775.774
775.807
775.839
775.872
775.905
775.938
775.971
776.004
776.038
776.071
776.104
776.137
776.171
776.204
776.238
776.271
776.305
776.339
776.373
776.407
776.44
776.474
776.509
776.543
776.577
776.611
776.646
776.68
776.715
776.749
776.784
776.819
776.853
776.888
776.923
776.958
776.993
777.028
777.063
777.099
777.134
777.169
777.204
777.24
777.275
777.31
777.346
777.381
777.416
777.452
777.487
777.523
777.558
777.593
777.629
777.664
777.7
777.735
777.771
777.807
777.842
777.878
777.913
777.949
777.985
778.02
778.056
778.092
778.127
778.163
778.199
778.235
778.27
778.306
778.342
778.377
778.413
778.449
778.484
778.52
778.555
778.591
778.626
778.661
778.697
778.732
778.767
778.802
778.837
778.872
778.907
778.941
778.976
779.01
779.045
779.079
779.113
779.148
779.182
779.216
779.25
779.284
779.317
779.351
779.385
779.418
779.452
779.485
779.518
779.552
779.585
779.618
779.651
779.684
779.717
779.75
779.782
779.815
779.848
779.88
779.912
779.945
779.977
780.009
780.04
780.072
780.104
780.135
780.167
780.198
780.229
780.259
780.29
780.321
780.351
780.381
780.411
780.441
780.47
780.5
780.529
780.558
780.586
780.615
780.643
780.672
780.7
780.727
780.755
780.782
780.81
780.837
780.863
780.89
780.916
780.943
780.969
780.994
781.02
781.046
781.071
781.096
781.121
781.145
781.17
781.194
781.218
781.242
781.266
781.289
781.312
781.335
781.358
781.381
781.403
781.426
781.448
781.47
781.491
781.513
781.534
781.555
781.576
781.597
781.618
781.638
781.658
781.678
781.698
781.718
781.737
781.756
781.775
781.794
781.813
781.832
781.85
781.868
781.886
781.904
781.922
781.94
781.957
781.974
781.991
782.008
782.025
782.042
782.058
782.074
782.09
782.106
782.122
782.138
782.153
782.168
782.184
782.198
782.213
782.228
782.242
782.257
782.271
782.285
782.298
782.312
782.326
782.339
782.352
782.365
782.378
782.39
782.403
782.415
782.427
782.439
782.45
782.462
782.473
782.484
782.495
782.506
782.516
782.527
782.537
782.547
782.557
782.566
782.576
782.585
782.594
782.603
782.611
782.62
782.628
782.636
782.644
782.652
782.659
782.667
782.674
782.681
782.688
782.694
782.701
782.707
782.714
782.72
782.726
782.731
782.737
782.742
782.748
782.753
782.758
782.763
782.768
782.773
782.777
782.781
782.786
782.79
782.794
782.798
782.802
782.806
782.809
782.813
782.817
782.82
782.824
782.827
782.83
782.834
782.837
782.84
782.844
782.847
782.85
782.853
782.857
782.86
782.863
782.867
782.87
782.874
782.877
782.88
782.884
782.887
782.891
782.894
782.898
782.901
782.905
782.909
782.912
782.916
782.919
782.923
782.926
782.93
782.933
782.937
782.94
782.944
782.947
782.951
782.954
782.957
782.961
782.964
782.967
782.971
782.974
782.977
782.98
782.984
782.987
782.99
782.993
782.996
782.999
783.003
783.006
783.009
783.012
783.015
783.018
783.021
783.024
783.028
783.031
783.034
783.037
783.04
783.043
783.047
783.05
783.053
783.056
783.059
783.062
783.065
783.068
783.072
783.075
783.078
783.081
783.083
783.086
783.089
783.092
783.095
783.097
783.1
783.102
783.105
783.107
783.11
783.112
783.114
783.116
783.118
783.12
783.122
783.123
783.125
783.127
783.128
783.13
783.131
783.132
783.134
783.135
783.136
783.137
783.138
783.138
783.139
783.14
783.141
783.141
783.143
783.142
783.145
783.142
783.146
783.143
783.148
783.143
783.149
783.144
783.15
783.145
783.15
783.145
783.151
783.143
772.503
772.495
772.494
772.5
772.509
772.509
772.508
772.512
772.519
772.523
772.528
772.533
772.538
772.543
772.549
772.555
772.56
772.566
772.571
772.578
772.585
772.592
772.598
772.604
772.608
772.612
772.617
772.623
772.63
772.637
772.644
772.652
772.663
772.676
772.69
772.704
772.715
772.724
772.734
772.756
772.828
772.981
773.086
773.122
773.114
773.031
772.887
772.803
772.772
772.768
772.772
772.787
772.807
772.824
772.84
772.854
772.868
772.882
772.895
772.908
772.921
772.934
772.948
772.961
772.974
772.988
773.001
773.015
773.029
773.043
773.057
773.072
773.087
773.101
773.116
773.132
773.147
773.163
773.179
773.195
773.211
773.228
773.245
773.262
773.279
773.297
773.315
773.333
773.351
773.37
773.388
773.407
773.426
773.446
773.465
773.485
773.505
773.525
773.545
773.565
773.586
773.606
773.627
773.648
773.669
773.69
773.711
773.733
773.754
773.776
773.798
773.82
773.842
773.864
773.887
773.91
773.932
773.956
773.979
774.002
774.026
774.05
774.074
774.098
774.123
774.147
774.172
774.197
774.223
774.248
774.274
774.3
774.326
774.352
774.379
774.405
774.432
774.459
774.486
774.513
774.541
774.568
774.596
774.623
774.651
774.679
774.707
774.736
774.764
774.792
774.821
774.849
774.878
774.907
774.936
774.965
774.995
775.024
775.054
775.083
775.113
775.143
775.173
775.204
775.234
775.265
775.296
775.326
775.357
775.389
775.42
775.451
775.483
775.515
775.547
775.579
775.611
775.643
775.675
775.708
775.74
775.773
775.806
775.838
775.871
775.904
775.937
775.97
776.003
776.036
776.07
776.103
776.136
776.17
776.203
776.237
776.27
776.304
776.338
776.372
776.405
776.439
776.473
776.508
776.542
776.576
776.61
776.645
776.679
776.714
776.748
776.783
776.818
776.852
776.887
776.922
776.957
776.992
777.027
777.062
777.098
777.133
777.168
777.203
777.238
777.274
777.309
777.344
777.38
777.415
777.451
777.486
777.522
777.557
777.592
777.628
777.663
777.699
777.734
777.77
777.806
777.841
777.877
777.912
777.948
777.984
778.019
778.055
778.091
778.126
778.162
778.198
778.234
778.269
778.305
778.341
778.376
778.412
778.448
778.483
778.519
778.554
778.59
778.625
778.66
778.696
778.731
778.766
778.801
778.836
778.871
778.906
778.94
778.975
779.009
779.044
779.078
779.113
779.147
779.181
779.215
779.249
779.283
779.316
779.35
779.384
779.417
779.451
779.484
779.517
779.551
779.584
779.617
779.65
779.683
779.716
779.749
779.781
779.814
779.847
779.879
779.911
779.944
779.976
780.008
780.04
780.071
780.103
780.134
780.166
780.197
780.228
780.259
780.289
780.32
780.35
780.38
780.41
780.44
780.469
780.499
780.528
780.557
780.586
780.614
780.643
780.671
780.699
780.726
780.754
780.781
780.809
780.836
780.862
780.889
780.916
780.942
780.968
780.994
781.019
781.045
781.07
781.095
781.12
781.144
781.169
781.193
781.217
781.241
781.265
781.288
781.311
781.335
781.357
781.38
781.403
781.425
781.447
781.469
781.491
781.512
781.533
781.554
781.575
781.596
781.617
781.637
781.657
781.677
781.697
781.717
781.736
781.755
781.775
781.793
781.812
781.831
781.849
781.868
781.886
781.904
781.921
781.939
781.956
781.974
781.991
782.008
782.024
782.041
782.057
782.074
782.09
782.106
782.121
782.137
782.152
782.168
782.183
782.198
782.212
782.227
782.242
782.256
782.27
782.284
782.298
782.311
782.325
782.338
782.351
782.364
782.377
782.389
782.402
782.414
782.426
782.438
782.45
782.461
782.472
782.483
782.494
782.505
782.516
782.526
782.536
782.546
782.556
782.565
782.575
782.584
782.593
782.602
782.611
782.619
782.627
782.635
782.643
782.651
782.658
782.666
782.673
782.68
782.687
782.694
782.7
782.707
782.713
782.719
782.725
782.731
782.736
782.742
782.747
782.752
782.757
782.762
782.767
782.772
782.776
782.781
782.785
782.789
782.793
782.797
782.801
782.805
782.809
782.812
782.816
782.819
782.823
782.826
782.83
782.833
782.836
782.84
782.843
782.846
782.849
782.853
782.856
782.859
782.863
782.866
782.87
782.873
782.876
782.88
782.883
782.887
782.89
782.894
782.897
782.901
782.904
782.908
782.912
782.915
782.919
782.922
782.926
782.929
782.933
782.936
782.94
782.943
782.947
782.95
782.954
782.957
782.96
782.964
782.967
782.97
782.973
782.977
782.98
782.983
782.986
782.989
782.993
782.996
782.999
783.002
783.005
783.008
783.011
783.015
783.018
783.021
783.024
783.027
783.03
783.033
783.037
783.04
783.043
783.046
783.049
783.052
783.056
783.059
783.062
783.065
783.068
783.071
783.074
783.077
783.08
783.083
783.086
783.089
783.091
783.094
783.097
783.099
783.102
783.104
783.107
783.109
783.111
783.113
783.116
783.118
783.119
783.121
783.123
783.125
783.126
783.128
783.129
783.131
783.132
783.133
783.134
783.135
783.136
783.137
783.138
783.139
783.14
783.141
783.141
783.142
783.141
783.144
783.142
783.146
783.142
783.147
783.143
783.148
783.144
783.149
783.144
783.15
783.145
783.15
783.142
772.678
772.687
772.718
772.727
772.729
772.731
772.737
772.742
772.747
772.751
772.757
772.763
772.77
772.777
772.784
772.79
772.795
772.802
772.808
772.814
772.82
772.826
772.834
772.845
772.856
772.866
772.874
772.881
772.885
772.884
772.867
772.816
772.766
772.73
772.706
772.695
772.694
772.696
772.702
772.713
772.723
772.731
772.737
772.741
772.746
772.751
772.759
772.769
772.78
772.791
772.802
772.813
772.825
772.836
772.848
772.86
772.872
772.884
772.897
772.909
772.922
772.935
772.948
772.961
772.974
772.988
773.001
773.015
773.029
773.043
773.057
773.072
773.087
773.101
773.116
773.132
773.147
773.163
773.179
773.195
773.211
773.228
773.245
773.262
773.279
773.297
773.315
773.333
773.351
773.37
773.388
773.407
773.426
773.446
773.465
773.485
773.505
773.525
773.545
773.565
773.586
773.606
773.627
773.648
773.669
773.69
773.711
773.733
773.754
773.776
773.798
773.82
773.842
773.864
773.887
773.91
773.932
773.956
773.979
774.002
774.026
774.05
774.074
774.098
774.123
774.147
774.172
774.197
774.223
774.248
774.274
774.3
774.326
774.352
774.379
774.405
774.432
774.459
774.486
774.513
774.541
774.568
774.596
774.623
774.651
774.679
774.707
774.736
774.764
774.792
774.821
774.849
774.878
774.907
774.936
774.965
774.995
775.024
775.054
775.083
775.113
775.143
775.173
775.204
775.234
775.265
775.296
775.326
775.357
775.389
775.42
775.451
775.483
775.515
775.547
775.579
775.611
775.643
775.675
775.708
775.74
775.773
775.806
775.838
775.871
775.904
775.937
775.97
776.003
776.036
776.07
776.103
776.136
776.17
776.203
776.237
776.27
776.304
776.338
776.372
776.405
776.439
776.473
776.508
776.542
776.576
776.61
776.645
776.679
776.714
776.748
776.783
776.818
776.852
776.887
776.922
776.957
776.992
777.027
777.062
777.098
777.133
777.168
777.203
777.238
777.274
777.309
777.344
777.38
777.415
777.451
777.486
777.522
777.557
777.592
777.628
777.663
777.699
777.734
777.77
777.806
777.841
777.877
777.912
777.948
777.984
778.019
778.055
778.091
778.126
778.162
778.198
778.234
778.269
778.305
778.341
778.376
778.412
778.448
778.483
778.519
778.554
778.59
778.625
778.66
778.696
778.731
778.766
778.801
778.836
778.871
778.906
778.94
778.975
779.009
779.044
779.078
779.113
779.147
779.181
779.215
779.249
779.283
779.316
779.35
779.384
779.417
779.451
779.484
779.517
779.551
779.584
779.617
779.65
779.683
779.716
779.749
779.781
779.814
779.847
779.879
779.911
779.944
779.976
780.008
780.04
780.071
780.103
780.134
780.166
780.197
780.228
780.259
780.289
780.32
780.35
780.38
780.41
780.44
780.469
780.499
780.528
780.557
780.586
780.614
780.643
780.671
780.699
780.726
780.754
780.781
780.809
780.836
780.862
780.889
780.916
780.942
780.968
780.994
781.019
781.045
781.07
781.095
781.12
781.144
781.169
781.193
781.217
781.241
781.265
781.288
781.311
781.335
781.357
781.38
781.403
781.425
781.447
781.469
781.491
781.512
781.533
781.554
781.575
781.596
781.617
781.637
781.657
781.677
781.697
781.717
781.736
781.755
781.775
781.793
781.812
781.831
781.849
781.868
781.886
781.904
781.921
781.939
781.956
781.974
781.991
782.008
782.024
782.041
782.057
782.074
782.09
782.106
782.121
782.137
782.152
782.168
782.183
782.198
782.212
782.227
782.242
782.256
782.27
782.284
782.298
782.311
782.325
782.338
782.351
782.364
782.377
782.389
782.402
782.414
782.426
782.438
782.45
782.461
782.472
782.483
782.494
782.505
782.516
782.526
782.536
782.546
782.556
782.565
782.575
782.584
782.593
782.602
782.611
782.619
782.627
782.635
782.643
782.651
782.658
782.666
782.673
782.68
782.687
782.694
782.7
782.707
782.713
782.719
782.725
782.731
782.736
782.742
782.747
782.752
782.757
782.762
782.767
782.772
782.776
782.781
782.785
782.789
782.793
782.797
782.801
782.805
782.809
782.812
782.816
782.819
782.823
782.826
782.83
782.833
782.836
782.84
782.843
782.846
782.849
782.853
782.856
782.859
782.863
782.866
782.87
782.873
782.876
782.88
782.883
782.887
782.89
782.894
782.897
782.901
782.904
782.908
782.912
782.915
782.919
782.922
782.926
782.929
782.933
782.936
782.94
782.943
782.947
782.95
782.954
782.957
782.96
782.964
782.967
782.97
782.973
782.977
782.98
782.983
782.986
782.989
782.993
782.996
782.999
783.002
783.005
783.008
783.011
783.015
783.018
783.021
783.024
783.027
783.03
783.033
783.037
783.04
783.043
783.046
783.049
783.052
783.056
783.059
783.062
783.065
783.068
783.071
783.074
783.077
783.08
783.083
783.086
783.089
783.091
783.094
783.097
783.099
783.102
783.104
783.107
783.109
783.111
783.113
783.116
783.118
783.119
783.121
783.123
783.125
783.126
783.128
783.129
783.131
783.132
783.133
783.134
783.135
783.136
783.137
783.138
783.139
783.14
783.141
783.141
783.142
783.141
783.144
783.142
783.146
783.142
783.147
783.143
783.148
783.144
783.149
783.144
783.15
783.145
783.15
783.142
772.479
772.484
772.489
772.492
772.495
772.496
772.5
772.506
772.511
772.515
772.52
772.524
772.529
772.534
772.539
772.544
772.549
772.554
772.56
772.565
772.571
772.577
772.583
772.589
772.595
772.601
772.608
772.615
772.621
772.629
772.64
772.651
772.659
772.671
772.69
772.712
772.729
772.741
772.757
772.798
772.854
772.894
772.91
772.91
772.888
772.825
772.781
772.765
772.764
772.767
772.779
772.796
772.812
772.827
772.842
772.856
772.869
772.882
772.895
772.908
772.921
772.935
772.948
772.961
772.974
772.988
773.001
773.015
773.029
773.043
773.057
773.072
773.087
773.101
773.116
773.132
773.147
773.163
773.179
773.195
773.211
773.228
773.245
773.262
773.279
773.297
773.315
773.333
773.351
773.37
773.388
773.407
773.426
773.446
773.465
773.485
773.505
773.525
773.545
773.565
773.586
773.606
773.627
773.648
773.669
773.69
773.711
773.733
773.754
773.776
773.798
773.82
773.842
773.864
773.887
773.91
773.932
773.956
773.979
774.002
774.026
774.05
774.074
774.098
774.123
774.147
774.172
774.197
774.223
774.248
774.274
774.3
774.326
774.352
774.379
774.405
774.432
774.459
774.486
774.513
774.541
774.568
774.596
774.623
774.651
774.679
774.707
774.736
774.764
774.792
774.821
774.849
774.878
774.907
774.936
774.965
774.995
775.024
775.054
775.083
775.113
775.143
775.173
775.204
775.234
775.265
775.296
775.326
775.357
775.389
775.42
775.451
775.483
775.515
775.547
775.579
775.611
775.643
775.675
775.708
775.74
775.773
775.806
775.838
775.871
775.904
775.937
775.97
776.003
776.036
776.07
776.103
776.136
776.17
776.203
776.237
776.27
776.304
776.338
776.372
776.405
776.439
776.473
776.508
776.542
776.576
776.61
776.645
776.679
776.714
776.748
776.783
776.818
776.852
776.887
776.922
776.957
776.992
777.027
777.062
777.098
777.133
777.168
777.203
777.238
777.274
777.309
777.344
777.38
777.415
777.451
777.486
777.522
777.557
777.592
777.628
777.663
777.699
777.734
777.77
777.806
777.841
777.877
777.912
777.948
777.984
778.019
778.055
778.091
778.126
778.162
778.198
778.234
778.269
778.305
778.341
778.376
778.412
778.448
778.483
778.519
778.554
778.59
778.625
778.66
778.696
778.731
778.766
778.801
778.836
778.871
778.906
778.94
778.975
779.009
779.044
779.078
779.113
779.147
779.181
779.215
779.249
779.283
779.316
779.35
779.384
779.417
779.451
779.484
779.517
779.551
779.584
779.617
779.65
779.683
779.716
779.749
779.781
779.814
779.847
779.879
779.911
779.944
779.976
780.008
780.04
780.071
780.103
780.134
780.166
780.197
780.228
780.259
780.289
780.32
780.35
780.38
780.41
780.44
780.469
780.499
780.528
780.557
780.586
780.614
780.643
780.671
780.699
780.726
780.754
780.781
780.809
780.836
780.862
780.889
780.916
780.942
780.968
780.994
781.019
781.045
781.07
781.095
781.12
781.144
781.169
781.193
781.217
781.241
781.265
781.288
781.311
781.335
781.357
781.38
781.403
781.425
781.447
781.469
781.491
781.512
781.533
781.554
781.575
781.596
781.617
781.637
781.657
781.677
781.697
781.717
781.736
781.755
781.775
781.793
781.812
781.831
781.849
781.868
781.886
781.904
781.921
781.939
781.956
781.974
781.991
782.008
782.024
782.041
782.057
782.074
782.09
782.106
782.121
782.137
782.152
782.168
782.183
782.198
782.212
782.227
782.242
782.256
782.27
782.284
782.298
782.311
782.325
782.338
782.351
782.364
782.377
782.389
782.402
782.414
782.426
782.438
782.45
782.461
782.472
782.483
782.494
782.505
782.516
782.526
782.536
782.546
782.556
782.565
782.575
782.584
782.593
782.602
782.611
782.619
782.627
782.635
782.643
782.651
782.658
782.666
782.673
782.68
782.687
782.694
782.7
782.707
782.713
782.719
782.725
782.731
782.736
782.742
782.747
782.752
782.757
782.762
782.767
782.772
782.776
782.781
782.785
782.789
782.793
782.797
782.801
782.805
782.809
782.812
782.816
782.819
782.823
782.826
782.83
782.833
782.836
782.84
782.843
782.846
782.849
782.853
782.856
782.859
782.863
782.866
782.87
782.873
782.876
782.88
782.883
782.887
782.89
782.894
782.897
782.901
782.904
782.908
782.912
782.915
782.919
782.922
782.926
782.929
782.933
782.936
782.94
782.943
782.947
782.95
782.954
782.957
782.96
782.964
782.967
782.97
782.973
782.977
782.98
782.983
782.986
782.989
782.993
782.996
782.999
783.002
783.005
783.008
783.011
783.015
783.018
783.021
783.024
783.027
783.03
783.033
783.037
783.04
783.043
783.046
783.049
783.052
783.056
783.059
783.062
783.065
783.068
783.071
783.074
783.077
783.08
783.083
783.086
783.089
783.091
783.094
783.097
783.099
783.102
783.104
783.107
783.109
783.111
783.113
783.116
783.118
783.119
783.121
783.123
783.125
783.126
783.128
783.129
783.131
783.132
783.133
783.134
783.135
783.136
783.137
783.138
783.139
783.14
783.141
783.141
783.142
783.141
783.144
783.142
783.146
783.142
783.147
783.143
783.148
783.144
783.149
783.144
783.15
783.145
783.15
783.142
772.585
772.596
772.605
772.605
772.607
772.609
772.614
772.619
772.623
772.628
772.633
772.637
772.642
772.647
772.651
772.656
772.661
772.666
772.672
772.678
772.684
772.691
772.698
772.704
772.71
772.716
772.723
772.73
772.738
772.746
772.753
772.763
772.779
772.797
772.812
772.822
772.828
772.838
772.869
772.986
773.155
773.252
773.281
773.271
773.191
773.045
772.941
772.877
772.84
772.823
772.821
772.822
772.828
772.838
772.849
772.86
772.873
772.885
772.898
772.91
772.923
772.936
772.949
772.962
772.976
772.989
773.003
773.016
773.03
773.044
773.059
773.073
773.088
773.102
773.118
773.133
773.148
773.164
773.18
773.196
773.212
773.229
773.246
773.263
773.28
773.298
773.316
773.334
773.352
773.371
773.389
773.408
773.428
773.447
773.466
773.486
773.506
773.526
773.546
773.566
773.587
773.607
773.628
773.649
773.67
773.691
773.712
773.734
773.755
773.777
773.799
773.821
773.843
773.865
773.888
773.911
773.934
773.957
773.98
774.003
774.027
774.051
774.075
774.099
774.124
774.149
774.173
774.199
774.224
774.249
774.275
774.301
774.327
774.353
774.38
774.406
774.433
774.46
774.487
774.514
774.542
774.569
774.597
774.625
774.652
774.68
774.708
774.737
774.765
774.793
774.822
774.851
774.879
774.908
774.937
774.966
774.996
775.025
775.055
775.084
775.114
775.144
775.174
775.205
775.235
775.266
775.297
775.327
775.359
775.39
775.421
775.453
775.484
775.516
775.548
775.58
775.612
775.644
775.676
775.709
775.741
775.774
775.807
775.839
775.872
775.905
775.938
775.971
776.004
776.038
776.071
776.104
776.137
776.171
776.204
776.238
776.271
776.305
776.339
776.373
776.407
776.44
776.474
776.509
776.543
776.577
776.611
776.646
776.68
776.715
776.749
776.784
776.819
776.853
776.888
776.923
776.958
776.993
777.028
777.063
777.099
777.134
777.169
777.204
777.24
777.275
777.31
777.346
777.381
777.416
777.452
777.487
777.523
777.558
777.593
777.629
777.664
777.7
777.735
777.771
777.807
777.842
777.878
777.913
777.949
777.985
778.02
778.056
778.092
778.127
778.163
778.199
778.235
778.27
778.306
778.342
778.377
778.413
778.449
778.484
778.52
778.555
778.591
778.626
778.661
778.697
778.732
778.767
778.802
778.837
778.872
778.907
778.941
778.976
779.01
779.045
779.079
779.113
779.148
779.182
779.216
779.25
779.284
779.317
779.351
779.385
779.418
779.452
779.485
779.518
779.552
779.585
779.618
779.651
779.684
779.717
779.75
779.782
779.815
779.848
779.88
779.912
779.945
779.977
780.009
780.04
780.072
780.104
780.135
780.167
780.198
780.229
780.259
780.29
780.321
780.351
780.381
780.411
780.441
780.47
780.5
780.529
780.558
780.586
780.615
780.643
780.672
780.7
780.727
780.755
780.782
780.81
780.837
780.863
780.89
780.916
780.943
780.969
780.994
781.02
781.046
781.071
781.096
781.121
781.145
781.17
781.194
781.218
781.242
781.266
781.289
781.312
781.335
781.358
781.381
781.403
781.426
781.448
781.47
781.491
781.513
781.534
781.555
781.576
781.597
781.618
781.638
781.658
781.678
781.698
781.718
781.737
781.756
781.775
781.794
781.813
781.832
781.85
781.868
781.886
781.904
781.922
781.94
781.957
781.974
781.991
782.008
782.025
782.042
782.058
782.074
782.09
782.106
782.122
782.138
782.153
782.168
782.184
782.198
782.213
782.228
782.242
782.257
782.271
782.285
782.298
782.312
782.326
782.339
782.352
782.365
782.378
782.39
782.403
782.415
782.427
782.439
782.45
782.462
782.473
782.484
782.495
782.506
782.516
782.527
782.537
782.547
782.557
782.566
782.576
782.585
782.594
782.603
782.611
782.62
782.628
782.636
782.644
782.652
782.659
782.667
782.674
782.681
782.688
782.694
782.701
782.707
782.714
782.72
782.726
782.731
782.737
782.742
782.748
782.753
782.758
782.763
782.768
782.773
782.777
782.781
782.786
782.79
782.794
782.798
782.802
782.806
782.809
782.813
782.817
782.82
782.824
782.827
782.83
782.834
782.837
782.84
782.844
782.847
782.85
782.853
782.857
782.86
782.863
782.867
782.87
782.874
782.877
782.88
782.884
782.887
782.891
782.894
782.898
782.901
782.905
782.909
782.912
782.916
782.919
782.923
782.926
782.93
782.933
782.937
782.94
782.944
782.947
782.951
782.954
782.957
782.961
782.964
782.967
782.971
782.974
782.977
782.98
782.984
782.987
782.99
782.993
782.996
782.999
783.003
783.006
783.009
783.012
783.015
783.018
783.021
783.024
783.028
783.031
783.034
783.037
783.04
783.043
783.047
783.05
783.053
783.056
783.059
783.062
783.065
783.068
783.072
783.075
783.078
783.081
783.083
783.086
783.089
783.092
783.095
783.097
783.1
783.102
783.105
783.107
783.11
783.112
783.114
783.116
783.118
783.12
783.122
783.123
783.125
783.127
783.128
783.13
783.131
783.132
783.134
783.135
783.136
783.137
783.138
783.138
783.139
783.14
783.141
783.141
783.143
783.142
783.145
783.142
783.146
783.143
783.148
783.143
783.149
783.144
783.15
783.145
783.15
783.145
783.151
783.143
)
;

boundaryField
{
    inlet
    {
        type            zeroGradient;
    }
    outlet
    {
        type            zeroGradient;
    }
    sides
    {
        type            empty;
    }
    walls
    {
        type            zeroGradient;
    }
}


// ************************************************************************* //
