/*--------------------------------*- C++ -*----------------------------------*\
| =========                 |                                                 |
| \\      /  F ield         | OpenFOAM: The Open Source CFD Toolbox           |
|  \\    /   O peration     | Version:  3.0.x                                 |
|   \\  /    A nd           | Web:      www.OpenFOAM.org                      |
|    \\/     M anipulation  |                                                 |
\*---------------------------------------------------------------------------*/
FoamFile
{
    version     2.0;
    format      ascii;
    class       volScalarField;
    location    "0.005";
    object      T;
}
// * * * * * * * * * * * * * * * * * * * * * * * * * * * * * * * * * * * * * //

dimensions      [0 0 0 1 0 0 0];

internalField   nonuniform List<scalar> 
1000
(
773
773
773
773
773
773
773
773
773
773
773
773
773
773
773
773
773
773
773
773
773
773
773
773
773
773
773
773
773
773
773
773
773
773
773
773
773
773
773
773
773
773
773
773
773
773
773
773
773
773
773
773
773
773
773
773
773
773
773
773
773
773
773
773
773
773
773
773
773
773
773
773
773
773
773
773
773
773
773
773
773
773
773
773
773
773
773
773
773
773
773
773
773
773
773
773
773
773
773
773
773
773
773
773
773
773
773
773
773
773
773
773
773
773
773
773
773
773
773
773
773
773
773
773
773
773
773
773
773
773
773
773
773
773
773
773
773
773
773
773
773
773
773
773
773
773
773
773
773
773
773
773
773
773
773
773
773
773
773
773
773
773
773
773
773
773
773
773
773
773
773
773
773
773
773
773
773
773
773
773
773
773
773
773
773
773
773
773
773
773
773
773
773
773
773
773
773
773
773
773
773
773
773
773
773
773
773
773
773
773
773
773
773
773
773
773
773
773
773
773
773
773
773
773
773
773
773
773
773
773
773
773
773
773
773
773
773
773
773
773
773
773
773
773
773
773
773
773
773
773
773
773
773
773
773
773
773
773
773
773
773
773
773
773
773
773
773
773
773
773
773
773
773
773
773
773
773
773
773
773
773
773
773
773
773
773
773
773
773
773
773
773
773
773
773
773
773
773
773
773
773
773
773
773
773
773
773
773
773
773
773
773
773
773
773
773
773
773
773
773
773
773
773
773
773
773
773
773
773
773
773
773
773
773
773
773
773
773
773
773
773
773
773
773
773
773
773
773
773
773
773
773
773
773
773
773
773
773
773
773
773
773
773
773
773
773
773
773
773
773
773
773
773
773
773
773
773
773
773
773
773
773
773
773
773
773
773
773
773
773
773
773
773
773
773
773
773
773
773
773
773
773
773
773
773
773
773
773
773
773
773
773
773
773
773
773
773
773
773
773
773
773
773
773
773
773
773
773
773
773
773
773
773
773
773
773
773
773
773
773
773
773
773
773
773
773
773
773
773
773
773
773
773
773
773
773
773
773
773
773
773
773
773
773
773
773
773
773
773
773
773
773
773
773
773
773
773
773
773
773
773
773
773
773
773
773
773
773
773
773
773
773
773
773
773
773
773
773
773
773
773
773
773
773
773
773
773
773
773
773
773
773
773
773
773
773
773
773
773
773
773
773
773
773
773
773
773
773
773
773
773
773
773
773
773
773
773
773
773
773
773
773
773
773
773
773
773
773
773
773
773
773
773
773
773
773
773
773
773
773
773
773
773
773
773
773
773
773
773
773
773
773
773
773
773
773
773
773
773
773
773
773
773
773
773
773
773
773
773
773
773
773
773
773
773
773
773
773
773
773
773
773
773
773
773
773
773
773
773
773
773
773
773
773
773
773
773
773
773
773
773
773
773
773
773
773
773
773
773
773
773
773
773
773.001
773.001
773.001
773.001
773.001
773.002
773.002
773.003
773.004
773.005
773.007
773.008
773.011
773.013
773.017
773.021
773.026
773.032
773.04
773.05
773.061
773.075
773.092
773.113
773.137
773.167
773.202
773.243
773.292
773.35
773.419
773.498
773.591
773.698
773.821
773.963
774.124
774.306
774.511
774.739
774.992
775.27
775.573
775.9
776.249
776.618
777.005
777.404
777.813
778.227
778.64
779.047
779.445
779.828
780.193
780.536
780.856
781.152
781.421
781.664
781.882
782.076
782.246
782.395
782.524
782.634
782.729
782.81
782.877
782.934
782.982
783.021
783.053
783.079
783.1
783.117
783.13
783.14
783.148
783.153
783.157
783.158
783.159
783.159
783.158
783.158
783.158
783.158
783.158
783.157
783.157
783.157
783.157
783.157
783.157
783.157
783.157
783.157
783.157
783.158
783.158
783.158
783.158
783.158
783.158
783.158
783.158
783.158
783.158
783.158
783.158
783.158
783.158
783.158
783.158
783.158
783.158
783.158
783.158
783.158
783.158
783.158
783.158
783.158
783.158
783.158
783.159
783.159
783.159
783.159
783.159
783.159
783.159
783.159
783.159
783.159
783.159
783.159
783.159
783.159
783.159
783.159
783.159
783.159
783.159
783.159
783.159
783.159
783.159
783.159
783.159
783.159
783.159
783.159
783.159
783.159
783.159
783.159
783.159
783.159
783.16
783.16
783.16
783.16
783.16
783.16
783.16
783.16
783.16
783.16
783.16
783.16
783.16
783.16
783.16
783.16
783.16
783.16
783.16
783.16
783.16
783.16
783.16
783.16
783.16
783.16
783.16
783.16
783.16
783.16
783.16
783.16
783.161
783.161
783.161
783.161
783.161
783.161
783.161
783.161
783.161
783.161
783.161
783.161
783.161
783.161
783.161
783.161
783.161
783.161
783.161
783.161
783.161
783.161
783.161
783.161
783.161
783.161
783.161
783.162
783.162
783.162
783.162
783.162
783.162
783.162
783.162
783.162
783.162
783.162
783.162
783.162
783.162
783.162
783.162
783.162
783.162
783.162
783.162
783.162
783.162
783.163
783.163
783.163
783.163
783.163
783.163
783.163
783.163
783.163
783.163
783.163
783.163
783.163
783.163
783.163
783.163
783.163
783.164
783.164
783.164
783.164
783.164
783.164
783.164
783.164
783.164
783.164
783.164
783.164
783.164
783.164
783.164
783.165
783.165
783.165
783.165
783.165
783.165
783.165
783.165
783.165
783.165
783.165
783.166
783.166
783.166
783.166
783.166
783.166
783.166
783.166
783.166
783.166
783.167
783.167
783.167
783.167
783.167
783.167
783.167
783.167
783.168
783.168
783.168
783.168
783.168
783.168
783.168
783.169
783.169
783.169
783.169
783.169
783.169
783.17
783.17
783.17
783.17
783.17
783.171
783.171
783.171
783.171
783.172
783.171
783.173
783.172
783.173
783.172
783.174
783.172
783.175
783.173
783.176
783.173
783.177
783.174
783.178
783.174
783.179
783.175
783.181
783.176
783.182
783.177
783.184
783.178
783.186
783.179
783.188
783.181
783.19
783.184
783.192
783.187
783.195
783.191
783.2
783.198
783.206
783.208
783.217
783.231
783.275
783.446
783.291
)
;

boundaryField
{
    inlet
    {
        type            zeroGradient;
    }
    backWall
    {
        type            zeroGradient;
    }
    sides
    {
        type            empty;
    }
}


// ************************************************************************* //
