/*--------------------------------*- C++ -*----------------------------------*\
| =========                 |                                                 |
| \\      /  F ield         | OpenFOAM: The Open Source CFD Toolbox           |
|  \\    /   O peration     | Version:  3.0.x                                 |
|   \\  /    A nd           | Web:      www.OpenFOAM.org                      |
|    \\/     M anipulation  |                                                 |
\*---------------------------------------------------------------------------*/
FoamFile
{
    version     2.0;
    format      ascii;
    class       volScalarField;
    location    "0.43";
    object      p;
}
// * * * * * * * * * * * * * * * * * * * * * * * * * * * * * * * * * * * * * //

dimensions      [1 -1 -2 0 0 0 0];

internalField   nonuniform List<scalar> 
6900
(
1.81965e+07
1.81965e+07
1.81965e+07
1.81965e+07
1.81965e+07
1.81965e+07
1.81965e+07
1.81965e+07
1.81965e+07
1.81965e+07
1.81964e+07
1.81964e+07
1.81964e+07
1.81964e+07
1.81964e+07
1.81964e+07
1.81963e+07
1.81963e+07
1.81963e+07
1.81963e+07
1.81963e+07
1.81963e+07
1.81963e+07
1.81963e+07
1.81963e+07
1.81963e+07
1.81963e+07
1.81963e+07
1.81963e+07
1.81964e+07
1.81964e+07
1.81964e+07
1.81964e+07
1.81964e+07
1.81964e+07
1.81965e+07
1.81965e+07
1.81965e+07
1.81965e+07
1.81965e+07
1.81965e+07
1.81965e+07
1.81965e+07
1.81965e+07
1.81965e+07
1.81964e+07
1.81964e+07
1.81964e+07
1.81964e+07
1.81963e+07
1.81963e+07
1.81963e+07
1.81962e+07
1.81962e+07
1.81962e+07
1.81961e+07
1.81961e+07
1.81961e+07
1.81961e+07
1.81961e+07
1.81961e+07
1.81961e+07
1.81961e+07
1.81961e+07
1.81961e+07
1.81962e+07
1.81962e+07
1.81962e+07
1.81963e+07
1.81963e+07
1.81963e+07
1.81964e+07
1.81964e+07
1.81965e+07
1.81965e+07
1.81965e+07
1.81965e+07
1.81966e+07
1.81966e+07
1.81966e+07
1.81966e+07
1.81965e+07
1.81965e+07
1.81965e+07
1.81965e+07
1.81964e+07
1.81964e+07
1.81963e+07
1.81963e+07
1.81963e+07
1.81962e+07
1.81962e+07
1.81962e+07
1.81961e+07
1.81961e+07
1.81961e+07
1.81961e+07
1.81961e+07
1.81962e+07
1.81962e+07
1.81963e+07
1.81963e+07
1.81964e+07
1.81964e+07
1.81965e+07
1.81966e+07
1.81967e+07
1.81968e+07
1.81969e+07
1.81969e+07
1.8197e+07
1.81971e+07
1.81972e+07
1.81972e+07
1.81973e+07
1.81973e+07
1.81973e+07
1.81974e+07
1.81974e+07
1.81974e+07
1.81974e+07
1.81974e+07
1.81974e+07
1.81974e+07
1.81974e+07
1.81975e+07
1.81975e+07
1.81975e+07
1.81976e+07
1.81976e+07
1.81977e+07
1.81978e+07
1.81979e+07
1.8198e+07
1.81981e+07
1.81983e+07
1.81985e+07
1.81987e+07
1.81989e+07
1.81992e+07
1.81994e+07
1.81997e+07
1.82e+07
1.82003e+07
1.82006e+07
1.82008e+07
1.82011e+07
1.82014e+07
1.82017e+07
1.8202e+07
1.82023e+07
1.82026e+07
1.82029e+07
1.82032e+07
1.82034e+07
1.82037e+07
1.8204e+07
1.82043e+07
1.82046e+07
1.82049e+07
1.82053e+07
1.82056e+07
1.8206e+07
1.82063e+07
1.82067e+07
1.82072e+07
1.82076e+07
1.82081e+07
1.82087e+07
1.82092e+07
1.82098e+07
1.82105e+07
1.82111e+07
1.82119e+07
1.82126e+07
1.82134e+07
1.82142e+07
1.8215e+07
1.82159e+07
1.82168e+07
1.82177e+07
1.82185e+07
1.82194e+07
1.82203e+07
1.82212e+07
1.82221e+07
1.8223e+07
1.82239e+07
1.82248e+07
1.82257e+07
1.82267e+07
1.82276e+07
1.82286e+07
1.82295e+07
1.82305e+07
1.82315e+07
1.82326e+07
1.82336e+07
1.82348e+07
1.82365e+07
1.81965e+07
1.81965e+07
1.81965e+07
1.81965e+07
1.81965e+07
1.81965e+07
1.81965e+07
1.81965e+07
1.81965e+07
1.81965e+07
1.81964e+07
1.81964e+07
1.81964e+07
1.81964e+07
1.81964e+07
1.81964e+07
1.81963e+07
1.81963e+07
1.81963e+07
1.81963e+07
1.81963e+07
1.81963e+07
1.81963e+07
1.81963e+07
1.81963e+07
1.81963e+07
1.81963e+07
1.81963e+07
1.81963e+07
1.81964e+07
1.81964e+07
1.81964e+07
1.81964e+07
1.81964e+07
1.81964e+07
1.81965e+07
1.81965e+07
1.81965e+07
1.81965e+07
1.81965e+07
1.81965e+07
1.81965e+07
1.81965e+07
1.81965e+07
1.81965e+07
1.81964e+07
1.81964e+07
1.81964e+07
1.81964e+07
1.81963e+07
1.81963e+07
1.81963e+07
1.81962e+07
1.81962e+07
1.81962e+07
1.81961e+07
1.81961e+07
1.81961e+07
1.81961e+07
1.81961e+07
1.81961e+07
1.81961e+07
1.81961e+07
1.81961e+07
1.81961e+07
1.81962e+07
1.81962e+07
1.81962e+07
1.81963e+07
1.81963e+07
1.81963e+07
1.81964e+07
1.81964e+07
1.81965e+07
1.81965e+07
1.81965e+07
1.81965e+07
1.81966e+07
1.81966e+07
1.81966e+07
1.81966e+07
1.81965e+07
1.81965e+07
1.81965e+07
1.81965e+07
1.81964e+07
1.81964e+07
1.81963e+07
1.81963e+07
1.81963e+07
1.81962e+07
1.81962e+07
1.81962e+07
1.81961e+07
1.81961e+07
1.81961e+07
1.81961e+07
1.81961e+07
1.81962e+07
1.81962e+07
1.81963e+07
1.81963e+07
1.81964e+07
1.81964e+07
1.81965e+07
1.81966e+07
1.81967e+07
1.81968e+07
1.81969e+07
1.81969e+07
1.8197e+07
1.81971e+07
1.81972e+07
1.81972e+07
1.81973e+07
1.81973e+07
1.81973e+07
1.81974e+07
1.81974e+07
1.81974e+07
1.81974e+07
1.81974e+07
1.81974e+07
1.81974e+07
1.81974e+07
1.81975e+07
1.81975e+07
1.81975e+07
1.81976e+07
1.81976e+07
1.81977e+07
1.81978e+07
1.81979e+07
1.8198e+07
1.81981e+07
1.81983e+07
1.81985e+07
1.81987e+07
1.81989e+07
1.81992e+07
1.81994e+07
1.81997e+07
1.82e+07
1.82003e+07
1.82006e+07
1.82008e+07
1.82011e+07
1.82014e+07
1.82017e+07
1.8202e+07
1.82023e+07
1.82026e+07
1.82029e+07
1.82032e+07
1.82034e+07
1.82037e+07
1.8204e+07
1.82043e+07
1.82046e+07
1.82049e+07
1.82053e+07
1.82056e+07
1.8206e+07
1.82063e+07
1.82067e+07
1.82072e+07
1.82076e+07
1.82081e+07
1.82087e+07
1.82092e+07
1.82098e+07
1.82105e+07
1.82111e+07
1.82119e+07
1.82126e+07
1.82134e+07
1.82142e+07
1.8215e+07
1.82159e+07
1.82168e+07
1.82177e+07
1.82185e+07
1.82194e+07
1.82203e+07
1.82212e+07
1.82221e+07
1.8223e+07
1.82239e+07
1.82248e+07
1.82257e+07
1.82267e+07
1.82276e+07
1.82286e+07
1.82295e+07
1.82305e+07
1.82315e+07
1.82326e+07
1.82336e+07
1.82348e+07
1.82365e+07
1.81965e+07
1.81965e+07
1.81965e+07
1.81965e+07
1.81965e+07
1.81965e+07
1.81965e+07
1.81965e+07
1.81965e+07
1.81965e+07
1.81964e+07
1.81964e+07
1.81964e+07
1.81964e+07
1.81964e+07
1.81964e+07
1.81963e+07
1.81963e+07
1.81963e+07
1.81963e+07
1.81963e+07
1.81963e+07
1.81963e+07
1.81963e+07
1.81963e+07
1.81963e+07
1.81963e+07
1.81963e+07
1.81963e+07
1.81964e+07
1.81964e+07
1.81964e+07
1.81964e+07
1.81964e+07
1.81964e+07
1.81965e+07
1.81965e+07
1.81965e+07
1.81965e+07
1.81965e+07
1.81965e+07
1.81965e+07
1.81965e+07
1.81965e+07
1.81965e+07
1.81964e+07
1.81964e+07
1.81964e+07
1.81964e+07
1.81963e+07
1.81963e+07
1.81963e+07
1.81962e+07
1.81962e+07
1.81962e+07
1.81961e+07
1.81961e+07
1.81961e+07
1.81961e+07
1.81961e+07
1.81961e+07
1.81961e+07
1.81961e+07
1.81961e+07
1.81961e+07
1.81962e+07
1.81962e+07
1.81962e+07
1.81963e+07
1.81963e+07
1.81963e+07
1.81964e+07
1.81964e+07
1.81965e+07
1.81965e+07
1.81965e+07
1.81965e+07
1.81966e+07
1.81966e+07
1.81966e+07
1.81966e+07
1.81965e+07
1.81965e+07
1.81965e+07
1.81965e+07
1.81964e+07
1.81964e+07
1.81963e+07
1.81963e+07
1.81963e+07
1.81962e+07
1.81962e+07
1.81962e+07
1.81961e+07
1.81961e+07
1.81961e+07
1.81961e+07
1.81961e+07
1.81962e+07
1.81962e+07
1.81963e+07
1.81963e+07
1.81964e+07
1.81964e+07
1.81965e+07
1.81966e+07
1.81967e+07
1.81968e+07
1.81969e+07
1.81969e+07
1.8197e+07
1.81971e+07
1.81972e+07
1.81972e+07
1.81973e+07
1.81973e+07
1.81973e+07
1.81974e+07
1.81974e+07
1.81974e+07
1.81974e+07
1.81974e+07
1.81974e+07
1.81974e+07
1.81974e+07
1.81975e+07
1.81975e+07
1.81975e+07
1.81976e+07
1.81976e+07
1.81977e+07
1.81978e+07
1.81979e+07
1.8198e+07
1.81981e+07
1.81983e+07
1.81985e+07
1.81987e+07
1.81989e+07
1.81992e+07
1.81994e+07
1.81997e+07
1.82e+07
1.82003e+07
1.82006e+07
1.82008e+07
1.82011e+07
1.82014e+07
1.82017e+07
1.8202e+07
1.82023e+07
1.82026e+07
1.82029e+07
1.82032e+07
1.82034e+07
1.82037e+07
1.8204e+07
1.82043e+07
1.82046e+07
1.82049e+07
1.82053e+07
1.82056e+07
1.8206e+07
1.82063e+07
1.82067e+07
1.82072e+07
1.82076e+07
1.82081e+07
1.82087e+07
1.82092e+07
1.82098e+07
1.82105e+07
1.82111e+07
1.82119e+07
1.82126e+07
1.82134e+07
1.82142e+07
1.8215e+07
1.82159e+07
1.82168e+07
1.82177e+07
1.82185e+07
1.82194e+07
1.82203e+07
1.82212e+07
1.82221e+07
1.8223e+07
1.82239e+07
1.82248e+07
1.82257e+07
1.82267e+07
1.82276e+07
1.82286e+07
1.82295e+07
1.82305e+07
1.82315e+07
1.82326e+07
1.82336e+07
1.82347e+07
1.82358e+07
1.81965e+07
1.81965e+07
1.81965e+07
1.81965e+07
1.81965e+07
1.81965e+07
1.81965e+07
1.81965e+07
1.81965e+07
1.81965e+07
1.81964e+07
1.81964e+07
1.81964e+07
1.81964e+07
1.81964e+07
1.81964e+07
1.81963e+07
1.81963e+07
1.81963e+07
1.81963e+07
1.81963e+07
1.81963e+07
1.81963e+07
1.81963e+07
1.81963e+07
1.81963e+07
1.81963e+07
1.81963e+07
1.81963e+07
1.81964e+07
1.81964e+07
1.81964e+07
1.81964e+07
1.81964e+07
1.81964e+07
1.81965e+07
1.81965e+07
1.81965e+07
1.81965e+07
1.81965e+07
1.81965e+07
1.81965e+07
1.81965e+07
1.81965e+07
1.81965e+07
1.81964e+07
1.81964e+07
1.81964e+07
1.81964e+07
1.81963e+07
1.81963e+07
1.81963e+07
1.81962e+07
1.81962e+07
1.81962e+07
1.81961e+07
1.81961e+07
1.81961e+07
1.81961e+07
1.81961e+07
1.81961e+07
1.81961e+07
1.81961e+07
1.81961e+07
1.81961e+07
1.81962e+07
1.81962e+07
1.81962e+07
1.81963e+07
1.81963e+07
1.81963e+07
1.81964e+07
1.81964e+07
1.81965e+07
1.81965e+07
1.81965e+07
1.81965e+07
1.81966e+07
1.81966e+07
1.81966e+07
1.81966e+07
1.81965e+07
1.81965e+07
1.81965e+07
1.81965e+07
1.81964e+07
1.81964e+07
1.81963e+07
1.81963e+07
1.81963e+07
1.81962e+07
1.81962e+07
1.81962e+07
1.81961e+07
1.81961e+07
1.81961e+07
1.81961e+07
1.81961e+07
1.81962e+07
1.81962e+07
1.81963e+07
1.81963e+07
1.81964e+07
1.81964e+07
1.81965e+07
1.81966e+07
1.81967e+07
1.81968e+07
1.81969e+07
1.81969e+07
1.8197e+07
1.81971e+07
1.81972e+07
1.81972e+07
1.81973e+07
1.81973e+07
1.81973e+07
1.81974e+07
1.81974e+07
1.81974e+07
1.81974e+07
1.81974e+07
1.81974e+07
1.81974e+07
1.81974e+07
1.81975e+07
1.81975e+07
1.81975e+07
1.81976e+07
1.81976e+07
1.81977e+07
1.81978e+07
1.81979e+07
1.8198e+07
1.81981e+07
1.81983e+07
1.81985e+07
1.81987e+07
1.81989e+07
1.81992e+07
1.81994e+07
1.81997e+07
1.82e+07
1.82003e+07
1.82006e+07
1.82008e+07
1.82011e+07
1.82014e+07
1.82017e+07
1.8202e+07
1.82023e+07
1.82026e+07
1.82029e+07
1.82032e+07
1.82034e+07
1.82037e+07
1.8204e+07
1.82043e+07
1.82046e+07
1.82049e+07
1.82053e+07
1.82056e+07
1.8206e+07
1.82063e+07
1.82067e+07
1.82072e+07
1.82076e+07
1.82081e+07
1.82087e+07
1.82092e+07
1.82098e+07
1.82105e+07
1.82111e+07
1.82119e+07
1.82126e+07
1.82134e+07
1.82142e+07
1.8215e+07
1.82159e+07
1.82168e+07
1.82177e+07
1.82185e+07
1.82194e+07
1.82203e+07
1.82212e+07
1.82221e+07
1.8223e+07
1.82239e+07
1.82248e+07
1.82257e+07
1.82267e+07
1.82276e+07
1.82286e+07
1.82295e+07
1.82305e+07
1.82315e+07
1.82326e+07
1.82336e+07
1.82344e+07
1.82349e+07
1.81965e+07
1.81965e+07
1.81965e+07
1.81965e+07
1.81965e+07
1.81965e+07
1.81965e+07
1.81965e+07
1.81965e+07
1.81965e+07
1.81964e+07
1.81964e+07
1.81964e+07
1.81964e+07
1.81964e+07
1.81964e+07
1.81963e+07
1.81963e+07
1.81963e+07
1.81963e+07
1.81963e+07
1.81963e+07
1.81963e+07
1.81963e+07
1.81963e+07
1.81963e+07
1.81963e+07
1.81963e+07
1.81963e+07
1.81964e+07
1.81964e+07
1.81964e+07
1.81964e+07
1.81964e+07
1.81964e+07
1.81965e+07
1.81965e+07
1.81965e+07
1.81965e+07
1.81965e+07
1.81965e+07
1.81965e+07
1.81965e+07
1.81965e+07
1.81965e+07
1.81964e+07
1.81964e+07
1.81964e+07
1.81964e+07
1.81963e+07
1.81963e+07
1.81963e+07
1.81962e+07
1.81962e+07
1.81962e+07
1.81961e+07
1.81961e+07
1.81961e+07
1.81961e+07
1.81961e+07
1.81961e+07
1.81961e+07
1.81961e+07
1.81961e+07
1.81961e+07
1.81962e+07
1.81962e+07
1.81962e+07
1.81963e+07
1.81963e+07
1.81963e+07
1.81964e+07
1.81964e+07
1.81965e+07
1.81965e+07
1.81965e+07
1.81965e+07
1.81966e+07
1.81966e+07
1.81966e+07
1.81966e+07
1.81965e+07
1.81965e+07
1.81965e+07
1.81965e+07
1.81964e+07
1.81964e+07
1.81963e+07
1.81963e+07
1.81963e+07
1.81962e+07
1.81962e+07
1.81962e+07
1.81961e+07
1.81961e+07
1.81961e+07
1.81961e+07
1.81961e+07
1.81962e+07
1.81962e+07
1.81963e+07
1.81963e+07
1.81964e+07
1.81964e+07
1.81965e+07
1.81966e+07
1.81967e+07
1.81968e+07
1.81969e+07
1.81969e+07
1.8197e+07
1.81971e+07
1.81972e+07
1.81972e+07
1.81973e+07
1.81973e+07
1.81973e+07
1.81974e+07
1.81974e+07
1.81974e+07
1.81974e+07
1.81974e+07
1.81974e+07
1.81974e+07
1.81974e+07
1.81975e+07
1.81975e+07
1.81975e+07
1.81976e+07
1.81976e+07
1.81977e+07
1.81978e+07
1.81979e+07
1.8198e+07
1.81981e+07
1.81983e+07
1.81985e+07
1.81987e+07
1.81989e+07
1.81992e+07
1.81994e+07
1.81997e+07
1.82e+07
1.82003e+07
1.82006e+07
1.82008e+07
1.82011e+07
1.82014e+07
1.82017e+07
1.8202e+07
1.82023e+07
1.82026e+07
1.82029e+07
1.82032e+07
1.82034e+07
1.82037e+07
1.8204e+07
1.82043e+07
1.82046e+07
1.82049e+07
1.82053e+07
1.82056e+07
1.8206e+07
1.82063e+07
1.82067e+07
1.82072e+07
1.82076e+07
1.82081e+07
1.82087e+07
1.82092e+07
1.82098e+07
1.82105e+07
1.82111e+07
1.82119e+07
1.82126e+07
1.82134e+07
1.82142e+07
1.8215e+07
1.82159e+07
1.82168e+07
1.82177e+07
1.82185e+07
1.82194e+07
1.82203e+07
1.82212e+07
1.82221e+07
1.8223e+07
1.82239e+07
1.82248e+07
1.82257e+07
1.82267e+07
1.82276e+07
1.82286e+07
1.82295e+07
1.82305e+07
1.82315e+07
1.82326e+07
1.82336e+07
1.82344e+07
1.82348e+07
1.82432e+07
1.82461e+07
1.82466e+07
1.82462e+07
1.82458e+07
1.82455e+07
1.82454e+07
1.82455e+07
1.8245e+07
1.8243e+07
1.82398e+07
1.82374e+07
1.82356e+07
1.82341e+07
1.82336e+07
1.82368e+07
1.82402e+07
1.8241e+07
1.82375e+07
1.82299e+07
1.82417e+07
1.82432e+07
1.82433e+07
1.82429e+07
1.82425e+07
1.82422e+07
1.82421e+07
1.82422e+07
1.82415e+07
1.82393e+07
1.82358e+07
1.82334e+07
1.82318e+07
1.82306e+07
1.82302e+07
1.82335e+07
1.82365e+07
1.82365e+07
1.82321e+07
1.82241e+07
1.82368e+07
1.8237e+07
1.82367e+07
1.82361e+07
1.82352e+07
1.8234e+07
1.82325e+07
1.82308e+07
1.82288e+07
1.82267e+07
1.82244e+07
1.82217e+07
1.82187e+07
1.82153e+07
1.82117e+07
1.82076e+07
1.82036e+07
1.81999e+07
1.81964e+07
1.81931e+07
1.82274e+07
1.82265e+07
1.82272e+07
1.82279e+07
1.82276e+07
1.82261e+07
1.82241e+07
1.82213e+07
1.82191e+07
1.82161e+07
1.82136e+07
1.8211e+07
1.82085e+07
1.82062e+07
1.82041e+07
1.82021e+07
1.82004e+07
1.81989e+07
1.81978e+07
1.8197e+07
1.82227e+07
1.82182e+07
1.82168e+07
1.82168e+07
1.82162e+07
1.82146e+07
1.82122e+07
1.82092e+07
1.82064e+07
1.82032e+07
1.82002e+07
1.81972e+07
1.81943e+07
1.81917e+07
1.81892e+07
1.8187e+07
1.8185e+07
1.81834e+07
1.81824e+07
1.81826e+07
1.81961e+07
1.81927e+07
1.82006e+07
1.82004e+07
1.81985e+07
1.81985e+07
1.81996e+07
1.8201e+07
1.82019e+07
1.82029e+07
1.8204e+07
1.82052e+07
1.82064e+07
1.82077e+07
1.82089e+07
1.82101e+07
1.82114e+07
1.82127e+07
1.82141e+07
1.82154e+07
1.82168e+07
1.82181e+07
1.82195e+07
1.82209e+07
1.82223e+07
1.82238e+07
1.82252e+07
1.82267e+07
1.82283e+07
1.82298e+07
1.82314e+07
1.82329e+07
1.82345e+07
1.82362e+07
1.82378e+07
1.82395e+07
1.82412e+07
1.82429e+07
1.82446e+07
1.82464e+07
1.82482e+07
1.82499e+07
1.82517e+07
1.82536e+07
1.82554e+07
1.82573e+07
1.82591e+07
1.8261e+07
1.82629e+07
1.82648e+07
1.82667e+07
1.82686e+07
1.82706e+07
1.82726e+07
1.82745e+07
1.82765e+07
1.82785e+07
1.82806e+07
1.82826e+07
1.82846e+07
1.82867e+07
1.82888e+07
1.82909e+07
1.8293e+07
1.82952e+07
1.82973e+07
1.82995e+07
1.83017e+07
1.83039e+07
1.83061e+07
1.83084e+07
1.83107e+07
1.8313e+07
1.83155e+07
1.83179e+07
1.83201e+07
1.83223e+07
1.83246e+07
1.8327e+07
1.83294e+07
1.83319e+07
1.83344e+07
1.83369e+07
1.83395e+07
1.83421e+07
1.83447e+07
1.83474e+07
1.83501e+07
1.83528e+07
1.83556e+07
1.83584e+07
1.83612e+07
1.8364e+07
1.83669e+07
1.83697e+07
1.83726e+07
1.83755e+07
1.83784e+07
1.83813e+07
1.83843e+07
1.83872e+07
1.83901e+07
1.83931e+07
1.8396e+07
1.8399e+07
1.84019e+07
1.84049e+07
1.84078e+07
1.84108e+07
1.84138e+07
1.84168e+07
1.84198e+07
1.84228e+07
1.84258e+07
1.84289e+07
1.84319e+07
1.8435e+07
1.84381e+07
1.84412e+07
1.84443e+07
1.84475e+07
1.84506e+07
1.84538e+07
1.8457e+07
1.84602e+07
1.84634e+07
1.84667e+07
1.84699e+07
1.84732e+07
1.84765e+07
1.84798e+07
1.84832e+07
1.84865e+07
1.84899e+07
1.84933e+07
1.84966e+07
1.85001e+07
1.85035e+07
1.85069e+07
1.85104e+07
1.85138e+07
1.85173e+07
1.85208e+07
1.85243e+07
1.85279e+07
1.85314e+07
1.85349e+07
1.85385e+07
1.85421e+07
1.85457e+07
1.85493e+07
1.85529e+07
1.85565e+07
1.85602e+07
1.85638e+07
1.85675e+07
1.85712e+07
1.85749e+07
1.85786e+07
1.85823e+07
1.85861e+07
1.85898e+07
1.85936e+07
1.85973e+07
1.86011e+07
1.86049e+07
1.86088e+07
1.86126e+07
1.86164e+07
1.86203e+07
1.86241e+07
1.8628e+07
1.86319e+07
1.86358e+07
1.86397e+07
1.86436e+07
1.86476e+07
1.86515e+07
1.86554e+07
1.86594e+07
1.86634e+07
1.86674e+07
1.86714e+07
1.86754e+07
1.86794e+07
1.86834e+07
1.86874e+07
1.86915e+07
1.86955e+07
1.86996e+07
1.87037e+07
1.87077e+07
1.87118e+07
1.87159e+07
1.872e+07
1.87241e+07
1.87282e+07
1.87323e+07
1.87364e+07
1.87403e+07
1.81943e+07
1.81927e+07
1.82005e+07
1.82004e+07
1.81985e+07
1.81985e+07
1.81997e+07
1.8201e+07
1.82019e+07
1.82029e+07
1.8204e+07
1.82052e+07
1.82064e+07
1.82077e+07
1.82089e+07
1.82101e+07
1.82114e+07
1.82127e+07
1.82141e+07
1.82154e+07
1.82168e+07
1.82181e+07
1.82195e+07
1.82209e+07
1.82223e+07
1.82238e+07
1.82252e+07
1.82267e+07
1.82283e+07
1.82298e+07
1.82314e+07
1.82329e+07
1.82345e+07
1.82362e+07
1.82378e+07
1.82395e+07
1.82412e+07
1.82429e+07
1.82446e+07
1.82464e+07
1.82482e+07
1.82499e+07
1.82517e+07
1.82536e+07
1.82554e+07
1.82573e+07
1.82591e+07
1.8261e+07
1.82629e+07
1.82648e+07
1.82667e+07
1.82686e+07
1.82706e+07
1.82726e+07
1.82745e+07
1.82765e+07
1.82785e+07
1.82806e+07
1.82826e+07
1.82846e+07
1.82867e+07
1.82888e+07
1.82909e+07
1.8293e+07
1.82952e+07
1.82973e+07
1.82995e+07
1.83017e+07
1.83039e+07
1.83061e+07
1.83084e+07
1.83107e+07
1.8313e+07
1.83155e+07
1.83179e+07
1.83201e+07
1.83223e+07
1.83246e+07
1.8327e+07
1.83294e+07
1.83319e+07
1.83344e+07
1.83369e+07
1.83395e+07
1.83421e+07
1.83447e+07
1.83474e+07
1.83501e+07
1.83528e+07
1.83556e+07
1.83584e+07
1.83612e+07
1.8364e+07
1.83669e+07
1.83697e+07
1.83726e+07
1.83755e+07
1.83784e+07
1.83813e+07
1.83843e+07
1.83872e+07
1.83901e+07
1.83931e+07
1.8396e+07
1.8399e+07
1.84019e+07
1.84049e+07
1.84078e+07
1.84108e+07
1.84138e+07
1.84168e+07
1.84198e+07
1.84228e+07
1.84258e+07
1.84289e+07
1.84319e+07
1.8435e+07
1.84381e+07
1.84412e+07
1.84443e+07
1.84475e+07
1.84506e+07
1.84538e+07
1.8457e+07
1.84602e+07
1.84634e+07
1.84667e+07
1.84699e+07
1.84732e+07
1.84765e+07
1.84798e+07
1.84832e+07
1.84865e+07
1.84899e+07
1.84933e+07
1.84966e+07
1.85001e+07
1.85035e+07
1.85069e+07
1.85104e+07
1.85138e+07
1.85173e+07
1.85208e+07
1.85243e+07
1.85279e+07
1.85314e+07
1.85349e+07
1.85385e+07
1.85421e+07
1.85457e+07
1.85493e+07
1.85529e+07
1.85565e+07
1.85602e+07
1.85638e+07
1.85675e+07
1.85712e+07
1.85749e+07
1.85786e+07
1.85823e+07
1.85861e+07
1.85898e+07
1.85936e+07
1.85973e+07
1.86011e+07
1.86049e+07
1.86088e+07
1.86126e+07
1.86164e+07
1.86203e+07
1.86241e+07
1.8628e+07
1.86319e+07
1.86358e+07
1.86397e+07
1.86436e+07
1.86476e+07
1.86515e+07
1.86554e+07
1.86594e+07
1.86634e+07
1.86674e+07
1.86714e+07
1.86754e+07
1.86794e+07
1.86834e+07
1.86874e+07
1.86915e+07
1.86955e+07
1.86996e+07
1.87037e+07
1.87077e+07
1.87118e+07
1.87159e+07
1.872e+07
1.87241e+07
1.87282e+07
1.87323e+07
1.87364e+07
1.87403e+07
1.81855e+07
1.81915e+07
1.81953e+07
1.81965e+07
1.81973e+07
1.81983e+07
1.81994e+07
1.82005e+07
1.82017e+07
1.82028e+07
1.8204e+07
1.82052e+07
1.82064e+07
1.82076e+07
1.82089e+07
1.82101e+07
1.82114e+07
1.82127e+07
1.82141e+07
1.82154e+07
1.82167e+07
1.82181e+07
1.82195e+07
1.82209e+07
1.82223e+07
1.82238e+07
1.82252e+07
1.82267e+07
1.82283e+07
1.82298e+07
1.82314e+07
1.82329e+07
1.82345e+07
1.82362e+07
1.82378e+07
1.82395e+07
1.82412e+07
1.82429e+07
1.82446e+07
1.82464e+07
1.82482e+07
1.825e+07
1.82518e+07
1.82536e+07
1.82554e+07
1.82573e+07
1.82591e+07
1.8261e+07
1.82629e+07
1.82648e+07
1.82667e+07
1.82686e+07
1.82706e+07
1.82726e+07
1.82745e+07
1.82765e+07
1.82785e+07
1.82806e+07
1.82826e+07
1.82846e+07
1.82867e+07
1.82888e+07
1.82909e+07
1.8293e+07
1.82952e+07
1.82973e+07
1.82995e+07
1.83017e+07
1.83039e+07
1.83062e+07
1.83084e+07
1.83107e+07
1.8313e+07
1.83153e+07
1.83175e+07
1.83199e+07
1.83222e+07
1.83246e+07
1.83271e+07
1.83295e+07
1.8332e+07
1.83345e+07
1.8337e+07
1.83396e+07
1.83422e+07
1.83448e+07
1.83475e+07
1.83502e+07
1.83529e+07
1.83557e+07
1.83585e+07
1.83613e+07
1.83641e+07
1.8367e+07
1.83698e+07
1.83727e+07
1.83756e+07
1.83785e+07
1.83814e+07
1.83843e+07
1.83872e+07
1.83901e+07
1.83931e+07
1.8396e+07
1.8399e+07
1.84019e+07
1.84049e+07
1.84078e+07
1.84108e+07
1.84138e+07
1.84168e+07
1.84198e+07
1.84228e+07
1.84258e+07
1.84289e+07
1.84319e+07
1.8435e+07
1.84381e+07
1.84412e+07
1.84443e+07
1.84475e+07
1.84506e+07
1.84538e+07
1.8457e+07
1.84602e+07
1.84634e+07
1.84667e+07
1.84699e+07
1.84732e+07
1.84765e+07
1.84798e+07
1.84832e+07
1.84865e+07
1.84899e+07
1.84933e+07
1.84966e+07
1.85001e+07
1.85035e+07
1.85069e+07
1.85104e+07
1.85138e+07
1.85173e+07
1.85208e+07
1.85243e+07
1.85279e+07
1.85314e+07
1.85349e+07
1.85385e+07
1.85421e+07
1.85457e+07
1.85493e+07
1.85529e+07
1.85565e+07
1.85602e+07
1.85638e+07
1.85675e+07
1.85712e+07
1.85749e+07
1.85786e+07
1.85823e+07
1.85861e+07
1.85898e+07
1.85936e+07
1.85973e+07
1.86011e+07
1.86049e+07
1.86088e+07
1.86126e+07
1.86164e+07
1.86203e+07
1.86241e+07
1.8628e+07
1.86319e+07
1.86358e+07
1.86397e+07
1.86436e+07
1.86476e+07
1.86515e+07
1.86554e+07
1.86594e+07
1.86634e+07
1.86674e+07
1.86714e+07
1.86754e+07
1.86794e+07
1.86834e+07
1.86874e+07
1.86915e+07
1.86955e+07
1.86996e+07
1.87037e+07
1.87077e+07
1.87118e+07
1.87159e+07
1.872e+07
1.87241e+07
1.87282e+07
1.87323e+07
1.87365e+07
1.87406e+07
1.81951e+07
1.81958e+07
1.81963e+07
1.81968e+07
1.81974e+07
1.81983e+07
1.81994e+07
1.82005e+07
1.82016e+07
1.82028e+07
1.8204e+07
1.82052e+07
1.82064e+07
1.82076e+07
1.82089e+07
1.82101e+07
1.82114e+07
1.82127e+07
1.8214e+07
1.82154e+07
1.82167e+07
1.82181e+07
1.82195e+07
1.82209e+07
1.82223e+07
1.82238e+07
1.82253e+07
1.82267e+07
1.82283e+07
1.82298e+07
1.82314e+07
1.82329e+07
1.82346e+07
1.82362e+07
1.82378e+07
1.82395e+07
1.82412e+07
1.82429e+07
1.82447e+07
1.82464e+07
1.82482e+07
1.825e+07
1.82518e+07
1.82536e+07
1.82554e+07
1.82573e+07
1.82591e+07
1.8261e+07
1.82629e+07
1.82648e+07
1.82667e+07
1.82687e+07
1.82706e+07
1.82726e+07
1.82745e+07
1.82765e+07
1.82785e+07
1.82806e+07
1.82826e+07
1.82847e+07
1.82867e+07
1.82888e+07
1.82909e+07
1.82931e+07
1.82952e+07
1.82974e+07
1.82995e+07
1.83017e+07
1.8304e+07
1.83062e+07
1.83085e+07
1.83107e+07
1.8313e+07
1.83153e+07
1.83176e+07
1.832e+07
1.83223e+07
1.83247e+07
1.83272e+07
1.83296e+07
1.83321e+07
1.83346e+07
1.83372e+07
1.83397e+07
1.83423e+07
1.8345e+07
1.83476e+07
1.83503e+07
1.83531e+07
1.83558e+07
1.83586e+07
1.83614e+07
1.83642e+07
1.8367e+07
1.83699e+07
1.83727e+07
1.83756e+07
1.83785e+07
1.83814e+07
1.83843e+07
1.83872e+07
1.83902e+07
1.83931e+07
1.8396e+07
1.8399e+07
1.84019e+07
1.84049e+07
1.84078e+07
1.84108e+07
1.84138e+07
1.84168e+07
1.84198e+07
1.84228e+07
1.84258e+07
1.84289e+07
1.84319e+07
1.8435e+07
1.84381e+07
1.84412e+07
1.84443e+07
1.84475e+07
1.84506e+07
1.84538e+07
1.8457e+07
1.84602e+07
1.84634e+07
1.84667e+07
1.84699e+07
1.84732e+07
1.84765e+07
1.84798e+07
1.84832e+07
1.84865e+07
1.84899e+07
1.84933e+07
1.84966e+07
1.85001e+07
1.85035e+07
1.85069e+07
1.85104e+07
1.85138e+07
1.85173e+07
1.85208e+07
1.85243e+07
1.85279e+07
1.85314e+07
1.85349e+07
1.85385e+07
1.85421e+07
1.85457e+07
1.85493e+07
1.85529e+07
1.85565e+07
1.85602e+07
1.85638e+07
1.85675e+07
1.85712e+07
1.85749e+07
1.85786e+07
1.85823e+07
1.85861e+07
1.85898e+07
1.85936e+07
1.85973e+07
1.86011e+07
1.86049e+07
1.86088e+07
1.86126e+07
1.86164e+07
1.86203e+07
1.86241e+07
1.8628e+07
1.86319e+07
1.86358e+07
1.86397e+07
1.86436e+07
1.86476e+07
1.86515e+07
1.86554e+07
1.86594e+07
1.86634e+07
1.86674e+07
1.86714e+07
1.86754e+07
1.86794e+07
1.86834e+07
1.86874e+07
1.86915e+07
1.86955e+07
1.86996e+07
1.87037e+07
1.87077e+07
1.87118e+07
1.87159e+07
1.872e+07
1.87241e+07
1.87282e+07
1.87324e+07
1.87365e+07
1.87408e+07
1.81925e+07
1.81954e+07
1.81962e+07
1.81967e+07
1.81974e+07
1.81983e+07
1.81994e+07
1.82005e+07
1.82016e+07
1.82028e+07
1.8204e+07
1.82052e+07
1.82064e+07
1.82076e+07
1.82089e+07
1.82101e+07
1.82114e+07
1.82127e+07
1.8214e+07
1.82154e+07
1.82167e+07
1.82181e+07
1.82195e+07
1.82209e+07
1.82223e+07
1.82238e+07
1.82253e+07
1.82267e+07
1.82283e+07
1.82298e+07
1.82314e+07
1.82329e+07
1.82346e+07
1.82362e+07
1.82378e+07
1.82395e+07
1.82412e+07
1.82429e+07
1.82447e+07
1.82464e+07
1.82482e+07
1.825e+07
1.82518e+07
1.82536e+07
1.82554e+07
1.82573e+07
1.82591e+07
1.8261e+07
1.82629e+07
1.82648e+07
1.82667e+07
1.82687e+07
1.82706e+07
1.82726e+07
1.82745e+07
1.82765e+07
1.82785e+07
1.82806e+07
1.82826e+07
1.82847e+07
1.82867e+07
1.82888e+07
1.82909e+07
1.82931e+07
1.82952e+07
1.82974e+07
1.82995e+07
1.83017e+07
1.8304e+07
1.83062e+07
1.83085e+07
1.83107e+07
1.8313e+07
1.83153e+07
1.83176e+07
1.832e+07
1.83223e+07
1.83247e+07
1.83272e+07
1.83296e+07
1.83321e+07
1.83346e+07
1.83372e+07
1.83397e+07
1.83423e+07
1.8345e+07
1.83476e+07
1.83503e+07
1.83531e+07
1.83558e+07
1.83586e+07
1.83614e+07
1.83642e+07
1.8367e+07
1.83699e+07
1.83727e+07
1.83756e+07
1.83785e+07
1.83814e+07
1.83843e+07
1.83872e+07
1.83902e+07
1.83931e+07
1.8396e+07
1.8399e+07
1.84019e+07
1.84049e+07
1.84078e+07
1.84108e+07
1.84138e+07
1.84168e+07
1.84198e+07
1.84228e+07
1.84258e+07
1.84289e+07
1.84319e+07
1.8435e+07
1.84381e+07
1.84412e+07
1.84443e+07
1.84475e+07
1.84506e+07
1.84538e+07
1.8457e+07
1.84602e+07
1.84634e+07
1.84667e+07
1.84699e+07
1.84732e+07
1.84765e+07
1.84798e+07
1.84832e+07
1.84865e+07
1.84899e+07
1.84933e+07
1.84966e+07
1.85001e+07
1.85035e+07
1.85069e+07
1.85104e+07
1.85138e+07
1.85173e+07
1.85208e+07
1.85243e+07
1.85279e+07
1.85314e+07
1.85349e+07
1.85385e+07
1.85421e+07
1.85457e+07
1.85493e+07
1.85529e+07
1.85565e+07
1.85602e+07
1.85638e+07
1.85675e+07
1.85712e+07
1.85749e+07
1.85786e+07
1.85823e+07
1.85861e+07
1.85898e+07
1.85936e+07
1.85973e+07
1.86011e+07
1.86049e+07
1.86088e+07
1.86126e+07
1.86164e+07
1.86203e+07
1.86241e+07
1.8628e+07
1.86319e+07
1.86358e+07
1.86397e+07
1.86436e+07
1.86476e+07
1.86515e+07
1.86554e+07
1.86594e+07
1.86634e+07
1.86674e+07
1.86714e+07
1.86754e+07
1.86794e+07
1.86834e+07
1.86874e+07
1.86915e+07
1.86955e+07
1.86996e+07
1.87037e+07
1.87077e+07
1.87118e+07
1.87159e+07
1.872e+07
1.87241e+07
1.87282e+07
1.87324e+07
1.87365e+07
1.87409e+07
1.87396e+07
1.87387e+07
1.87389e+07
1.87394e+07
1.87397e+07
1.87398e+07
1.87396e+07
1.87394e+07
1.8739e+07
1.87387e+07
1.87383e+07
1.8738e+07
1.87376e+07
1.87374e+07
1.8737e+07
1.87368e+07
1.87365e+07
1.87365e+07
1.87366e+07
1.87373e+07
1.87413e+07
1.87419e+07
1.87428e+07
1.87435e+07
1.87439e+07
1.8744e+07
1.8744e+07
1.87439e+07
1.87437e+07
1.87435e+07
1.87433e+07
1.87431e+07
1.87429e+07
1.87429e+07
1.87425e+07
1.87426e+07
1.87424e+07
1.87424e+07
1.87425e+07
1.87429e+07
1.87432e+07
1.87442e+07
1.8745e+07
1.87457e+07
1.87462e+07
1.87466e+07
1.87469e+07
1.87471e+07
1.87473e+07
1.87473e+07
1.87471e+07
1.87467e+07
1.87463e+07
1.87456e+07
1.87449e+07
1.87444e+07
1.87441e+07
1.87439e+07
1.87436e+07
1.87431e+07
1.87447e+07
1.87463e+07
1.87474e+07
1.87483e+07
1.87492e+07
1.87503e+07
1.87512e+07
1.87516e+07
1.87514e+07
1.87515e+07
1.87519e+07
1.87527e+07
1.87539e+07
1.87564e+07
1.87591e+07
1.87601e+07
1.87585e+07
1.87544e+07
1.87505e+07
1.87489e+07
1.87453e+07
1.87474e+07
1.87486e+07
1.87495e+07
1.87505e+07
1.87515e+07
1.87525e+07
1.87529e+07
1.87528e+07
1.87529e+07
1.87534e+07
1.8754e+07
1.87551e+07
1.87576e+07
1.87604e+07
1.87619e+07
1.87608e+07
1.87573e+07
1.87535e+07
1.87515e+07
1.87428e+07
1.87476e+07
1.87515e+07
1.87552e+07
1.87591e+07
1.8763e+07
1.87669e+07
1.87708e+07
1.87748e+07
1.87788e+07
1.87828e+07
1.87868e+07
1.87908e+07
1.87948e+07
1.87989e+07
1.88029e+07
1.88069e+07
1.88109e+07
1.8815e+07
1.8819e+07
1.88231e+07
1.88271e+07
1.88311e+07
1.88352e+07
1.88393e+07
1.88433e+07
1.88474e+07
1.88515e+07
1.88555e+07
1.88596e+07
1.88637e+07
1.88678e+07
1.88718e+07
1.88759e+07
1.888e+07
1.88841e+07
1.88882e+07
1.88922e+07
1.88963e+07
1.89004e+07
1.89045e+07
1.89085e+07
1.89126e+07
1.89167e+07
1.89207e+07
1.89248e+07
1.89289e+07
1.89329e+07
1.8937e+07
1.8941e+07
1.8945e+07
1.89491e+07
1.89531e+07
1.89571e+07
1.89611e+07
1.89651e+07
1.89691e+07
1.8973e+07
1.8977e+07
1.89809e+07
1.89849e+07
1.89888e+07
1.89927e+07
1.89966e+07
1.90005e+07
1.90044e+07
1.90083e+07
1.90122e+07
1.9016e+07
1.90199e+07
1.90237e+07
1.90276e+07
1.90314e+07
1.90353e+07
1.90391e+07
1.90429e+07
1.90467e+07
1.90505e+07
1.90544e+07
1.90582e+07
1.9062e+07
1.90658e+07
1.90696e+07
1.90735e+07
1.90773e+07
1.90811e+07
1.9085e+07
1.90888e+07
1.90926e+07
1.90964e+07
1.91002e+07
1.9104e+07
1.91077e+07
1.91115e+07
1.91152e+07
1.91189e+07
1.91226e+07
1.91263e+07
1.91299e+07
1.91333e+07
1.87438e+07
1.87477e+07
1.87515e+07
1.87553e+07
1.87591e+07
1.8763e+07
1.87669e+07
1.87708e+07
1.87748e+07
1.87788e+07
1.87828e+07
1.87868e+07
1.87908e+07
1.87948e+07
1.87989e+07
1.88029e+07
1.88069e+07
1.88109e+07
1.8815e+07
1.8819e+07
1.88231e+07
1.88271e+07
1.88311e+07
1.88352e+07
1.88393e+07
1.88433e+07
1.88474e+07
1.88515e+07
1.88555e+07
1.88596e+07
1.88637e+07
1.88678e+07
1.88718e+07
1.88759e+07
1.888e+07
1.88841e+07
1.88882e+07
1.88922e+07
1.88963e+07
1.89004e+07
1.89045e+07
1.89085e+07
1.89126e+07
1.89167e+07
1.89207e+07
1.89248e+07
1.89289e+07
1.89329e+07
1.8937e+07
1.8941e+07
1.8945e+07
1.89491e+07
1.89531e+07
1.89571e+07
1.89611e+07
1.89651e+07
1.89691e+07
1.8973e+07
1.8977e+07
1.89809e+07
1.89849e+07
1.89888e+07
1.89927e+07
1.89966e+07
1.90005e+07
1.90044e+07
1.90083e+07
1.90122e+07
1.9016e+07
1.90199e+07
1.90237e+07
1.90276e+07
1.90314e+07
1.90353e+07
1.90391e+07
1.90429e+07
1.90467e+07
1.90505e+07
1.90544e+07
1.90582e+07
1.9062e+07
1.90658e+07
1.90696e+07
1.90735e+07
1.90773e+07
1.90811e+07
1.9085e+07
1.90888e+07
1.90926e+07
1.90964e+07
1.91002e+07
1.9104e+07
1.91077e+07
1.91115e+07
1.91152e+07
1.91189e+07
1.91226e+07
1.91263e+07
1.91299e+07
1.91333e+07
1.87415e+07
1.87472e+07
1.8752e+07
1.8756e+07
1.87599e+07
1.87639e+07
1.87677e+07
1.87716e+07
1.87756e+07
1.87796e+07
1.87835e+07
1.87874e+07
1.87914e+07
1.87954e+07
1.87994e+07
1.88033e+07
1.88073e+07
1.88113e+07
1.88153e+07
1.88194e+07
1.88233e+07
1.88273e+07
1.88314e+07
1.88354e+07
1.88394e+07
1.88435e+07
1.88475e+07
1.88516e+07
1.88556e+07
1.88597e+07
1.88637e+07
1.88678e+07
1.88719e+07
1.88759e+07
1.888e+07
1.88841e+07
1.88882e+07
1.88922e+07
1.88963e+07
1.89004e+07
1.89045e+07
1.89085e+07
1.89126e+07
1.89167e+07
1.89207e+07
1.89248e+07
1.89289e+07
1.89329e+07
1.8937e+07
1.8941e+07
1.8945e+07
1.89491e+07
1.89531e+07
1.89571e+07
1.89611e+07
1.89651e+07
1.89691e+07
1.8973e+07
1.8977e+07
1.89809e+07
1.89849e+07
1.89888e+07
1.89927e+07
1.89966e+07
1.90005e+07
1.90044e+07
1.90083e+07
1.90121e+07
1.9016e+07
1.90198e+07
1.90237e+07
1.90275e+07
1.90313e+07
1.90352e+07
1.9039e+07
1.90428e+07
1.90466e+07
1.90504e+07
1.90542e+07
1.9058e+07
1.90618e+07
1.90657e+07
1.90695e+07
1.90733e+07
1.90772e+07
1.9081e+07
1.90848e+07
1.90887e+07
1.90925e+07
1.90963e+07
1.91001e+07
1.91039e+07
1.91077e+07
1.91114e+07
1.91152e+07
1.91189e+07
1.91226e+07
1.91263e+07
1.91299e+07
1.91336e+07
1.87457e+07
1.87525e+07
1.87568e+07
1.87577e+07
1.87604e+07
1.87649e+07
1.87696e+07
1.87729e+07
1.8776e+07
1.87801e+07
1.87845e+07
1.87883e+07
1.87917e+07
1.87956e+07
1.87999e+07
1.88041e+07
1.88078e+07
1.88115e+07
1.88154e+07
1.88196e+07
1.88238e+07
1.88277e+07
1.88315e+07
1.88354e+07
1.88394e+07
1.88435e+07
1.88475e+07
1.88516e+07
1.88556e+07
1.88597e+07
1.88637e+07
1.88678e+07
1.88719e+07
1.88759e+07
1.888e+07
1.88841e+07
1.88881e+07
1.88922e+07
1.88963e+07
1.89004e+07
1.89045e+07
1.89085e+07
1.89126e+07
1.89167e+07
1.89207e+07
1.89248e+07
1.89288e+07
1.89329e+07
1.89369e+07
1.8941e+07
1.8945e+07
1.8949e+07
1.89531e+07
1.89571e+07
1.89611e+07
1.89651e+07
1.89691e+07
1.8973e+07
1.8977e+07
1.89809e+07
1.89849e+07
1.89888e+07
1.89927e+07
1.89966e+07
1.90005e+07
1.90044e+07
1.90083e+07
1.90122e+07
1.9016e+07
1.90198e+07
1.90236e+07
1.90275e+07
1.90313e+07
1.90351e+07
1.90389e+07
1.90427e+07
1.90465e+07
1.90503e+07
1.90541e+07
1.90579e+07
1.90617e+07
1.90655e+07
1.90693e+07
1.90732e+07
1.9077e+07
1.90808e+07
1.90847e+07
1.90885e+07
1.90924e+07
1.90962e+07
1.91e+07
1.91038e+07
1.91076e+07
1.91114e+07
1.91151e+07
1.91189e+07
1.91226e+07
1.91263e+07
1.91299e+07
1.91335e+07
1.87463e+07
1.87525e+07
1.87568e+07
1.87577e+07
1.87604e+07
1.87649e+07
1.87696e+07
1.87729e+07
1.8776e+07
1.878e+07
1.87845e+07
1.87883e+07
1.87917e+07
1.87956e+07
1.87999e+07
1.88041e+07
1.88078e+07
1.88115e+07
1.88154e+07
1.88195e+07
1.88238e+07
1.88277e+07
1.88315e+07
1.88354e+07
1.88394e+07
1.88435e+07
1.88475e+07
1.88516e+07
1.88556e+07
1.88597e+07
1.88637e+07
1.88678e+07
1.88719e+07
1.88759e+07
1.888e+07
1.88841e+07
1.88881e+07
1.88922e+07
1.88963e+07
1.89004e+07
1.89045e+07
1.89085e+07
1.89126e+07
1.89167e+07
1.89207e+07
1.89248e+07
1.89288e+07
1.89329e+07
1.89369e+07
1.8941e+07
1.8945e+07
1.8949e+07
1.89531e+07
1.89571e+07
1.89611e+07
1.89651e+07
1.89691e+07
1.8973e+07
1.8977e+07
1.89809e+07
1.89849e+07
1.89888e+07
1.89927e+07
1.89966e+07
1.90005e+07
1.90044e+07
1.90083e+07
1.90122e+07
1.9016e+07
1.90198e+07
1.90236e+07
1.90275e+07
1.90313e+07
1.90351e+07
1.90389e+07
1.90427e+07
1.90465e+07
1.90503e+07
1.90541e+07
1.90579e+07
1.90617e+07
1.90655e+07
1.90693e+07
1.90732e+07
1.9077e+07
1.90809e+07
1.90847e+07
1.90886e+07
1.90924e+07
1.90962e+07
1.91e+07
1.91038e+07
1.91076e+07
1.91114e+07
1.91151e+07
1.91189e+07
1.91226e+07
1.91263e+07
1.91299e+07
1.91335e+07
1.91341e+07
1.91342e+07
1.91348e+07
1.91355e+07
1.91362e+07
1.91368e+07
1.91373e+07
1.91378e+07
1.91383e+07
1.91387e+07
1.91392e+07
1.91396e+07
1.914e+07
1.91404e+07
1.91409e+07
1.91414e+07
1.91418e+07
1.91423e+07
1.91429e+07
1.91435e+07
1.91347e+07
1.91352e+07
1.91359e+07
1.91367e+07
1.91374e+07
1.9138e+07
1.91385e+07
1.9139e+07
1.91396e+07
1.914e+07
1.91405e+07
1.9141e+07
1.91415e+07
1.91419e+07
1.91424e+07
1.91429e+07
1.91435e+07
1.9144e+07
1.91445e+07
1.91451e+07
1.9136e+07
1.91369e+07
1.91377e+07
1.91384e+07
1.91391e+07
1.91398e+07
1.91405e+07
1.91411e+07
1.91416e+07
1.91422e+07
1.91426e+07
1.9143e+07
1.91434e+07
1.91439e+07
1.91444e+07
1.91448e+07
1.91452e+07
1.91455e+07
1.91459e+07
1.91462e+07
1.91357e+07
1.91367e+07
1.91375e+07
1.91383e+07
1.91391e+07
1.91399e+07
1.91408e+07
1.91417e+07
1.91426e+07
1.91437e+07
1.91449e+07
1.91463e+07
1.91469e+07
1.91465e+07
1.91463e+07
1.91468e+07
1.91475e+07
1.91482e+07
1.9149e+07
1.91498e+07
1.91361e+07
1.91374e+07
1.91383e+07
1.91391e+07
1.91399e+07
1.91407e+07
1.91415e+07
1.91424e+07
1.91433e+07
1.91443e+07
1.91455e+07
1.91469e+07
1.91476e+07
1.91474e+07
1.91472e+07
1.91477e+07
1.91483e+07
1.91489e+07
1.91495e+07
1.91502e+07
1.91463e+07
1.91502e+07
1.91537e+07
1.91571e+07
1.91605e+07
1.91638e+07
1.91672e+07
1.91706e+07
1.9174e+07
1.91773e+07
1.91806e+07
1.9184e+07
1.91874e+07
1.91906e+07
1.91938e+07
1.9197e+07
1.92003e+07
1.92037e+07
1.92069e+07
1.92101e+07
1.92131e+07
1.92162e+07
1.92194e+07
1.92226e+07
1.92257e+07
1.92289e+07
1.92319e+07
1.9235e+07
1.92381e+07
1.92411e+07
1.92441e+07
1.92471e+07
1.92501e+07
1.9253e+07
1.9256e+07
1.92589e+07
1.92618e+07
1.92647e+07
1.92675e+07
1.92704e+07
1.92732e+07
1.9276e+07
1.92787e+07
1.92815e+07
1.92842e+07
1.9287e+07
1.92896e+07
1.92923e+07
1.9295e+07
1.92976e+07
1.93003e+07
1.93029e+07
1.93055e+07
1.9308e+07
1.93104e+07
1.93129e+07
1.93154e+07
1.93179e+07
1.93204e+07
1.93228e+07
1.93252e+07
1.93276e+07
1.933e+07
1.93324e+07
1.93347e+07
1.9337e+07
1.93393e+07
1.93416e+07
1.93439e+07
1.93461e+07
1.93483e+07
1.93506e+07
1.93528e+07
1.9355e+07
1.93571e+07
1.93593e+07
1.93615e+07
1.93637e+07
1.93658e+07
1.93679e+07
1.937e+07
1.93721e+07
1.93741e+07
1.93762e+07
1.93781e+07
1.93801e+07
1.93821e+07
1.9384e+07
1.93859e+07
1.93877e+07
1.93895e+07
1.93913e+07
1.93931e+07
1.93948e+07
1.93964e+07
1.93981e+07
1.93997e+07
1.94013e+07
1.94028e+07
1.94044e+07
1.94059e+07
1.94074e+07
1.94089e+07
1.94104e+07
1.94118e+07
1.94133e+07
1.94147e+07
1.94161e+07
1.94175e+07
1.94189e+07
1.94202e+07
1.94215e+07
1.94229e+07
1.94242e+07
1.94254e+07
1.94267e+07
1.9428e+07
1.94292e+07
1.94304e+07
1.94316e+07
1.94328e+07
1.94339e+07
1.94351e+07
1.94362e+07
1.94373e+07
1.94384e+07
1.94395e+07
1.94405e+07
1.94416e+07
1.94426e+07
1.94436e+07
1.94446e+07
1.94455e+07
1.94465e+07
1.94474e+07
1.94483e+07
1.94492e+07
1.94501e+07
1.94509e+07
1.94518e+07
1.94526e+07
1.94534e+07
1.94542e+07
1.94549e+07
1.94557e+07
1.94564e+07
1.94571e+07
1.94578e+07
1.94585e+07
1.94592e+07
1.94598e+07
1.94605e+07
1.94611e+07
1.94617e+07
1.94623e+07
1.94628e+07
1.94634e+07
1.94639e+07
1.94645e+07
1.9465e+07
1.94655e+07
1.9466e+07
1.94665e+07
1.94669e+07
1.94674e+07
1.94678e+07
1.94682e+07
1.94687e+07
1.94691e+07
1.94695e+07
1.94698e+07
1.94702e+07
1.94706e+07
1.94709e+07
1.94713e+07
1.94716e+07
1.94719e+07
1.94722e+07
1.94725e+07
1.94728e+07
1.94731e+07
1.94734e+07
1.94736e+07
1.94739e+07
1.94741e+07
1.94744e+07
1.94746e+07
1.94748e+07
1.9475e+07
1.94752e+07
1.94754e+07
1.94756e+07
1.94758e+07
1.9476e+07
1.94762e+07
1.94764e+07
1.94766e+07
1.94767e+07
1.94769e+07
1.94771e+07
1.91466e+07
1.91502e+07
1.91537e+07
1.91571e+07
1.91605e+07
1.91638e+07
1.91672e+07
1.91706e+07
1.9174e+07
1.91773e+07
1.91806e+07
1.9184e+07
1.91874e+07
1.91906e+07
1.91938e+07
1.9197e+07
1.92003e+07
1.92037e+07
1.92069e+07
1.92101e+07
1.92131e+07
1.92162e+07
1.92194e+07
1.92226e+07
1.92257e+07
1.92289e+07
1.9232e+07
1.9235e+07
1.92381e+07
1.92411e+07
1.92441e+07
1.92471e+07
1.92501e+07
1.9253e+07
1.9256e+07
1.92589e+07
1.92618e+07
1.92647e+07
1.92675e+07
1.92704e+07
1.92732e+07
1.9276e+07
1.92787e+07
1.92815e+07
1.92842e+07
1.9287e+07
1.92896e+07
1.92923e+07
1.9295e+07
1.92976e+07
1.93003e+07
1.93029e+07
1.93055e+07
1.9308e+07
1.93104e+07
1.93129e+07
1.93154e+07
1.9318e+07
1.93204e+07
1.93228e+07
1.93252e+07
1.93276e+07
1.933e+07
1.93324e+07
1.93347e+07
1.9337e+07
1.93393e+07
1.93416e+07
1.93439e+07
1.93461e+07
1.93483e+07
1.93506e+07
1.93528e+07
1.9355e+07
1.93572e+07
1.93593e+07
1.93615e+07
1.93637e+07
1.93658e+07
1.93679e+07
1.937e+07
1.93721e+07
1.93741e+07
1.93762e+07
1.93781e+07
1.93801e+07
1.93821e+07
1.9384e+07
1.93859e+07
1.93877e+07
1.93895e+07
1.93913e+07
1.93931e+07
1.93948e+07
1.93964e+07
1.93981e+07
1.93997e+07
1.94013e+07
1.94028e+07
1.94044e+07
1.94059e+07
1.94074e+07
1.94089e+07
1.94104e+07
1.94118e+07
1.94133e+07
1.94147e+07
1.94161e+07
1.94175e+07
1.94189e+07
1.94202e+07
1.94215e+07
1.94229e+07
1.94242e+07
1.94254e+07
1.94267e+07
1.9428e+07
1.94292e+07
1.94304e+07
1.94316e+07
1.94328e+07
1.94339e+07
1.94351e+07
1.94362e+07
1.94373e+07
1.94384e+07
1.94395e+07
1.94405e+07
1.94416e+07
1.94426e+07
1.94436e+07
1.94446e+07
1.94455e+07
1.94465e+07
1.94474e+07
1.94483e+07
1.94492e+07
1.94501e+07
1.94509e+07
1.94518e+07
1.94526e+07
1.94534e+07
1.94542e+07
1.94549e+07
1.94557e+07
1.94564e+07
1.94571e+07
1.94578e+07
1.94585e+07
1.94592e+07
1.94598e+07
1.94605e+07
1.94611e+07
1.94617e+07
1.94623e+07
1.94628e+07
1.94634e+07
1.94639e+07
1.94645e+07
1.9465e+07
1.94655e+07
1.9466e+07
1.94665e+07
1.94669e+07
1.94674e+07
1.94678e+07
1.94682e+07
1.94687e+07
1.94691e+07
1.94695e+07
1.94698e+07
1.94702e+07
1.94706e+07
1.94709e+07
1.94713e+07
1.94716e+07
1.94719e+07
1.94722e+07
1.94725e+07
1.94728e+07
1.94731e+07
1.94734e+07
1.94736e+07
1.94739e+07
1.94741e+07
1.94744e+07
1.94746e+07
1.94748e+07
1.9475e+07
1.94752e+07
1.94754e+07
1.94756e+07
1.94758e+07
1.9476e+07
1.94762e+07
1.94764e+07
1.94766e+07
1.94767e+07
1.94769e+07
1.94771e+07
1.91465e+07
1.91509e+07
1.91547e+07
1.91583e+07
1.91615e+07
1.91648e+07
1.91682e+07
1.91716e+07
1.91749e+07
1.91781e+07
1.91815e+07
1.91849e+07
1.91882e+07
1.91913e+07
1.91944e+07
1.91976e+07
1.92009e+07
1.92043e+07
1.92075e+07
1.92105e+07
1.92135e+07
1.92166e+07
1.92198e+07
1.9223e+07
1.92261e+07
1.92292e+07
1.92323e+07
1.92353e+07
1.92383e+07
1.92414e+07
1.92443e+07
1.92473e+07
1.92503e+07
1.92532e+07
1.92561e+07
1.9259e+07
1.92619e+07
1.92647e+07
1.92676e+07
1.92704e+07
1.92732e+07
1.9276e+07
1.92788e+07
1.92815e+07
1.92842e+07
1.9287e+07
1.92896e+07
1.92923e+07
1.9295e+07
1.92976e+07
1.93002e+07
1.93028e+07
1.93055e+07
1.93079e+07
1.93104e+07
1.93129e+07
1.93154e+07
1.93179e+07
1.93204e+07
1.93228e+07
1.93252e+07
1.93276e+07
1.93299e+07
1.93323e+07
1.93346e+07
1.93369e+07
1.93392e+07
1.93415e+07
1.93437e+07
1.9346e+07
1.93482e+07
1.93504e+07
1.93526e+07
1.93548e+07
1.9357e+07
1.93592e+07
1.93613e+07
1.93635e+07
1.93657e+07
1.93678e+07
1.93699e+07
1.9372e+07
1.93741e+07
1.93761e+07
1.93781e+07
1.93801e+07
1.9382e+07
1.93839e+07
1.93858e+07
1.93877e+07
1.93895e+07
1.93913e+07
1.9393e+07
1.93947e+07
1.93964e+07
1.93981e+07
1.93997e+07
1.94013e+07
1.94028e+07
1.94044e+07
1.94059e+07
1.94074e+07
1.94089e+07
1.94104e+07
1.94118e+07
1.94133e+07
1.94147e+07
1.94161e+07
1.94175e+07
1.94189e+07
1.94202e+07
1.94215e+07
1.94229e+07
1.94242e+07
1.94254e+07
1.94267e+07
1.9428e+07
1.94292e+07
1.94304e+07
1.94316e+07
1.94328e+07
1.94339e+07
1.94351e+07
1.94362e+07
1.94373e+07
1.94384e+07
1.94395e+07
1.94405e+07
1.94416e+07
1.94426e+07
1.94436e+07
1.94446e+07
1.94455e+07
1.94465e+07
1.94474e+07
1.94483e+07
1.94492e+07
1.94501e+07
1.94509e+07
1.94518e+07
1.94526e+07
1.94534e+07
1.94542e+07
1.94549e+07
1.94557e+07
1.94564e+07
1.94571e+07
1.94578e+07
1.94585e+07
1.94592e+07
1.94598e+07
1.94605e+07
1.94611e+07
1.94617e+07
1.94623e+07
1.94628e+07
1.94634e+07
1.94639e+07
1.94645e+07
1.9465e+07
1.94655e+07
1.9466e+07
1.94665e+07
1.94669e+07
1.94674e+07
1.94678e+07
1.94682e+07
1.94687e+07
1.94691e+07
1.94695e+07
1.94698e+07
1.94702e+07
1.94706e+07
1.94709e+07
1.94713e+07
1.94716e+07
1.94719e+07
1.94722e+07
1.94725e+07
1.94728e+07
1.94731e+07
1.94734e+07
1.94736e+07
1.94739e+07
1.94741e+07
1.94744e+07
1.94746e+07
1.94748e+07
1.9475e+07
1.94752e+07
1.94754e+07
1.94756e+07
1.94758e+07
1.9476e+07
1.94762e+07
1.94764e+07
1.94766e+07
1.94767e+07
1.94769e+07
1.94771e+07
1.91531e+07
1.91546e+07
1.91556e+07
1.91588e+07
1.91636e+07
1.91669e+07
1.91688e+07
1.91721e+07
1.91768e+07
1.918e+07
1.9182e+07
1.91851e+07
1.91891e+07
1.91939e+07
1.91967e+07
1.91984e+07
1.92011e+07
1.92044e+07
1.9208e+07
1.92128e+07
1.92161e+07
1.92178e+07
1.92201e+07
1.9223e+07
1.92261e+07
1.92292e+07
1.92323e+07
1.92353e+07
1.92383e+07
1.92413e+07
1.92443e+07
1.92473e+07
1.92503e+07
1.92532e+07
1.92561e+07
1.9259e+07
1.92619e+07
1.92647e+07
1.92676e+07
1.92704e+07
1.92732e+07
1.9276e+07
1.92788e+07
1.92815e+07
1.92842e+07
1.92869e+07
1.92896e+07
1.92923e+07
1.9295e+07
1.92976e+07
1.93002e+07
1.93029e+07
1.93057e+07
1.93092e+07
1.93114e+07
1.93132e+07
1.93155e+07
1.9318e+07
1.93207e+07
1.93232e+07
1.93253e+07
1.93276e+07
1.93299e+07
1.93322e+07
1.93345e+07
1.93368e+07
1.93391e+07
1.93414e+07
1.93436e+07
1.93458e+07
1.9348e+07
1.93502e+07
1.93524e+07
1.93546e+07
1.93568e+07
1.9359e+07
1.93612e+07
1.93633e+07
1.93655e+07
1.93677e+07
1.93698e+07
1.93719e+07
1.9374e+07
1.9376e+07
1.9378e+07
1.938e+07
1.9382e+07
1.93839e+07
1.93858e+07
1.93877e+07
1.93895e+07
1.93913e+07
1.93931e+07
1.93948e+07
1.93964e+07
1.93981e+07
1.93997e+07
1.94013e+07
1.94028e+07
1.94044e+07
1.94059e+07
1.94074e+07
1.94089e+07
1.94104e+07
1.94118e+07
1.94133e+07
1.94147e+07
1.94161e+07
1.94175e+07
1.94189e+07
1.94202e+07
1.94215e+07
1.94229e+07
1.94242e+07
1.94254e+07
1.94267e+07
1.9428e+07
1.94292e+07
1.94304e+07
1.94316e+07
1.94328e+07
1.94339e+07
1.94351e+07
1.94362e+07
1.94373e+07
1.94384e+07
1.94395e+07
1.94405e+07
1.94416e+07
1.94426e+07
1.94436e+07
1.94446e+07
1.94455e+07
1.94465e+07
1.94474e+07
1.94483e+07
1.94492e+07
1.94501e+07
1.94509e+07
1.94518e+07
1.94526e+07
1.94534e+07
1.94542e+07
1.94549e+07
1.94557e+07
1.94564e+07
1.94571e+07
1.94578e+07
1.94585e+07
1.94592e+07
1.94598e+07
1.94605e+07
1.94611e+07
1.94617e+07
1.94623e+07
1.94628e+07
1.94634e+07
1.94639e+07
1.94645e+07
1.9465e+07
1.94655e+07
1.9466e+07
1.94665e+07
1.94669e+07
1.94674e+07
1.94678e+07
1.94682e+07
1.94687e+07
1.94691e+07
1.94695e+07
1.94698e+07
1.94702e+07
1.94706e+07
1.94709e+07
1.94713e+07
1.94716e+07
1.94719e+07
1.94722e+07
1.94725e+07
1.94728e+07
1.94731e+07
1.94734e+07
1.94736e+07
1.94739e+07
1.94741e+07
1.94744e+07
1.94746e+07
1.94748e+07
1.9475e+07
1.94752e+07
1.94754e+07
1.94756e+07
1.94758e+07
1.9476e+07
1.94762e+07
1.94764e+07
1.94766e+07
1.94767e+07
1.94769e+07
1.94771e+07
1.91533e+07
1.91546e+07
1.91555e+07
1.91588e+07
1.91636e+07
1.91669e+07
1.91688e+07
1.91721e+07
1.91768e+07
1.918e+07
1.9182e+07
1.91851e+07
1.91891e+07
1.91939e+07
1.91967e+07
1.91984e+07
1.92011e+07
1.92044e+07
1.9208e+07
1.92128e+07
1.92161e+07
1.92178e+07
1.92201e+07
1.9223e+07
1.92261e+07
1.92292e+07
1.92323e+07
1.92353e+07
1.92383e+07
1.92413e+07
1.92443e+07
1.92473e+07
1.92503e+07
1.92532e+07
1.92561e+07
1.9259e+07
1.92619e+07
1.92647e+07
1.92676e+07
1.92704e+07
1.92732e+07
1.9276e+07
1.92788e+07
1.92815e+07
1.92842e+07
1.9287e+07
1.92896e+07
1.92923e+07
1.9295e+07
1.92976e+07
1.93002e+07
1.93029e+07
1.93057e+07
1.93092e+07
1.93114e+07
1.93132e+07
1.93155e+07
1.9318e+07
1.93207e+07
1.93232e+07
1.93253e+07
1.93276e+07
1.93299e+07
1.93322e+07
1.93346e+07
1.93368e+07
1.93391e+07
1.93414e+07
1.93436e+07
1.93458e+07
1.9348e+07
1.93502e+07
1.93524e+07
1.93546e+07
1.93568e+07
1.9359e+07
1.93612e+07
1.93634e+07
1.93655e+07
1.93677e+07
1.93698e+07
1.93719e+07
1.9374e+07
1.9376e+07
1.9378e+07
1.938e+07
1.9382e+07
1.93839e+07
1.93858e+07
1.93877e+07
1.93895e+07
1.93913e+07
1.93931e+07
1.93948e+07
1.93964e+07
1.93981e+07
1.93997e+07
1.94013e+07
1.94028e+07
1.94044e+07
1.94059e+07
1.94074e+07
1.94089e+07
1.94104e+07
1.94118e+07
1.94133e+07
1.94147e+07
1.94161e+07
1.94175e+07
1.94189e+07
1.94202e+07
1.94215e+07
1.94229e+07
1.94242e+07
1.94254e+07
1.94267e+07
1.9428e+07
1.94292e+07
1.94304e+07
1.94316e+07
1.94328e+07
1.94339e+07
1.94351e+07
1.94362e+07
1.94373e+07
1.94384e+07
1.94395e+07
1.94405e+07
1.94416e+07
1.94426e+07
1.94436e+07
1.94446e+07
1.94455e+07
1.94465e+07
1.94474e+07
1.94483e+07
1.94492e+07
1.94501e+07
1.94509e+07
1.94518e+07
1.94526e+07
1.94534e+07
1.94542e+07
1.94549e+07
1.94557e+07
1.94564e+07
1.94571e+07
1.94578e+07
1.94585e+07
1.94592e+07
1.94598e+07
1.94605e+07
1.94611e+07
1.94617e+07
1.94623e+07
1.94628e+07
1.94634e+07
1.94639e+07
1.94645e+07
1.9465e+07
1.94655e+07
1.9466e+07
1.94665e+07
1.94669e+07
1.94674e+07
1.94678e+07
1.94682e+07
1.94687e+07
1.94691e+07
1.94695e+07
1.94698e+07
1.94702e+07
1.94706e+07
1.94709e+07
1.94713e+07
1.94716e+07
1.94719e+07
1.94722e+07
1.94725e+07
1.94728e+07
1.94731e+07
1.94734e+07
1.94736e+07
1.94739e+07
1.94741e+07
1.94744e+07
1.94746e+07
1.94748e+07
1.9475e+07
1.94752e+07
1.94754e+07
1.94756e+07
1.94758e+07
1.9476e+07
1.94762e+07
1.94764e+07
1.94766e+07
1.94767e+07
1.94769e+07
1.94771e+07
1.94772e+07
1.94772e+07
1.94773e+07
1.94774e+07
1.94774e+07
1.94775e+07
1.94775e+07
1.94776e+07
1.94777e+07
1.94777e+07
1.94778e+07
1.9478e+07
1.94782e+07
1.94785e+07
1.94787e+07
1.94784e+07
1.9478e+07
1.9478e+07
1.94782e+07
1.94781e+07
1.94772e+07
1.94772e+07
1.94773e+07
1.94774e+07
1.94774e+07
1.94775e+07
1.94775e+07
1.94775e+07
1.94776e+07
1.94777e+07
1.94778e+07
1.9478e+07
1.94782e+07
1.94784e+07
1.94786e+07
1.94783e+07
1.94779e+07
1.94779e+07
1.94781e+07
1.94781e+07
1.94772e+07
1.94772e+07
1.94772e+07
1.94773e+07
1.94773e+07
1.94773e+07
1.94774e+07
1.94774e+07
1.94774e+07
1.94775e+07
1.94775e+07
1.94775e+07
1.94775e+07
1.94775e+07
1.94775e+07
1.94775e+07
1.94776e+07
1.94776e+07
1.94777e+07
1.94778e+07
1.94771e+07
1.94771e+07
1.94772e+07
1.94772e+07
1.94772e+07
1.94772e+07
1.94772e+07
1.94772e+07
1.94772e+07
1.94772e+07
1.94773e+07
1.94773e+07
1.94773e+07
1.94773e+07
1.94773e+07
1.94773e+07
1.94774e+07
1.94774e+07
1.94774e+07
1.94774e+07
1.94771e+07
1.94771e+07
1.94772e+07
1.94772e+07
1.94772e+07
1.94772e+07
1.94772e+07
1.94772e+07
1.94772e+07
1.94772e+07
1.94773e+07
1.94773e+07
1.94773e+07
1.94773e+07
1.94773e+07
1.94773e+07
1.94773e+07
1.94774e+07
1.94774e+07
1.94774e+07
1.94784e+07
1.94793e+07
1.94789e+07
1.94782e+07
1.94784e+07
1.94797e+07
1.94809e+07
1.94787e+07
1.94782e+07
1.94783e+07
1.94787e+07
1.94816e+07
1.94827e+07
1.94785e+07
1.94785e+07
1.94794e+07
1.94854e+07
1.94792e+07
1.94782e+07
1.94792e+07
1.9483e+07
1.94872e+07
1.94807e+07
1.94779e+07
1.94778e+07
1.94779e+07
1.9478e+07
1.94781e+07
1.94783e+07
1.94788e+07
1.94809e+07
1.94816e+07
1.94793e+07
1.94786e+07
1.94786e+07
1.94786e+07
1.94787e+07
1.94787e+07
1.94788e+07
1.94789e+07
1.9479e+07
1.94793e+07
1.948e+07
1.94807e+07
1.94844e+07
1.94855e+07
1.94815e+07
1.94795e+07
1.94795e+07
1.94798e+07
1.948e+07
1.94803e+07
1.94805e+07
1.94808e+07
1.9481e+07
1.94812e+07
1.94813e+07
1.94815e+07
1.94817e+07
1.94818e+07
1.94819e+07
1.9482e+07
1.9482e+07
1.9482e+07
1.94819e+07
1.94818e+07
1.94817e+07
1.94817e+07
1.94816e+07
1.94815e+07
1.94814e+07
1.94813e+07
1.94811e+07
1.9481e+07
1.94809e+07
1.94808e+07
1.94807e+07
1.94806e+07
1.94805e+07
1.94803e+07
1.94802e+07
1.94801e+07
1.948e+07
1.94798e+07
1.94797e+07
1.94796e+07
1.94794e+07
1.94793e+07
1.94791e+07
1.9479e+07
1.94788e+07
1.94786e+07
1.94785e+07
1.94783e+07
1.94781e+07
1.94779e+07
1.94777e+07
1.94775e+07
1.94772e+07
1.9477e+07
1.94768e+07
1.94765e+07
1.94763e+07
1.9476e+07
1.94758e+07
1.94755e+07
1.94752e+07
1.9475e+07
1.94747e+07
1.94744e+07
1.94741e+07
1.94739e+07
1.94736e+07
1.94733e+07
1.9473e+07
1.94728e+07
1.94725e+07
1.94722e+07
1.94719e+07
1.94717e+07
1.94714e+07
1.94711e+07
1.94709e+07
1.94706e+07
1.94704e+07
1.94701e+07
1.94698e+07
1.94696e+07
1.94693e+07
1.94691e+07
1.94688e+07
1.94686e+07
1.94683e+07
1.94681e+07
1.94678e+07
1.94676e+07
1.94673e+07
1.94671e+07
1.94668e+07
1.94666e+07
1.94664e+07
1.94661e+07
1.94659e+07
1.94657e+07
1.94654e+07
1.94652e+07
1.9465e+07
1.94648e+07
1.94646e+07
1.94644e+07
1.94642e+07
1.9464e+07
1.94638e+07
1.94636e+07
1.94634e+07
1.94633e+07
1.94631e+07
1.94629e+07
1.94628e+07
1.94626e+07
1.94625e+07
1.94624e+07
1.94622e+07
1.94621e+07
1.9462e+07
1.94619e+07
1.94617e+07
1.94616e+07
1.94615e+07
1.94614e+07
1.94613e+07
1.94612e+07
1.94611e+07
1.9461e+07
1.94609e+07
1.94608e+07
1.94607e+07
1.94607e+07
1.94606e+07
1.94605e+07
1.94604e+07
1.94603e+07
1.94602e+07
1.94601e+07
1.946e+07
1.946e+07
1.94599e+07
1.94598e+07
1.94597e+07
1.94597e+07
1.94596e+07
1.94595e+07
1.94595e+07
1.94594e+07
1.94594e+07
1.94593e+07
1.94593e+07
1.94592e+07
1.94592e+07
1.94591e+07
1.94591e+07
1.94591e+07
1.94591e+07
1.9459e+07
1.9459e+07
1.9459e+07
1.9459e+07
1.9459e+07
1.9459e+07
1.9459e+07
1.9459e+07
1.9459e+07
1.94591e+07
1.94591e+07
1.94591e+07
1.94592e+07
1.94592e+07
1.94592e+07
1.94593e+07
1.94593e+07
1.94594e+07
1.94595e+07
1.94595e+07
1.94596e+07
1.94597e+07
1.94598e+07
1.94599e+07
1.946e+07
1.94601e+07
1.94602e+07
1.94603e+07
1.94604e+07
1.94606e+07
1.94607e+07
1.94609e+07
1.9461e+07
1.94612e+07
1.94613e+07
1.94615e+07
1.94617e+07
1.94618e+07
1.9462e+07
1.94622e+07
1.94624e+07
1.94626e+07
1.94628e+07
1.9463e+07
1.94631e+07
1.94633e+07
1.94635e+07
1.94637e+07
1.94639e+07
1.94641e+07
1.94643e+07
1.94645e+07
1.94647e+07
1.94649e+07
1.94651e+07
1.94652e+07
1.94654e+07
1.94656e+07
1.94658e+07
1.94659e+07
1.94661e+07
1.94662e+07
1.94664e+07
1.94665e+07
1.94667e+07
1.94668e+07
1.94669e+07
1.94671e+07
1.94672e+07
1.94673e+07
1.94674e+07
1.94675e+07
1.94676e+07
1.94677e+07
1.94678e+07
1.94679e+07
1.9468e+07
1.9468e+07
1.94681e+07
1.94682e+07
1.94683e+07
1.94683e+07
1.94684e+07
1.94684e+07
1.94685e+07
1.94685e+07
1.94685e+07
1.94686e+07
1.94686e+07
1.94686e+07
1.94686e+07
1.94686e+07
1.94686e+07
1.94686e+07
1.94686e+07
1.94686e+07
1.94686e+07
1.94686e+07
1.94685e+07
1.94685e+07
1.94685e+07
1.94684e+07
1.94683e+07
1.94683e+07
1.94682e+07
1.94681e+07
1.94681e+07
1.9468e+07
1.94679e+07
1.94678e+07
1.94677e+07
1.94676e+07
1.94674e+07
1.94673e+07
1.94672e+07
1.9467e+07
1.94669e+07
1.94667e+07
1.94665e+07
1.94664e+07
1.94662e+07
1.9466e+07
1.94658e+07
1.94656e+07
1.94654e+07
1.94652e+07
1.9465e+07
1.94648e+07
1.94645e+07
1.94643e+07
1.94641e+07
1.94638e+07
1.94636e+07
1.94633e+07
1.94631e+07
1.94628e+07
1.94626e+07
1.94623e+07
1.9462e+07
1.94618e+07
1.94615e+07
1.94612e+07
1.94609e+07
1.94606e+07
1.94604e+07
1.94601e+07
1.94598e+07
1.94595e+07
1.94592e+07
1.9459e+07
1.94587e+07
1.94584e+07
1.94581e+07
1.94578e+07
1.94575e+07
1.94573e+07
1.9457e+07
1.94567e+07
1.94564e+07
1.94562e+07
1.94559e+07
1.94556e+07
1.94554e+07
1.94551e+07
1.94548e+07
1.94546e+07
1.94543e+07
1.94541e+07
1.94538e+07
1.94536e+07
1.94534e+07
1.94531e+07
1.94529e+07
1.94527e+07
1.94525e+07
1.94523e+07
1.94521e+07
1.94519e+07
1.94517e+07
1.94516e+07
1.94514e+07
1.94513e+07
1.94511e+07
1.9451e+07
1.94509e+07
1.94508e+07
1.94507e+07
1.94506e+07
1.94505e+07
1.94504e+07
1.94503e+07
1.94503e+07
1.94503e+07
1.94502e+07
1.94502e+07
1.94502e+07
1.94502e+07
1.94502e+07
1.94502e+07
1.94503e+07
1.94503e+07
1.94503e+07
1.94504e+07
1.94504e+07
1.94505e+07
1.94506e+07
1.94507e+07
1.94507e+07
1.94508e+07
1.94509e+07
1.9451e+07
1.94511e+07
1.94513e+07
1.94514e+07
1.94515e+07
1.94516e+07
1.94518e+07
1.94519e+07
1.9452e+07
1.94522e+07
1.94523e+07
1.94524e+07
1.94526e+07
1.94527e+07
1.94529e+07
1.9453e+07
1.94532e+07
1.94533e+07
1.94535e+07
1.94537e+07
1.94538e+07
1.9454e+07
1.94541e+07
1.94543e+07
1.94545e+07
1.94546e+07
1.94548e+07
1.9455e+07
1.94551e+07
1.94553e+07
1.94555e+07
1.94556e+07
1.94558e+07
1.94559e+07
1.94561e+07
1.94563e+07
1.94564e+07
1.94566e+07
1.94568e+07
1.94569e+07
1.94571e+07
1.94572e+07
1.94574e+07
1.94575e+07
1.94577e+07
1.94578e+07
1.9458e+07
1.94581e+07
1.94583e+07
1.94584e+07
1.94586e+07
1.94587e+07
1.94588e+07
1.9459e+07
1.94591e+07
1.94592e+07
1.94593e+07
1.94595e+07
1.94596e+07
1.94597e+07
1.94598e+07
1.946e+07
1.94601e+07
1.94602e+07
1.94603e+07
1.94604e+07
1.94605e+07
1.94606e+07
1.94607e+07
1.94608e+07
1.94609e+07
1.9461e+07
1.94611e+07
1.94612e+07
1.94613e+07
1.94613e+07
1.94614e+07
1.94615e+07
1.94616e+07
1.94616e+07
1.94617e+07
1.94618e+07
1.94618e+07
1.94619e+07
1.94619e+07
1.9462e+07
1.9462e+07
1.94621e+07
1.94621e+07
1.94622e+07
1.94622e+07
1.94622e+07
1.94623e+07
1.94623e+07
1.94623e+07
1.94624e+07
1.94624e+07
1.94624e+07
1.94624e+07
1.94624e+07
1.94624e+07
1.94625e+07
1.94625e+07
1.94625e+07
1.94625e+07
1.94625e+07
1.94625e+07
1.94625e+07
1.94625e+07
1.94625e+07
1.94625e+07
1.94625e+07
1.94625e+07
1.94625e+07
1.94625e+07
1.94625e+07
1.94625e+07
1.94625e+07
1.94625e+07
1.94625e+07
1.94625e+07
1.94625e+07
1.94625e+07
1.94625e+07
1.94625e+07
1.94625e+07
1.94625e+07
1.94625e+07
1.94625e+07
1.94625e+07
1.94625e+07
1.94625e+07
1.94625e+07
1.94624e+07
1.94624e+07
1.94624e+07
1.94624e+07
1.94624e+07
1.94624e+07
1.94624e+07
1.94624e+07
1.94624e+07
1.94623e+07
1.94623e+07
1.94623e+07
1.94623e+07
1.94623e+07
1.94623e+07
1.94623e+07
1.94622e+07
1.94622e+07
1.94622e+07
1.94622e+07
1.94622e+07
1.94622e+07
1.94621e+07
1.94621e+07
1.94621e+07
1.94621e+07
1.94621e+07
1.94621e+07
1.94621e+07
1.9462e+07
1.9462e+07
1.9462e+07
1.9462e+07
1.9462e+07
1.9462e+07
1.94619e+07
1.94619e+07
1.94619e+07
1.94619e+07
1.94619e+07
1.94619e+07
1.94618e+07
1.94618e+07
1.94618e+07
1.94618e+07
1.94618e+07
1.94617e+07
1.94617e+07
1.94617e+07
1.94617e+07
1.94617e+07
1.94616e+07
1.94616e+07
1.94616e+07
1.94784e+07
1.94792e+07
1.94789e+07
1.94782e+07
1.94784e+07
1.94797e+07
1.94809e+07
1.94787e+07
1.94782e+07
1.94783e+07
1.94787e+07
1.94816e+07
1.94827e+07
1.94786e+07
1.94785e+07
1.94794e+07
1.94854e+07
1.94792e+07
1.94782e+07
1.94792e+07
1.9483e+07
1.94872e+07
1.94807e+07
1.94779e+07
1.94778e+07
1.94779e+07
1.9478e+07
1.94781e+07
1.94783e+07
1.94788e+07
1.9481e+07
1.94816e+07
1.94793e+07
1.94786e+07
1.94786e+07
1.94786e+07
1.94787e+07
1.94787e+07
1.94788e+07
1.94788e+07
1.9479e+07
1.94793e+07
1.94799e+07
1.94807e+07
1.94844e+07
1.94855e+07
1.94815e+07
1.94795e+07
1.94795e+07
1.94798e+07
1.948e+07
1.94803e+07
1.94805e+07
1.94808e+07
1.9481e+07
1.94812e+07
1.94813e+07
1.94815e+07
1.94817e+07
1.94818e+07
1.94819e+07
1.9482e+07
1.9482e+07
1.9482e+07
1.94819e+07
1.94818e+07
1.94817e+07
1.94817e+07
1.94816e+07
1.94815e+07
1.94814e+07
1.94813e+07
1.94811e+07
1.9481e+07
1.94809e+07
1.94808e+07
1.94807e+07
1.94806e+07
1.94805e+07
1.94803e+07
1.94802e+07
1.94801e+07
1.948e+07
1.94798e+07
1.94797e+07
1.94796e+07
1.94794e+07
1.94793e+07
1.94791e+07
1.9479e+07
1.94788e+07
1.94786e+07
1.94785e+07
1.94783e+07
1.94781e+07
1.94779e+07
1.94777e+07
1.94775e+07
1.94772e+07
1.9477e+07
1.94768e+07
1.94765e+07
1.94763e+07
1.9476e+07
1.94758e+07
1.94755e+07
1.94752e+07
1.9475e+07
1.94747e+07
1.94744e+07
1.94741e+07
1.94739e+07
1.94736e+07
1.94733e+07
1.9473e+07
1.94728e+07
1.94725e+07
1.94722e+07
1.94719e+07
1.94717e+07
1.94714e+07
1.94711e+07
1.94709e+07
1.94706e+07
1.94704e+07
1.94701e+07
1.94698e+07
1.94696e+07
1.94693e+07
1.94691e+07
1.94688e+07
1.94686e+07
1.94683e+07
1.94681e+07
1.94678e+07
1.94676e+07
1.94673e+07
1.94671e+07
1.94668e+07
1.94666e+07
1.94664e+07
1.94661e+07
1.94659e+07
1.94657e+07
1.94654e+07
1.94652e+07
1.9465e+07
1.94648e+07
1.94646e+07
1.94644e+07
1.94642e+07
1.9464e+07
1.94638e+07
1.94636e+07
1.94634e+07
1.94633e+07
1.94631e+07
1.94629e+07
1.94628e+07
1.94626e+07
1.94625e+07
1.94624e+07
1.94622e+07
1.94621e+07
1.9462e+07
1.94619e+07
1.94617e+07
1.94616e+07
1.94615e+07
1.94614e+07
1.94613e+07
1.94612e+07
1.94611e+07
1.9461e+07
1.94609e+07
1.94608e+07
1.94607e+07
1.94607e+07
1.94606e+07
1.94605e+07
1.94604e+07
1.94603e+07
1.94602e+07
1.94601e+07
1.946e+07
1.946e+07
1.94599e+07
1.94598e+07
1.94597e+07
1.94597e+07
1.94596e+07
1.94595e+07
1.94595e+07
1.94594e+07
1.94594e+07
1.94593e+07
1.94593e+07
1.94592e+07
1.94592e+07
1.94591e+07
1.94591e+07
1.94591e+07
1.94591e+07
1.9459e+07
1.9459e+07
1.9459e+07
1.9459e+07
1.9459e+07
1.9459e+07
1.9459e+07
1.9459e+07
1.9459e+07
1.94591e+07
1.94591e+07
1.94591e+07
1.94592e+07
1.94592e+07
1.94592e+07
1.94593e+07
1.94593e+07
1.94594e+07
1.94595e+07
1.94595e+07
1.94596e+07
1.94597e+07
1.94598e+07
1.94599e+07
1.946e+07
1.94601e+07
1.94602e+07
1.94603e+07
1.94604e+07
1.94606e+07
1.94607e+07
1.94609e+07
1.9461e+07
1.94612e+07
1.94613e+07
1.94615e+07
1.94617e+07
1.94618e+07
1.9462e+07
1.94622e+07
1.94624e+07
1.94626e+07
1.94628e+07
1.9463e+07
1.94631e+07
1.94633e+07
1.94635e+07
1.94637e+07
1.94639e+07
1.94641e+07
1.94643e+07
1.94645e+07
1.94647e+07
1.94649e+07
1.94651e+07
1.94652e+07
1.94654e+07
1.94656e+07
1.94658e+07
1.94659e+07
1.94661e+07
1.94662e+07
1.94664e+07
1.94665e+07
1.94667e+07
1.94668e+07
1.94669e+07
1.94671e+07
1.94672e+07
1.94673e+07
1.94674e+07
1.94675e+07
1.94676e+07
1.94677e+07
1.94678e+07
1.94679e+07
1.9468e+07
1.9468e+07
1.94681e+07
1.94682e+07
1.94683e+07
1.94683e+07
1.94684e+07
1.94684e+07
1.94685e+07
1.94685e+07
1.94685e+07
1.94686e+07
1.94686e+07
1.94686e+07
1.94686e+07
1.94686e+07
1.94686e+07
1.94686e+07
1.94686e+07
1.94686e+07
1.94686e+07
1.94686e+07
1.94685e+07
1.94685e+07
1.94685e+07
1.94684e+07
1.94683e+07
1.94683e+07
1.94682e+07
1.94681e+07
1.94681e+07
1.9468e+07
1.94679e+07
1.94678e+07
1.94677e+07
1.94676e+07
1.94674e+07
1.94673e+07
1.94672e+07
1.9467e+07
1.94669e+07
1.94667e+07
1.94665e+07
1.94664e+07
1.94662e+07
1.9466e+07
1.94658e+07
1.94656e+07
1.94654e+07
1.94652e+07
1.9465e+07
1.94648e+07
1.94645e+07
1.94643e+07
1.94641e+07
1.94638e+07
1.94636e+07
1.94633e+07
1.94631e+07
1.94628e+07
1.94626e+07
1.94623e+07
1.9462e+07
1.94618e+07
1.94615e+07
1.94612e+07
1.94609e+07
1.94606e+07
1.94604e+07
1.94601e+07
1.94598e+07
1.94595e+07
1.94592e+07
1.9459e+07
1.94587e+07
1.94584e+07
1.94581e+07
1.94578e+07
1.94575e+07
1.94573e+07
1.9457e+07
1.94567e+07
1.94564e+07
1.94562e+07
1.94559e+07
1.94556e+07
1.94554e+07
1.94551e+07
1.94548e+07
1.94546e+07
1.94543e+07
1.94541e+07
1.94538e+07
1.94536e+07
1.94534e+07
1.94531e+07
1.94529e+07
1.94527e+07
1.94525e+07
1.94523e+07
1.94521e+07
1.94519e+07
1.94517e+07
1.94516e+07
1.94514e+07
1.94513e+07
1.94511e+07
1.9451e+07
1.94509e+07
1.94508e+07
1.94507e+07
1.94506e+07
1.94505e+07
1.94504e+07
1.94503e+07
1.94503e+07
1.94503e+07
1.94502e+07
1.94502e+07
1.94502e+07
1.94502e+07
1.94502e+07
1.94502e+07
1.94503e+07
1.94503e+07
1.94503e+07
1.94504e+07
1.94504e+07
1.94505e+07
1.94506e+07
1.94507e+07
1.94507e+07
1.94508e+07
1.94509e+07
1.9451e+07
1.94511e+07
1.94513e+07
1.94514e+07
1.94515e+07
1.94516e+07
1.94518e+07
1.94519e+07
1.9452e+07
1.94522e+07
1.94523e+07
1.94524e+07
1.94526e+07
1.94527e+07
1.94529e+07
1.9453e+07
1.94532e+07
1.94533e+07
1.94535e+07
1.94537e+07
1.94538e+07
1.9454e+07
1.94541e+07
1.94543e+07
1.94545e+07
1.94546e+07
1.94548e+07
1.9455e+07
1.94551e+07
1.94553e+07
1.94555e+07
1.94556e+07
1.94558e+07
1.94559e+07
1.94561e+07
1.94563e+07
1.94564e+07
1.94566e+07
1.94568e+07
1.94569e+07
1.94571e+07
1.94572e+07
1.94574e+07
1.94575e+07
1.94577e+07
1.94578e+07
1.9458e+07
1.94581e+07
1.94583e+07
1.94584e+07
1.94586e+07
1.94587e+07
1.94588e+07
1.9459e+07
1.94591e+07
1.94592e+07
1.94593e+07
1.94595e+07
1.94596e+07
1.94597e+07
1.94598e+07
1.946e+07
1.94601e+07
1.94602e+07
1.94603e+07
1.94604e+07
1.94605e+07
1.94606e+07
1.94607e+07
1.94608e+07
1.94609e+07
1.9461e+07
1.94611e+07
1.94612e+07
1.94613e+07
1.94613e+07
1.94614e+07
1.94615e+07
1.94616e+07
1.94616e+07
1.94617e+07
1.94618e+07
1.94618e+07
1.94619e+07
1.94619e+07
1.9462e+07
1.9462e+07
1.94621e+07
1.94621e+07
1.94622e+07
1.94622e+07
1.94622e+07
1.94623e+07
1.94623e+07
1.94623e+07
1.94624e+07
1.94624e+07
1.94624e+07
1.94624e+07
1.94624e+07
1.94624e+07
1.94625e+07
1.94625e+07
1.94625e+07
1.94625e+07
1.94625e+07
1.94625e+07
1.94625e+07
1.94625e+07
1.94625e+07
1.94625e+07
1.94625e+07
1.94625e+07
1.94625e+07
1.94625e+07
1.94625e+07
1.94625e+07
1.94625e+07
1.94625e+07
1.94625e+07
1.94625e+07
1.94625e+07
1.94625e+07
1.94625e+07
1.94625e+07
1.94625e+07
1.94625e+07
1.94625e+07
1.94625e+07
1.94625e+07
1.94625e+07
1.94625e+07
1.94625e+07
1.94624e+07
1.94624e+07
1.94624e+07
1.94624e+07
1.94624e+07
1.94624e+07
1.94624e+07
1.94624e+07
1.94624e+07
1.94623e+07
1.94623e+07
1.94623e+07
1.94623e+07
1.94623e+07
1.94623e+07
1.94623e+07
1.94622e+07
1.94622e+07
1.94622e+07
1.94622e+07
1.94622e+07
1.94622e+07
1.94621e+07
1.94621e+07
1.94621e+07
1.94621e+07
1.94621e+07
1.94621e+07
1.94621e+07
1.9462e+07
1.9462e+07
1.9462e+07
1.9462e+07
1.9462e+07
1.9462e+07
1.94619e+07
1.94619e+07
1.94619e+07
1.94619e+07
1.94619e+07
1.94619e+07
1.94618e+07
1.94618e+07
1.94618e+07
1.94618e+07
1.94618e+07
1.94617e+07
1.94617e+07
1.94617e+07
1.94617e+07
1.94617e+07
1.94616e+07
1.94616e+07
1.94616e+07
1.94779e+07
1.9478e+07
1.94778e+07
1.9478e+07
1.94782e+07
1.94783e+07
1.94778e+07
1.94778e+07
1.94779e+07
1.94781e+07
1.94785e+07
1.94783e+07
1.94776e+07
1.94777e+07
1.94783e+07
1.94787e+07
1.94776e+07
1.94775e+07
1.94778e+07
1.94786e+07
1.94785e+07
1.94772e+07
1.9477e+07
1.94773e+07
1.94776e+07
1.94778e+07
1.9478e+07
1.94781e+07
1.94782e+07
1.94785e+07
1.94785e+07
1.94782e+07
1.94783e+07
1.94784e+07
1.94785e+07
1.94786e+07
1.94787e+07
1.94788e+07
1.94789e+07
1.9479e+07
1.94791e+07
1.94794e+07
1.94799e+07
1.94804e+07
1.948e+07
1.94792e+07
1.9479e+07
1.94793e+07
1.94796e+07
1.94799e+07
1.94802e+07
1.94804e+07
1.94807e+07
1.94809e+07
1.94811e+07
1.94813e+07
1.94814e+07
1.94816e+07
1.94817e+07
1.94818e+07
1.94819e+07
1.9482e+07
1.9482e+07
1.9482e+07
1.94819e+07
1.94818e+07
1.94817e+07
1.94817e+07
1.94816e+07
1.94815e+07
1.94814e+07
1.94813e+07
1.94811e+07
1.9481e+07
1.94809e+07
1.94808e+07
1.94807e+07
1.94806e+07
1.94805e+07
1.94803e+07
1.94802e+07
1.94801e+07
1.948e+07
1.94798e+07
1.94797e+07
1.94796e+07
1.94794e+07
1.94793e+07
1.94791e+07
1.9479e+07
1.94788e+07
1.94786e+07
1.94785e+07
1.94783e+07
1.94781e+07
1.94779e+07
1.94777e+07
1.94775e+07
1.94772e+07
1.9477e+07
1.94768e+07
1.94765e+07
1.94763e+07
1.9476e+07
1.94758e+07
1.94755e+07
1.94752e+07
1.9475e+07
1.94747e+07
1.94744e+07
1.94741e+07
1.94739e+07
1.94736e+07
1.94733e+07
1.9473e+07
1.94728e+07
1.94725e+07
1.94722e+07
1.94719e+07
1.94717e+07
1.94714e+07
1.94711e+07
1.94709e+07
1.94706e+07
1.94704e+07
1.94701e+07
1.94698e+07
1.94696e+07
1.94693e+07
1.94691e+07
1.94688e+07
1.94686e+07
1.94683e+07
1.94681e+07
1.94678e+07
1.94676e+07
1.94673e+07
1.94671e+07
1.94668e+07
1.94666e+07
1.94664e+07
1.94661e+07
1.94659e+07
1.94657e+07
1.94654e+07
1.94652e+07
1.9465e+07
1.94648e+07
1.94646e+07
1.94644e+07
1.94642e+07
1.9464e+07
1.94638e+07
1.94636e+07
1.94634e+07
1.94633e+07
1.94631e+07
1.94629e+07
1.94628e+07
1.94626e+07
1.94625e+07
1.94624e+07
1.94622e+07
1.94621e+07
1.9462e+07
1.94619e+07
1.94617e+07
1.94616e+07
1.94615e+07
1.94614e+07
1.94613e+07
1.94612e+07
1.94611e+07
1.9461e+07
1.94609e+07
1.94608e+07
1.94607e+07
1.94607e+07
1.94606e+07
1.94605e+07
1.94604e+07
1.94603e+07
1.94602e+07
1.94601e+07
1.946e+07
1.946e+07
1.94599e+07
1.94598e+07
1.94597e+07
1.94597e+07
1.94596e+07
1.94595e+07
1.94595e+07
1.94594e+07
1.94594e+07
1.94593e+07
1.94593e+07
1.94592e+07
1.94592e+07
1.94591e+07
1.94591e+07
1.94591e+07
1.94591e+07
1.9459e+07
1.9459e+07
1.9459e+07
1.9459e+07
1.9459e+07
1.9459e+07
1.9459e+07
1.9459e+07
1.9459e+07
1.94591e+07
1.94591e+07
1.94591e+07
1.94592e+07
1.94592e+07
1.94592e+07
1.94593e+07
1.94593e+07
1.94594e+07
1.94595e+07
1.94595e+07
1.94596e+07
1.94597e+07
1.94598e+07
1.94599e+07
1.946e+07
1.94601e+07
1.94602e+07
1.94603e+07
1.94604e+07
1.94606e+07
1.94607e+07
1.94609e+07
1.9461e+07
1.94612e+07
1.94613e+07
1.94615e+07
1.94617e+07
1.94618e+07
1.9462e+07
1.94622e+07
1.94624e+07
1.94626e+07
1.94628e+07
1.9463e+07
1.94631e+07
1.94633e+07
1.94635e+07
1.94637e+07
1.94639e+07
1.94641e+07
1.94643e+07
1.94645e+07
1.94647e+07
1.94649e+07
1.94651e+07
1.94652e+07
1.94654e+07
1.94656e+07
1.94658e+07
1.94659e+07
1.94661e+07
1.94662e+07
1.94664e+07
1.94665e+07
1.94667e+07
1.94668e+07
1.94669e+07
1.94671e+07
1.94672e+07
1.94673e+07
1.94674e+07
1.94675e+07
1.94676e+07
1.94677e+07
1.94678e+07
1.94679e+07
1.9468e+07
1.9468e+07
1.94681e+07
1.94682e+07
1.94683e+07
1.94683e+07
1.94684e+07
1.94684e+07
1.94685e+07
1.94685e+07
1.94685e+07
1.94686e+07
1.94686e+07
1.94686e+07
1.94686e+07
1.94686e+07
1.94686e+07
1.94686e+07
1.94686e+07
1.94686e+07
1.94686e+07
1.94686e+07
1.94685e+07
1.94685e+07
1.94685e+07
1.94684e+07
1.94683e+07
1.94683e+07
1.94682e+07
1.94681e+07
1.94681e+07
1.9468e+07
1.94679e+07
1.94678e+07
1.94677e+07
1.94676e+07
1.94674e+07
1.94673e+07
1.94672e+07
1.9467e+07
1.94669e+07
1.94667e+07
1.94665e+07
1.94664e+07
1.94662e+07
1.9466e+07
1.94658e+07
1.94656e+07
1.94654e+07
1.94652e+07
1.9465e+07
1.94648e+07
1.94645e+07
1.94643e+07
1.94641e+07
1.94638e+07
1.94636e+07
1.94633e+07
1.94631e+07
1.94628e+07
1.94626e+07
1.94623e+07
1.9462e+07
1.94618e+07
1.94615e+07
1.94612e+07
1.94609e+07
1.94606e+07
1.94604e+07
1.94601e+07
1.94598e+07
1.94595e+07
1.94592e+07
1.9459e+07
1.94587e+07
1.94584e+07
1.94581e+07
1.94578e+07
1.94575e+07
1.94573e+07
1.9457e+07
1.94567e+07
1.94564e+07
1.94562e+07
1.94559e+07
1.94556e+07
1.94554e+07
1.94551e+07
1.94548e+07
1.94546e+07
1.94543e+07
1.94541e+07
1.94538e+07
1.94536e+07
1.94534e+07
1.94531e+07
1.94529e+07
1.94527e+07
1.94525e+07
1.94523e+07
1.94521e+07
1.94519e+07
1.94517e+07
1.94516e+07
1.94514e+07
1.94513e+07
1.94511e+07
1.9451e+07
1.94509e+07
1.94508e+07
1.94507e+07
1.94506e+07
1.94505e+07
1.94504e+07
1.94503e+07
1.94503e+07
1.94503e+07
1.94502e+07
1.94502e+07
1.94502e+07
1.94502e+07
1.94502e+07
1.94502e+07
1.94503e+07
1.94503e+07
1.94503e+07
1.94504e+07
1.94504e+07
1.94505e+07
1.94506e+07
1.94507e+07
1.94507e+07
1.94508e+07
1.94509e+07
1.9451e+07
1.94511e+07
1.94513e+07
1.94514e+07
1.94515e+07
1.94516e+07
1.94518e+07
1.94519e+07
1.9452e+07
1.94522e+07
1.94523e+07
1.94524e+07
1.94526e+07
1.94527e+07
1.94529e+07
1.9453e+07
1.94532e+07
1.94533e+07
1.94535e+07
1.94537e+07
1.94538e+07
1.9454e+07
1.94541e+07
1.94543e+07
1.94545e+07
1.94546e+07
1.94548e+07
1.9455e+07
1.94551e+07
1.94553e+07
1.94555e+07
1.94556e+07
1.94558e+07
1.94559e+07
1.94561e+07
1.94563e+07
1.94564e+07
1.94566e+07
1.94568e+07
1.94569e+07
1.94571e+07
1.94572e+07
1.94574e+07
1.94575e+07
1.94577e+07
1.94578e+07
1.9458e+07
1.94581e+07
1.94583e+07
1.94584e+07
1.94586e+07
1.94587e+07
1.94588e+07
1.9459e+07
1.94591e+07
1.94592e+07
1.94593e+07
1.94595e+07
1.94596e+07
1.94597e+07
1.94598e+07
1.946e+07
1.94601e+07
1.94602e+07
1.94603e+07
1.94604e+07
1.94605e+07
1.94606e+07
1.94607e+07
1.94608e+07
1.94609e+07
1.9461e+07
1.94611e+07
1.94612e+07
1.94613e+07
1.94613e+07
1.94614e+07
1.94615e+07
1.94616e+07
1.94616e+07
1.94617e+07
1.94618e+07
1.94618e+07
1.94619e+07
1.94619e+07
1.9462e+07
1.9462e+07
1.94621e+07
1.94621e+07
1.94622e+07
1.94622e+07
1.94622e+07
1.94623e+07
1.94623e+07
1.94623e+07
1.94624e+07
1.94624e+07
1.94624e+07
1.94624e+07
1.94624e+07
1.94624e+07
1.94625e+07
1.94625e+07
1.94625e+07
1.94625e+07
1.94625e+07
1.94625e+07
1.94625e+07
1.94625e+07
1.94625e+07
1.94625e+07
1.94625e+07
1.94625e+07
1.94625e+07
1.94625e+07
1.94625e+07
1.94625e+07
1.94625e+07
1.94625e+07
1.94625e+07
1.94625e+07
1.94625e+07
1.94625e+07
1.94625e+07
1.94625e+07
1.94625e+07
1.94625e+07
1.94625e+07
1.94625e+07
1.94625e+07
1.94625e+07
1.94625e+07
1.94625e+07
1.94624e+07
1.94624e+07
1.94624e+07
1.94624e+07
1.94624e+07
1.94624e+07
1.94624e+07
1.94624e+07
1.94624e+07
1.94623e+07
1.94623e+07
1.94623e+07
1.94623e+07
1.94623e+07
1.94623e+07
1.94623e+07
1.94622e+07
1.94622e+07
1.94622e+07
1.94622e+07
1.94622e+07
1.94622e+07
1.94621e+07
1.94621e+07
1.94621e+07
1.94621e+07
1.94621e+07
1.94621e+07
1.94621e+07
1.9462e+07
1.9462e+07
1.9462e+07
1.9462e+07
1.9462e+07
1.9462e+07
1.94619e+07
1.94619e+07
1.94619e+07
1.94619e+07
1.94619e+07
1.94619e+07
1.94618e+07
1.94618e+07
1.94618e+07
1.94618e+07
1.94618e+07
1.94617e+07
1.94617e+07
1.94617e+07
1.94617e+07
1.94617e+07
1.94616e+07
1.94616e+07
1.94616e+07
1.94775e+07
1.94775e+07
1.94773e+07
1.94774e+07
1.94775e+07
1.94775e+07
1.94773e+07
1.94772e+07
1.94773e+07
1.94775e+07
1.94777e+07
1.94777e+07
1.94774e+07
1.94775e+07
1.94778e+07
1.94778e+07
1.94775e+07
1.94774e+07
1.94777e+07
1.94781e+07
1.9478e+07
1.94773e+07
1.9477e+07
1.94772e+07
1.94774e+07
1.94775e+07
1.94777e+07
1.94779e+07
1.94781e+07
1.94783e+07
1.94783e+07
1.94782e+07
1.94782e+07
1.94783e+07
1.94784e+07
1.94786e+07
1.94787e+07
1.94788e+07
1.9479e+07
1.94791e+07
1.94794e+07
1.94798e+07
1.94801e+07
1.94802e+07
1.94801e+07
1.94795e+07
1.94792e+07
1.94794e+07
1.94797e+07
1.948e+07
1.94803e+07
1.94806e+07
1.94808e+07
1.9481e+07
1.94811e+07
1.94813e+07
1.94814e+07
1.94816e+07
1.94817e+07
1.94819e+07
1.94819e+07
1.9482e+07
1.9482e+07
1.9482e+07
1.94819e+07
1.94818e+07
1.94817e+07
1.94817e+07
1.94816e+07
1.94815e+07
1.94814e+07
1.94813e+07
1.94811e+07
1.9481e+07
1.94809e+07
1.94808e+07
1.94807e+07
1.94806e+07
1.94805e+07
1.94803e+07
1.94802e+07
1.94801e+07
1.948e+07
1.94798e+07
1.94797e+07
1.94796e+07
1.94794e+07
1.94793e+07
1.94791e+07
1.9479e+07
1.94788e+07
1.94786e+07
1.94785e+07
1.94783e+07
1.94781e+07
1.94779e+07
1.94777e+07
1.94775e+07
1.94772e+07
1.9477e+07
1.94768e+07
1.94765e+07
1.94763e+07
1.9476e+07
1.94758e+07
1.94755e+07
1.94752e+07
1.9475e+07
1.94747e+07
1.94744e+07
1.94741e+07
1.94739e+07
1.94736e+07
1.94733e+07
1.9473e+07
1.94728e+07
1.94725e+07
1.94722e+07
1.94719e+07
1.94717e+07
1.94714e+07
1.94711e+07
1.94709e+07
1.94706e+07
1.94704e+07
1.94701e+07
1.94698e+07
1.94696e+07
1.94693e+07
1.94691e+07
1.94688e+07
1.94686e+07
1.94683e+07
1.94681e+07
1.94678e+07
1.94676e+07
1.94673e+07
1.94671e+07
1.94668e+07
1.94666e+07
1.94664e+07
1.94661e+07
1.94659e+07
1.94657e+07
1.94654e+07
1.94652e+07
1.9465e+07
1.94648e+07
1.94646e+07
1.94644e+07
1.94642e+07
1.9464e+07
1.94638e+07
1.94636e+07
1.94634e+07
1.94633e+07
1.94631e+07
1.94629e+07
1.94628e+07
1.94626e+07
1.94625e+07
1.94624e+07
1.94622e+07
1.94621e+07
1.9462e+07
1.94619e+07
1.94617e+07
1.94616e+07
1.94615e+07
1.94614e+07
1.94613e+07
1.94612e+07
1.94611e+07
1.9461e+07
1.94609e+07
1.94608e+07
1.94607e+07
1.94607e+07
1.94606e+07
1.94605e+07
1.94604e+07
1.94603e+07
1.94602e+07
1.94601e+07
1.946e+07
1.946e+07
1.94599e+07
1.94598e+07
1.94597e+07
1.94597e+07
1.94596e+07
1.94595e+07
1.94595e+07
1.94594e+07
1.94594e+07
1.94593e+07
1.94593e+07
1.94592e+07
1.94592e+07
1.94591e+07
1.94591e+07
1.94591e+07
1.94591e+07
1.9459e+07
1.9459e+07
1.9459e+07
1.9459e+07
1.9459e+07
1.9459e+07
1.9459e+07
1.9459e+07
1.9459e+07
1.94591e+07
1.94591e+07
1.94591e+07
1.94592e+07
1.94592e+07
1.94592e+07
1.94593e+07
1.94593e+07
1.94594e+07
1.94595e+07
1.94595e+07
1.94596e+07
1.94597e+07
1.94598e+07
1.94599e+07
1.946e+07
1.94601e+07
1.94602e+07
1.94603e+07
1.94604e+07
1.94606e+07
1.94607e+07
1.94609e+07
1.9461e+07
1.94612e+07
1.94613e+07
1.94615e+07
1.94617e+07
1.94618e+07
1.9462e+07
1.94622e+07
1.94624e+07
1.94626e+07
1.94628e+07
1.9463e+07
1.94631e+07
1.94633e+07
1.94635e+07
1.94637e+07
1.94639e+07
1.94641e+07
1.94643e+07
1.94645e+07
1.94647e+07
1.94649e+07
1.94651e+07
1.94652e+07
1.94654e+07
1.94656e+07
1.94658e+07
1.94659e+07
1.94661e+07
1.94662e+07
1.94664e+07
1.94665e+07
1.94667e+07
1.94668e+07
1.94669e+07
1.94671e+07
1.94672e+07
1.94673e+07
1.94674e+07
1.94675e+07
1.94676e+07
1.94677e+07
1.94678e+07
1.94679e+07
1.9468e+07
1.9468e+07
1.94681e+07
1.94682e+07
1.94683e+07
1.94683e+07
1.94684e+07
1.94684e+07
1.94685e+07
1.94685e+07
1.94685e+07
1.94686e+07
1.94686e+07
1.94686e+07
1.94686e+07
1.94686e+07
1.94686e+07
1.94686e+07
1.94686e+07
1.94686e+07
1.94686e+07
1.94686e+07
1.94685e+07
1.94685e+07
1.94685e+07
1.94684e+07
1.94683e+07
1.94683e+07
1.94682e+07
1.94681e+07
1.94681e+07
1.9468e+07
1.94679e+07
1.94678e+07
1.94677e+07
1.94676e+07
1.94674e+07
1.94673e+07
1.94672e+07
1.9467e+07
1.94669e+07
1.94667e+07
1.94665e+07
1.94664e+07
1.94662e+07
1.9466e+07
1.94658e+07
1.94656e+07
1.94654e+07
1.94652e+07
1.9465e+07
1.94648e+07
1.94645e+07
1.94643e+07
1.94641e+07
1.94638e+07
1.94636e+07
1.94633e+07
1.94631e+07
1.94628e+07
1.94626e+07
1.94623e+07
1.9462e+07
1.94618e+07
1.94615e+07
1.94612e+07
1.94609e+07
1.94606e+07
1.94604e+07
1.94601e+07
1.94598e+07
1.94595e+07
1.94592e+07
1.9459e+07
1.94587e+07
1.94584e+07
1.94581e+07
1.94578e+07
1.94575e+07
1.94573e+07
1.9457e+07
1.94567e+07
1.94564e+07
1.94562e+07
1.94559e+07
1.94556e+07
1.94554e+07
1.94551e+07
1.94548e+07
1.94546e+07
1.94543e+07
1.94541e+07
1.94538e+07
1.94536e+07
1.94534e+07
1.94531e+07
1.94529e+07
1.94527e+07
1.94525e+07
1.94523e+07
1.94521e+07
1.94519e+07
1.94517e+07
1.94516e+07
1.94514e+07
1.94513e+07
1.94511e+07
1.9451e+07
1.94509e+07
1.94508e+07
1.94507e+07
1.94506e+07
1.94505e+07
1.94504e+07
1.94503e+07
1.94503e+07
1.94503e+07
1.94502e+07
1.94502e+07
1.94502e+07
1.94502e+07
1.94502e+07
1.94502e+07
1.94503e+07
1.94503e+07
1.94503e+07
1.94504e+07
1.94504e+07
1.94505e+07
1.94506e+07
1.94507e+07
1.94507e+07
1.94508e+07
1.94509e+07
1.9451e+07
1.94511e+07
1.94513e+07
1.94514e+07
1.94515e+07
1.94516e+07
1.94518e+07
1.94519e+07
1.9452e+07
1.94522e+07
1.94523e+07
1.94524e+07
1.94526e+07
1.94527e+07
1.94529e+07
1.9453e+07
1.94532e+07
1.94533e+07
1.94535e+07
1.94537e+07
1.94538e+07
1.9454e+07
1.94541e+07
1.94543e+07
1.94545e+07
1.94546e+07
1.94548e+07
1.9455e+07
1.94551e+07
1.94553e+07
1.94555e+07
1.94556e+07
1.94558e+07
1.94559e+07
1.94561e+07
1.94563e+07
1.94564e+07
1.94566e+07
1.94568e+07
1.94569e+07
1.94571e+07
1.94572e+07
1.94574e+07
1.94575e+07
1.94577e+07
1.94578e+07
1.9458e+07
1.94581e+07
1.94583e+07
1.94584e+07
1.94586e+07
1.94587e+07
1.94588e+07
1.9459e+07
1.94591e+07
1.94592e+07
1.94593e+07
1.94595e+07
1.94596e+07
1.94597e+07
1.94598e+07
1.946e+07
1.94601e+07
1.94602e+07
1.94603e+07
1.94604e+07
1.94605e+07
1.94606e+07
1.94607e+07
1.94608e+07
1.94609e+07
1.9461e+07
1.94611e+07
1.94612e+07
1.94613e+07
1.94613e+07
1.94614e+07
1.94615e+07
1.94616e+07
1.94616e+07
1.94617e+07
1.94618e+07
1.94618e+07
1.94619e+07
1.94619e+07
1.9462e+07
1.9462e+07
1.94621e+07
1.94621e+07
1.94622e+07
1.94622e+07
1.94622e+07
1.94623e+07
1.94623e+07
1.94623e+07
1.94624e+07
1.94624e+07
1.94624e+07
1.94624e+07
1.94624e+07
1.94624e+07
1.94625e+07
1.94625e+07
1.94625e+07
1.94625e+07
1.94625e+07
1.94625e+07
1.94625e+07
1.94625e+07
1.94625e+07
1.94625e+07
1.94625e+07
1.94625e+07
1.94625e+07
1.94625e+07
1.94625e+07
1.94625e+07
1.94625e+07
1.94625e+07
1.94625e+07
1.94625e+07
1.94625e+07
1.94625e+07
1.94625e+07
1.94625e+07
1.94625e+07
1.94625e+07
1.94625e+07
1.94625e+07
1.94625e+07
1.94625e+07
1.94625e+07
1.94625e+07
1.94624e+07
1.94624e+07
1.94624e+07
1.94624e+07
1.94624e+07
1.94624e+07
1.94624e+07
1.94624e+07
1.94624e+07
1.94623e+07
1.94623e+07
1.94623e+07
1.94623e+07
1.94623e+07
1.94623e+07
1.94623e+07
1.94622e+07
1.94622e+07
1.94622e+07
1.94622e+07
1.94622e+07
1.94622e+07
1.94621e+07
1.94621e+07
1.94621e+07
1.94621e+07
1.94621e+07
1.94621e+07
1.94621e+07
1.9462e+07
1.9462e+07
1.9462e+07
1.9462e+07
1.9462e+07
1.9462e+07
1.94619e+07
1.94619e+07
1.94619e+07
1.94619e+07
1.94619e+07
1.94619e+07
1.94618e+07
1.94618e+07
1.94618e+07
1.94618e+07
1.94618e+07
1.94617e+07
1.94617e+07
1.94617e+07
1.94617e+07
1.94617e+07
1.94616e+07
1.94616e+07
1.94616e+07
1.94775e+07
1.94775e+07
1.94773e+07
1.94774e+07
1.94775e+07
1.94775e+07
1.94773e+07
1.94772e+07
1.94773e+07
1.94775e+07
1.94777e+07
1.94777e+07
1.94774e+07
1.94775e+07
1.94778e+07
1.94778e+07
1.94775e+07
1.94774e+07
1.94777e+07
1.94781e+07
1.9478e+07
1.94773e+07
1.9477e+07
1.94772e+07
1.94774e+07
1.94775e+07
1.94777e+07
1.94779e+07
1.94781e+07
1.94783e+07
1.94783e+07
1.94782e+07
1.94782e+07
1.94783e+07
1.94784e+07
1.94786e+07
1.94787e+07
1.94788e+07
1.9479e+07
1.94791e+07
1.94794e+07
1.94797e+07
1.94801e+07
1.94802e+07
1.948e+07
1.94795e+07
1.94792e+07
1.94794e+07
1.94797e+07
1.948e+07
1.94803e+07
1.94805e+07
1.94808e+07
1.9481e+07
1.94811e+07
1.94813e+07
1.94814e+07
1.94816e+07
1.94817e+07
1.94819e+07
1.94819e+07
1.9482e+07
1.9482e+07
1.9482e+07
1.94819e+07
1.94818e+07
1.94817e+07
1.94817e+07
1.94816e+07
1.94815e+07
1.94814e+07
1.94813e+07
1.94811e+07
1.9481e+07
1.94809e+07
1.94808e+07
1.94807e+07
1.94806e+07
1.94805e+07
1.94803e+07
1.94802e+07
1.94801e+07
1.948e+07
1.94798e+07
1.94797e+07
1.94796e+07
1.94794e+07
1.94793e+07
1.94791e+07
1.9479e+07
1.94788e+07
1.94786e+07
1.94785e+07
1.94783e+07
1.94781e+07
1.94779e+07
1.94777e+07
1.94775e+07
1.94772e+07
1.9477e+07
1.94768e+07
1.94765e+07
1.94763e+07
1.9476e+07
1.94758e+07
1.94755e+07
1.94752e+07
1.9475e+07
1.94747e+07
1.94744e+07
1.94741e+07
1.94739e+07
1.94736e+07
1.94733e+07
1.9473e+07
1.94728e+07
1.94725e+07
1.94722e+07
1.94719e+07
1.94717e+07
1.94714e+07
1.94711e+07
1.94709e+07
1.94706e+07
1.94704e+07
1.94701e+07
1.94698e+07
1.94696e+07
1.94693e+07
1.94691e+07
1.94688e+07
1.94686e+07
1.94683e+07
1.94681e+07
1.94678e+07
1.94676e+07
1.94673e+07
1.94671e+07
1.94668e+07
1.94666e+07
1.94664e+07
1.94661e+07
1.94659e+07
1.94657e+07
1.94654e+07
1.94652e+07
1.9465e+07
1.94648e+07
1.94646e+07
1.94644e+07
1.94642e+07
1.9464e+07
1.94638e+07
1.94636e+07
1.94634e+07
1.94633e+07
1.94631e+07
1.94629e+07
1.94628e+07
1.94626e+07
1.94625e+07
1.94624e+07
1.94622e+07
1.94621e+07
1.9462e+07
1.94619e+07
1.94617e+07
1.94616e+07
1.94615e+07
1.94614e+07
1.94613e+07
1.94612e+07
1.94611e+07
1.9461e+07
1.94609e+07
1.94608e+07
1.94607e+07
1.94607e+07
1.94606e+07
1.94605e+07
1.94604e+07
1.94603e+07
1.94602e+07
1.94601e+07
1.946e+07
1.946e+07
1.94599e+07
1.94598e+07
1.94597e+07
1.94597e+07
1.94596e+07
1.94595e+07
1.94595e+07
1.94594e+07
1.94594e+07
1.94593e+07
1.94593e+07
1.94592e+07
1.94592e+07
1.94591e+07
1.94591e+07
1.94591e+07
1.94591e+07
1.9459e+07
1.9459e+07
1.9459e+07
1.9459e+07
1.9459e+07
1.9459e+07
1.9459e+07
1.9459e+07
1.9459e+07
1.94591e+07
1.94591e+07
1.94591e+07
1.94592e+07
1.94592e+07
1.94592e+07
1.94593e+07
1.94593e+07
1.94594e+07
1.94595e+07
1.94595e+07
1.94596e+07
1.94597e+07
1.94598e+07
1.94599e+07
1.946e+07
1.94601e+07
1.94602e+07
1.94603e+07
1.94604e+07
1.94606e+07
1.94607e+07
1.94609e+07
1.9461e+07
1.94612e+07
1.94613e+07
1.94615e+07
1.94617e+07
1.94618e+07
1.9462e+07
1.94622e+07
1.94624e+07
1.94626e+07
1.94628e+07
1.9463e+07
1.94631e+07
1.94633e+07
1.94635e+07
1.94637e+07
1.94639e+07
1.94641e+07
1.94643e+07
1.94645e+07
1.94647e+07
1.94649e+07
1.94651e+07
1.94652e+07
1.94654e+07
1.94656e+07
1.94658e+07
1.94659e+07
1.94661e+07
1.94662e+07
1.94664e+07
1.94665e+07
1.94667e+07
1.94668e+07
1.94669e+07
1.94671e+07
1.94672e+07
1.94673e+07
1.94674e+07
1.94675e+07
1.94676e+07
1.94677e+07
1.94678e+07
1.94679e+07
1.9468e+07
1.9468e+07
1.94681e+07
1.94682e+07
1.94683e+07
1.94683e+07
1.94684e+07
1.94684e+07
1.94685e+07
1.94685e+07
1.94685e+07
1.94686e+07
1.94686e+07
1.94686e+07
1.94686e+07
1.94686e+07
1.94686e+07
1.94686e+07
1.94686e+07
1.94686e+07
1.94686e+07
1.94686e+07
1.94685e+07
1.94685e+07
1.94685e+07
1.94684e+07
1.94683e+07
1.94683e+07
1.94682e+07
1.94681e+07
1.94681e+07
1.9468e+07
1.94679e+07
1.94678e+07
1.94677e+07
1.94676e+07
1.94674e+07
1.94673e+07
1.94672e+07
1.9467e+07
1.94669e+07
1.94667e+07
1.94665e+07
1.94664e+07
1.94662e+07
1.9466e+07
1.94658e+07
1.94656e+07
1.94654e+07
1.94652e+07
1.9465e+07
1.94648e+07
1.94645e+07
1.94643e+07
1.94641e+07
1.94638e+07
1.94636e+07
1.94633e+07
1.94631e+07
1.94628e+07
1.94626e+07
1.94623e+07
1.9462e+07
1.94618e+07
1.94615e+07
1.94612e+07
1.94609e+07
1.94606e+07
1.94604e+07
1.94601e+07
1.94598e+07
1.94595e+07
1.94592e+07
1.9459e+07
1.94587e+07
1.94584e+07
1.94581e+07
1.94578e+07
1.94575e+07
1.94573e+07
1.9457e+07
1.94567e+07
1.94564e+07
1.94562e+07
1.94559e+07
1.94556e+07
1.94554e+07
1.94551e+07
1.94548e+07
1.94546e+07
1.94543e+07
1.94541e+07
1.94538e+07
1.94536e+07
1.94534e+07
1.94531e+07
1.94529e+07
1.94527e+07
1.94525e+07
1.94523e+07
1.94521e+07
1.94519e+07
1.94517e+07
1.94516e+07
1.94514e+07
1.94513e+07
1.94511e+07
1.9451e+07
1.94509e+07
1.94508e+07
1.94507e+07
1.94506e+07
1.94505e+07
1.94504e+07
1.94503e+07
1.94503e+07
1.94503e+07
1.94502e+07
1.94502e+07
1.94502e+07
1.94502e+07
1.94502e+07
1.94502e+07
1.94503e+07
1.94503e+07
1.94503e+07
1.94504e+07
1.94504e+07
1.94505e+07
1.94506e+07
1.94507e+07
1.94507e+07
1.94508e+07
1.94509e+07
1.9451e+07
1.94511e+07
1.94513e+07
1.94514e+07
1.94515e+07
1.94516e+07
1.94518e+07
1.94519e+07
1.9452e+07
1.94522e+07
1.94523e+07
1.94524e+07
1.94526e+07
1.94527e+07
1.94529e+07
1.9453e+07
1.94532e+07
1.94533e+07
1.94535e+07
1.94537e+07
1.94538e+07
1.9454e+07
1.94541e+07
1.94543e+07
1.94545e+07
1.94546e+07
1.94548e+07
1.9455e+07
1.94551e+07
1.94553e+07
1.94555e+07
1.94556e+07
1.94558e+07
1.94559e+07
1.94561e+07
1.94563e+07
1.94564e+07
1.94566e+07
1.94568e+07
1.94569e+07
1.94571e+07
1.94572e+07
1.94574e+07
1.94575e+07
1.94577e+07
1.94578e+07
1.9458e+07
1.94581e+07
1.94583e+07
1.94584e+07
1.94586e+07
1.94587e+07
1.94588e+07
1.9459e+07
1.94591e+07
1.94592e+07
1.94593e+07
1.94595e+07
1.94596e+07
1.94597e+07
1.94598e+07
1.946e+07
1.94601e+07
1.94602e+07
1.94603e+07
1.94604e+07
1.94605e+07
1.94606e+07
1.94607e+07
1.94608e+07
1.94609e+07
1.9461e+07
1.94611e+07
1.94612e+07
1.94613e+07
1.94613e+07
1.94614e+07
1.94615e+07
1.94616e+07
1.94616e+07
1.94617e+07
1.94618e+07
1.94618e+07
1.94619e+07
1.94619e+07
1.9462e+07
1.9462e+07
1.94621e+07
1.94621e+07
1.94622e+07
1.94622e+07
1.94622e+07
1.94623e+07
1.94623e+07
1.94623e+07
1.94624e+07
1.94624e+07
1.94624e+07
1.94624e+07
1.94624e+07
1.94624e+07
1.94625e+07
1.94625e+07
1.94625e+07
1.94625e+07
1.94625e+07
1.94625e+07
1.94625e+07
1.94625e+07
1.94625e+07
1.94625e+07
1.94625e+07
1.94625e+07
1.94625e+07
1.94625e+07
1.94625e+07
1.94625e+07
1.94625e+07
1.94625e+07
1.94625e+07
1.94625e+07
1.94625e+07
1.94625e+07
1.94625e+07
1.94625e+07
1.94625e+07
1.94625e+07
1.94625e+07
1.94625e+07
1.94625e+07
1.94625e+07
1.94625e+07
1.94625e+07
1.94624e+07
1.94624e+07
1.94624e+07
1.94624e+07
1.94624e+07
1.94624e+07
1.94624e+07
1.94624e+07
1.94624e+07
1.94623e+07
1.94623e+07
1.94623e+07
1.94623e+07
1.94623e+07
1.94623e+07
1.94623e+07
1.94622e+07
1.94622e+07
1.94622e+07
1.94622e+07
1.94622e+07
1.94622e+07
1.94621e+07
1.94621e+07
1.94621e+07
1.94621e+07
1.94621e+07
1.94621e+07
1.94621e+07
1.9462e+07
1.9462e+07
1.9462e+07
1.9462e+07
1.9462e+07
1.9462e+07
1.94619e+07
1.94619e+07
1.94619e+07
1.94619e+07
1.94619e+07
1.94619e+07
1.94618e+07
1.94618e+07
1.94618e+07
1.94618e+07
1.94618e+07
1.94617e+07
1.94617e+07
1.94617e+07
1.94617e+07
1.94617e+07
1.94616e+07
1.94616e+07
1.94616e+07
)
;

boundaryField
{
    inlet
    {
        type            zeroGradient;
    }
    outlet
    {
        type            uniformTotalPressure;
        rho             none;
        psi             none;
        gamma           1.4364;
        pressure        tableFile;
        pressureCoeffs
        {
            fileName        "$FOAM_RUN/SH5_43mps_MFR_newBC/outlet0.2_42.7mps_fromCapture.dat";
        }
        value           nonuniform List<scalar> 5(1.94616e+07 1.94616e+07 1.94616e+07 1.94616e+07 1.94616e+07);
    }
    sides
    {
        type            empty;
    }
    walls
    {
        type            zeroGradient;
    }
}


// ************************************************************************* //
