/*--------------------------------*- C++ -*----------------------------------*\
| =========                 |                                                 |
| \\      /  F ield         | OpenFOAM: The Open Source CFD Toolbox           |
|  \\    /   O peration     | Version:  3.0.x                                 |
|   \\  /    A nd           | Web:      www.OpenFOAM.org                      |
|    \\/     M anipulation  |                                                 |
\*---------------------------------------------------------------------------*/
FoamFile
{
    version     2.0;
    format      ascii;
    class       volScalarField;
    location    "0.7";
    object      rho;
}
// * * * * * * * * * * * * * * * * * * * * * * * * * * * * * * * * * * * * * //

dimensions      [1 -3 0 0 0 0 0];

internalField   nonuniform List<scalar> 
1000
(
50.4677
50.4677
50.4677
50.4677
50.4677
50.4677
50.4677
50.4677
50.4677
50.4677
50.4677
50.4677
50.4677
50.4677
50.4677
50.4677
50.4677
50.4677
50.4677
50.4677
50.4677
50.4677
50.4677
50.4677
50.4677
50.4677
50.4677
50.4677
50.4677
50.4677
50.4677
50.4677
50.4677
50.4677
50.4677
50.4677
50.4677
50.4677
50.4677
50.4677
50.4677
50.4677
50.4677
50.4677
50.4677
50.4677
50.4677
50.4677
50.4677
50.4677
50.4677
50.4677
50.4677
50.4677
50.4677
50.4677
50.4677
50.4677
50.4677
50.4677
50.4677
50.4677
50.4677
50.4677
50.4677
50.4677
50.4677
50.4677
50.4677
50.4677
50.4677
50.4677
50.4677
50.4677
50.4677
50.4677
50.4677
50.4677
50.4677
50.4677
50.4677
50.4677
50.4677
50.4677
50.4677
50.4677
50.4677
50.4677
50.4677
50.4677
50.4677
50.4677
50.4677
50.4677
50.4677
50.4677
50.4677
50.4677
50.4677
50.4677
50.4677
50.4677
50.4677
50.4677
50.4677
50.4677
50.4677
50.4677
50.4677
50.4677
50.4677
50.4677
50.4677
50.4677
50.4677
50.4677
50.4677
50.4677
50.4677
50.4677
50.4677
50.4677
50.4677
50.4677
50.4677
50.4677
50.4677
50.4677
50.4677
50.4677
50.4677
50.4677
50.4677
50.4677
50.4677
50.4677
50.4677
50.4677
50.4677
50.4677
50.4677
50.4677
50.4677
50.4677
50.4677
50.4677
50.4677
50.4677
50.4677
50.4677
50.4677
50.4677
50.4677
50.4677
50.4677
50.4677
50.4677
50.4677
50.4677
50.4677
50.4677
50.4677
50.4677
50.4677
50.4677
50.4677
50.4677
50.4677
50.4677
50.4677
50.4677
50.4677
50.4677
50.4677
50.4677
50.4677
50.4677
50.4677
50.4677
50.4677
50.4677
50.4677
50.4677
50.4677
50.4677
50.4677
50.4677
50.4677
50.4677
50.4677
50.4677
50.4677
50.4677
50.4677
50.4677
50.4677
50.4677
50.4677
50.4677
50.4677
50.4677
50.4677
50.4677
50.4677
50.4677
50.4677
50.4677
50.4677
50.4677
50.4677
50.4677
50.4677
50.4677
50.4677
50.4677
50.4677
50.4677
50.4677
50.4677
50.4677
50.4677
50.4677
50.4677
50.4677
50.4677
50.4677
50.4677
50.4677
50.4677
50.4677
50.4677
50.4677
50.4677
50.4677
50.4677
50.4677
50.4677
50.4677
50.4677
50.4677
50.4677
50.4677
50.4677
50.4677
50.4677
50.4677
50.4677
50.4677
50.4677
50.4677
50.4677
50.4677
50.4677
50.4677
50.4677
50.4677
50.4677
50.4677
50.4677
50.4677
50.4677
50.4677
50.4677
50.4677
50.4677
50.4677
50.4677
50.4677
50.4677
50.4677
50.4677
50.4677
50.4677
50.4677
50.4677
50.4677
50.4677
50.4677
50.4677
50.4677
50.4677
50.4677
50.4677
50.4677
50.4677
50.4677
50.4677
50.4677
50.4677
50.4677
50.4677
50.4677
50.4677
50.4677
50.4677
50.4677
50.4677
50.4677
50.4677
50.4677
50.4677
50.4677
50.4677
50.4677
50.4677
50.4677
50.4677
50.4677
50.4677
50.4677
50.4677
50.4677
50.4677
50.4677
50.4677
50.4677
50.4677
50.4677
50.4677
50.4677
50.4677
50.4677
50.4677
50.4677
50.4677
50.4677
50.4677
50.4677
50.4677
50.4677
50.4677
50.4677
50.4677
50.4677
50.4677
50.4677
50.4677
50.4677
50.4677
50.4677
50.4677
50.4677
50.4677
50.4677
50.4677
50.4677
50.4677
50.4677
50.4677
50.4677
50.4677
50.4677
50.4677
50.4677
50.4677
50.4677
50.4677
50.4677
50.4677
50.4677
50.4677
50.4677
50.4677
50.4677
50.4677
50.4677
50.4677
50.4677
50.4677
50.4677
50.4677
50.4677
50.4677
50.4677
50.4677
50.4677
50.4677
50.4677
50.4677
50.4677
50.4677
50.4677
50.4677
50.4677
50.4677
50.4677
50.4677
50.4677
50.4677
50.4677
50.4677
50.4677
50.4677
50.4677
50.4677
50.4677
50.4677
50.4677
50.4677
50.4677
50.4677
50.4677
50.4677
50.4677
50.4677
50.4677
50.4677
50.4677
50.4677
50.4677
50.4677
50.4677
50.4677
50.4677
50.4677
50.4677
50.4677
50.4677
50.4677
50.4677
50.4677
50.4677
50.4677
50.4677
50.4677
50.4677
50.4677
50.4677
50.4677
50.4677
50.4677
50.4677
50.4677
50.4677
50.4677
50.4677
50.4677
50.4677
50.4677
50.4677
50.4677
50.4677
50.4677
50.4677
50.4677
50.4677
50.4677
50.4677
50.4677
50.4677
50.4677
50.4677
50.4677
50.4677
50.4677
50.4677
50.4677
50.4677
50.4677
50.4677
50.4677
50.4677
50.4677
50.4677
50.4677
50.4677
50.4677
50.4677
50.4677
50.4677
50.4677
50.4677
50.4677
50.4677
50.4677
50.4677
50.4677
50.4677
50.4677
50.4677
50.4677
50.4677
50.4677
50.4677
50.4677
50.4677
50.4677
50.4677
50.4677
50.4677
50.4677
50.4677
50.4677
50.4677
50.4677
50.4677
50.4677
50.4677
50.4677
50.4677
50.4677
50.4677
50.4677
50.4677
50.4677
50.4677
50.4677
50.4677
50.4677
50.4677
50.4677
50.4677
50.4677
50.4677
50.4677
50.4677
50.4677
50.4677
50.4677
50.4677
50.4677
50.4677
50.4677
50.4677
50.4677
50.4677
50.4677
50.4677
50.4677
50.4677
50.4677
50.4677
50.4677
50.4677
50.4677
50.4677
50.4677
50.4677
50.4677
50.4677
50.4677
50.4677
50.4677
50.4677
50.4677
50.4677
50.4677
50.4677
50.4677
50.4677
50.4677
50.4677
50.4677
50.4677
50.4677
50.4677
50.4677
50.4677
50.4677
50.4677
50.4677
50.4677
50.4677
50.4677
50.4677
50.4677
50.4677
50.4677
50.4677
50.4677
50.4677
50.4677
50.4677
50.4677
50.4677
50.4677
50.4677
50.4677
50.4677
50.4677
50.4677
50.4677
50.4677
50.4677
50.4677
50.4677
50.4677
50.4677
50.4677
50.4677
50.4677
50.4677
50.4677
50.4677
50.4677
50.4677
50.4677
50.4677
50.4677
50.4677
50.4677
50.4677
50.4677
50.4677
50.4677
50.4677
50.4677
50.4677
50.4677
50.4677
50.4677
50.4677
50.4677
50.4677
50.4677
50.4677
50.4677
50.4677
50.4678
50.4678
50.4678
50.4678
50.4679
50.468
50.468
50.4681
50.4682
50.4684
50.4685
50.4688
50.469
50.4693
50.4697
50.4701
50.4707
50.4713
50.4721
50.4729
50.474
50.4753
50.4767
50.4784
50.4804
50.4827
50.4854
50.4885
50.492
50.4961
50.5007
50.506
50.5119
50.5187
50.5263
50.5348
50.5444
50.555
50.5668
50.58
50.5945
50.6104
50.6279
50.6471
50.668
50.6907
50.7153
50.7419
50.7705
50.8012
50.834
50.8691
50.9064
50.9458
50.9876
51.0315
51.0777
51.126
51.1764
51.2289
51.2834
51.3398
51.398
51.4579
51.5194
51.5824
51.6467
51.7123
51.7789
51.8465
51.915
51.9841
52.0538
52.124
52.1944
52.2651
52.3358
52.4065
52.4771
52.5474
52.6173
52.6868
52.7558
52.8241
52.8918
52.9586
53.0246
53.0896
53.1536
53.2165
53.2783
53.3389
53.3982
53.4562
53.5127
53.5679
53.6215
53.6736
53.7242
53.773
53.8202
53.8657
53.9095
53.9515
53.9917
54.03
54.0666
54.1012
54.1341
54.1651
54.1942
54.2216
54.2472
54.271
54.2931
54.3135
54.3323
54.3496
54.3654
54.3797
54.3927
54.4044
54.4149
54.4242
54.4325
54.4398
54.4462
54.4518
54.4565
54.4604
54.4632
54.4657
54.4678
54.4696
54.471
54.4722
54.4732
54.474
54.4747
54.4752
54.4756
54.4759
54.4761
54.4763
54.4765
54.4766
54.4766
54.4767
54.4767
54.4767
54.4767
54.4767
54.4767
54.4767
54.4767
54.4766
54.4766
54.4766
54.4766
54.4766
54.4766
54.4766
54.4765
54.4765
54.4765
54.4765
54.4765
54.4765
54.4765
54.4765
54.4765
54.4764
54.4764
54.4764
54.4764
54.4764
54.4764
54.4764
54.4764
54.4764
54.4764
54.4764
54.4764
54.4764
54.4764
54.4763
54.4763
54.4763
54.4763
54.4763
54.4763
54.4763
54.4763
54.4763
54.4763
54.4763
54.4763
54.4763
54.4763
54.4763
54.4763
54.4763
54.4763
54.4763
54.4763
54.4763
54.4763
54.4763
54.4763
54.4763
54.4763
54.4763
54.4763
54.4763
54.4763
54.4763
54.4763
54.4763
54.4763
54.4763
54.4763
54.4763
54.4763
54.4763
54.4763
54.4763
54.4763
54.4763
54.4763
54.4763
54.4763
54.4763
54.4763
54.4763
54.4763
54.4763
54.4763
54.4763
54.4763
54.4763
54.4763
54.4763
54.4763
54.4763
54.4763
54.4763
54.4763
54.4763
54.4763
54.4763
54.4763
54.4763
54.4763
54.4763
54.4763
54.4763
54.4763
54.4763
54.4763
54.4763
54.4763
54.4763
54.4763
54.4763
54.4763
54.4763
54.4763
54.4763
54.4763
54.4763
54.4763
54.4763
54.4763
54.4763
54.4763
54.4763
54.4763
54.4763
54.4763
54.4763
54.4763
54.4763
54.4763
54.4763
54.4763
54.4763
54.4763
54.4763
54.4763
54.4763
54.4763
54.4763
54.4763
54.4763
54.4763
54.4763
54.4763
54.4763
54.4763
54.4763
54.4763
54.4763
54.4763
54.4763
54.4763
54.4763
54.4763
54.4763
54.4763
54.4763
54.4763
54.4763
54.4763
54.4763
54.4763
54.4763
54.4763
54.4763
54.4763
54.4763
54.4763
54.4763
54.4763
54.4763
54.4763
54.4763
54.4763
54.4763
54.4763
54.4763
54.4763
54.4763
54.4763
54.4763
54.4763
54.4763
54.4763
54.4763
54.4763
54.4763
54.4763
54.4763
54.4763
54.4763
54.4763
54.4763
54.4763
54.4763
54.4763
54.4763
54.4763
54.4763
54.4763
54.4763
54.4763
54.4763
54.4763
54.4763
54.4763
54.4763
54.4763
54.4763
54.4763
54.4763
54.4763
54.4763
54.4763
54.4763
54.4763
54.4763
54.4763
54.4763
54.4763
54.4763
54.4763
54.4763
54.4763
54.4763
54.4762
54.4764
54.4761
54.4768
)
;

boundaryField
{
    inlet
    {
        type            calculated;
        value           uniform 50.4677;
    }
    backWall
    {
        type            calculated;
        value           uniform 54.4768;
    }
    sides
    {
        type            empty;
    }
}


// ************************************************************************* //
