/*--------------------------------*- C++ -*----------------------------------*\
| =========                 |                                                 |
| \\      /  F ield         | OpenFOAM: The Open Source CFD Toolbox           |
|  \\    /   O peration     | Version:  3.0.x                                 |
|   \\  /    A nd           | Web:      www.OpenFOAM.org                      |
|    \\/     M anipulation  |                                                 |
\*---------------------------------------------------------------------------*/
FoamFile
{
    version     2.0;
    format      ascii;
    class       volScalarField;
    location    "0.95";
    object      p;
}
// * * * * * * * * * * * * * * * * * * * * * * * * * * * * * * * * * * * * * //

dimensions      [1 -1 -2 0 0 0 0];

internalField   nonuniform List<scalar> 
1000
(
1.8e+07
1.8e+07
1.8e+07
1.8e+07
1.8e+07
1.8e+07
1.8e+07
1.8e+07
1.8e+07
1.8e+07
1.8e+07
1.8e+07
1.8e+07
1.8e+07
1.8e+07
1.8e+07
1.8e+07
1.8e+07
1.8e+07
1.8e+07
1.8e+07
1.8e+07
1.8e+07
1.8e+07
1.8e+07
1.8e+07
1.8e+07
1.8e+07
1.8e+07
1.8e+07
1.8e+07
1.8e+07
1.8e+07
1.8e+07
1.8e+07
1.8e+07
1.8e+07
1.8e+07
1.8e+07
1.8e+07
1.8e+07
1.8e+07
1.8e+07
1.8e+07
1.8e+07
1.8e+07
1.8e+07
1.8e+07
1.8e+07
1.8e+07
1.8e+07
1.8e+07
1.8e+07
1.8e+07
1.8e+07
1.8e+07
1.8e+07
1.8e+07
1.8e+07
1.8e+07
1.8e+07
1.8e+07
1.8e+07
1.8e+07
1.8e+07
1.8e+07
1.8e+07
1.8e+07
1.8e+07
1.8e+07
1.8e+07
1.8e+07
1.8e+07
1.8e+07
1.8e+07
1.8e+07
1.8e+07
1.8e+07
1.8e+07
1.8e+07
1.8e+07
1.8e+07
1.8e+07
1.8e+07
1.8e+07
1.8e+07
1.8e+07
1.8e+07
1.8e+07
1.8e+07
1.8e+07
1.8e+07
1.8e+07
1.8e+07
1.8e+07
1.8e+07
1.8e+07
1.8e+07
1.8e+07
1.8e+07
1.8e+07
1.8e+07
1.8e+07
1.8e+07
1.8e+07
1.8e+07
1.8e+07
1.8e+07
1.8e+07
1.8e+07
1.8e+07
1.8e+07
1.8e+07
1.8e+07
1.8e+07
1.8e+07
1.8e+07
1.8e+07
1.8e+07
1.8e+07
1.8e+07
1.8e+07
1.8e+07
1.8e+07
1.8e+07
1.8e+07
1.8e+07
1.8e+07
1.8e+07
1.8e+07
1.8e+07
1.8e+07
1.8e+07
1.8e+07
1.8e+07
1.8e+07
1.8e+07
1.8e+07
1.8e+07
1.8e+07
1.8e+07
1.8e+07
1.8e+07
1.8e+07
1.8e+07
1.8e+07
1.8e+07
1.8e+07
1.8e+07
1.8e+07
1.8e+07
1.8e+07
1.8e+07
1.8e+07
1.8e+07
1.8e+07
1.8e+07
1.8e+07
1.8e+07
1.8e+07
1.8e+07
1.8e+07
1.8e+07
1.8e+07
1.8e+07
1.8e+07
1.8e+07
1.8e+07
1.8e+07
1.8e+07
1.8e+07
1.8e+07
1.8e+07
1.8e+07
1.8e+07
1.8e+07
1.8e+07
1.8e+07
1.8e+07
1.8e+07
1.8e+07
1.8e+07
1.8e+07
1.8e+07
1.8e+07
1.8e+07
1.8e+07
1.8e+07
1.8e+07
1.8e+07
1.8e+07
1.8e+07
1.8e+07
1.8e+07
1.8e+07
1.8e+07
1.8e+07
1.8e+07
1.8e+07
1.8e+07
1.8e+07
1.8e+07
1.8e+07
1.8e+07
1.8e+07
1.8e+07
1.8e+07
1.8e+07
1.8e+07
1.8e+07
1.8e+07
1.8e+07
1.8e+07
1.8e+07
1.8e+07
1.8e+07
1.8e+07
1.8e+07
1.8e+07
1.8e+07
1.8e+07
1.8e+07
1.8e+07
1.8e+07
1.8e+07
1.8e+07
1.8e+07
1.8e+07
1.8e+07
1.8e+07
1.8e+07
1.8e+07
1.8e+07
1.8e+07
1.8e+07
1.8e+07
1.8e+07
1.8e+07
1.8e+07
1.8e+07
1.8e+07
1.8e+07
1.8e+07
1.8e+07
1.8e+07
1.8e+07
1.8e+07
1.8e+07
1.8e+07
1.8e+07
1.8e+07
1.8e+07
1.8e+07
1.8e+07
1.8e+07
1.8e+07
1.8e+07
1.8e+07
1.8e+07
1.8e+07
1.8e+07
1.8e+07
1.8e+07
1.8e+07
1.8e+07
1.8e+07
1.8e+07
1.8e+07
1.8e+07
1.8e+07
1.8e+07
1.8e+07
1.8e+07
1.8e+07
1.8e+07
1.8e+07
1.8e+07
1.8e+07
1.8e+07
1.8e+07
1.8e+07
1.8e+07
1.8e+07
1.8e+07
1.8e+07
1.8e+07
1.8e+07
1.8e+07
1.8e+07
1.8e+07
1.8e+07
1.8e+07
1.8e+07
1.8e+07
1.8e+07
1.8e+07
1.8e+07
1.8e+07
1.8e+07
1.8e+07
1.8e+07
1.8e+07
1.8e+07
1.8e+07
1.8e+07
1.8e+07
1.8e+07
1.8e+07
1.8e+07
1.8e+07
1.8e+07
1.8e+07
1.8e+07
1.8e+07
1.8e+07
1.8e+07
1.8e+07
1.8e+07
1.8e+07
1.8e+07
1.8e+07
1.8e+07
1.8e+07
1.8e+07
1.8e+07
1.8e+07
1.8e+07
1.8e+07
1.8e+07
1.8e+07
1.8e+07
1.8e+07
1.8e+07
1.8e+07
1.8e+07
1.8e+07
1.8e+07
1.8e+07
1.8e+07
1.8e+07
1.8e+07
1.8e+07
1.8e+07
1.8e+07
1.8e+07
1.8e+07
1.8e+07
1.8e+07
1.8e+07
1.8e+07
1.8e+07
1.8e+07
1.8e+07
1.8e+07
1.8e+07
1.8e+07
1.8e+07
1.8e+07
1.8e+07
1.8e+07
1.8e+07
1.8e+07
1.8e+07
1.8e+07
1.8e+07
1.8e+07
1.8e+07
1.8e+07
1.8e+07
1.8e+07
1.8e+07
1.8e+07
1.8e+07
1.8e+07
1.8e+07
1.8e+07
1.8e+07
1.8e+07
1.8e+07
1.8e+07
1.8e+07
1.8e+07
1.8e+07
1.8e+07
1.8e+07
1.8e+07
1.8e+07
1.8e+07
1.8e+07
1.8e+07
1.8e+07
1.8e+07
1.8e+07
1.8e+07
1.8e+07
1.8e+07
1.8e+07
1.8e+07
1.8e+07
1.8e+07
1.8e+07
1.8e+07
1.8e+07
1.8e+07
1.8e+07
1.8e+07
1.8e+07
1.8e+07
1.8e+07
1.8e+07
1.8e+07
1.8e+07
1.8e+07
1.8e+07
1.8e+07
1.8e+07
1.8e+07
1.8e+07
1.8e+07
1.8e+07
1.8e+07
1.8e+07
1.8e+07
1.8e+07
1.8e+07
1.8e+07
1.8e+07
1.8e+07
1.8e+07
1.8e+07
1.8e+07
1.8e+07
1.8e+07
1.8e+07
1.8e+07
1.8e+07
1.8e+07
1.8e+07
1.8e+07
1.8e+07
1.8e+07
1.8e+07
1.8e+07
1.8e+07
1.8e+07
1.8e+07
1.8e+07
1.8e+07
1.8e+07
1.8e+07
1.8e+07
1.8e+07
1.8e+07
1.8e+07
1.8e+07
1.8e+07
1.8e+07
1.8e+07
1.8e+07
1.8e+07
1.8e+07
1.8e+07
1.8e+07
1.8e+07
1.8e+07
1.8e+07
1.8e+07
1.8e+07
1.8e+07
1.8e+07
1.8e+07
1.8e+07
1.8e+07
1.8e+07
1.8e+07
1.8e+07
1.8e+07
1.8e+07
1.8e+07
1.8e+07
1.8e+07
1.8e+07
1.8e+07
1.8e+07
1.8e+07
1.8e+07
1.8e+07
1.8e+07
1.8e+07
1.8e+07
1.8e+07
1.80001e+07
1.80001e+07
1.80001e+07
1.80001e+07
1.80001e+07
1.80002e+07
1.80002e+07
1.80002e+07
1.80003e+07
1.80003e+07
1.80004e+07
1.80005e+07
1.80006e+07
1.80007e+07
1.80009e+07
1.8001e+07
1.80012e+07
1.80015e+07
1.80017e+07
1.8002e+07
1.80024e+07
1.80028e+07
1.80033e+07
1.80039e+07
1.80045e+07
1.80053e+07
1.80062e+07
1.80072e+07
1.80083e+07
1.80096e+07
1.8011e+07
1.80127e+07
1.80145e+07
1.80166e+07
1.8019e+07
1.80217e+07
1.80247e+07
1.8028e+07
1.80317e+07
1.80358e+07
1.80404e+07
1.80454e+07
1.8051e+07
1.80572e+07
1.80639e+07
1.80713e+07
1.80794e+07
1.80883e+07
1.80979e+07
1.81084e+07
1.81197e+07
1.8132e+07
1.81452e+07
1.81594e+07
1.81746e+07
1.8191e+07
1.82084e+07
1.82269e+07
1.82466e+07
1.82674e+07
1.82894e+07
1.83126e+07
1.83369e+07
1.83623e+07
1.83889e+07
1.84165e+07
1.84451e+07
1.84747e+07
1.85052e+07
1.85366e+07
1.85688e+07
1.86016e+07
1.86351e+07
1.8669e+07
1.87034e+07
1.87381e+07
1.87731e+07
1.88082e+07
1.88433e+07
1.88784e+07
1.89133e+07
1.8948e+07
1.89824e+07
1.90164e+07
1.90499e+07
1.90829e+07
1.91152e+07
1.91469e+07
1.91779e+07
1.92081e+07
1.92375e+07
1.92661e+07
1.92938e+07
1.93205e+07
1.93464e+07
1.93712e+07
1.93951e+07
1.94181e+07
1.944e+07
1.9461e+07
1.94809e+07
1.94999e+07
1.95179e+07
1.9535e+07
1.95511e+07
1.95663e+07
1.95805e+07
1.95939e+07
1.96064e+07
1.96181e+07
1.96289e+07
1.9639e+07
1.96483e+07
1.9657e+07
1.96649e+07
1.96722e+07
1.96789e+07
1.96849e+07
1.96905e+07
1.96955e+07
1.97001e+07
1.97042e+07
1.97078e+07
1.97111e+07
1.9714e+07
1.97166e+07
1.97188e+07
1.97208e+07
1.97224e+07
1.97237e+07
1.97247e+07
1.97256e+07
1.97263e+07
1.9727e+07
1.97275e+07
1.9728e+07
1.97284e+07
1.97288e+07
1.9729e+07
1.97293e+07
1.97295e+07
1.97296e+07
1.97298e+07
1.97299e+07
1.973e+07
1.973e+07
1.97301e+07
1.97301e+07
1.97302e+07
1.97302e+07
1.97302e+07
1.97302e+07
1.97302e+07
1.97302e+07
1.97302e+07
1.97302e+07
1.97302e+07
1.97302e+07
1.97302e+07
1.97302e+07
1.97302e+07
1.97302e+07
1.97302e+07
1.97302e+07
1.97302e+07
1.97302e+07
1.97301e+07
1.97301e+07
1.97301e+07
1.97301e+07
1.97301e+07
1.97301e+07
1.97301e+07
1.97301e+07
1.97301e+07
1.97301e+07
1.97301e+07
1.97301e+07
1.97301e+07
1.97301e+07
1.97301e+07
1.97301e+07
1.97301e+07
1.97301e+07
1.97301e+07
1.97301e+07
1.97301e+07
1.97301e+07
1.97301e+07
1.97301e+07
1.97301e+07
1.97301e+07
1.97301e+07
1.97301e+07
1.97301e+07
1.97301e+07
1.97301e+07
1.97301e+07
1.97301e+07
1.97301e+07
1.97301e+07
1.97301e+07
1.97301e+07
1.973e+07
1.973e+07
1.973e+07
1.973e+07
1.973e+07
1.973e+07
1.973e+07
1.973e+07
1.973e+07
1.973e+07
1.973e+07
1.973e+07
1.973e+07
1.973e+07
1.973e+07
1.973e+07
1.973e+07
1.973e+07
1.973e+07
1.973e+07
1.973e+07
1.973e+07
1.973e+07
1.973e+07
1.973e+07
1.973e+07
1.973e+07
1.973e+07
1.973e+07
1.973e+07
1.973e+07
1.973e+07
1.973e+07
1.973e+07
1.973e+07
1.973e+07
1.973e+07
1.973e+07
1.973e+07
1.973e+07
1.973e+07
1.973e+07
1.973e+07
1.973e+07
1.973e+07
1.973e+07
1.973e+07
1.973e+07
1.973e+07
1.973e+07
1.973e+07
1.973e+07
1.973e+07
1.973e+07
1.973e+07
1.973e+07
1.973e+07
1.973e+07
1.973e+07
1.973e+07
1.973e+07
1.973e+07
1.973e+07
1.973e+07
1.973e+07
1.973e+07
1.973e+07
1.973e+07
1.973e+07
1.973e+07
1.973e+07
1.973e+07
1.973e+07
1.973e+07
1.973e+07
1.973e+07
1.973e+07
1.973e+07
1.973e+07
1.973e+07
1.973e+07
1.973e+07
1.973e+07
1.973e+07
1.973e+07
1.973e+07
1.973e+07
1.973e+07
1.973e+07
1.973e+07
1.973e+07
1.973e+07
1.973e+07
1.973e+07
1.973e+07
1.973e+07
1.973e+07
1.973e+07
1.973e+07
1.973e+07
1.973e+07
1.973e+07
1.973e+07
1.973e+07
1.973e+07
1.973e+07
1.973e+07
1.973e+07
1.973e+07
1.973e+07
1.973e+07
1.973e+07
1.973e+07
1.973e+07
1.973e+07
1.973e+07
1.973e+07
1.973e+07
1.973e+07
1.973e+07
1.973e+07
1.973e+07
1.973e+07
1.973e+07
1.973e+07
1.973e+07
1.973e+07
1.973e+07
1.973e+07
1.973e+07
1.973e+07
1.973e+07
1.973e+07
1.973e+07
1.973e+07
1.973e+07
1.973e+07
1.973e+07
1.973e+07
1.973e+07
1.973e+07
1.973e+07
1.973e+07
1.973e+07
1.973e+07
1.973e+07
1.973e+07
1.973e+07
1.973e+07
1.973e+07
1.973e+07
1.973e+07
1.973e+07
1.973e+07
1.973e+07
1.973e+07
1.973e+07
1.973e+07
1.973e+07
1.973e+07
1.973e+07
1.973e+07
1.973e+07
1.973e+07
1.973e+07
1.973e+07
1.973e+07
1.973e+07
1.973e+07
1.973e+07
1.973e+07
1.973e+07
1.973e+07
1.973e+07
1.973e+07
1.973e+07
1.973e+07
1.973e+07
1.973e+07
1.973e+07
1.973e+07
1.973e+07
1.973e+07
1.973e+07
1.973e+07
1.973e+07
1.973e+07
1.973e+07
1.973e+07
1.973e+07
1.973e+07
1.973e+07
1.973e+07
1.973e+07
1.973e+07
1.973e+07
1.973e+07
1.973e+07
1.973e+07
1.973e+07
1.973e+07
1.973e+07
1.973e+07
1.973e+07
1.973e+07
1.973e+07
1.973e+07
1.973e+07
1.973e+07
1.973e+07
1.973e+07
1.973e+07
1.973e+07
1.973e+07
1.973e+07
1.973e+07
1.973e+07
1.973e+07
1.973e+07
1.973e+07
1.973e+07
1.973e+07
1.973e+07
1.973e+07
1.973e+07
1.973e+07
1.973e+07
1.973e+07
1.973e+07
1.973e+07
1.973e+07
1.973e+07
1.973e+07
1.973e+07
1.973e+07
1.973e+07
1.973e+07
1.973e+07
1.973e+07
1.973e+07
1.973e+07
1.973e+07
1.973e+07
1.973e+07
1.973e+07
1.973e+07
1.973e+07
1.973e+07
1.973e+07
1.973e+07
1.973e+07
1.973e+07
1.973e+07
1.973e+07
1.973e+07
1.973e+07
1.973e+07
1.973e+07
1.973e+07
1.973e+07
1.973e+07
1.973e+07
1.973e+07
1.973e+07
1.973e+07
1.973e+07
1.973e+07
1.973e+07
1.973e+07
1.973e+07
1.973e+07
1.973e+07
1.973e+07
1.973e+07
1.973e+07
1.973e+07
1.973e+07
1.973e+07
1.973e+07
1.973e+07
1.973e+07
1.973e+07
1.973e+07
1.973e+07
1.973e+07
1.973e+07
1.973e+07
1.973e+07
1.973e+07
1.973e+07
1.973e+07
1.973e+07
1.973e+07
1.973e+07
1.973e+07
1.973e+07
1.973e+07
1.973e+07
1.973e+07
1.973e+07
1.973e+07
1.973e+07
1.973e+07
1.973e+07
1.973e+07
1.973e+07
)
;

boundaryField
{
    inlet
    {
        type            zeroGradient;
    }
    backWall
    {
        type            uniformTotalPressure;
        rho             none;
        psi             none;
        gamma           1.548;
        pressure        tableFile;
        pressureCoeffs
        {
            fileName        "$FOAM_RUN/SH1_vct0.2/outlet0.2.dat";
        }
        value           uniform 1.973e+07;
    }
    sides
    {
        type            empty;
    }
}


// ************************************************************************* //
