/*--------------------------------*- C++ -*----------------------------------*\
| =========                 |                                                 |
| \\      /  F ield         | OpenFOAM: The Open Source CFD Toolbox           |
|  \\    /   O peration     | Version:  3.0.x                                 |
|   \\  /    A nd           | Web:      www.OpenFOAM.org                      |
|    \\/     M anipulation  |                                                 |
\*---------------------------------------------------------------------------*/
FoamFile
{
    version     2.0;
    format      ascii;
    class       volScalarField;
    location    "0.015";
    object      rho;
}
// * * * * * * * * * * * * * * * * * * * * * * * * * * * * * * * * * * * * * //

dimensions      [1 -3 0 0 0 0 0];

internalField   nonuniform List<scalar> 
1000
(
50.4684
50.4684
50.4685
50.4686
50.4687
50.4688
50.469
50.4692
50.4695
50.4698
50.4702
50.4706
50.4712
50.4718
50.4726
50.4735
50.4746
50.4759
50.4774
50.4792
50.4813
50.4839
50.4868
50.4903
50.4944
50.4993
50.5049
50.5116
50.5194
50.5286
50.5393
50.5519
50.5665
50.5836
50.6035
50.6266
50.6535
50.6845
50.7204
50.7617
50.8092
50.8635
50.9255
50.9958
51.0753
51.1646
51.2644
51.375
51.4969
51.63
51.7741
51.9286
52.0926
52.2647
52.4433
52.6265
52.8121
52.9977
53.1811
53.3602
53.5328
53.6972
53.8522
53.9967
54.13
54.2518
54.3623
54.4617
54.5504
54.6291
54.6985
54.7594
54.8126
54.8588
54.8989
54.9335
54.9632
54.9888
55.0107
55.0293
55.0452
55.0586
55.0699
55.0794
55.0873
55.0937
55.099
55.1032
55.1064
55.1088
55.1105
55.1116
55.1122
55.1125
55.1125
55.1124
55.1123
55.1122
55.1121
55.1121
55.112
55.112
55.1119
55.1119
55.1119
55.1118
55.1118
55.1118
55.1118
55.1118
55.1118
55.1118
55.1118
55.1118
55.1118
55.1118
55.1118
55.1118
55.1118
55.1118
55.1118
55.1118
55.1118
55.1118
55.1118
55.1118
55.1118
55.1118
55.1118
55.1118
55.1118
55.1118
55.1118
55.1118
55.1119
55.1119
55.1119
55.1119
55.1119
55.1119
55.1119
55.1119
55.1119
55.1119
55.1119
55.1119
55.1119
55.1119
55.1119
55.1119
55.1119
55.1119
55.1119
55.1119
55.1119
55.1119
55.1119
55.1119
55.1119
55.1119
55.1119
55.1119
55.1119
55.1119
55.1119
55.112
55.112
55.112
55.112
55.112
55.112
55.112
55.112
55.112
55.112
55.112
55.112
55.112
55.112
55.112
55.112
55.112
55.112
55.112
55.112
55.112
55.112
55.112
55.112
55.112
55.112
55.112
55.112
55.112
55.112
55.112
55.112
55.112
55.112
55.112
55.112
55.112
55.112
55.112
55.112
55.112
55.112
55.112
55.112
55.112
55.112
55.112
55.112
55.1121
55.1121
55.1121
55.1121
55.1121
55.1121
55.1121
55.1121
55.1121
55.1121
55.1121
55.1121
55.1121
55.1121
55.1121
55.1121
55.1121
55.1121
55.1121
55.1121
55.1121
55.1121
55.1121
55.1121
55.1121
55.1121
55.1121
55.1121
55.1121
55.1121
55.1121
55.1121
55.1121
55.1121
55.1121
55.1121
55.1121
55.1121
55.1121
55.1121
55.1121
55.1121
55.1121
55.1121
55.1121
55.1121
55.1121
55.1121
55.1121
55.1121
55.1121
55.1121
55.1121
55.1121
55.1121
55.1121
55.1121
55.1121
55.1121
55.1121
55.1121
55.1121
55.1121
55.1121
55.1121
55.1121
55.1121
55.1121
55.1121
55.1121
55.1121
55.1121
55.1121
55.1121
55.1121
55.1121
55.1121
55.1121
55.1121
55.1121
55.1121
55.1121
55.1121
55.1121
55.1121
55.1121
55.1121
55.1121
55.1121
55.1122
55.1122
55.1122
55.1122
55.1122
55.1122
55.1122
55.1122
55.1122
55.1122
55.1122
55.1122
55.1122
55.1122
55.1122
55.1122
55.1122
55.1122
55.1122
55.1122
55.1122
55.1122
55.1122
55.1122
55.1122
55.1122
55.1122
55.1122
55.1122
55.1122
55.1122
55.1122
55.1122
55.1122
55.1122
55.1122
55.1122
55.1122
55.1122
55.1122
55.1122
55.1122
55.1122
55.1122
55.1122
55.1122
55.1122
55.1122
55.1122
55.1122
55.1122
55.1122
55.1122
55.1122
55.1122
55.1122
55.1122
55.1122
55.1122
55.1122
55.1122
55.1122
55.1122
55.1122
55.1122
55.1122
55.1122
55.1122
55.1122
55.1122
55.1122
55.1122
55.1122
55.1122
55.1122
55.1122
55.1122
55.1122
55.1122
55.1122
55.1122
55.1122
55.1122
55.1122
55.1122
55.1122
55.1122
55.1122
55.1122
55.1122
55.1122
55.1122
55.1122
55.1122
55.1122
55.1122
55.1122
55.1122
55.1122
55.1122
55.1122
55.1122
55.1122
55.1122
55.1122
55.1122
55.1122
55.1122
55.1122
55.1122
55.1122
55.1122
55.1122
55.1122
55.1122
55.1122
55.1122
55.1122
55.1122
55.1122
55.1122
55.1122
55.1122
55.1122
55.1122
55.1122
55.1122
55.1122
55.1122
55.1122
55.1122
55.1122
55.1122
55.1122
55.1122
55.1122
55.1122
55.1122
55.1122
55.1122
55.1122
55.1122
55.1122
55.1122
55.1122
55.1122
55.1122
55.1122
55.1122
55.1122
55.1122
55.1122
55.1122
55.1122
55.1122
55.1122
55.1122
55.1122
55.1122
55.1122
55.1122
55.1122
55.1122
55.1122
55.1122
55.1122
55.1122
55.1122
55.1122
55.1122
55.1122
55.1122
55.1122
55.1122
55.1122
55.1122
55.1122
55.1122
55.1122
55.1122
55.1122
55.1122
55.1122
55.1122
55.1122
55.1122
55.1122
55.1122
55.1122
55.1122
55.1122
55.1122
55.1122
55.1122
55.1122
55.1122
55.1122
55.1122
55.1122
55.1122
55.1122
55.1122
55.1122
55.1122
55.1122
55.1122
55.1122
55.1122
55.1122
55.1122
55.1122
55.1122
55.1122
55.1122
55.1122
55.1122
55.1122
55.1122
55.1122
55.1122
55.1122
55.1122
55.1122
55.1122
55.1122
55.1122
55.1122
55.1122
55.1122
55.1122
55.1122
55.1122
55.1122
55.1122
55.1122
55.1122
55.1122
55.1122
55.1122
55.1122
55.1122
55.1122
55.1122
55.1122
55.1122
55.1122
55.1122
55.1122
55.1122
55.1122
55.1122
55.1122
55.1122
55.1122
55.1122
55.1122
55.1122
55.1122
55.1122
55.1122
55.1122
55.1122
55.1122
55.1122
55.1122
55.1122
55.1122
55.1122
55.1122
55.1122
55.1122
55.1122
55.1122
55.1122
55.1122
55.1122
55.1122
55.1122
55.1122
55.1122
55.1122
55.1122
55.1122
55.1122
55.1122
55.1122
55.1122
55.1122
55.1122
55.1122
55.1122
55.1122
55.1122
55.1122
55.1122
55.1122
55.1122
55.1122
55.1122
55.1122
55.1122
55.1122
55.1122
55.1122
55.1122
55.1122
55.1122
55.1122
55.1122
55.1122
55.1122
55.1122
55.1122
55.1122
55.1122
55.1122
55.1122
55.1122
55.1122
55.1121
55.1121
55.1121
55.1121
55.1121
55.1121
55.1121
55.1121
55.1121
55.1121
55.1121
55.1121
55.1121
55.1121
55.1121
55.1121
55.1121
55.1121
55.1121
55.1121
55.1121
55.1121
55.1121
55.1121
55.1121
55.1121
55.1121
55.1121
55.1121
55.1121
55.1121
55.1121
55.1121
55.1121
55.1121
55.1121
55.1121
55.1121
55.1121
55.1121
55.1121
55.1121
55.1121
55.1121
55.1121
55.1121
55.1121
55.1121
55.1121
55.1121
55.1121
55.1121
55.1121
55.1121
55.1121
55.1121
55.1121
55.1121
55.1121
55.1121
55.1121
55.1121
55.1121
55.1121
55.1121
55.1121
55.1121
55.1121
55.1121
55.1121
55.1121
55.1121
55.1121
55.1121
55.1121
55.1121
55.1121
55.1121
55.1121
55.1121
55.1121
55.1121
55.1121
55.1121
55.1121
55.1121
55.1121
55.1121
55.1121
55.1121
55.1121
55.1121
55.1121
55.1121
55.1121
55.1121
55.1121
55.1121
55.112
55.112
55.112
55.112
55.112
55.112
55.112
55.112
55.112
55.112
55.112
55.112
55.112
55.112
55.112
55.112
55.112
55.112
55.112
55.112
55.112
55.112
55.112
55.112
55.112
55.112
55.112
55.112
55.112
55.112
55.112
55.112
55.112
55.112
55.112
55.112
55.112
55.112
55.112
55.112
55.112
55.112
55.112
55.112
55.112
55.112
55.112
55.112
55.112
55.112
55.112
55.112
55.112
55.112
55.112
55.112
55.1119
55.1119
55.1119
55.1119
55.1119
55.1119
55.1119
55.1119
55.1119
55.1119
55.1119
55.1119
55.1119
55.1119
55.1119
55.1119
55.1119
55.1119
55.1119
55.1119
55.1119
55.1119
55.1119
55.1119
55.1119
55.1119
55.1119
55.1119
55.1119
55.1119
55.1119
55.1119
55.1119
55.1119
55.1119
55.1119
55.1119
55.1119
55.1119
55.1118
55.1118
55.1118
55.1118
55.1118
55.1118
55.1118
55.1118
55.1118
55.1118
55.1118
55.1118
55.1118
55.1118
55.1118
55.1118
55.1118
55.1118
55.1118
55.1118
55.1118
55.1118
55.1118
55.1118
55.1118
55.1118
55.1118
55.1118
55.1117
55.1117
55.1117
55.1117
55.1117
55.1117
55.1117
55.1117
55.1117
55.1117
55.1117
55.1117
55.1117
55.1117
55.1117
55.1117
55.1117
55.1117
55.1117
55.1117
55.1117
55.1117
55.1116
55.1116
55.1116
55.1116
55.1116
55.1116
55.1116
55.1116
55.1116
55.1116
55.1116
55.1116
55.1116
55.1116
55.1116
55.1116
55.1116
55.1115
55.1115
55.1115
55.1115
55.1115
55.1115
55.1115
55.1115
55.1115
55.1115
55.1115
55.1115
55.1115
55.1115
55.1114
55.1114
55.1114
55.1114
55.1114
55.1114
55.1114
55.1114
55.1114
55.1114
55.1114
55.1113
55.1114
55.1113
55.1113
55.1113
55.1113
55.1113
55.1113
55.1112
55.1113
55.1112
55.1113
55.1112
55.1112
55.1112
55.1112
55.1111
55.1112
55.1111
55.1112
55.1111
55.1112
55.111
55.1112
55.111
55.1111
55.1109
55.1111
55.1109
55.1111
55.1108
55.1111
55.1108
55.1111
55.1107
55.1111
55.1107
55.1111
55.1106
55.111
55.1105
55.111
55.1104
55.111
55.1104
55.111
55.1103
55.111
55.1102
55.1109
55.1101
55.1109
55.11
55.1109
55.1099
55.1108
55.1098
55.1108
55.1097
55.1107
55.1096
55.1106
55.1095
55.1106
55.1094
55.1105
55.1093
55.1103
55.1092
55.1102
55.1091
55.1101
55.1089
55.1099
55.1088
55.1096
55.1086
55.1094
55.1084
55.1091
55.1081
55.1087
55.1078
55.1082
55.1073
55.1076
55.1066
55.1066
55.1054
55.1051
55.1029
55.0989
55.0824
55.0872
)
;

boundaryField
{
    inlet
    {
        type            calculated;
        value           uniform 50.4684;
    }
    backWall
    {
        type            calculated;
        value           uniform 55.0872;
    }
    sides
    {
        type            empty;
    }
}


// ************************************************************************* //
