/*--------------------------------*- C++ -*----------------------------------*\
| =========                 |                                                 |
| \\      /  F ield         | OpenFOAM: The Open Source CFD Toolbox           |
|  \\    /   O peration     | Version:  3.0.x                                 |
|   \\  /    A nd           | Web:      www.OpenFOAM.org                      |
|    \\/     M anipulation  |                                                 |
\*---------------------------------------------------------------------------*/
FoamFile
{
    version     2.0;
    format      ascii;
    class       volScalarField;
    location    "0.015";
    object      T;
}
// * * * * * * * * * * * * * * * * * * * * * * * * * * * * * * * * * * * * * //

dimensions      [0 0 0 1 0 0 0];

internalField   nonuniform List<scalar> 
1000
(
773.002
773.002
773.003
773.003
773.003
773.004
773.004
773.005
773.006
773.006
773.008
773.009
773.011
773.013
773.015
773.018
773.021
773.025
773.03
773.035
773.042
773.05
773.059
773.07
773.082
773.097
773.114
773.135
773.159
773.187
773.22
773.259
773.304
773.356
773.417
773.488
773.57
773.665
773.775
773.902
774.047
774.213
774.402
774.617
774.859
775.131
775.434
775.77
776.139
776.542
776.977
777.442
777.935
778.451
778.985
779.531
780.083
780.634
781.176
781.704
782.212
782.695
783.148
783.57
783.958
784.312
784.633
784.921
785.177
785.405
785.605
785.78
785.934
786.067
786.182
786.281
786.367
786.44
786.503
786.556
786.602
786.64
786.673
786.7
786.722
786.741
786.756
786.768
786.777
786.784
786.789
786.792
786.794
786.795
786.795
786.794
786.794
786.794
786.794
786.793
786.793
786.793
786.793
786.793
786.793
786.793
786.793
786.793
786.793
786.793
786.793
786.793
786.793
786.793
786.793
786.793
786.793
786.793
786.793
786.793
786.793
786.793
786.793
786.793
786.793
786.793
786.793
786.793
786.793
786.793
786.793
786.793
786.793
786.793
786.793
786.793
786.793
786.793
786.793
786.793
786.793
786.793
786.793
786.793
786.793
786.793
786.793
786.793
786.793
786.793
786.793
786.793
786.793
786.793
786.793
786.793
786.793
786.793
786.793
786.793
786.793
786.793
786.793
786.793
786.793
786.793
786.793
786.793
786.793
786.793
786.793
786.793
786.793
786.793
786.793
786.793
786.793
786.793
786.793
786.793
786.793
786.793
786.793
786.793
786.794
786.794
786.794
786.794
786.794
786.794
786.794
786.794
786.794
786.794
786.794
786.794
786.794
786.794
786.794
786.794
786.794
786.794
786.794
786.794
786.794
786.794
786.794
786.794
786.794
786.794
786.794
786.794
786.794
786.794
786.794
786.794
786.794
786.794
786.794
786.794
786.794
786.794
786.794
786.794
786.794
786.794
786.794
786.794
786.794
786.794
786.794
786.794
786.794
786.794
786.794
786.794
786.794
786.794
786.794
786.794
786.794
786.794
786.794
786.794
786.794
786.794
786.794
786.794
786.794
786.794
786.794
786.794
786.794
786.794
786.794
786.794
786.794
786.794
786.794
786.794
786.794
786.794
786.794
786.794
786.794
786.794
786.794
786.794
786.794
786.794
786.794
786.794
786.794
786.794
786.794
786.794
786.794
786.794
786.794
786.794
786.794
786.794
786.794
786.794
786.794
786.794
786.794
786.794
786.794
786.794
786.794
786.794
786.794
786.794
786.794
786.794
786.794
786.794
786.794
786.794
786.794
786.794
786.794
786.794
786.794
786.794
786.794
786.794
786.794
786.794
786.794
786.794
786.794
786.794
786.794
786.794
786.794
786.794
786.794
786.795
786.795
786.795
786.795
786.795
786.795
786.795
786.795
786.795
786.795
786.795
786.795
786.795
786.795
786.795
786.795
786.795
786.795
786.795
786.795
786.795
786.795
786.795
786.795
786.795
786.795
786.795
786.795
786.795
786.795
786.795
786.795
786.795
786.795
786.795
786.795
786.795
786.795
786.795
786.795
786.795
786.795
786.795
786.795
786.795
786.795
786.795
786.795
786.795
786.795
786.795
786.795
786.795
786.795
786.795
786.795
786.795
786.795
786.795
786.795
786.795
786.795
786.795
786.795
786.795
786.795
786.795
786.795
786.795
786.795
786.795
786.795
786.795
786.795
786.795
786.795
786.795
786.795
786.795
786.795
786.795
786.795
786.795
786.795
786.795
786.795
786.795
786.795
786.795
786.795
786.795
786.795
786.795
786.795
786.795
786.795
786.795
786.795
786.795
786.795
786.795
786.795
786.795
786.795
786.795
786.795
786.795
786.795
786.795
786.795
786.795
786.795
786.795
786.795
786.795
786.795
786.795
786.795
786.795
786.795
786.795
786.795
786.795
786.795
786.795
786.795
786.795
786.795
786.795
786.795
786.795
786.795
786.795
786.795
786.795
786.795
786.795
786.795
786.795
786.795
786.795
786.795
786.796
786.796
786.796
786.796
786.796
786.796
786.796
786.796
786.796
786.796
786.796
786.796
786.796
786.796
786.796
786.796
786.796
786.796
786.796
786.796
786.796
786.796
786.796
786.796
786.796
786.796
786.796
786.796
786.796
786.796
786.796
786.796
786.796
786.796
786.796
786.796
786.796
786.796
786.796
786.796
786.796
786.796
786.796
786.796
786.796
786.796
786.796
786.796
786.796
786.796
786.796
786.796
786.796
786.796
786.796
786.796
786.796
786.796
786.796
786.796
786.796
786.796
786.796
786.796
786.796
786.796
786.796
786.796
786.796
786.796
786.796
786.796
786.796
786.796
786.796
786.796
786.796
786.796
786.796
786.796
786.796
786.796
786.796
786.796
786.796
786.796
786.796
786.796
786.796
786.796
786.796
786.796
786.796
786.796
786.796
786.796
786.796
786.796
786.796
786.796
786.796
786.796
786.796
786.796
786.796
786.796
786.797
786.797
786.797
786.797
786.797
786.797
786.797
786.797
786.797
786.797
786.797
786.797
786.797
786.797
786.797
786.797
786.797
786.797
786.797
786.797
786.797
786.797
786.797
786.797
786.797
786.797
786.797
786.797
786.797
786.797
786.797
786.797
786.797
786.797
786.797
786.797
786.797
786.797
786.797
786.797
786.797
786.797
786.797
786.797
786.797
786.797
786.797
786.797
786.797
786.797
786.797
786.797
786.797
786.797
786.797
786.797
786.797
786.797
786.797
786.797
786.797
786.797
786.797
786.797
786.797
786.797
786.797
786.797
786.797
786.797
786.797
786.797
786.797
786.797
786.797
786.797
786.798
786.798
786.798
786.798
786.798
786.798
786.798
786.798
786.798
786.798
786.798
786.798
786.798
786.798
786.798
786.798
786.798
786.798
786.798
786.798
786.798
786.798
786.798
786.798
786.798
786.798
786.798
786.798
786.798
786.798
786.798
786.798
786.798
786.798
786.798
786.798
786.798
786.798
786.798
786.798
786.798
786.798
786.798
786.798
786.798
786.798
786.798
786.798
786.798
786.798
786.798
786.798
786.798
786.798
786.798
786.798
786.799
786.799
786.799
786.799
786.799
786.799
786.799
786.799
786.799
786.799
786.799
786.799
786.799
786.799
786.799
786.799
786.799
786.799
786.799
786.799
786.799
786.799
786.799
786.799
786.799
786.799
786.799
786.799
786.799
786.799
786.799
786.799
786.799
786.799
786.799
786.799
786.799
786.799
786.799
786.799
786.799
786.799
786.799
786.8
786.8
786.8
786.8
786.8
786.8
786.8
786.8
786.8
786.8
786.8
786.8
786.8
786.8
786.8
786.8
786.8
786.8
786.8
786.8
786.8
786.8
786.8
786.8
786.8
786.8
786.8
786.8
786.8
786.8
786.8
786.8
786.8
786.801
786.801
786.801
786.801
786.801
786.801
786.801
786.801
786.801
786.801
786.801
786.801
786.801
786.801
786.801
786.801
786.801
786.801
786.801
786.801
786.801
786.801
786.801
786.801
786.801
786.801
786.801
786.802
786.802
786.802
786.802
786.802
786.802
786.802
786.802
786.802
786.802
786.802
786.802
786.802
786.802
786.802
786.802
786.802
786.802
786.802
786.802
786.802
786.802
786.803
786.803
786.803
786.803
786.803
786.803
786.803
786.803
786.803
786.803
786.803
786.803
786.803
786.803
786.803
786.803
786.803
786.803
786.804
786.804
786.804
786.804
786.804
786.804
786.804
786.804
786.804
786.804
786.804
786.804
786.804
786.804
786.804
786.804
786.805
786.805
786.805
786.805
786.805
786.805
786.805
786.805
786.805
786.805
786.805
786.805
786.805
786.806
786.806
786.806
786.806
786.806
786.806
786.806
786.806
786.806
786.806
786.806
786.807
786.807
786.807
786.807
786.807
786.807
786.807
786.807
786.807
786.807
786.808
786.808
786.808
786.808
786.808
786.808
786.808
786.808
786.808
786.809
786.809
786.809
786.809
786.809
786.809
786.809
786.809
786.81
786.81
786.81
786.81
786.81
786.81
786.811
786.811
786.811
786.811
786.811
786.811
786.812
786.812
786.812
786.812
786.812
786.812
786.813
786.813
786.813
786.813
786.814
786.813
786.814
786.814
786.815
786.814
786.815
786.815
786.816
786.815
786.817
786.816
786.817
786.816
786.818
786.817
786.819
786.817
786.819
786.818
786.82
786.819
786.821
786.819
786.822
786.82
786.823
786.821
786.824
786.822
786.825
786.823
786.826
786.824
786.827
786.825
786.828
786.826
786.83
786.827
786.831
786.829
786.833
786.831
786.835
786.833
786.837
786.835
786.839
786.838
786.842
786.841
786.845
786.844
786.849
786.849
786.854
786.855
786.86
786.862
786.868
786.873
786.881
786.891
786.9
786.928
786.989
787.222
787.154
)
;

boundaryField
{
    inlet
    {
        type            zeroGradient;
    }
    backWall
    {
        type            zeroGradient;
    }
    sides
    {
        type            empty;
    }
}


// ************************************************************************* //
