/*--------------------------------*- C++ -*----------------------------------*\
| =========                 |                                                 |
| \\      /  F ield         | OpenFOAM: The Open Source CFD Toolbox           |
|  \\    /   O peration     | Version:  3.0.x                                 |
|   \\  /    A nd           | Web:      www.OpenFOAM.org                      |
|    \\/     M anipulation  |                                                 |
\*---------------------------------------------------------------------------*/
FoamFile
{
    version     2.0;
    format      ascii;
    class       volScalarField;
    location    "0.2";
    object      p;
}
// * * * * * * * * * * * * * * * * * * * * * * * * * * * * * * * * * * * * * //

dimensions      [1 -1 -2 0 0 0 0];

internalField   nonuniform List<scalar> 
6900
(
1.81446e+07
1.81446e+07
1.81446e+07
1.81446e+07
1.81445e+07
1.81444e+07
1.81444e+07
1.81443e+07
1.81441e+07
1.8144e+07
1.81439e+07
1.81437e+07
1.81436e+07
1.81434e+07
1.81433e+07
1.81431e+07
1.81429e+07
1.81427e+07
1.81425e+07
1.81424e+07
1.81422e+07
1.8142e+07
1.81418e+07
1.81416e+07
1.81414e+07
1.81412e+07
1.8141e+07
1.81408e+07
1.81406e+07
1.81404e+07
1.81402e+07
1.814e+07
1.81398e+07
1.81395e+07
1.81393e+07
1.81391e+07
1.81389e+07
1.81387e+07
1.81385e+07
1.81383e+07
1.81381e+07
1.81378e+07
1.81376e+07
1.81374e+07
1.81372e+07
1.8137e+07
1.81368e+07
1.81365e+07
1.81363e+07
1.81361e+07
1.81359e+07
1.81356e+07
1.81354e+07
1.81352e+07
1.8135e+07
1.81347e+07
1.81345e+07
1.81343e+07
1.8134e+07
1.81338e+07
1.81336e+07
1.81333e+07
1.81331e+07
1.81329e+07
1.81326e+07
1.81324e+07
1.81322e+07
1.81319e+07
1.81317e+07
1.81315e+07
1.81313e+07
1.8131e+07
1.81308e+07
1.81306e+07
1.81304e+07
1.81303e+07
1.81301e+07
1.81299e+07
1.81298e+07
1.81296e+07
1.81295e+07
1.81294e+07
1.81293e+07
1.81293e+07
1.81292e+07
1.81292e+07
1.81291e+07
1.81291e+07
1.81292e+07
1.81292e+07
1.81292e+07
1.81293e+07
1.81293e+07
1.81294e+07
1.81295e+07
1.81296e+07
1.81297e+07
1.81297e+07
1.81298e+07
1.81299e+07
1.813e+07
1.81301e+07
1.81301e+07
1.81302e+07
1.81303e+07
1.81303e+07
1.81303e+07
1.81303e+07
1.81304e+07
1.81304e+07
1.81303e+07
1.81303e+07
1.81303e+07
1.81303e+07
1.81302e+07
1.81302e+07
1.81301e+07
1.81301e+07
1.813e+07
1.813e+07
1.81299e+07
1.81299e+07
1.81299e+07
1.81299e+07
1.81298e+07
1.81298e+07
1.81298e+07
1.81299e+07
1.81299e+07
1.81299e+07
1.813e+07
1.813e+07
1.81301e+07
1.81301e+07
1.81302e+07
1.81302e+07
1.81303e+07
1.81303e+07
1.81304e+07
1.81304e+07
1.81304e+07
1.81304e+07
1.81304e+07
1.81304e+07
1.81304e+07
1.81303e+07
1.81302e+07
1.81302e+07
1.81301e+07
1.81299e+07
1.81298e+07
1.81297e+07
1.81295e+07
1.81293e+07
1.81292e+07
1.8129e+07
1.81288e+07
1.81286e+07
1.81283e+07
1.81281e+07
1.81279e+07
1.81277e+07
1.81275e+07
1.81273e+07
1.81271e+07
1.81269e+07
1.81267e+07
1.81265e+07
1.81263e+07
1.81262e+07
1.8126e+07
1.81258e+07
1.81257e+07
1.81255e+07
1.81253e+07
1.81251e+07
1.81249e+07
1.81247e+07
1.81246e+07
1.81244e+07
1.81242e+07
1.81239e+07
1.81238e+07
1.81236e+07
1.81234e+07
1.81232e+07
1.8123e+07
1.81228e+07
1.81227e+07
1.81225e+07
1.81223e+07
1.81222e+07
1.8122e+07
1.81218e+07
1.81217e+07
1.81216e+07
1.81214e+07
1.81214e+07
1.81214e+07
1.81219e+07
1.81446e+07
1.81446e+07
1.81446e+07
1.81446e+07
1.81445e+07
1.81444e+07
1.81444e+07
1.81443e+07
1.81441e+07
1.8144e+07
1.81439e+07
1.81437e+07
1.81436e+07
1.81434e+07
1.81433e+07
1.81431e+07
1.81429e+07
1.81427e+07
1.81425e+07
1.81424e+07
1.81422e+07
1.8142e+07
1.81418e+07
1.81416e+07
1.81414e+07
1.81412e+07
1.8141e+07
1.81408e+07
1.81406e+07
1.81404e+07
1.81402e+07
1.814e+07
1.81398e+07
1.81395e+07
1.81393e+07
1.81391e+07
1.81389e+07
1.81387e+07
1.81385e+07
1.81383e+07
1.81381e+07
1.81378e+07
1.81376e+07
1.81374e+07
1.81372e+07
1.8137e+07
1.81368e+07
1.81365e+07
1.81363e+07
1.81361e+07
1.81359e+07
1.81356e+07
1.81354e+07
1.81352e+07
1.8135e+07
1.81347e+07
1.81345e+07
1.81343e+07
1.8134e+07
1.81338e+07
1.81336e+07
1.81333e+07
1.81331e+07
1.81329e+07
1.81326e+07
1.81324e+07
1.81322e+07
1.81319e+07
1.81317e+07
1.81315e+07
1.81313e+07
1.8131e+07
1.81308e+07
1.81306e+07
1.81304e+07
1.81303e+07
1.81301e+07
1.81299e+07
1.81298e+07
1.81296e+07
1.81295e+07
1.81294e+07
1.81293e+07
1.81293e+07
1.81292e+07
1.81292e+07
1.81291e+07
1.81291e+07
1.81292e+07
1.81292e+07
1.81292e+07
1.81293e+07
1.81293e+07
1.81294e+07
1.81295e+07
1.81296e+07
1.81297e+07
1.81297e+07
1.81298e+07
1.81299e+07
1.813e+07
1.81301e+07
1.81301e+07
1.81302e+07
1.81303e+07
1.81303e+07
1.81303e+07
1.81303e+07
1.81304e+07
1.81304e+07
1.81303e+07
1.81303e+07
1.81303e+07
1.81303e+07
1.81302e+07
1.81302e+07
1.81301e+07
1.81301e+07
1.813e+07
1.813e+07
1.81299e+07
1.81299e+07
1.81299e+07
1.81299e+07
1.81298e+07
1.81298e+07
1.81298e+07
1.81299e+07
1.81299e+07
1.81299e+07
1.813e+07
1.813e+07
1.81301e+07
1.81301e+07
1.81302e+07
1.81302e+07
1.81303e+07
1.81303e+07
1.81304e+07
1.81304e+07
1.81304e+07
1.81304e+07
1.81304e+07
1.81304e+07
1.81304e+07
1.81303e+07
1.81302e+07
1.81302e+07
1.81301e+07
1.81299e+07
1.81298e+07
1.81297e+07
1.81295e+07
1.81293e+07
1.81292e+07
1.8129e+07
1.81288e+07
1.81286e+07
1.81283e+07
1.81281e+07
1.81279e+07
1.81277e+07
1.81275e+07
1.81273e+07
1.81271e+07
1.81269e+07
1.81267e+07
1.81265e+07
1.81263e+07
1.81262e+07
1.8126e+07
1.81258e+07
1.81257e+07
1.81255e+07
1.81253e+07
1.81251e+07
1.81249e+07
1.81247e+07
1.81246e+07
1.81244e+07
1.81242e+07
1.81239e+07
1.81238e+07
1.81236e+07
1.81234e+07
1.81232e+07
1.8123e+07
1.81228e+07
1.81227e+07
1.81225e+07
1.81223e+07
1.81222e+07
1.8122e+07
1.81218e+07
1.81217e+07
1.81216e+07
1.81214e+07
1.81214e+07
1.81214e+07
1.81219e+07
1.81446e+07
1.81446e+07
1.81446e+07
1.81446e+07
1.81445e+07
1.81444e+07
1.81444e+07
1.81443e+07
1.81441e+07
1.8144e+07
1.81439e+07
1.81437e+07
1.81436e+07
1.81434e+07
1.81433e+07
1.81431e+07
1.81429e+07
1.81427e+07
1.81425e+07
1.81424e+07
1.81422e+07
1.8142e+07
1.81418e+07
1.81416e+07
1.81414e+07
1.81412e+07
1.8141e+07
1.81408e+07
1.81406e+07
1.81404e+07
1.81402e+07
1.814e+07
1.81398e+07
1.81395e+07
1.81393e+07
1.81391e+07
1.81389e+07
1.81387e+07
1.81385e+07
1.81383e+07
1.81381e+07
1.81378e+07
1.81376e+07
1.81374e+07
1.81372e+07
1.8137e+07
1.81368e+07
1.81365e+07
1.81363e+07
1.81361e+07
1.81359e+07
1.81356e+07
1.81354e+07
1.81352e+07
1.8135e+07
1.81347e+07
1.81345e+07
1.81343e+07
1.8134e+07
1.81338e+07
1.81336e+07
1.81333e+07
1.81331e+07
1.81329e+07
1.81326e+07
1.81324e+07
1.81322e+07
1.81319e+07
1.81317e+07
1.81315e+07
1.81313e+07
1.8131e+07
1.81308e+07
1.81306e+07
1.81304e+07
1.81303e+07
1.81301e+07
1.81299e+07
1.81298e+07
1.81296e+07
1.81295e+07
1.81294e+07
1.81293e+07
1.81293e+07
1.81292e+07
1.81292e+07
1.81291e+07
1.81291e+07
1.81292e+07
1.81292e+07
1.81292e+07
1.81293e+07
1.81293e+07
1.81294e+07
1.81295e+07
1.81296e+07
1.81297e+07
1.81297e+07
1.81298e+07
1.81299e+07
1.813e+07
1.81301e+07
1.81301e+07
1.81302e+07
1.81303e+07
1.81303e+07
1.81303e+07
1.81303e+07
1.81304e+07
1.81304e+07
1.81303e+07
1.81303e+07
1.81303e+07
1.81303e+07
1.81302e+07
1.81302e+07
1.81301e+07
1.81301e+07
1.813e+07
1.813e+07
1.81299e+07
1.81299e+07
1.81299e+07
1.81299e+07
1.81298e+07
1.81298e+07
1.81298e+07
1.81299e+07
1.81299e+07
1.81299e+07
1.813e+07
1.813e+07
1.81301e+07
1.81301e+07
1.81302e+07
1.81302e+07
1.81303e+07
1.81303e+07
1.81304e+07
1.81304e+07
1.81304e+07
1.81304e+07
1.81304e+07
1.81304e+07
1.81304e+07
1.81303e+07
1.81302e+07
1.81302e+07
1.81301e+07
1.81299e+07
1.81298e+07
1.81297e+07
1.81295e+07
1.81293e+07
1.81292e+07
1.8129e+07
1.81288e+07
1.81286e+07
1.81283e+07
1.81281e+07
1.81279e+07
1.81277e+07
1.81275e+07
1.81273e+07
1.81271e+07
1.81269e+07
1.81267e+07
1.81265e+07
1.81263e+07
1.81262e+07
1.8126e+07
1.81258e+07
1.81257e+07
1.81255e+07
1.81253e+07
1.81251e+07
1.81249e+07
1.81247e+07
1.81246e+07
1.81244e+07
1.81242e+07
1.81239e+07
1.81238e+07
1.81236e+07
1.81234e+07
1.81232e+07
1.8123e+07
1.81228e+07
1.81227e+07
1.81225e+07
1.81223e+07
1.81222e+07
1.8122e+07
1.81218e+07
1.81217e+07
1.81216e+07
1.81214e+07
1.81213e+07
1.81213e+07
1.81213e+07
1.81446e+07
1.81446e+07
1.81446e+07
1.81446e+07
1.81445e+07
1.81444e+07
1.81444e+07
1.81443e+07
1.81441e+07
1.8144e+07
1.81439e+07
1.81437e+07
1.81436e+07
1.81434e+07
1.81433e+07
1.81431e+07
1.81429e+07
1.81427e+07
1.81425e+07
1.81424e+07
1.81422e+07
1.8142e+07
1.81418e+07
1.81416e+07
1.81414e+07
1.81412e+07
1.8141e+07
1.81408e+07
1.81406e+07
1.81404e+07
1.81402e+07
1.814e+07
1.81398e+07
1.81395e+07
1.81393e+07
1.81391e+07
1.81389e+07
1.81387e+07
1.81385e+07
1.81383e+07
1.81381e+07
1.81378e+07
1.81376e+07
1.81374e+07
1.81372e+07
1.8137e+07
1.81368e+07
1.81365e+07
1.81363e+07
1.81361e+07
1.81359e+07
1.81356e+07
1.81354e+07
1.81352e+07
1.8135e+07
1.81347e+07
1.81345e+07
1.81343e+07
1.8134e+07
1.81338e+07
1.81336e+07
1.81333e+07
1.81331e+07
1.81329e+07
1.81326e+07
1.81324e+07
1.81322e+07
1.81319e+07
1.81317e+07
1.81315e+07
1.81313e+07
1.8131e+07
1.81308e+07
1.81306e+07
1.81304e+07
1.81303e+07
1.81301e+07
1.81299e+07
1.81298e+07
1.81296e+07
1.81295e+07
1.81294e+07
1.81293e+07
1.81293e+07
1.81292e+07
1.81292e+07
1.81291e+07
1.81291e+07
1.81292e+07
1.81292e+07
1.81292e+07
1.81293e+07
1.81293e+07
1.81294e+07
1.81295e+07
1.81296e+07
1.81297e+07
1.81297e+07
1.81298e+07
1.81299e+07
1.813e+07
1.81301e+07
1.81301e+07
1.81302e+07
1.81303e+07
1.81303e+07
1.81303e+07
1.81303e+07
1.81304e+07
1.81304e+07
1.81303e+07
1.81303e+07
1.81303e+07
1.81303e+07
1.81302e+07
1.81302e+07
1.81301e+07
1.81301e+07
1.813e+07
1.813e+07
1.81299e+07
1.81299e+07
1.81299e+07
1.81299e+07
1.81298e+07
1.81298e+07
1.81298e+07
1.81299e+07
1.81299e+07
1.81299e+07
1.813e+07
1.813e+07
1.81301e+07
1.81301e+07
1.81302e+07
1.81302e+07
1.81303e+07
1.81303e+07
1.81304e+07
1.81304e+07
1.81304e+07
1.81304e+07
1.81304e+07
1.81304e+07
1.81304e+07
1.81303e+07
1.81302e+07
1.81302e+07
1.81301e+07
1.81299e+07
1.81298e+07
1.81297e+07
1.81295e+07
1.81293e+07
1.81292e+07
1.8129e+07
1.81288e+07
1.81286e+07
1.81283e+07
1.81281e+07
1.81279e+07
1.81277e+07
1.81275e+07
1.81273e+07
1.81271e+07
1.81269e+07
1.81267e+07
1.81265e+07
1.81263e+07
1.81262e+07
1.8126e+07
1.81258e+07
1.81257e+07
1.81255e+07
1.81253e+07
1.81251e+07
1.81249e+07
1.81247e+07
1.81246e+07
1.81244e+07
1.81242e+07
1.81239e+07
1.81238e+07
1.81236e+07
1.81234e+07
1.81232e+07
1.8123e+07
1.81228e+07
1.81227e+07
1.81225e+07
1.81223e+07
1.81222e+07
1.8122e+07
1.81218e+07
1.81217e+07
1.81216e+07
1.81214e+07
1.81213e+07
1.8121e+07
1.81203e+07
1.81446e+07
1.81446e+07
1.81446e+07
1.81446e+07
1.81445e+07
1.81444e+07
1.81444e+07
1.81443e+07
1.81441e+07
1.8144e+07
1.81439e+07
1.81437e+07
1.81436e+07
1.81434e+07
1.81433e+07
1.81431e+07
1.81429e+07
1.81427e+07
1.81425e+07
1.81424e+07
1.81422e+07
1.8142e+07
1.81418e+07
1.81416e+07
1.81414e+07
1.81412e+07
1.8141e+07
1.81408e+07
1.81406e+07
1.81404e+07
1.81402e+07
1.814e+07
1.81398e+07
1.81395e+07
1.81393e+07
1.81391e+07
1.81389e+07
1.81387e+07
1.81385e+07
1.81383e+07
1.81381e+07
1.81378e+07
1.81376e+07
1.81374e+07
1.81372e+07
1.8137e+07
1.81368e+07
1.81365e+07
1.81363e+07
1.81361e+07
1.81359e+07
1.81356e+07
1.81354e+07
1.81352e+07
1.8135e+07
1.81347e+07
1.81345e+07
1.81343e+07
1.8134e+07
1.81338e+07
1.81336e+07
1.81333e+07
1.81331e+07
1.81329e+07
1.81326e+07
1.81324e+07
1.81322e+07
1.81319e+07
1.81317e+07
1.81315e+07
1.81313e+07
1.8131e+07
1.81308e+07
1.81306e+07
1.81304e+07
1.81303e+07
1.81301e+07
1.81299e+07
1.81298e+07
1.81296e+07
1.81295e+07
1.81294e+07
1.81293e+07
1.81293e+07
1.81292e+07
1.81292e+07
1.81291e+07
1.81291e+07
1.81292e+07
1.81292e+07
1.81292e+07
1.81293e+07
1.81293e+07
1.81294e+07
1.81295e+07
1.81296e+07
1.81297e+07
1.81297e+07
1.81298e+07
1.81299e+07
1.813e+07
1.81301e+07
1.81301e+07
1.81302e+07
1.81303e+07
1.81303e+07
1.81303e+07
1.81303e+07
1.81304e+07
1.81304e+07
1.81303e+07
1.81303e+07
1.81303e+07
1.81303e+07
1.81302e+07
1.81302e+07
1.81301e+07
1.81301e+07
1.813e+07
1.813e+07
1.81299e+07
1.81299e+07
1.81299e+07
1.81299e+07
1.81298e+07
1.81298e+07
1.81298e+07
1.81299e+07
1.81299e+07
1.81299e+07
1.813e+07
1.813e+07
1.81301e+07
1.81301e+07
1.81302e+07
1.81302e+07
1.81303e+07
1.81303e+07
1.81304e+07
1.81304e+07
1.81304e+07
1.81304e+07
1.81304e+07
1.81304e+07
1.81304e+07
1.81303e+07
1.81302e+07
1.81302e+07
1.81301e+07
1.81299e+07
1.81298e+07
1.81297e+07
1.81295e+07
1.81293e+07
1.81292e+07
1.8129e+07
1.81288e+07
1.81286e+07
1.81283e+07
1.81281e+07
1.81279e+07
1.81277e+07
1.81275e+07
1.81273e+07
1.81271e+07
1.81269e+07
1.81267e+07
1.81265e+07
1.81263e+07
1.81262e+07
1.8126e+07
1.81258e+07
1.81257e+07
1.81255e+07
1.81253e+07
1.81251e+07
1.81249e+07
1.81247e+07
1.81246e+07
1.81244e+07
1.81242e+07
1.81239e+07
1.81238e+07
1.81236e+07
1.81234e+07
1.81232e+07
1.8123e+07
1.81228e+07
1.81227e+07
1.81225e+07
1.81223e+07
1.81222e+07
1.8122e+07
1.81218e+07
1.81217e+07
1.81216e+07
1.81214e+07
1.81213e+07
1.8121e+07
1.81203e+07
1.81277e+07
1.81302e+07
1.81304e+07
1.81297e+07
1.8129e+07
1.81284e+07
1.81278e+07
1.81274e+07
1.81277e+07
1.81275e+07
1.81254e+07
1.81213e+07
1.81177e+07
1.81151e+07
1.81129e+07
1.81111e+07
1.81105e+07
1.81129e+07
1.81151e+07
1.81132e+07
1.81262e+07
1.81274e+07
1.81272e+07
1.81266e+07
1.81259e+07
1.81252e+07
1.81245e+07
1.81242e+07
1.81245e+07
1.81242e+07
1.81218e+07
1.81173e+07
1.81136e+07
1.81112e+07
1.81092e+07
1.81076e+07
1.81073e+07
1.81097e+07
1.81115e+07
1.81087e+07
1.81215e+07
1.81215e+07
1.8121e+07
1.81202e+07
1.81192e+07
1.81178e+07
1.81162e+07
1.81143e+07
1.8112e+07
1.81096e+07
1.81071e+07
1.81047e+07
1.81018e+07
1.80986e+07
1.80951e+07
1.80913e+07
1.80872e+07
1.80828e+07
1.80786e+07
1.80747e+07
1.81124e+07
1.81115e+07
1.81119e+07
1.81123e+07
1.81118e+07
1.81102e+07
1.81082e+07
1.81053e+07
1.8103e+07
1.80999e+07
1.80973e+07
1.80946e+07
1.80919e+07
1.80895e+07
1.80873e+07
1.80853e+07
1.80835e+07
1.8082e+07
1.80808e+07
1.80798e+07
1.8108e+07
1.81035e+07
1.81019e+07
1.81017e+07
1.81009e+07
1.80991e+07
1.80967e+07
1.80937e+07
1.80908e+07
1.80875e+07
1.80845e+07
1.80814e+07
1.80784e+07
1.80756e+07
1.8073e+07
1.80707e+07
1.80688e+07
1.80671e+07
1.8066e+07
1.8066e+07
1.80825e+07
1.80738e+07
1.80776e+07
1.80788e+07
1.80767e+07
1.8075e+07
1.80746e+07
1.80747e+07
1.80747e+07
1.80746e+07
1.80744e+07
1.80743e+07
1.80743e+07
1.80742e+07
1.80741e+07
1.80741e+07
1.8074e+07
1.8074e+07
1.80739e+07
1.80739e+07
1.80739e+07
1.80739e+07
1.80737e+07
1.80737e+07
1.80737e+07
1.80737e+07
1.80737e+07
1.80737e+07
1.80739e+07
1.8074e+07
1.80738e+07
1.80736e+07
1.80735e+07
1.80735e+07
1.80735e+07
1.80736e+07
1.80737e+07
1.80739e+07
1.80741e+07
1.80742e+07
1.80745e+07
1.80747e+07
1.80749e+07
1.80751e+07
1.80753e+07
1.80755e+07
1.80756e+07
1.80758e+07
1.80758e+07
1.80759e+07
1.80759e+07
1.8076e+07
1.8076e+07
1.8076e+07
1.8076e+07
1.8076e+07
1.80759e+07
1.80759e+07
1.80759e+07
1.80759e+07
1.80759e+07
1.80758e+07
1.80758e+07
1.80758e+07
1.80757e+07
1.80757e+07
1.80757e+07
1.80757e+07
1.80756e+07
1.80756e+07
1.80756e+07
1.80755e+07
1.80755e+07
1.80755e+07
1.80754e+07
1.80754e+07
1.80753e+07
1.80753e+07
1.80752e+07
1.80752e+07
1.80751e+07
1.80751e+07
1.8075e+07
1.80749e+07
1.80748e+07
1.80747e+07
1.80746e+07
1.80745e+07
1.80744e+07
1.80743e+07
1.80742e+07
1.80741e+07
1.80739e+07
1.80738e+07
1.80736e+07
1.80735e+07
1.80733e+07
1.80732e+07
1.8073e+07
1.80729e+07
1.80727e+07
1.80725e+07
1.80724e+07
1.80722e+07
1.8072e+07
1.80718e+07
1.80717e+07
1.80715e+07
1.80713e+07
1.80712e+07
1.8071e+07
1.80708e+07
1.80707e+07
1.80705e+07
1.80704e+07
1.80702e+07
1.80701e+07
1.80699e+07
1.80698e+07
1.80696e+07
1.80695e+07
1.80694e+07
1.80692e+07
1.80691e+07
1.80689e+07
1.80688e+07
1.80686e+07
1.80685e+07
1.80683e+07
1.80682e+07
1.8068e+07
1.80678e+07
1.80676e+07
1.80674e+07
1.80672e+07
1.8067e+07
1.80668e+07
1.80666e+07
1.80664e+07
1.80662e+07
1.80659e+07
1.80657e+07
1.80655e+07
1.80652e+07
1.8065e+07
1.80647e+07
1.80645e+07
1.80642e+07
1.8064e+07
1.80637e+07
1.80635e+07
1.80633e+07
1.8063e+07
1.80628e+07
1.80625e+07
1.80623e+07
1.80621e+07
1.80619e+07
1.80617e+07
1.80615e+07
1.80613e+07
1.80611e+07
1.80609e+07
1.80608e+07
1.80606e+07
1.80604e+07
1.80603e+07
1.80602e+07
1.806e+07
1.80599e+07
1.80598e+07
1.80596e+07
1.80595e+07
1.80593e+07
1.80592e+07
1.8059e+07
1.80588e+07
1.80587e+07
1.80585e+07
1.80582e+07
1.8058e+07
1.80578e+07
1.80575e+07
1.80573e+07
1.8057e+07
1.80567e+07
1.80565e+07
1.80562e+07
1.80559e+07
1.80556e+07
1.80553e+07
1.8055e+07
1.80547e+07
1.80544e+07
1.80541e+07
1.80538e+07
1.80535e+07
1.80532e+07
1.80526e+07
1.80513e+07
1.80807e+07
1.80737e+07
1.80776e+07
1.80789e+07
1.80767e+07
1.8075e+07
1.80746e+07
1.80747e+07
1.80747e+07
1.80746e+07
1.80744e+07
1.80743e+07
1.80743e+07
1.80742e+07
1.80741e+07
1.80741e+07
1.8074e+07
1.8074e+07
1.80739e+07
1.80739e+07
1.80739e+07
1.80739e+07
1.80737e+07
1.80737e+07
1.80737e+07
1.80737e+07
1.80737e+07
1.80737e+07
1.80739e+07
1.8074e+07
1.80738e+07
1.80736e+07
1.80735e+07
1.80735e+07
1.80735e+07
1.80736e+07
1.80737e+07
1.80739e+07
1.8074e+07
1.80742e+07
1.80744e+07
1.80747e+07
1.80749e+07
1.80751e+07
1.80753e+07
1.80755e+07
1.80756e+07
1.80757e+07
1.80758e+07
1.80759e+07
1.80759e+07
1.8076e+07
1.8076e+07
1.8076e+07
1.8076e+07
1.8076e+07
1.80759e+07
1.80759e+07
1.80759e+07
1.80759e+07
1.80759e+07
1.80758e+07
1.80758e+07
1.80758e+07
1.80757e+07
1.80757e+07
1.80757e+07
1.80757e+07
1.80756e+07
1.80756e+07
1.80756e+07
1.80755e+07
1.80755e+07
1.80755e+07
1.80754e+07
1.80754e+07
1.80753e+07
1.80753e+07
1.80752e+07
1.80752e+07
1.80751e+07
1.80751e+07
1.8075e+07
1.80749e+07
1.80748e+07
1.80747e+07
1.80746e+07
1.80745e+07
1.80744e+07
1.80743e+07
1.80742e+07
1.80741e+07
1.80739e+07
1.80738e+07
1.80736e+07
1.80735e+07
1.80733e+07
1.80732e+07
1.8073e+07
1.80729e+07
1.80727e+07
1.80725e+07
1.80724e+07
1.80722e+07
1.8072e+07
1.80718e+07
1.80717e+07
1.80715e+07
1.80713e+07
1.80712e+07
1.8071e+07
1.80708e+07
1.80707e+07
1.80705e+07
1.80704e+07
1.80702e+07
1.80701e+07
1.80699e+07
1.80698e+07
1.80696e+07
1.80695e+07
1.80694e+07
1.80692e+07
1.80691e+07
1.80689e+07
1.80688e+07
1.80686e+07
1.80685e+07
1.80683e+07
1.80682e+07
1.8068e+07
1.80678e+07
1.80676e+07
1.80674e+07
1.80672e+07
1.8067e+07
1.80668e+07
1.80666e+07
1.80664e+07
1.80662e+07
1.80659e+07
1.80657e+07
1.80655e+07
1.80652e+07
1.8065e+07
1.80647e+07
1.80645e+07
1.80642e+07
1.8064e+07
1.80637e+07
1.80635e+07
1.80633e+07
1.8063e+07
1.80628e+07
1.80625e+07
1.80623e+07
1.80621e+07
1.80619e+07
1.80617e+07
1.80615e+07
1.80613e+07
1.80611e+07
1.80609e+07
1.80608e+07
1.80606e+07
1.80604e+07
1.80603e+07
1.80602e+07
1.806e+07
1.80599e+07
1.80598e+07
1.80596e+07
1.80595e+07
1.80593e+07
1.80592e+07
1.8059e+07
1.80588e+07
1.80587e+07
1.80585e+07
1.80582e+07
1.8058e+07
1.80578e+07
1.80575e+07
1.80573e+07
1.8057e+07
1.80567e+07
1.80565e+07
1.80562e+07
1.80559e+07
1.80556e+07
1.80553e+07
1.8055e+07
1.80547e+07
1.80544e+07
1.80541e+07
1.80538e+07
1.80535e+07
1.80532e+07
1.80526e+07
1.80513e+07
1.8067e+07
1.80716e+07
1.80748e+07
1.8075e+07
1.80746e+07
1.80744e+07
1.80745e+07
1.80745e+07
1.80745e+07
1.80744e+07
1.80744e+07
1.80743e+07
1.80743e+07
1.80742e+07
1.80741e+07
1.80741e+07
1.8074e+07
1.8074e+07
1.80739e+07
1.80739e+07
1.80738e+07
1.80738e+07
1.80737e+07
1.80737e+07
1.80737e+07
1.80737e+07
1.80736e+07
1.80736e+07
1.80736e+07
1.80735e+07
1.80735e+07
1.80735e+07
1.80736e+07
1.80736e+07
1.80737e+07
1.80738e+07
1.80739e+07
1.80741e+07
1.80742e+07
1.80744e+07
1.80746e+07
1.80748e+07
1.8075e+07
1.80752e+07
1.80754e+07
1.80755e+07
1.80757e+07
1.80758e+07
1.80758e+07
1.80759e+07
1.80759e+07
1.8076e+07
1.8076e+07
1.8076e+07
1.8076e+07
1.8076e+07
1.80759e+07
1.80759e+07
1.80759e+07
1.80759e+07
1.80759e+07
1.80758e+07
1.80758e+07
1.80758e+07
1.80757e+07
1.80757e+07
1.80757e+07
1.80757e+07
1.80756e+07
1.80756e+07
1.80756e+07
1.80755e+07
1.80755e+07
1.80755e+07
1.80754e+07
1.80754e+07
1.80753e+07
1.80753e+07
1.80752e+07
1.80752e+07
1.80751e+07
1.80751e+07
1.8075e+07
1.80749e+07
1.80748e+07
1.80747e+07
1.80746e+07
1.80745e+07
1.80744e+07
1.80743e+07
1.80742e+07
1.80741e+07
1.80739e+07
1.80738e+07
1.80736e+07
1.80735e+07
1.80733e+07
1.80732e+07
1.8073e+07
1.80729e+07
1.80727e+07
1.80725e+07
1.80724e+07
1.80722e+07
1.8072e+07
1.80718e+07
1.80717e+07
1.80715e+07
1.80713e+07
1.80712e+07
1.8071e+07
1.80708e+07
1.80707e+07
1.80705e+07
1.80704e+07
1.80702e+07
1.80701e+07
1.80699e+07
1.80698e+07
1.80696e+07
1.80695e+07
1.80694e+07
1.80692e+07
1.80691e+07
1.80689e+07
1.80688e+07
1.80686e+07
1.80685e+07
1.80683e+07
1.80682e+07
1.8068e+07
1.80678e+07
1.80676e+07
1.80674e+07
1.80672e+07
1.8067e+07
1.80668e+07
1.80666e+07
1.80664e+07
1.80662e+07
1.80659e+07
1.80657e+07
1.80655e+07
1.80652e+07
1.8065e+07
1.80647e+07
1.80645e+07
1.80642e+07
1.8064e+07
1.80637e+07
1.80635e+07
1.80633e+07
1.8063e+07
1.80628e+07
1.80625e+07
1.80623e+07
1.80621e+07
1.80619e+07
1.80617e+07
1.80615e+07
1.80613e+07
1.80611e+07
1.80609e+07
1.80608e+07
1.80606e+07
1.80604e+07
1.80603e+07
1.80602e+07
1.806e+07
1.80599e+07
1.80598e+07
1.80596e+07
1.80595e+07
1.80593e+07
1.80592e+07
1.8059e+07
1.80588e+07
1.80587e+07
1.80585e+07
1.80582e+07
1.8058e+07
1.80578e+07
1.80575e+07
1.80573e+07
1.8057e+07
1.80567e+07
1.80565e+07
1.80562e+07
1.80559e+07
1.80556e+07
1.80553e+07
1.8055e+07
1.80547e+07
1.80544e+07
1.80541e+07
1.80538e+07
1.80535e+07
1.80532e+07
1.80529e+07
1.80527e+07
1.80765e+07
1.80758e+07
1.80756e+07
1.80752e+07
1.80748e+07
1.80745e+07
1.80745e+07
1.80745e+07
1.80745e+07
1.80744e+07
1.80744e+07
1.80743e+07
1.80743e+07
1.80742e+07
1.80741e+07
1.80741e+07
1.8074e+07
1.8074e+07
1.80739e+07
1.80738e+07
1.80738e+07
1.80738e+07
1.80737e+07
1.80737e+07
1.80737e+07
1.80737e+07
1.80737e+07
1.80737e+07
1.80737e+07
1.80736e+07
1.80736e+07
1.80736e+07
1.80737e+07
1.80737e+07
1.80738e+07
1.80739e+07
1.80741e+07
1.80742e+07
1.80744e+07
1.80746e+07
1.80747e+07
1.80749e+07
1.80751e+07
1.80753e+07
1.80754e+07
1.80756e+07
1.80757e+07
1.80758e+07
1.80759e+07
1.80759e+07
1.8076e+07
1.8076e+07
1.8076e+07
1.8076e+07
1.8076e+07
1.8076e+07
1.80759e+07
1.80759e+07
1.80759e+07
1.80759e+07
1.80759e+07
1.80758e+07
1.80758e+07
1.80758e+07
1.80757e+07
1.80757e+07
1.80757e+07
1.80757e+07
1.80756e+07
1.80756e+07
1.80756e+07
1.80755e+07
1.80755e+07
1.80755e+07
1.80754e+07
1.80754e+07
1.80753e+07
1.80753e+07
1.80752e+07
1.80752e+07
1.80751e+07
1.80751e+07
1.8075e+07
1.80749e+07
1.80748e+07
1.80747e+07
1.80746e+07
1.80745e+07
1.80744e+07
1.80743e+07
1.80742e+07
1.80741e+07
1.80739e+07
1.80738e+07
1.80736e+07
1.80735e+07
1.80733e+07
1.80732e+07
1.8073e+07
1.80729e+07
1.80727e+07
1.80725e+07
1.80724e+07
1.80722e+07
1.8072e+07
1.80718e+07
1.80717e+07
1.80715e+07
1.80713e+07
1.80712e+07
1.8071e+07
1.80708e+07
1.80707e+07
1.80705e+07
1.80704e+07
1.80702e+07
1.80701e+07
1.80699e+07
1.80698e+07
1.80696e+07
1.80695e+07
1.80694e+07
1.80692e+07
1.80691e+07
1.80689e+07
1.80688e+07
1.80686e+07
1.80685e+07
1.80683e+07
1.80682e+07
1.8068e+07
1.80678e+07
1.80676e+07
1.80674e+07
1.80672e+07
1.8067e+07
1.80668e+07
1.80666e+07
1.80664e+07
1.80662e+07
1.80659e+07
1.80657e+07
1.80655e+07
1.80652e+07
1.8065e+07
1.80647e+07
1.80645e+07
1.80642e+07
1.8064e+07
1.80637e+07
1.80635e+07
1.80633e+07
1.8063e+07
1.80628e+07
1.80625e+07
1.80623e+07
1.80621e+07
1.80619e+07
1.80617e+07
1.80615e+07
1.80613e+07
1.80611e+07
1.80609e+07
1.80608e+07
1.80606e+07
1.80604e+07
1.80603e+07
1.80602e+07
1.806e+07
1.80599e+07
1.80598e+07
1.80596e+07
1.80595e+07
1.80593e+07
1.80592e+07
1.8059e+07
1.80588e+07
1.80587e+07
1.80585e+07
1.80582e+07
1.8058e+07
1.80578e+07
1.80575e+07
1.80573e+07
1.8057e+07
1.80567e+07
1.80565e+07
1.80562e+07
1.80559e+07
1.80556e+07
1.80553e+07
1.8055e+07
1.80547e+07
1.80544e+07
1.80541e+07
1.80538e+07
1.80535e+07
1.80533e+07
1.80532e+07
1.80536e+07
1.80741e+07
1.80755e+07
1.80755e+07
1.80752e+07
1.80748e+07
1.80745e+07
1.80745e+07
1.80745e+07
1.80745e+07
1.80744e+07
1.80744e+07
1.80743e+07
1.80743e+07
1.80742e+07
1.80741e+07
1.80741e+07
1.8074e+07
1.8074e+07
1.80739e+07
1.80738e+07
1.80738e+07
1.80738e+07
1.80737e+07
1.80737e+07
1.80737e+07
1.80737e+07
1.80737e+07
1.80737e+07
1.80737e+07
1.80736e+07
1.80736e+07
1.80736e+07
1.80737e+07
1.80737e+07
1.80738e+07
1.80739e+07
1.80741e+07
1.80742e+07
1.80744e+07
1.80746e+07
1.80747e+07
1.80749e+07
1.80751e+07
1.80753e+07
1.80754e+07
1.80756e+07
1.80757e+07
1.80758e+07
1.80759e+07
1.80759e+07
1.8076e+07
1.8076e+07
1.8076e+07
1.8076e+07
1.8076e+07
1.8076e+07
1.80759e+07
1.80759e+07
1.80759e+07
1.80759e+07
1.80759e+07
1.80758e+07
1.80758e+07
1.80758e+07
1.80757e+07
1.80757e+07
1.80757e+07
1.80757e+07
1.80756e+07
1.80756e+07
1.80756e+07
1.80755e+07
1.80755e+07
1.80755e+07
1.80754e+07
1.80754e+07
1.80753e+07
1.80753e+07
1.80752e+07
1.80752e+07
1.80751e+07
1.80751e+07
1.8075e+07
1.80749e+07
1.80748e+07
1.80747e+07
1.80746e+07
1.80745e+07
1.80744e+07
1.80743e+07
1.80742e+07
1.80741e+07
1.80739e+07
1.80738e+07
1.80736e+07
1.80735e+07
1.80733e+07
1.80732e+07
1.8073e+07
1.80729e+07
1.80727e+07
1.80725e+07
1.80724e+07
1.80722e+07
1.8072e+07
1.80718e+07
1.80717e+07
1.80715e+07
1.80713e+07
1.80712e+07
1.8071e+07
1.80708e+07
1.80707e+07
1.80705e+07
1.80704e+07
1.80702e+07
1.80701e+07
1.80699e+07
1.80698e+07
1.80696e+07
1.80695e+07
1.80694e+07
1.80692e+07
1.80691e+07
1.80689e+07
1.80688e+07
1.80686e+07
1.80685e+07
1.80683e+07
1.80682e+07
1.8068e+07
1.80678e+07
1.80676e+07
1.80674e+07
1.80672e+07
1.8067e+07
1.80668e+07
1.80666e+07
1.80664e+07
1.80662e+07
1.80659e+07
1.80657e+07
1.80655e+07
1.80652e+07
1.8065e+07
1.80647e+07
1.80645e+07
1.80642e+07
1.8064e+07
1.80637e+07
1.80635e+07
1.80633e+07
1.8063e+07
1.80628e+07
1.80625e+07
1.80623e+07
1.80621e+07
1.80619e+07
1.80617e+07
1.80615e+07
1.80613e+07
1.80611e+07
1.80609e+07
1.80608e+07
1.80606e+07
1.80604e+07
1.80603e+07
1.80602e+07
1.806e+07
1.80599e+07
1.80598e+07
1.80596e+07
1.80595e+07
1.80593e+07
1.80592e+07
1.8059e+07
1.80588e+07
1.80587e+07
1.80585e+07
1.80582e+07
1.8058e+07
1.80578e+07
1.80575e+07
1.80573e+07
1.8057e+07
1.80567e+07
1.80565e+07
1.80562e+07
1.80559e+07
1.80556e+07
1.80553e+07
1.8055e+07
1.80547e+07
1.80544e+07
1.80541e+07
1.80538e+07
1.80535e+07
1.80533e+07
1.80532e+07
1.80536e+07
1.80403e+07
1.80355e+07
1.80338e+07
1.80334e+07
1.80325e+07
1.80307e+07
1.8028e+07
1.80254e+07
1.80222e+07
1.80193e+07
1.80162e+07
1.80131e+07
1.80102e+07
1.80075e+07
1.8005e+07
1.80026e+07
1.80006e+07
1.79988e+07
1.79977e+07
1.79977e+07
1.80443e+07
1.80432e+07
1.80434e+07
1.80437e+07
1.80431e+07
1.80414e+07
1.8039e+07
1.80368e+07
1.80339e+07
1.80315e+07
1.80286e+07
1.80259e+07
1.80234e+07
1.8021e+07
1.80188e+07
1.80168e+07
1.8015e+07
1.80133e+07
1.8012e+07
1.80111e+07
1.80528e+07
1.80527e+07
1.80522e+07
1.80514e+07
1.80503e+07
1.80489e+07
1.80473e+07
1.80453e+07
1.80433e+07
1.8041e+07
1.80386e+07
1.80358e+07
1.80327e+07
1.80293e+07
1.80256e+07
1.80216e+07
1.80177e+07
1.8014e+07
1.80106e+07
1.80073e+07
1.80572e+07
1.80583e+07
1.80582e+07
1.80575e+07
1.80569e+07
1.80564e+07
1.8056e+07
1.80558e+07
1.80547e+07
1.80523e+07
1.80491e+07
1.80468e+07
1.80451e+07
1.8044e+07
1.8044e+07
1.80465e+07
1.80487e+07
1.80479e+07
1.80431e+07
1.8035e+07
1.80586e+07
1.80611e+07
1.80612e+07
1.80606e+07
1.806e+07
1.80595e+07
1.80591e+07
1.80589e+07
1.8058e+07
1.80557e+07
1.80527e+07
1.80504e+07
1.80486e+07
1.80473e+07
1.80471e+07
1.80496e+07
1.80522e+07
1.80522e+07
1.80482e+07
1.80404e+07
1.80064e+07
1.80079e+07
1.80074e+07
1.80067e+07
1.80061e+07
1.80058e+07
1.80056e+07
1.80055e+07
1.80053e+07
1.80052e+07
1.80051e+07
1.8005e+07
1.80049e+07
1.80049e+07
1.80048e+07
1.80048e+07
1.80047e+07
1.80047e+07
1.80046e+07
1.80046e+07
1.80046e+07
1.80046e+07
1.80046e+07
1.80045e+07
1.80045e+07
1.80045e+07
1.80045e+07
1.80045e+07
1.80045e+07
1.80045e+07
1.80045e+07
1.80045e+07
1.80045e+07
1.80046e+07
1.80047e+07
1.80048e+07
1.80049e+07
1.8005e+07
1.80052e+07
1.80053e+07
1.80055e+07
1.80057e+07
1.80058e+07
1.8006e+07
1.80061e+07
1.80063e+07
1.80064e+07
1.80065e+07
1.80065e+07
1.80066e+07
1.80066e+07
1.80066e+07
1.80066e+07
1.80066e+07
1.80066e+07
1.80065e+07
1.80065e+07
1.80065e+07
1.80065e+07
1.80065e+07
1.80065e+07
1.80065e+07
1.80065e+07
1.80065e+07
1.80066e+07
1.80066e+07
1.80066e+07
1.80067e+07
1.80067e+07
1.80068e+07
1.80068e+07
1.80069e+07
1.80069e+07
1.8007e+07
1.8007e+07
1.80071e+07
1.80071e+07
1.80071e+07
1.80071e+07
1.80071e+07
1.80071e+07
1.80071e+07
1.8007e+07
1.8007e+07
1.8007e+07
1.80069e+07
1.80069e+07
1.80068e+07
1.80068e+07
1.80068e+07
1.80067e+07
1.80067e+07
1.80066e+07
1.80066e+07
1.80065e+07
1.80065e+07
1.80064e+07
1.80063e+07
1.80059e+07
1.80048e+07
1.80088e+07
1.80082e+07
1.80075e+07
1.80067e+07
1.80061e+07
1.80058e+07
1.80056e+07
1.80055e+07
1.80053e+07
1.80052e+07
1.80051e+07
1.8005e+07
1.80049e+07
1.80049e+07
1.80048e+07
1.80048e+07
1.80047e+07
1.80047e+07
1.80046e+07
1.80046e+07
1.80046e+07
1.80046e+07
1.80046e+07
1.80045e+07
1.80045e+07
1.80045e+07
1.80045e+07
1.80045e+07
1.80045e+07
1.80045e+07
1.80045e+07
1.80045e+07
1.80045e+07
1.80046e+07
1.80047e+07
1.80048e+07
1.80049e+07
1.8005e+07
1.80052e+07
1.80053e+07
1.80055e+07
1.80057e+07
1.80058e+07
1.8006e+07
1.80061e+07
1.80063e+07
1.80064e+07
1.80065e+07
1.80065e+07
1.80066e+07
1.80066e+07
1.80066e+07
1.80066e+07
1.80066e+07
1.80066e+07
1.80065e+07
1.80065e+07
1.80065e+07
1.80065e+07
1.80065e+07
1.80065e+07
1.80065e+07
1.80065e+07
1.80065e+07
1.80066e+07
1.80066e+07
1.80066e+07
1.80067e+07
1.80067e+07
1.80068e+07
1.80068e+07
1.80069e+07
1.80069e+07
1.8007e+07
1.8007e+07
1.80071e+07
1.80071e+07
1.80071e+07
1.80071e+07
1.80071e+07
1.80071e+07
1.80071e+07
1.8007e+07
1.8007e+07
1.8007e+07
1.80069e+07
1.80069e+07
1.80068e+07
1.80068e+07
1.80068e+07
1.80067e+07
1.80067e+07
1.80066e+07
1.80066e+07
1.80065e+07
1.80065e+07
1.80064e+07
1.80063e+07
1.80059e+07
1.80048e+07
1.79998e+07
1.8004e+07
1.80063e+07
1.80063e+07
1.80059e+07
1.80056e+07
1.80055e+07
1.80054e+07
1.80053e+07
1.80052e+07
1.80051e+07
1.8005e+07
1.80049e+07
1.80049e+07
1.80048e+07
1.80047e+07
1.80047e+07
1.80047e+07
1.80047e+07
1.80046e+07
1.80046e+07
1.80046e+07
1.80045e+07
1.80045e+07
1.80045e+07
1.80045e+07
1.80045e+07
1.80045e+07
1.80044e+07
1.80044e+07
1.80044e+07
1.80044e+07
1.80044e+07
1.80045e+07
1.80046e+07
1.80046e+07
1.80047e+07
1.80049e+07
1.8005e+07
1.80052e+07
1.80054e+07
1.80055e+07
1.80057e+07
1.80059e+07
1.80061e+07
1.80062e+07
1.80063e+07
1.80064e+07
1.80065e+07
1.80066e+07
1.80066e+07
1.80066e+07
1.80066e+07
1.80066e+07
1.80066e+07
1.80065e+07
1.80065e+07
1.80065e+07
1.80065e+07
1.80065e+07
1.80065e+07
1.80065e+07
1.80065e+07
1.80065e+07
1.80066e+07
1.80066e+07
1.80066e+07
1.80067e+07
1.80067e+07
1.80068e+07
1.80068e+07
1.80069e+07
1.80069e+07
1.8007e+07
1.8007e+07
1.80071e+07
1.80071e+07
1.80071e+07
1.80071e+07
1.80071e+07
1.80071e+07
1.80071e+07
1.8007e+07
1.8007e+07
1.8007e+07
1.80069e+07
1.80069e+07
1.80068e+07
1.80068e+07
1.80068e+07
1.80067e+07
1.80067e+07
1.80066e+07
1.80066e+07
1.80065e+07
1.80065e+07
1.80064e+07
1.80063e+07
1.80063e+07
1.80063e+07
1.80081e+07
1.80052e+07
1.80113e+07
1.80101e+07
1.80071e+07
1.80059e+07
1.80057e+07
1.80058e+07
1.80056e+07
1.80053e+07
1.80051e+07
1.8005e+07
1.8005e+07
1.80049e+07
1.80048e+07
1.80048e+07
1.80047e+07
1.80047e+07
1.80047e+07
1.80047e+07
1.80047e+07
1.80046e+07
1.80046e+07
1.80045e+07
1.80045e+07
1.80045e+07
1.80046e+07
1.80047e+07
1.80048e+07
1.80047e+07
1.80045e+07
1.80044e+07
1.80044e+07
1.80044e+07
1.80044e+07
1.80045e+07
1.80046e+07
1.80047e+07
1.80048e+07
1.8005e+07
1.80052e+07
1.80054e+07
1.80056e+07
1.80058e+07
1.8006e+07
1.80061e+07
1.80063e+07
1.80064e+07
1.80065e+07
1.80066e+07
1.80066e+07
1.80066e+07
1.80066e+07
1.80066e+07
1.80066e+07
1.80065e+07
1.80065e+07
1.80065e+07
1.80065e+07
1.80065e+07
1.80065e+07
1.80065e+07
1.80065e+07
1.80065e+07
1.80066e+07
1.80066e+07
1.80066e+07
1.80067e+07
1.80067e+07
1.80068e+07
1.80068e+07
1.80069e+07
1.80069e+07
1.8007e+07
1.8007e+07
1.80071e+07
1.80071e+07
1.80071e+07
1.80071e+07
1.80071e+07
1.80071e+07
1.80071e+07
1.8007e+07
1.8007e+07
1.8007e+07
1.80069e+07
1.80069e+07
1.80068e+07
1.80068e+07
1.80068e+07
1.80067e+07
1.80067e+07
1.80066e+07
1.80066e+07
1.80065e+07
1.80065e+07
1.80064e+07
1.80064e+07
1.80065e+07
1.80072e+07
1.80098e+07
1.80053e+07
1.80113e+07
1.80101e+07
1.8007e+07
1.80059e+07
1.80057e+07
1.80058e+07
1.80056e+07
1.80053e+07
1.80051e+07
1.8005e+07
1.8005e+07
1.80049e+07
1.80048e+07
1.80048e+07
1.80047e+07
1.80047e+07
1.80047e+07
1.80047e+07
1.80047e+07
1.80046e+07
1.80046e+07
1.80045e+07
1.80045e+07
1.80045e+07
1.80046e+07
1.80047e+07
1.80048e+07
1.80047e+07
1.80045e+07
1.80044e+07
1.80044e+07
1.80044e+07
1.80044e+07
1.80045e+07
1.80046e+07
1.80047e+07
1.80048e+07
1.8005e+07
1.80052e+07
1.80054e+07
1.80056e+07
1.80058e+07
1.8006e+07
1.80061e+07
1.80063e+07
1.80064e+07
1.80065e+07
1.80066e+07
1.80066e+07
1.80066e+07
1.80066e+07
1.80066e+07
1.80066e+07
1.80065e+07
1.80065e+07
1.80065e+07
1.80065e+07
1.80065e+07
1.80065e+07
1.80065e+07
1.80065e+07
1.80065e+07
1.80066e+07
1.80066e+07
1.80066e+07
1.80067e+07
1.80067e+07
1.80068e+07
1.80068e+07
1.80069e+07
1.80069e+07
1.8007e+07
1.8007e+07
1.80071e+07
1.80071e+07
1.80071e+07
1.80071e+07
1.80071e+07
1.80071e+07
1.80071e+07
1.8007e+07
1.8007e+07
1.8007e+07
1.80069e+07
1.80069e+07
1.80068e+07
1.80068e+07
1.80068e+07
1.80067e+07
1.80067e+07
1.80066e+07
1.80066e+07
1.80065e+07
1.80065e+07
1.80064e+07
1.80064e+07
1.80065e+07
1.80072e+07
1.79941e+07
1.79893e+07
1.79876e+07
1.79873e+07
1.79865e+07
1.79846e+07
1.7982e+07
1.79795e+07
1.79764e+07
1.79735e+07
1.79704e+07
1.79674e+07
1.79645e+07
1.79618e+07
1.79593e+07
1.79571e+07
1.7955e+07
1.79533e+07
1.79522e+07
1.79522e+07
1.79981e+07
1.7997e+07
1.79973e+07
1.79976e+07
1.7997e+07
1.79954e+07
1.7993e+07
1.79909e+07
1.7988e+07
1.79856e+07
1.79828e+07
1.79802e+07
1.79777e+07
1.79753e+07
1.79732e+07
1.79712e+07
1.79694e+07
1.79678e+07
1.79666e+07
1.79657e+07
1.80065e+07
1.80064e+07
1.8006e+07
1.80052e+07
1.80042e+07
1.80028e+07
1.80013e+07
1.79994e+07
1.79974e+07
1.79952e+07
1.79928e+07
1.79901e+07
1.7987e+07
1.79837e+07
1.79801e+07
1.79761e+07
1.79722e+07
1.79685e+07
1.79651e+07
1.79618e+07
1.80108e+07
1.8012e+07
1.80119e+07
1.80113e+07
1.80108e+07
1.80103e+07
1.801e+07
1.80098e+07
1.80089e+07
1.80066e+07
1.80032e+07
1.80008e+07
1.79991e+07
1.79978e+07
1.79971e+07
1.8e+07
1.80026e+07
1.80024e+07
1.79981e+07
1.79904e+07
1.80122e+07
1.80148e+07
1.8015e+07
1.80144e+07
1.80138e+07
1.80134e+07
1.80131e+07
1.80129e+07
1.80121e+07
1.801e+07
1.80069e+07
1.80045e+07
1.80026e+07
1.8001e+07
1.80003e+07
1.8003e+07
1.8006e+07
1.80065e+07
1.80031e+07
1.79958e+07
1.79609e+07
1.79626e+07
1.79624e+07
1.79619e+07
1.79614e+07
1.79612e+07
1.79611e+07
1.7961e+07
1.79609e+07
1.79609e+07
1.79608e+07
1.79608e+07
1.79607e+07
1.79607e+07
1.79606e+07
1.79606e+07
1.79605e+07
1.79605e+07
1.79604e+07
1.79604e+07
1.79604e+07
1.79603e+07
1.79603e+07
1.79603e+07
1.79602e+07
1.79602e+07
1.79602e+07
1.79602e+07
1.79602e+07
1.79601e+07
1.79601e+07
1.79602e+07
1.79602e+07
1.79603e+07
1.79605e+07
1.79606e+07
1.79608e+07
1.7961e+07
1.79612e+07
1.79614e+07
1.79616e+07
1.79618e+07
1.7962e+07
1.79622e+07
1.79624e+07
1.79626e+07
1.79627e+07
1.79628e+07
1.79629e+07
1.7963e+07
1.7963e+07
1.7963e+07
1.7963e+07
1.7963e+07
1.7963e+07
1.7963e+07
1.7963e+07
1.7963e+07
1.7963e+07
1.7963e+07
1.7963e+07
1.7963e+07
1.79629e+07
1.79629e+07
1.79629e+07
1.79629e+07
1.79629e+07
1.79628e+07
1.79628e+07
1.79628e+07
1.79628e+07
1.79627e+07
1.79627e+07
1.79627e+07
1.79626e+07
1.79626e+07
1.79626e+07
1.79625e+07
1.79625e+07
1.79624e+07
1.79624e+07
1.79623e+07
1.79623e+07
1.79623e+07
1.79622e+07
1.79622e+07
1.79622e+07
1.79621e+07
1.79621e+07
1.79621e+07
1.7962e+07
1.7962e+07
1.7962e+07
1.7962e+07
1.7962e+07
1.7962e+07
1.7962e+07
1.7962e+07
1.7962e+07
1.7962e+07
1.79621e+07
1.79621e+07
1.79621e+07
1.79621e+07
1.79622e+07
1.79622e+07
1.79622e+07
1.79623e+07
1.79623e+07
1.79623e+07
1.79624e+07
1.79624e+07
1.79625e+07
1.79625e+07
1.79625e+07
1.79626e+07
1.79626e+07
1.79626e+07
1.79626e+07
1.79626e+07
1.79626e+07
1.79626e+07
1.79626e+07
1.79626e+07
1.79626e+07
1.79625e+07
1.79625e+07
1.79625e+07
1.79624e+07
1.79624e+07
1.79623e+07
1.79622e+07
1.79622e+07
1.79621e+07
1.7962e+07
1.7962e+07
1.79619e+07
1.79618e+07
1.79618e+07
1.79617e+07
1.79616e+07
1.79616e+07
1.79615e+07
1.79615e+07
1.79615e+07
1.79614e+07
1.79614e+07
1.79614e+07
1.79614e+07
1.79614e+07
1.79614e+07
1.79614e+07
1.79615e+07
1.79615e+07
1.79615e+07
1.79616e+07
1.79617e+07
1.79617e+07
1.79618e+07
1.79619e+07
1.7962e+07
1.7962e+07
1.79621e+07
1.79622e+07
1.79623e+07
1.79624e+07
1.79624e+07
1.79625e+07
1.79625e+07
1.79626e+07
1.79626e+07
1.79626e+07
1.79626e+07
1.79626e+07
1.79626e+07
1.79625e+07
1.79625e+07
1.79624e+07
1.79624e+07
1.79623e+07
1.79622e+07
1.79621e+07
1.7962e+07
1.79619e+07
1.79618e+07
1.79618e+07
1.79617e+07
1.79616e+07
1.79615e+07
1.79614e+07
1.79613e+07
1.79612e+07
1.79611e+07
1.79611e+07
1.7961e+07
1.79609e+07
1.79609e+07
1.79609e+07
1.7961e+07
1.79617e+07
1.79633e+07
1.79629e+07
1.79625e+07
1.79619e+07
1.79614e+07
1.79612e+07
1.79611e+07
1.7961e+07
1.79609e+07
1.79609e+07
1.79608e+07
1.79608e+07
1.79607e+07
1.79607e+07
1.79606e+07
1.79606e+07
1.79605e+07
1.79605e+07
1.79604e+07
1.79604e+07
1.79604e+07
1.79603e+07
1.79603e+07
1.79603e+07
1.79603e+07
1.79602e+07
1.79602e+07
1.79602e+07
1.79602e+07
1.79601e+07
1.79601e+07
1.79602e+07
1.79602e+07
1.79603e+07
1.79605e+07
1.79606e+07
1.79608e+07
1.7961e+07
1.79612e+07
1.79614e+07
1.79616e+07
1.79618e+07
1.7962e+07
1.79622e+07
1.79624e+07
1.79626e+07
1.79627e+07
1.79628e+07
1.79629e+07
1.7963e+07
1.7963e+07
1.7963e+07
1.7963e+07
1.7963e+07
1.7963e+07
1.7963e+07
1.7963e+07
1.7963e+07
1.7963e+07
1.7963e+07
1.7963e+07
1.7963e+07
1.79629e+07
1.79629e+07
1.79629e+07
1.79629e+07
1.79629e+07
1.79628e+07
1.79628e+07
1.79628e+07
1.79628e+07
1.79627e+07
1.79627e+07
1.79627e+07
1.79626e+07
1.79626e+07
1.79626e+07
1.79625e+07
1.79625e+07
1.79624e+07
1.79624e+07
1.79623e+07
1.79623e+07
1.79623e+07
1.79622e+07
1.79622e+07
1.79622e+07
1.79621e+07
1.79621e+07
1.79621e+07
1.7962e+07
1.7962e+07
1.7962e+07
1.7962e+07
1.7962e+07
1.7962e+07
1.7962e+07
1.7962e+07
1.7962e+07
1.7962e+07
1.79621e+07
1.79621e+07
1.79621e+07
1.79621e+07
1.79622e+07
1.79622e+07
1.79622e+07
1.79623e+07
1.79623e+07
1.79623e+07
1.79624e+07
1.79624e+07
1.79625e+07
1.79625e+07
1.79625e+07
1.79626e+07
1.79626e+07
1.79626e+07
1.79626e+07
1.79626e+07
1.79626e+07
1.79626e+07
1.79626e+07
1.79626e+07
1.79626e+07
1.79625e+07
1.79625e+07
1.79625e+07
1.79624e+07
1.79624e+07
1.79623e+07
1.79622e+07
1.79622e+07
1.79621e+07
1.7962e+07
1.7962e+07
1.79619e+07
1.79618e+07
1.79618e+07
1.79617e+07
1.79616e+07
1.79616e+07
1.79615e+07
1.79615e+07
1.79615e+07
1.79614e+07
1.79614e+07
1.79614e+07
1.79614e+07
1.79614e+07
1.79614e+07
1.79614e+07
1.79615e+07
1.79615e+07
1.79615e+07
1.79616e+07
1.79617e+07
1.79617e+07
1.79618e+07
1.79619e+07
1.7962e+07
1.7962e+07
1.79621e+07
1.79622e+07
1.79623e+07
1.79624e+07
1.79624e+07
1.79625e+07
1.79625e+07
1.79626e+07
1.79626e+07
1.79626e+07
1.79626e+07
1.79626e+07
1.79626e+07
1.79625e+07
1.79625e+07
1.79624e+07
1.79624e+07
1.79623e+07
1.79622e+07
1.79621e+07
1.7962e+07
1.79619e+07
1.79618e+07
1.79618e+07
1.79617e+07
1.79616e+07
1.79615e+07
1.79614e+07
1.79613e+07
1.79612e+07
1.79611e+07
1.79611e+07
1.7961e+07
1.79609e+07
1.79609e+07
1.79609e+07
1.7961e+07
1.79617e+07
1.79543e+07
1.79589e+07
1.79614e+07
1.79615e+07
1.79612e+07
1.7961e+07
1.7961e+07
1.7961e+07
1.79609e+07
1.79609e+07
1.79608e+07
1.79608e+07
1.79607e+07
1.79607e+07
1.79606e+07
1.79606e+07
1.79605e+07
1.79605e+07
1.79604e+07
1.79604e+07
1.79604e+07
1.79603e+07
1.79603e+07
1.79603e+07
1.79602e+07
1.79602e+07
1.79602e+07
1.79601e+07
1.79601e+07
1.796e+07
1.79601e+07
1.79601e+07
1.79601e+07
1.79602e+07
1.79603e+07
1.79605e+07
1.79606e+07
1.79608e+07
1.7961e+07
1.79612e+07
1.79615e+07
1.79617e+07
1.79619e+07
1.79621e+07
1.79623e+07
1.79625e+07
1.79627e+07
1.79628e+07
1.79629e+07
1.79629e+07
1.7963e+07
1.7963e+07
1.7963e+07
1.7963e+07
1.7963e+07
1.7963e+07
1.7963e+07
1.7963e+07
1.7963e+07
1.7963e+07
1.7963e+07
1.7963e+07
1.79629e+07
1.79629e+07
1.79629e+07
1.79629e+07
1.79629e+07
1.79628e+07
1.79628e+07
1.79628e+07
1.79628e+07
1.79627e+07
1.79627e+07
1.79627e+07
1.79626e+07
1.79626e+07
1.79626e+07
1.79625e+07
1.79625e+07
1.79624e+07
1.79624e+07
1.79623e+07
1.79623e+07
1.79623e+07
1.79622e+07
1.79622e+07
1.79622e+07
1.79621e+07
1.79621e+07
1.79621e+07
1.7962e+07
1.7962e+07
1.7962e+07
1.7962e+07
1.7962e+07
1.7962e+07
1.7962e+07
1.7962e+07
1.7962e+07
1.7962e+07
1.79621e+07
1.79621e+07
1.79621e+07
1.79621e+07
1.79622e+07
1.79622e+07
1.79622e+07
1.79623e+07
1.79623e+07
1.79623e+07
1.79624e+07
1.79624e+07
1.79625e+07
1.79625e+07
1.79625e+07
1.79626e+07
1.79626e+07
1.79626e+07
1.79626e+07
1.79626e+07
1.79626e+07
1.79626e+07
1.79626e+07
1.79626e+07
1.79626e+07
1.79625e+07
1.79625e+07
1.79625e+07
1.79624e+07
1.79624e+07
1.79623e+07
1.79622e+07
1.79622e+07
1.79621e+07
1.7962e+07
1.7962e+07
1.79619e+07
1.79618e+07
1.79618e+07
1.79617e+07
1.79616e+07
1.79616e+07
1.79615e+07
1.79615e+07
1.79615e+07
1.79614e+07
1.79614e+07
1.79614e+07
1.79614e+07
1.79614e+07
1.79614e+07
1.79614e+07
1.79615e+07
1.79615e+07
1.79615e+07
1.79616e+07
1.79617e+07
1.79617e+07
1.79618e+07
1.79619e+07
1.7962e+07
1.7962e+07
1.79621e+07
1.79622e+07
1.79623e+07
1.79624e+07
1.79624e+07
1.79625e+07
1.79625e+07
1.79626e+07
1.79626e+07
1.79626e+07
1.79626e+07
1.79626e+07
1.79626e+07
1.79625e+07
1.79625e+07
1.79624e+07
1.79624e+07
1.79623e+07
1.79622e+07
1.79621e+07
1.7962e+07
1.79619e+07
1.79618e+07
1.79618e+07
1.79617e+07
1.79616e+07
1.79615e+07
1.79614e+07
1.79613e+07
1.79612e+07
1.79611e+07
1.79611e+07
1.7961e+07
1.79609e+07
1.79609e+07
1.79608e+07
1.79608e+07
1.79608e+07
1.79623e+07
1.79599e+07
1.79661e+07
1.7965e+07
1.79622e+07
1.79612e+07
1.79612e+07
1.79613e+07
1.79611e+07
1.79609e+07
1.79608e+07
1.79608e+07
1.79607e+07
1.79607e+07
1.79606e+07
1.79606e+07
1.79605e+07
1.79605e+07
1.79604e+07
1.79604e+07
1.79604e+07
1.79603e+07
1.79603e+07
1.79602e+07
1.79602e+07
1.79602e+07
1.79602e+07
1.79604e+07
1.79606e+07
1.79604e+07
1.79602e+07
1.796e+07
1.796e+07
1.79601e+07
1.79602e+07
1.79603e+07
1.79604e+07
1.79606e+07
1.79608e+07
1.79611e+07
1.79613e+07
1.79616e+07
1.79618e+07
1.79621e+07
1.79623e+07
1.79625e+07
1.79626e+07
1.79628e+07
1.79629e+07
1.79629e+07
1.7963e+07
1.7963e+07
1.7963e+07
1.7963e+07
1.7963e+07
1.7963e+07
1.7963e+07
1.7963e+07
1.7963e+07
1.7963e+07
1.7963e+07
1.7963e+07
1.79629e+07
1.79629e+07
1.79629e+07
1.79629e+07
1.79629e+07
1.79628e+07
1.79628e+07
1.79628e+07
1.79628e+07
1.79627e+07
1.79627e+07
1.79627e+07
1.79626e+07
1.79626e+07
1.79626e+07
1.79625e+07
1.79625e+07
1.79624e+07
1.79624e+07
1.79623e+07
1.79623e+07
1.79623e+07
1.79622e+07
1.79622e+07
1.79622e+07
1.79621e+07
1.79621e+07
1.79621e+07
1.7962e+07
1.7962e+07
1.7962e+07
1.7962e+07
1.7962e+07
1.7962e+07
1.7962e+07
1.7962e+07
1.7962e+07
1.7962e+07
1.79621e+07
1.79621e+07
1.79621e+07
1.79621e+07
1.79622e+07
1.79622e+07
1.79622e+07
1.79623e+07
1.79623e+07
1.79623e+07
1.79624e+07
1.79624e+07
1.79625e+07
1.79625e+07
1.79625e+07
1.79626e+07
1.79626e+07
1.79626e+07
1.79626e+07
1.79626e+07
1.79626e+07
1.79626e+07
1.79626e+07
1.79626e+07
1.79626e+07
1.79625e+07
1.79625e+07
1.79625e+07
1.79624e+07
1.79624e+07
1.79623e+07
1.79622e+07
1.79622e+07
1.79621e+07
1.7962e+07
1.7962e+07
1.79619e+07
1.79618e+07
1.79618e+07
1.79617e+07
1.79616e+07
1.79616e+07
1.79615e+07
1.79615e+07
1.79615e+07
1.79614e+07
1.79614e+07
1.79614e+07
1.79614e+07
1.79614e+07
1.79614e+07
1.79614e+07
1.79615e+07
1.79615e+07
1.79615e+07
1.79616e+07
1.79617e+07
1.79617e+07
1.79618e+07
1.79619e+07
1.7962e+07
1.7962e+07
1.79621e+07
1.79622e+07
1.79623e+07
1.79624e+07
1.79624e+07
1.79625e+07
1.79625e+07
1.79626e+07
1.79626e+07
1.79626e+07
1.79626e+07
1.79626e+07
1.79626e+07
1.79625e+07
1.79625e+07
1.79624e+07
1.79624e+07
1.79623e+07
1.79622e+07
1.79621e+07
1.7962e+07
1.79619e+07
1.79618e+07
1.79618e+07
1.79617e+07
1.79616e+07
1.79615e+07
1.79614e+07
1.79613e+07
1.79612e+07
1.79611e+07
1.79611e+07
1.7961e+07
1.79609e+07
1.79609e+07
1.79608e+07
1.79604e+07
1.79595e+07
1.7964e+07
1.79599e+07
1.79661e+07
1.7965e+07
1.79622e+07
1.79612e+07
1.79612e+07
1.79613e+07
1.79611e+07
1.79609e+07
1.79608e+07
1.79608e+07
1.79607e+07
1.79607e+07
1.79606e+07
1.79606e+07
1.79605e+07
1.79605e+07
1.79604e+07
1.79604e+07
1.79604e+07
1.79603e+07
1.79603e+07
1.79602e+07
1.79602e+07
1.79602e+07
1.79602e+07
1.79604e+07
1.79606e+07
1.79605e+07
1.79602e+07
1.796e+07
1.79601e+07
1.79601e+07
1.79602e+07
1.79603e+07
1.79605e+07
1.79606e+07
1.79609e+07
1.79611e+07
1.79613e+07
1.79616e+07
1.79618e+07
1.79621e+07
1.79623e+07
1.79625e+07
1.79626e+07
1.79628e+07
1.79629e+07
1.79629e+07
1.7963e+07
1.7963e+07
1.7963e+07
1.7963e+07
1.7963e+07
1.7963e+07
1.7963e+07
1.7963e+07
1.7963e+07
1.7963e+07
1.7963e+07
1.7963e+07
1.79629e+07
1.79629e+07
1.79629e+07
1.79629e+07
1.79629e+07
1.79628e+07
1.79628e+07
1.79628e+07
1.79628e+07
1.79627e+07
1.79627e+07
1.79627e+07
1.79626e+07
1.79626e+07
1.79626e+07
1.79625e+07
1.79625e+07
1.79624e+07
1.79624e+07
1.79623e+07
1.79623e+07
1.79623e+07
1.79622e+07
1.79622e+07
1.79622e+07
1.79621e+07
1.79621e+07
1.79621e+07
1.7962e+07
1.7962e+07
1.7962e+07
1.7962e+07
1.7962e+07
1.7962e+07
1.7962e+07
1.7962e+07
1.7962e+07
1.7962e+07
1.79621e+07
1.79621e+07
1.79621e+07
1.79621e+07
1.79622e+07
1.79622e+07
1.79622e+07
1.79623e+07
1.79623e+07
1.79623e+07
1.79624e+07
1.79624e+07
1.79625e+07
1.79625e+07
1.79625e+07
1.79626e+07
1.79626e+07
1.79626e+07
1.79626e+07
1.79626e+07
1.79626e+07
1.79626e+07
1.79626e+07
1.79626e+07
1.79626e+07
1.79625e+07
1.79625e+07
1.79625e+07
1.79624e+07
1.79624e+07
1.79623e+07
1.79622e+07
1.79622e+07
1.79621e+07
1.7962e+07
1.7962e+07
1.79619e+07
1.79618e+07
1.79618e+07
1.79617e+07
1.79616e+07
1.79616e+07
1.79615e+07
1.79615e+07
1.79615e+07
1.79614e+07
1.79614e+07
1.79614e+07
1.79614e+07
1.79614e+07
1.79614e+07
1.79614e+07
1.79615e+07
1.79615e+07
1.79615e+07
1.79616e+07
1.79617e+07
1.79617e+07
1.79618e+07
1.79619e+07
1.7962e+07
1.7962e+07
1.79621e+07
1.79622e+07
1.79623e+07
1.79624e+07
1.79624e+07
1.79625e+07
1.79625e+07
1.79626e+07
1.79626e+07
1.79626e+07
1.79626e+07
1.79626e+07
1.79626e+07
1.79625e+07
1.79625e+07
1.79624e+07
1.79624e+07
1.79623e+07
1.79622e+07
1.79621e+07
1.7962e+07
1.79619e+07
1.79618e+07
1.79618e+07
1.79617e+07
1.79616e+07
1.79615e+07
1.79614e+07
1.79613e+07
1.79612e+07
1.79611e+07
1.79611e+07
1.7961e+07
1.79609e+07
1.79609e+07
1.79608e+07
1.79604e+07
1.79594e+07
1.79668e+07
1.79694e+07
1.79696e+07
1.7969e+07
1.79684e+07
1.79679e+07
1.79674e+07
1.79673e+07
1.79673e+07
1.79665e+07
1.79641e+07
1.79602e+07
1.79573e+07
1.79552e+07
1.79534e+07
1.79525e+07
1.79536e+07
1.79561e+07
1.79567e+07
1.79529e+07
1.79654e+07
1.79666e+07
1.79666e+07
1.79659e+07
1.79653e+07
1.79648e+07
1.79643e+07
1.79642e+07
1.79642e+07
1.79633e+07
1.79605e+07
1.79564e+07
1.79535e+07
1.79515e+07
1.79499e+07
1.79492e+07
1.79505e+07
1.79528e+07
1.79528e+07
1.79483e+07
1.79611e+07
1.7961e+07
1.79606e+07
1.79599e+07
1.79588e+07
1.79575e+07
1.7956e+07
1.79541e+07
1.7952e+07
1.79496e+07
1.79474e+07
1.79449e+07
1.79421e+07
1.79389e+07
1.79354e+07
1.79316e+07
1.79276e+07
1.79235e+07
1.79197e+07
1.79163e+07
1.79526e+07
1.79516e+07
1.79519e+07
1.79522e+07
1.79516e+07
1.79501e+07
1.79476e+07
1.79455e+07
1.79427e+07
1.79404e+07
1.79375e+07
1.79348e+07
1.79323e+07
1.79299e+07
1.79277e+07
1.79257e+07
1.7924e+07
1.79224e+07
1.79211e+07
1.79201e+07
1.79486e+07
1.79439e+07
1.79422e+07
1.79419e+07
1.79411e+07
1.79393e+07
1.79367e+07
1.79341e+07
1.7931e+07
1.79282e+07
1.7925e+07
1.79219e+07
1.7919e+07
1.79163e+07
1.79138e+07
1.79115e+07
1.79095e+07
1.79078e+07
1.79066e+07
1.79064e+07
1.79143e+07
1.79143e+07
1.79199e+07
1.7919e+07
1.7917e+07
1.79164e+07
1.79165e+07
1.79165e+07
1.79164e+07
1.79164e+07
1.79163e+07
1.79163e+07
1.79162e+07
1.79161e+07
1.7916e+07
1.79159e+07
1.79158e+07
1.79157e+07
1.79156e+07
1.79156e+07
1.79155e+07
1.79154e+07
1.79153e+07
1.79153e+07
1.79152e+07
1.79152e+07
1.79153e+07
1.79154e+07
1.79155e+07
1.79157e+07
1.7916e+07
1.79163e+07
1.79166e+07
1.79169e+07
1.79172e+07
1.79174e+07
1.79177e+07
1.79179e+07
1.79181e+07
1.79182e+07
1.79183e+07
1.79184e+07
1.79185e+07
1.79186e+07
1.79186e+07
1.79186e+07
1.79187e+07
1.79187e+07
1.79187e+07
1.79187e+07
1.79187e+07
1.79187e+07
1.79187e+07
1.79186e+07
1.79186e+07
1.79186e+07
1.79185e+07
1.79185e+07
1.79184e+07
1.79184e+07
1.79183e+07
1.79183e+07
1.79182e+07
1.79182e+07
1.79181e+07
1.79181e+07
1.7918e+07
1.7918e+07
1.7918e+07
1.7918e+07
1.7918e+07
1.7918e+07
1.7918e+07
1.7918e+07
1.79181e+07
1.79181e+07
1.79182e+07
1.79182e+07
1.79183e+07
1.79184e+07
1.79185e+07
1.79185e+07
1.79186e+07
1.79187e+07
1.79188e+07
1.79189e+07
1.7919e+07
1.7919e+07
1.79191e+07
1.79192e+07
1.79193e+07
1.79194e+07
1.79195e+07
1.79195e+07
1.79196e+07
1.79197e+07
1.79198e+07
1.79199e+07
1.792e+07
1.79201e+07
1.79203e+07
1.79204e+07
1.79206e+07
1.79207e+07
1.79209e+07
1.79211e+07
1.79213e+07
1.79215e+07
1.79218e+07
1.79221e+07
1.79223e+07
1.79227e+07
1.7923e+07
1.79234e+07
1.79237e+07
1.79242e+07
1.79246e+07
1.7925e+07
1.79255e+07
1.7926e+07
1.79265e+07
1.79271e+07
1.79276e+07
1.79282e+07
1.79288e+07
1.79294e+07
1.793e+07
1.79306e+07
1.79313e+07
1.7932e+07
1.79327e+07
1.79333e+07
1.79341e+07
1.79348e+07
1.79355e+07
1.79363e+07
1.7937e+07
1.79378e+07
1.79386e+07
1.79394e+07
1.79402e+07
1.79411e+07
1.7942e+07
1.79429e+07
1.79438e+07
1.79447e+07
1.79457e+07
1.79467e+07
1.79477e+07
1.79488e+07
1.79498e+07
1.79509e+07
1.79521e+07
1.79533e+07
1.79545e+07
1.79557e+07
1.7957e+07
1.79583e+07
1.79597e+07
1.7961e+07
1.79625e+07
1.79639e+07
1.79654e+07
1.79669e+07
1.79684e+07
1.797e+07
1.79716e+07
1.79732e+07
1.79748e+07
1.79765e+07
1.79782e+07
1.79799e+07
1.79816e+07
1.79834e+07
1.79852e+07
1.7987e+07
1.79888e+07
1.79906e+07
1.79924e+07
1.79943e+07
1.79962e+07
1.7998e+07
1.8e+07
1.80019e+07
1.80038e+07
1.80058e+07
1.80077e+07
1.80097e+07
1.80117e+07
1.80138e+07
1.80158e+07
1.80179e+07
1.80199e+07
1.8022e+07
1.80242e+07
1.80263e+07
1.80285e+07
1.80306e+07
1.80329e+07
1.80351e+07
1.80373e+07
1.80396e+07
1.80419e+07
1.80442e+07
1.80466e+07
1.80489e+07
1.80513e+07
1.80537e+07
1.80562e+07
1.80586e+07
1.80611e+07
1.80636e+07
1.80661e+07
1.80687e+07
1.80712e+07
1.80738e+07
1.80764e+07
1.80791e+07
1.80817e+07
1.80844e+07
1.80871e+07
1.80898e+07
1.80925e+07
1.80953e+07
1.80981e+07
1.81009e+07
1.81037e+07
1.81066e+07
1.81094e+07
1.81123e+07
1.81153e+07
1.81182e+07
1.81212e+07
1.81242e+07
1.81272e+07
1.81303e+07
1.81333e+07
1.81364e+07
1.81396e+07
1.81427e+07
1.81459e+07
1.81491e+07
1.81524e+07
1.81556e+07
1.81589e+07
1.81623e+07
1.81656e+07
1.8169e+07
1.81724e+07
1.81758e+07
1.81793e+07
1.81828e+07
1.81863e+07
1.81899e+07
1.81934e+07
1.8197e+07
1.82007e+07
1.82043e+07
1.8208e+07
1.82117e+07
1.82154e+07
1.82192e+07
1.8223e+07
1.82268e+07
1.82306e+07
1.82345e+07
1.82383e+07
1.82423e+07
1.82462e+07
1.82502e+07
1.82541e+07
1.82582e+07
1.82622e+07
1.82663e+07
1.82704e+07
1.82745e+07
1.82786e+07
1.82828e+07
1.82869e+07
1.82912e+07
1.82954e+07
1.82996e+07
1.83039e+07
1.83082e+07
1.83125e+07
1.83168e+07
1.83212e+07
1.83256e+07
1.83299e+07
1.83343e+07
1.83388e+07
1.83432e+07
1.83477e+07
1.83521e+07
1.83566e+07
1.83611e+07
1.83656e+07
1.83701e+07
1.83747e+07
1.83792e+07
1.83838e+07
1.83884e+07
1.8393e+07
1.83976e+07
1.84022e+07
1.84069e+07
1.84115e+07
1.84162e+07
1.84209e+07
1.84256e+07
1.84304e+07
1.84351e+07
1.84399e+07
1.84447e+07
1.84495e+07
1.84543e+07
1.84591e+07
1.8464e+07
1.84689e+07
1.84738e+07
1.84787e+07
1.84836e+07
1.84886e+07
1.84935e+07
1.84985e+07
1.85035e+07
1.85085e+07
1.85136e+07
1.85186e+07
1.85237e+07
1.85288e+07
1.85338e+07
1.85389e+07
1.8544e+07
1.85492e+07
1.85543e+07
1.85594e+07
1.85645e+07
1.85697e+07
1.85748e+07
1.858e+07
1.85851e+07
1.85903e+07
1.85955e+07
1.86006e+07
1.86058e+07
1.8611e+07
1.86162e+07
1.86213e+07
1.86265e+07
1.86317e+07
1.86369e+07
1.8642e+07
1.86472e+07
1.86524e+07
1.86576e+07
1.86627e+07
1.86679e+07
1.86731e+07
1.86782e+07
1.86834e+07
1.86885e+07
1.86937e+07
1.86988e+07
1.8704e+07
1.87091e+07
1.87142e+07
1.87194e+07
1.87245e+07
1.87296e+07
1.87347e+07
1.87398e+07
1.87449e+07
1.875e+07
1.87551e+07
1.87601e+07
1.87652e+07
1.87703e+07
1.87753e+07
1.87804e+07
1.87855e+07
1.87905e+07
1.87956e+07
1.88006e+07
1.88056e+07
1.88107e+07
1.88157e+07
1.88207e+07
1.88258e+07
1.88308e+07
1.88358e+07
1.88409e+07
1.88459e+07
1.88509e+07
1.88559e+07
1.88609e+07
1.8866e+07
1.8871e+07
1.8876e+07
1.8881e+07
1.8886e+07
1.8891e+07
1.8896e+07
1.8901e+07
1.8906e+07
1.8911e+07
1.8916e+07
1.89209e+07
1.89259e+07
1.89308e+07
1.89358e+07
1.89407e+07
1.89456e+07
1.89505e+07
1.89553e+07
1.89602e+07
1.8965e+07
1.89698e+07
1.89746e+07
1.89794e+07
1.89842e+07
1.89889e+07
1.89936e+07
1.89983e+07
1.90029e+07
1.90076e+07
1.90122e+07
1.90168e+07
1.90213e+07
1.90259e+07
1.90304e+07
1.90349e+07
1.90394e+07
1.90438e+07
1.90482e+07
1.90526e+07
1.9057e+07
1.90613e+07
1.90657e+07
1.907e+07
1.90743e+07
1.90785e+07
1.90828e+07
1.9087e+07
1.90912e+07
1.90954e+07
1.90995e+07
1.91036e+07
1.91078e+07
1.91119e+07
1.91159e+07
1.912e+07
1.9124e+07
1.9128e+07
1.9132e+07
1.9136e+07
1.91399e+07
1.91438e+07
1.91477e+07
1.91516e+07
1.91555e+07
1.91593e+07
1.91631e+07
1.91669e+07
1.91707e+07
1.91744e+07
1.91782e+07
1.91819e+07
1.91856e+07
1.91892e+07
1.91928e+07
1.91965e+07
1.92001e+07
1.92036e+07
1.92072e+07
1.92107e+07
1.92142e+07
1.92177e+07
1.92211e+07
1.92246e+07
1.9228e+07
1.92314e+07
1.92348e+07
1.92381e+07
1.92414e+07
1.92448e+07
1.92481e+07
1.92513e+07
1.92546e+07
1.92578e+07
1.9261e+07
1.92642e+07
1.92674e+07
1.92706e+07
1.92737e+07
1.92768e+07
1.928e+07
1.9283e+07
1.92861e+07
1.92892e+07
1.92922e+07
1.92952e+07
1.92982e+07
1.93012e+07
1.93041e+07
1.93071e+07
1.931e+07
1.93129e+07
1.93157e+07
1.93186e+07
1.93214e+07
1.93242e+07
1.9327e+07
1.93298e+07
1.93325e+07
1.93352e+07
1.93379e+07
1.93405e+07
1.93431e+07
1.93457e+07
1.93483e+07
1.93508e+07
1.93533e+07
1.93558e+07
1.93582e+07
1.93606e+07
1.9363e+07
1.93654e+07
1.93677e+07
1.937e+07
1.93722e+07
1.93745e+07
1.93767e+07
1.93788e+07
1.9381e+07
1.93831e+07
1.93852e+07
1.93872e+07
1.93893e+07
1.93913e+07
1.93933e+07
1.93952e+07
1.93972e+07
1.93991e+07
1.94009e+07
1.94028e+07
1.94047e+07
1.94065e+07
1.94083e+07
1.941e+07
1.94118e+07
1.94135e+07
1.94152e+07
1.94169e+07
1.94186e+07
1.94203e+07
1.94219e+07
1.94235e+07
1.94251e+07
1.94266e+07
1.94281e+07
1.94296e+07
1.94311e+07
1.94325e+07
1.9434e+07
1.94354e+07
1.94367e+07
1.9438e+07
1.94393e+07
1.94406e+07
1.94418e+07
1.9443e+07
1.94442e+07
1.94453e+07
1.94464e+07
1.94474e+07
1.94484e+07
1.94494e+07
1.94503e+07
1.94512e+07
1.94521e+07
1.94529e+07
1.94537e+07
1.94545e+07
1.94552e+07
1.94559e+07
1.94565e+07
1.94571e+07
1.94577e+07
1.94582e+07
1.94587e+07
1.94591e+07
1.94596e+07
1.94599e+07
1.94603e+07
1.94606e+07
1.94609e+07
1.94611e+07
1.94614e+07
1.94615e+07
1.79129e+07
1.79143e+07
1.79199e+07
1.7919e+07
1.7917e+07
1.79164e+07
1.79165e+07
1.79165e+07
1.79164e+07
1.79164e+07
1.79163e+07
1.79163e+07
1.79162e+07
1.79161e+07
1.7916e+07
1.79159e+07
1.79158e+07
1.79157e+07
1.79156e+07
1.79156e+07
1.79155e+07
1.79154e+07
1.79153e+07
1.79153e+07
1.79152e+07
1.79152e+07
1.79153e+07
1.79154e+07
1.79155e+07
1.79157e+07
1.7916e+07
1.79163e+07
1.79166e+07
1.79169e+07
1.79172e+07
1.79174e+07
1.79177e+07
1.79179e+07
1.79181e+07
1.79182e+07
1.79183e+07
1.79184e+07
1.79185e+07
1.79186e+07
1.79186e+07
1.79186e+07
1.79187e+07
1.79187e+07
1.79187e+07
1.79187e+07
1.79187e+07
1.79187e+07
1.79187e+07
1.79186e+07
1.79186e+07
1.79186e+07
1.79185e+07
1.79185e+07
1.79184e+07
1.79184e+07
1.79183e+07
1.79183e+07
1.79182e+07
1.79182e+07
1.79181e+07
1.79181e+07
1.7918e+07
1.7918e+07
1.7918e+07
1.7918e+07
1.7918e+07
1.7918e+07
1.7918e+07
1.7918e+07
1.79181e+07
1.79181e+07
1.79182e+07
1.79182e+07
1.79183e+07
1.79184e+07
1.79185e+07
1.79185e+07
1.79186e+07
1.79187e+07
1.79188e+07
1.79189e+07
1.7919e+07
1.7919e+07
1.79191e+07
1.79192e+07
1.79193e+07
1.79194e+07
1.79195e+07
1.79195e+07
1.79196e+07
1.79197e+07
1.79198e+07
1.79199e+07
1.792e+07
1.79201e+07
1.79203e+07
1.79204e+07
1.79206e+07
1.79207e+07
1.79209e+07
1.79211e+07
1.79213e+07
1.79215e+07
1.79218e+07
1.79221e+07
1.79223e+07
1.79227e+07
1.7923e+07
1.79234e+07
1.79237e+07
1.79242e+07
1.79246e+07
1.7925e+07
1.79255e+07
1.7926e+07
1.79265e+07
1.79271e+07
1.79276e+07
1.79282e+07
1.79288e+07
1.79294e+07
1.793e+07
1.79306e+07
1.79313e+07
1.7932e+07
1.79327e+07
1.79333e+07
1.79341e+07
1.79348e+07
1.79355e+07
1.79363e+07
1.7937e+07
1.79378e+07
1.79386e+07
1.79394e+07
1.79402e+07
1.79411e+07
1.7942e+07
1.79429e+07
1.79438e+07
1.79447e+07
1.79457e+07
1.79467e+07
1.79477e+07
1.79488e+07
1.79498e+07
1.79509e+07
1.79521e+07
1.79533e+07
1.79545e+07
1.79557e+07
1.7957e+07
1.79583e+07
1.79597e+07
1.7961e+07
1.79625e+07
1.79639e+07
1.79654e+07
1.79669e+07
1.79684e+07
1.797e+07
1.79716e+07
1.79732e+07
1.79748e+07
1.79765e+07
1.79782e+07
1.79799e+07
1.79816e+07
1.79834e+07
1.79852e+07
1.7987e+07
1.79888e+07
1.79906e+07
1.79924e+07
1.79943e+07
1.79962e+07
1.7998e+07
1.8e+07
1.80019e+07
1.80038e+07
1.80058e+07
1.80077e+07
1.80097e+07
1.80117e+07
1.80138e+07
1.80158e+07
1.80179e+07
1.80199e+07
1.8022e+07
1.80242e+07
1.80263e+07
1.80285e+07
1.80306e+07
1.80329e+07
1.80351e+07
1.80373e+07
1.80396e+07
1.80419e+07
1.80442e+07
1.80466e+07
1.80489e+07
1.80513e+07
1.80537e+07
1.80562e+07
1.80586e+07
1.80611e+07
1.80636e+07
1.80661e+07
1.80687e+07
1.80712e+07
1.80738e+07
1.80764e+07
1.80791e+07
1.80817e+07
1.80844e+07
1.80871e+07
1.80898e+07
1.80925e+07
1.80953e+07
1.80981e+07
1.81009e+07
1.81037e+07
1.81066e+07
1.81094e+07
1.81123e+07
1.81153e+07
1.81182e+07
1.81212e+07
1.81242e+07
1.81272e+07
1.81303e+07
1.81333e+07
1.81364e+07
1.81396e+07
1.81427e+07
1.81459e+07
1.81491e+07
1.81524e+07
1.81556e+07
1.81589e+07
1.81623e+07
1.81656e+07
1.8169e+07
1.81724e+07
1.81758e+07
1.81793e+07
1.81828e+07
1.81863e+07
1.81899e+07
1.81934e+07
1.8197e+07
1.82007e+07
1.82043e+07
1.8208e+07
1.82117e+07
1.82154e+07
1.82192e+07
1.8223e+07
1.82268e+07
1.82306e+07
1.82345e+07
1.82383e+07
1.82423e+07
1.82462e+07
1.82502e+07
1.82541e+07
1.82582e+07
1.82622e+07
1.82663e+07
1.82704e+07
1.82745e+07
1.82786e+07
1.82828e+07
1.82869e+07
1.82912e+07
1.82954e+07
1.82996e+07
1.83039e+07
1.83082e+07
1.83125e+07
1.83168e+07
1.83212e+07
1.83256e+07
1.83299e+07
1.83343e+07
1.83388e+07
1.83432e+07
1.83477e+07
1.83521e+07
1.83566e+07
1.83611e+07
1.83656e+07
1.83701e+07
1.83747e+07
1.83792e+07
1.83838e+07
1.83884e+07
1.8393e+07
1.83976e+07
1.84022e+07
1.84069e+07
1.84115e+07
1.84162e+07
1.84209e+07
1.84256e+07
1.84304e+07
1.84351e+07
1.84399e+07
1.84447e+07
1.84495e+07
1.84543e+07
1.84591e+07
1.8464e+07
1.84689e+07
1.84738e+07
1.84787e+07
1.84836e+07
1.84886e+07
1.84935e+07
1.84985e+07
1.85035e+07
1.85085e+07
1.85136e+07
1.85186e+07
1.85237e+07
1.85288e+07
1.85338e+07
1.85389e+07
1.8544e+07
1.85492e+07
1.85543e+07
1.85594e+07
1.85645e+07
1.85697e+07
1.85748e+07
1.858e+07
1.85851e+07
1.85903e+07
1.85955e+07
1.86006e+07
1.86058e+07
1.8611e+07
1.86162e+07
1.86213e+07
1.86265e+07
1.86317e+07
1.86369e+07
1.8642e+07
1.86472e+07
1.86524e+07
1.86576e+07
1.86627e+07
1.86679e+07
1.86731e+07
1.86782e+07
1.86834e+07
1.86885e+07
1.86937e+07
1.86988e+07
1.8704e+07
1.87091e+07
1.87142e+07
1.87194e+07
1.87245e+07
1.87296e+07
1.87347e+07
1.87398e+07
1.87449e+07
1.875e+07
1.87551e+07
1.87601e+07
1.87652e+07
1.87703e+07
1.87753e+07
1.87804e+07
1.87855e+07
1.87905e+07
1.87956e+07
1.88006e+07
1.88056e+07
1.88107e+07
1.88157e+07
1.88207e+07
1.88258e+07
1.88308e+07
1.88358e+07
1.88409e+07
1.88459e+07
1.88509e+07
1.88559e+07
1.88609e+07
1.8866e+07
1.8871e+07
1.8876e+07
1.8881e+07
1.8886e+07
1.8891e+07
1.8896e+07
1.8901e+07
1.8906e+07
1.8911e+07
1.8916e+07
1.89209e+07
1.89259e+07
1.89308e+07
1.89358e+07
1.89407e+07
1.89456e+07
1.89505e+07
1.89553e+07
1.89602e+07
1.8965e+07
1.89698e+07
1.89746e+07
1.89794e+07
1.89842e+07
1.89889e+07
1.89936e+07
1.89983e+07
1.90029e+07
1.90076e+07
1.90122e+07
1.90168e+07
1.90213e+07
1.90259e+07
1.90304e+07
1.90349e+07
1.90394e+07
1.90438e+07
1.90482e+07
1.90526e+07
1.9057e+07
1.90613e+07
1.90657e+07
1.907e+07
1.90743e+07
1.90785e+07
1.90828e+07
1.9087e+07
1.90912e+07
1.90954e+07
1.90995e+07
1.91036e+07
1.91078e+07
1.91119e+07
1.91159e+07
1.912e+07
1.9124e+07
1.9128e+07
1.9132e+07
1.9136e+07
1.91399e+07
1.91438e+07
1.91477e+07
1.91516e+07
1.91555e+07
1.91593e+07
1.91631e+07
1.91669e+07
1.91707e+07
1.91744e+07
1.91782e+07
1.91819e+07
1.91856e+07
1.91892e+07
1.91928e+07
1.91965e+07
1.92001e+07
1.92036e+07
1.92072e+07
1.92107e+07
1.92142e+07
1.92177e+07
1.92211e+07
1.92246e+07
1.9228e+07
1.92314e+07
1.92348e+07
1.92381e+07
1.92414e+07
1.92448e+07
1.92481e+07
1.92513e+07
1.92546e+07
1.92578e+07
1.9261e+07
1.92642e+07
1.92674e+07
1.92706e+07
1.92737e+07
1.92768e+07
1.928e+07
1.9283e+07
1.92861e+07
1.92892e+07
1.92922e+07
1.92952e+07
1.92982e+07
1.93012e+07
1.93041e+07
1.93071e+07
1.931e+07
1.93129e+07
1.93157e+07
1.93186e+07
1.93214e+07
1.93242e+07
1.9327e+07
1.93298e+07
1.93325e+07
1.93352e+07
1.93379e+07
1.93405e+07
1.93431e+07
1.93457e+07
1.93483e+07
1.93508e+07
1.93533e+07
1.93558e+07
1.93582e+07
1.93606e+07
1.9363e+07
1.93654e+07
1.93677e+07
1.937e+07
1.93722e+07
1.93745e+07
1.93767e+07
1.93788e+07
1.9381e+07
1.93831e+07
1.93852e+07
1.93872e+07
1.93893e+07
1.93913e+07
1.93933e+07
1.93952e+07
1.93972e+07
1.93991e+07
1.94009e+07
1.94028e+07
1.94047e+07
1.94065e+07
1.94083e+07
1.941e+07
1.94118e+07
1.94135e+07
1.94152e+07
1.94169e+07
1.94186e+07
1.94203e+07
1.94219e+07
1.94235e+07
1.94251e+07
1.94266e+07
1.94281e+07
1.94296e+07
1.94311e+07
1.94325e+07
1.9434e+07
1.94354e+07
1.94367e+07
1.9438e+07
1.94393e+07
1.94406e+07
1.94418e+07
1.9443e+07
1.94442e+07
1.94453e+07
1.94464e+07
1.94474e+07
1.94484e+07
1.94494e+07
1.94503e+07
1.94512e+07
1.94521e+07
1.94529e+07
1.94537e+07
1.94545e+07
1.94552e+07
1.94559e+07
1.94565e+07
1.94571e+07
1.94577e+07
1.94582e+07
1.94587e+07
1.94591e+07
1.94596e+07
1.94599e+07
1.94603e+07
1.94606e+07
1.94609e+07
1.94611e+07
1.94614e+07
1.94615e+07
1.79074e+07
1.79137e+07
1.7917e+07
1.7917e+07
1.79165e+07
1.79164e+07
1.79164e+07
1.79164e+07
1.79164e+07
1.79163e+07
1.79162e+07
1.79162e+07
1.79161e+07
1.7916e+07
1.79159e+07
1.79159e+07
1.79158e+07
1.79157e+07
1.79156e+07
1.79156e+07
1.79155e+07
1.79154e+07
1.79154e+07
1.79153e+07
1.79153e+07
1.79154e+07
1.79154e+07
1.79155e+07
1.79157e+07
1.79159e+07
1.79161e+07
1.79164e+07
1.79167e+07
1.7917e+07
1.79172e+07
1.79175e+07
1.79177e+07
1.79179e+07
1.79181e+07
1.79182e+07
1.79183e+07
1.79184e+07
1.79185e+07
1.79186e+07
1.79186e+07
1.79186e+07
1.79187e+07
1.79187e+07
1.79187e+07
1.79187e+07
1.79187e+07
1.79187e+07
1.79187e+07
1.79186e+07
1.79186e+07
1.79186e+07
1.79185e+07
1.79185e+07
1.79184e+07
1.79184e+07
1.79183e+07
1.79183e+07
1.79182e+07
1.79182e+07
1.79181e+07
1.79181e+07
1.7918e+07
1.7918e+07
1.7918e+07
1.7918e+07
1.7918e+07
1.7918e+07
1.7918e+07
1.7918e+07
1.79181e+07
1.79181e+07
1.79182e+07
1.79182e+07
1.79183e+07
1.79184e+07
1.79185e+07
1.79185e+07
1.79186e+07
1.79187e+07
1.79188e+07
1.79189e+07
1.7919e+07
1.7919e+07
1.79191e+07
1.79192e+07
1.79193e+07
1.79194e+07
1.79195e+07
1.79195e+07
1.79196e+07
1.79197e+07
1.79198e+07
1.79199e+07
1.792e+07
1.79201e+07
1.79203e+07
1.79204e+07
1.79206e+07
1.79207e+07
1.79209e+07
1.79211e+07
1.79213e+07
1.79215e+07
1.79218e+07
1.79221e+07
1.79223e+07
1.79227e+07
1.7923e+07
1.79234e+07
1.79237e+07
1.79242e+07
1.79246e+07
1.7925e+07
1.79255e+07
1.7926e+07
1.79265e+07
1.79271e+07
1.79276e+07
1.79282e+07
1.79288e+07
1.79294e+07
1.793e+07
1.79306e+07
1.79313e+07
1.7932e+07
1.79327e+07
1.79333e+07
1.79341e+07
1.79348e+07
1.79355e+07
1.79363e+07
1.7937e+07
1.79378e+07
1.79386e+07
1.79394e+07
1.79402e+07
1.79411e+07
1.7942e+07
1.79429e+07
1.79438e+07
1.79447e+07
1.79457e+07
1.79467e+07
1.79477e+07
1.79488e+07
1.79498e+07
1.79509e+07
1.79521e+07
1.79533e+07
1.79545e+07
1.79557e+07
1.7957e+07
1.79583e+07
1.79597e+07
1.7961e+07
1.79625e+07
1.79639e+07
1.79654e+07
1.79669e+07
1.79684e+07
1.797e+07
1.79716e+07
1.79732e+07
1.79748e+07
1.79765e+07
1.79782e+07
1.79799e+07
1.79816e+07
1.79834e+07
1.79852e+07
1.7987e+07
1.79888e+07
1.79906e+07
1.79924e+07
1.79943e+07
1.79962e+07
1.7998e+07
1.8e+07
1.80019e+07
1.80038e+07
1.80058e+07
1.80077e+07
1.80097e+07
1.80117e+07
1.80138e+07
1.80158e+07
1.80179e+07
1.80199e+07
1.8022e+07
1.80242e+07
1.80263e+07
1.80285e+07
1.80306e+07
1.80329e+07
1.80351e+07
1.80373e+07
1.80396e+07
1.80419e+07
1.80442e+07
1.80466e+07
1.80489e+07
1.80513e+07
1.80537e+07
1.80562e+07
1.80586e+07
1.80611e+07
1.80636e+07
1.80661e+07
1.80687e+07
1.80712e+07
1.80738e+07
1.80764e+07
1.80791e+07
1.80817e+07
1.80844e+07
1.80871e+07
1.80898e+07
1.80925e+07
1.80953e+07
1.80981e+07
1.81009e+07
1.81037e+07
1.81066e+07
1.81094e+07
1.81123e+07
1.81153e+07
1.81182e+07
1.81212e+07
1.81242e+07
1.81272e+07
1.81303e+07
1.81333e+07
1.81364e+07
1.81396e+07
1.81427e+07
1.81459e+07
1.81491e+07
1.81524e+07
1.81556e+07
1.81589e+07
1.81623e+07
1.81656e+07
1.8169e+07
1.81724e+07
1.81758e+07
1.81793e+07
1.81828e+07
1.81863e+07
1.81899e+07
1.81934e+07
1.8197e+07
1.82007e+07
1.82043e+07
1.8208e+07
1.82117e+07
1.82154e+07
1.82192e+07
1.8223e+07
1.82268e+07
1.82306e+07
1.82345e+07
1.82383e+07
1.82423e+07
1.82462e+07
1.82502e+07
1.82541e+07
1.82582e+07
1.82622e+07
1.82663e+07
1.82704e+07
1.82745e+07
1.82786e+07
1.82828e+07
1.82869e+07
1.82912e+07
1.82954e+07
1.82996e+07
1.83039e+07
1.83082e+07
1.83125e+07
1.83168e+07
1.83212e+07
1.83256e+07
1.83299e+07
1.83343e+07
1.83388e+07
1.83432e+07
1.83477e+07
1.83521e+07
1.83566e+07
1.83611e+07
1.83656e+07
1.83701e+07
1.83747e+07
1.83792e+07
1.83838e+07
1.83884e+07
1.8393e+07
1.83976e+07
1.84022e+07
1.84069e+07
1.84115e+07
1.84162e+07
1.84209e+07
1.84256e+07
1.84304e+07
1.84351e+07
1.84399e+07
1.84447e+07
1.84495e+07
1.84543e+07
1.84591e+07
1.8464e+07
1.84689e+07
1.84738e+07
1.84787e+07
1.84836e+07
1.84886e+07
1.84935e+07
1.84985e+07
1.85035e+07
1.85085e+07
1.85136e+07
1.85186e+07
1.85237e+07
1.85288e+07
1.85338e+07
1.85389e+07
1.8544e+07
1.85492e+07
1.85543e+07
1.85594e+07
1.85645e+07
1.85697e+07
1.85748e+07
1.858e+07
1.85851e+07
1.85903e+07
1.85955e+07
1.86006e+07
1.86058e+07
1.8611e+07
1.86162e+07
1.86213e+07
1.86265e+07
1.86317e+07
1.86369e+07
1.8642e+07
1.86472e+07
1.86524e+07
1.86576e+07
1.86627e+07
1.86679e+07
1.86731e+07
1.86782e+07
1.86834e+07
1.86885e+07
1.86937e+07
1.86988e+07
1.8704e+07
1.87091e+07
1.87142e+07
1.87194e+07
1.87245e+07
1.87296e+07
1.87347e+07
1.87398e+07
1.87449e+07
1.875e+07
1.87551e+07
1.87601e+07
1.87652e+07
1.87703e+07
1.87753e+07
1.87804e+07
1.87855e+07
1.87905e+07
1.87956e+07
1.88006e+07
1.88056e+07
1.88107e+07
1.88157e+07
1.88207e+07
1.88258e+07
1.88308e+07
1.88358e+07
1.88409e+07
1.88459e+07
1.88509e+07
1.88559e+07
1.88609e+07
1.8866e+07
1.8871e+07
1.8876e+07
1.8881e+07
1.8886e+07
1.8891e+07
1.8896e+07
1.8901e+07
1.8906e+07
1.8911e+07
1.8916e+07
1.89209e+07
1.89259e+07
1.89308e+07
1.89358e+07
1.89407e+07
1.89456e+07
1.89505e+07
1.89553e+07
1.89602e+07
1.8965e+07
1.89698e+07
1.89746e+07
1.89794e+07
1.89842e+07
1.89889e+07
1.89936e+07
1.89983e+07
1.90029e+07
1.90076e+07
1.90122e+07
1.90168e+07
1.90213e+07
1.90259e+07
1.90304e+07
1.90349e+07
1.90394e+07
1.90438e+07
1.90482e+07
1.90526e+07
1.9057e+07
1.90613e+07
1.90657e+07
1.907e+07
1.90743e+07
1.90785e+07
1.90828e+07
1.9087e+07
1.90912e+07
1.90954e+07
1.90995e+07
1.91036e+07
1.91078e+07
1.91119e+07
1.91159e+07
1.912e+07
1.9124e+07
1.9128e+07
1.9132e+07
1.9136e+07
1.91399e+07
1.91438e+07
1.91477e+07
1.91516e+07
1.91555e+07
1.91593e+07
1.91631e+07
1.91669e+07
1.91707e+07
1.91744e+07
1.91782e+07
1.91819e+07
1.91856e+07
1.91892e+07
1.91928e+07
1.91965e+07
1.92001e+07
1.92036e+07
1.92072e+07
1.92107e+07
1.92142e+07
1.92177e+07
1.92211e+07
1.92246e+07
1.9228e+07
1.92314e+07
1.92348e+07
1.92381e+07
1.92414e+07
1.92448e+07
1.92481e+07
1.92513e+07
1.92546e+07
1.92578e+07
1.9261e+07
1.92642e+07
1.92674e+07
1.92706e+07
1.92737e+07
1.92768e+07
1.928e+07
1.9283e+07
1.92861e+07
1.92892e+07
1.92922e+07
1.92952e+07
1.92982e+07
1.93012e+07
1.93041e+07
1.93071e+07
1.931e+07
1.93129e+07
1.93157e+07
1.93186e+07
1.93214e+07
1.93242e+07
1.9327e+07
1.93298e+07
1.93325e+07
1.93352e+07
1.93379e+07
1.93405e+07
1.93431e+07
1.93457e+07
1.93483e+07
1.93508e+07
1.93533e+07
1.93558e+07
1.93582e+07
1.93606e+07
1.9363e+07
1.93654e+07
1.93677e+07
1.937e+07
1.93722e+07
1.93745e+07
1.93767e+07
1.93788e+07
1.9381e+07
1.93831e+07
1.93852e+07
1.93872e+07
1.93893e+07
1.93913e+07
1.93933e+07
1.93952e+07
1.93972e+07
1.93991e+07
1.94009e+07
1.94028e+07
1.94047e+07
1.94065e+07
1.94083e+07
1.941e+07
1.94118e+07
1.94135e+07
1.94152e+07
1.94169e+07
1.94186e+07
1.94203e+07
1.94219e+07
1.94235e+07
1.94251e+07
1.94266e+07
1.94281e+07
1.94296e+07
1.94311e+07
1.94325e+07
1.9434e+07
1.94354e+07
1.94367e+07
1.9438e+07
1.94393e+07
1.94406e+07
1.94418e+07
1.9443e+07
1.94442e+07
1.94453e+07
1.94464e+07
1.94474e+07
1.94484e+07
1.94494e+07
1.94503e+07
1.94512e+07
1.94521e+07
1.94529e+07
1.94537e+07
1.94545e+07
1.94552e+07
1.94559e+07
1.94565e+07
1.94571e+07
1.94577e+07
1.94582e+07
1.94587e+07
1.94591e+07
1.94596e+07
1.94599e+07
1.94603e+07
1.94606e+07
1.94609e+07
1.94611e+07
1.94614e+07
1.94615e+07
1.79159e+07
1.79165e+07
1.79174e+07
1.79172e+07
1.79166e+07
1.79164e+07
1.79164e+07
1.79164e+07
1.79163e+07
1.79163e+07
1.79162e+07
1.79161e+07
1.79161e+07
1.7916e+07
1.79159e+07
1.79159e+07
1.79158e+07
1.79157e+07
1.79157e+07
1.79156e+07
1.79155e+07
1.79155e+07
1.79154e+07
1.79154e+07
1.79154e+07
1.79155e+07
1.79156e+07
1.79157e+07
1.79158e+07
1.7916e+07
1.79163e+07
1.79165e+07
1.79168e+07
1.79171e+07
1.79173e+07
1.79175e+07
1.79178e+07
1.79179e+07
1.79181e+07
1.79182e+07
1.79183e+07
1.79184e+07
1.79185e+07
1.79186e+07
1.79186e+07
1.79186e+07
1.79187e+07
1.79187e+07
1.79187e+07
1.79187e+07
1.79187e+07
1.79187e+07
1.79187e+07
1.79186e+07
1.79186e+07
1.79186e+07
1.79185e+07
1.79185e+07
1.79184e+07
1.79184e+07
1.79183e+07
1.79183e+07
1.79182e+07
1.79182e+07
1.79181e+07
1.79181e+07
1.7918e+07
1.7918e+07
1.7918e+07
1.7918e+07
1.7918e+07
1.7918e+07
1.7918e+07
1.7918e+07
1.79181e+07
1.79181e+07
1.79182e+07
1.79182e+07
1.79183e+07
1.79184e+07
1.79185e+07
1.79185e+07
1.79186e+07
1.79187e+07
1.79188e+07
1.79189e+07
1.7919e+07
1.7919e+07
1.79191e+07
1.79192e+07
1.79193e+07
1.79194e+07
1.79195e+07
1.79195e+07
1.79196e+07
1.79197e+07
1.79198e+07
1.79199e+07
1.792e+07
1.79201e+07
1.79203e+07
1.79204e+07
1.79206e+07
1.79207e+07
1.79209e+07
1.79211e+07
1.79213e+07
1.79215e+07
1.79218e+07
1.79221e+07
1.79223e+07
1.79227e+07
1.7923e+07
1.79234e+07
1.79237e+07
1.79242e+07
1.79246e+07
1.7925e+07
1.79255e+07
1.7926e+07
1.79265e+07
1.79271e+07
1.79276e+07
1.79282e+07
1.79288e+07
1.79294e+07
1.793e+07
1.79306e+07
1.79313e+07
1.7932e+07
1.79327e+07
1.79333e+07
1.79341e+07
1.79348e+07
1.79355e+07
1.79363e+07
1.7937e+07
1.79378e+07
1.79386e+07
1.79394e+07
1.79402e+07
1.79411e+07
1.7942e+07
1.79429e+07
1.79438e+07
1.79447e+07
1.79457e+07
1.79467e+07
1.79477e+07
1.79488e+07
1.79498e+07
1.79509e+07
1.79521e+07
1.79533e+07
1.79545e+07
1.79557e+07
1.7957e+07
1.79583e+07
1.79597e+07
1.7961e+07
1.79625e+07
1.79639e+07
1.79654e+07
1.79669e+07
1.79684e+07
1.797e+07
1.79716e+07
1.79732e+07
1.79748e+07
1.79765e+07
1.79782e+07
1.79799e+07
1.79816e+07
1.79834e+07
1.79852e+07
1.7987e+07
1.79888e+07
1.79906e+07
1.79924e+07
1.79943e+07
1.79962e+07
1.7998e+07
1.8e+07
1.80019e+07
1.80038e+07
1.80058e+07
1.80077e+07
1.80097e+07
1.80117e+07
1.80138e+07
1.80158e+07
1.80179e+07
1.80199e+07
1.8022e+07
1.80242e+07
1.80263e+07
1.80285e+07
1.80306e+07
1.80329e+07
1.80351e+07
1.80373e+07
1.80396e+07
1.80419e+07
1.80442e+07
1.80466e+07
1.80489e+07
1.80513e+07
1.80537e+07
1.80562e+07
1.80586e+07
1.80611e+07
1.80636e+07
1.80661e+07
1.80687e+07
1.80712e+07
1.80738e+07
1.80764e+07
1.80791e+07
1.80817e+07
1.80844e+07
1.80871e+07
1.80898e+07
1.80925e+07
1.80953e+07
1.80981e+07
1.81009e+07
1.81037e+07
1.81066e+07
1.81094e+07
1.81123e+07
1.81153e+07
1.81182e+07
1.81212e+07
1.81242e+07
1.81272e+07
1.81303e+07
1.81333e+07
1.81364e+07
1.81396e+07
1.81427e+07
1.81459e+07
1.81491e+07
1.81524e+07
1.81556e+07
1.81589e+07
1.81623e+07
1.81656e+07
1.8169e+07
1.81724e+07
1.81758e+07
1.81793e+07
1.81828e+07
1.81863e+07
1.81899e+07
1.81934e+07
1.8197e+07
1.82007e+07
1.82043e+07
1.8208e+07
1.82117e+07
1.82154e+07
1.82192e+07
1.8223e+07
1.82268e+07
1.82306e+07
1.82345e+07
1.82383e+07
1.82423e+07
1.82462e+07
1.82502e+07
1.82541e+07
1.82582e+07
1.82622e+07
1.82663e+07
1.82704e+07
1.82745e+07
1.82786e+07
1.82828e+07
1.82869e+07
1.82912e+07
1.82954e+07
1.82996e+07
1.83039e+07
1.83082e+07
1.83125e+07
1.83168e+07
1.83212e+07
1.83256e+07
1.83299e+07
1.83343e+07
1.83388e+07
1.83432e+07
1.83477e+07
1.83521e+07
1.83566e+07
1.83611e+07
1.83656e+07
1.83701e+07
1.83747e+07
1.83792e+07
1.83838e+07
1.83884e+07
1.8393e+07
1.83976e+07
1.84022e+07
1.84069e+07
1.84115e+07
1.84162e+07
1.84209e+07
1.84256e+07
1.84304e+07
1.84351e+07
1.84399e+07
1.84447e+07
1.84495e+07
1.84543e+07
1.84591e+07
1.8464e+07
1.84689e+07
1.84738e+07
1.84787e+07
1.84836e+07
1.84886e+07
1.84935e+07
1.84985e+07
1.85035e+07
1.85085e+07
1.85136e+07
1.85186e+07
1.85237e+07
1.85288e+07
1.85338e+07
1.85389e+07
1.8544e+07
1.85492e+07
1.85543e+07
1.85594e+07
1.85645e+07
1.85697e+07
1.85748e+07
1.858e+07
1.85851e+07
1.85903e+07
1.85955e+07
1.86006e+07
1.86058e+07
1.8611e+07
1.86162e+07
1.86213e+07
1.86265e+07
1.86317e+07
1.86369e+07
1.8642e+07
1.86472e+07
1.86524e+07
1.86576e+07
1.86627e+07
1.86679e+07
1.86731e+07
1.86782e+07
1.86834e+07
1.86885e+07
1.86937e+07
1.86988e+07
1.8704e+07
1.87091e+07
1.87142e+07
1.87194e+07
1.87245e+07
1.87296e+07
1.87347e+07
1.87398e+07
1.87449e+07
1.875e+07
1.87551e+07
1.87601e+07
1.87652e+07
1.87703e+07
1.87753e+07
1.87804e+07
1.87855e+07
1.87905e+07
1.87956e+07
1.88006e+07
1.88056e+07
1.88107e+07
1.88157e+07
1.88207e+07
1.88258e+07
1.88308e+07
1.88358e+07
1.88409e+07
1.88459e+07
1.88509e+07
1.88559e+07
1.88609e+07
1.8866e+07
1.8871e+07
1.8876e+07
1.8881e+07
1.8886e+07
1.8891e+07
1.8896e+07
1.8901e+07
1.8906e+07
1.8911e+07
1.8916e+07
1.89209e+07
1.89259e+07
1.89308e+07
1.89358e+07
1.89407e+07
1.89456e+07
1.89505e+07
1.89553e+07
1.89602e+07
1.8965e+07
1.89698e+07
1.89746e+07
1.89794e+07
1.89842e+07
1.89889e+07
1.89936e+07
1.89983e+07
1.90029e+07
1.90076e+07
1.90122e+07
1.90168e+07
1.90213e+07
1.90259e+07
1.90304e+07
1.90349e+07
1.90394e+07
1.90438e+07
1.90482e+07
1.90526e+07
1.9057e+07
1.90613e+07
1.90657e+07
1.907e+07
1.90743e+07
1.90785e+07
1.90828e+07
1.9087e+07
1.90912e+07
1.90954e+07
1.90995e+07
1.91036e+07
1.91078e+07
1.91119e+07
1.91159e+07
1.912e+07
1.9124e+07
1.9128e+07
1.9132e+07
1.9136e+07
1.91399e+07
1.91438e+07
1.91477e+07
1.91516e+07
1.91555e+07
1.91593e+07
1.91631e+07
1.91669e+07
1.91707e+07
1.91744e+07
1.91782e+07
1.91819e+07
1.91856e+07
1.91892e+07
1.91928e+07
1.91965e+07
1.92001e+07
1.92036e+07
1.92072e+07
1.92107e+07
1.92142e+07
1.92177e+07
1.92211e+07
1.92246e+07
1.9228e+07
1.92314e+07
1.92348e+07
1.92381e+07
1.92414e+07
1.92448e+07
1.92481e+07
1.92513e+07
1.92546e+07
1.92578e+07
1.9261e+07
1.92642e+07
1.92674e+07
1.92706e+07
1.92737e+07
1.92768e+07
1.928e+07
1.9283e+07
1.92861e+07
1.92892e+07
1.92922e+07
1.92952e+07
1.92982e+07
1.93012e+07
1.93041e+07
1.93071e+07
1.931e+07
1.93129e+07
1.93157e+07
1.93186e+07
1.93214e+07
1.93242e+07
1.9327e+07
1.93298e+07
1.93325e+07
1.93352e+07
1.93379e+07
1.93405e+07
1.93431e+07
1.93457e+07
1.93483e+07
1.93508e+07
1.93533e+07
1.93558e+07
1.93582e+07
1.93606e+07
1.9363e+07
1.93654e+07
1.93677e+07
1.937e+07
1.93722e+07
1.93745e+07
1.93767e+07
1.93788e+07
1.9381e+07
1.93831e+07
1.93852e+07
1.93872e+07
1.93893e+07
1.93913e+07
1.93933e+07
1.93952e+07
1.93972e+07
1.93991e+07
1.94009e+07
1.94028e+07
1.94047e+07
1.94065e+07
1.94083e+07
1.941e+07
1.94118e+07
1.94135e+07
1.94152e+07
1.94169e+07
1.94186e+07
1.94203e+07
1.94219e+07
1.94235e+07
1.94251e+07
1.94266e+07
1.94281e+07
1.94296e+07
1.94311e+07
1.94325e+07
1.9434e+07
1.94354e+07
1.94367e+07
1.9438e+07
1.94393e+07
1.94406e+07
1.94418e+07
1.9443e+07
1.94442e+07
1.94453e+07
1.94464e+07
1.94474e+07
1.94484e+07
1.94494e+07
1.94503e+07
1.94512e+07
1.94521e+07
1.94529e+07
1.94537e+07
1.94545e+07
1.94552e+07
1.94559e+07
1.94565e+07
1.94571e+07
1.94577e+07
1.94582e+07
1.94587e+07
1.94591e+07
1.94596e+07
1.94599e+07
1.94603e+07
1.94606e+07
1.94609e+07
1.94611e+07
1.94614e+07
1.94615e+07
1.7914e+07
1.79163e+07
1.79173e+07
1.79171e+07
1.79166e+07
1.79164e+07
1.79164e+07
1.79164e+07
1.79163e+07
1.79163e+07
1.79162e+07
1.79161e+07
1.79161e+07
1.7916e+07
1.79159e+07
1.79159e+07
1.79158e+07
1.79157e+07
1.79157e+07
1.79156e+07
1.79155e+07
1.79155e+07
1.79154e+07
1.79154e+07
1.79154e+07
1.79155e+07
1.79155e+07
1.79157e+07
1.79158e+07
1.7916e+07
1.79163e+07
1.79165e+07
1.79168e+07
1.79171e+07
1.79173e+07
1.79175e+07
1.79178e+07
1.79179e+07
1.79181e+07
1.79182e+07
1.79183e+07
1.79184e+07
1.79185e+07
1.79186e+07
1.79186e+07
1.79186e+07
1.79187e+07
1.79187e+07
1.79187e+07
1.79187e+07
1.79187e+07
1.79187e+07
1.79187e+07
1.79186e+07
1.79186e+07
1.79186e+07
1.79185e+07
1.79185e+07
1.79184e+07
1.79184e+07
1.79183e+07
1.79183e+07
1.79182e+07
1.79182e+07
1.79181e+07
1.79181e+07
1.7918e+07
1.7918e+07
1.7918e+07
1.7918e+07
1.7918e+07
1.7918e+07
1.7918e+07
1.7918e+07
1.79181e+07
1.79181e+07
1.79182e+07
1.79182e+07
1.79183e+07
1.79184e+07
1.79185e+07
1.79185e+07
1.79186e+07
1.79187e+07
1.79188e+07
1.79189e+07
1.7919e+07
1.7919e+07
1.79191e+07
1.79192e+07
1.79193e+07
1.79194e+07
1.79195e+07
1.79195e+07
1.79196e+07
1.79197e+07
1.79198e+07
1.79199e+07
1.792e+07
1.79201e+07
1.79203e+07
1.79204e+07
1.79206e+07
1.79207e+07
1.79209e+07
1.79211e+07
1.79213e+07
1.79215e+07
1.79218e+07
1.79221e+07
1.79223e+07
1.79227e+07
1.7923e+07
1.79234e+07
1.79237e+07
1.79242e+07
1.79246e+07
1.7925e+07
1.79255e+07
1.7926e+07
1.79265e+07
1.79271e+07
1.79276e+07
1.79282e+07
1.79288e+07
1.79294e+07
1.793e+07
1.79306e+07
1.79313e+07
1.7932e+07
1.79327e+07
1.79333e+07
1.79341e+07
1.79348e+07
1.79355e+07
1.79363e+07
1.7937e+07
1.79378e+07
1.79386e+07
1.79394e+07
1.79402e+07
1.79411e+07
1.7942e+07
1.79429e+07
1.79438e+07
1.79447e+07
1.79457e+07
1.79467e+07
1.79477e+07
1.79488e+07
1.79498e+07
1.79509e+07
1.79521e+07
1.79533e+07
1.79545e+07
1.79557e+07
1.7957e+07
1.79583e+07
1.79597e+07
1.7961e+07
1.79625e+07
1.79639e+07
1.79654e+07
1.79669e+07
1.79684e+07
1.797e+07
1.79716e+07
1.79732e+07
1.79748e+07
1.79765e+07
1.79782e+07
1.79799e+07
1.79816e+07
1.79834e+07
1.79852e+07
1.7987e+07
1.79888e+07
1.79906e+07
1.79924e+07
1.79943e+07
1.79962e+07
1.7998e+07
1.8e+07
1.80019e+07
1.80038e+07
1.80058e+07
1.80077e+07
1.80097e+07
1.80117e+07
1.80138e+07
1.80158e+07
1.80179e+07
1.80199e+07
1.8022e+07
1.80242e+07
1.80263e+07
1.80285e+07
1.80306e+07
1.80329e+07
1.80351e+07
1.80373e+07
1.80396e+07
1.80419e+07
1.80442e+07
1.80466e+07
1.80489e+07
1.80513e+07
1.80537e+07
1.80562e+07
1.80586e+07
1.80611e+07
1.80636e+07
1.80661e+07
1.80687e+07
1.80712e+07
1.80738e+07
1.80764e+07
1.80791e+07
1.80817e+07
1.80844e+07
1.80871e+07
1.80898e+07
1.80925e+07
1.80953e+07
1.80981e+07
1.81009e+07
1.81037e+07
1.81066e+07
1.81094e+07
1.81123e+07
1.81153e+07
1.81182e+07
1.81212e+07
1.81242e+07
1.81272e+07
1.81303e+07
1.81333e+07
1.81364e+07
1.81396e+07
1.81427e+07
1.81459e+07
1.81491e+07
1.81524e+07
1.81556e+07
1.81589e+07
1.81623e+07
1.81656e+07
1.8169e+07
1.81724e+07
1.81758e+07
1.81793e+07
1.81828e+07
1.81863e+07
1.81899e+07
1.81934e+07
1.8197e+07
1.82007e+07
1.82043e+07
1.8208e+07
1.82117e+07
1.82154e+07
1.82192e+07
1.8223e+07
1.82268e+07
1.82306e+07
1.82345e+07
1.82383e+07
1.82423e+07
1.82462e+07
1.82502e+07
1.82541e+07
1.82582e+07
1.82622e+07
1.82663e+07
1.82704e+07
1.82745e+07
1.82786e+07
1.82828e+07
1.82869e+07
1.82912e+07
1.82954e+07
1.82996e+07
1.83039e+07
1.83082e+07
1.83125e+07
1.83168e+07
1.83212e+07
1.83256e+07
1.83299e+07
1.83343e+07
1.83388e+07
1.83432e+07
1.83477e+07
1.83521e+07
1.83566e+07
1.83611e+07
1.83656e+07
1.83701e+07
1.83747e+07
1.83792e+07
1.83838e+07
1.83884e+07
1.8393e+07
1.83976e+07
1.84022e+07
1.84069e+07
1.84115e+07
1.84162e+07
1.84209e+07
1.84256e+07
1.84304e+07
1.84351e+07
1.84399e+07
1.84447e+07
1.84495e+07
1.84543e+07
1.84591e+07
1.8464e+07
1.84689e+07
1.84738e+07
1.84787e+07
1.84836e+07
1.84886e+07
1.84935e+07
1.84985e+07
1.85035e+07
1.85085e+07
1.85136e+07
1.85186e+07
1.85237e+07
1.85288e+07
1.85338e+07
1.85389e+07
1.8544e+07
1.85492e+07
1.85543e+07
1.85594e+07
1.85645e+07
1.85697e+07
1.85748e+07
1.858e+07
1.85851e+07
1.85903e+07
1.85955e+07
1.86006e+07
1.86058e+07
1.8611e+07
1.86162e+07
1.86213e+07
1.86265e+07
1.86317e+07
1.86369e+07
1.8642e+07
1.86472e+07
1.86524e+07
1.86576e+07
1.86627e+07
1.86679e+07
1.86731e+07
1.86782e+07
1.86834e+07
1.86885e+07
1.86937e+07
1.86988e+07
1.8704e+07
1.87091e+07
1.87142e+07
1.87194e+07
1.87245e+07
1.87296e+07
1.87347e+07
1.87398e+07
1.87449e+07
1.875e+07
1.87551e+07
1.87601e+07
1.87652e+07
1.87703e+07
1.87753e+07
1.87804e+07
1.87855e+07
1.87905e+07
1.87956e+07
1.88006e+07
1.88056e+07
1.88107e+07
1.88157e+07
1.88207e+07
1.88258e+07
1.88308e+07
1.88358e+07
1.88409e+07
1.88459e+07
1.88509e+07
1.88559e+07
1.88609e+07
1.8866e+07
1.8871e+07
1.8876e+07
1.8881e+07
1.8886e+07
1.8891e+07
1.8896e+07
1.8901e+07
1.8906e+07
1.8911e+07
1.8916e+07
1.89209e+07
1.89259e+07
1.89308e+07
1.89358e+07
1.89407e+07
1.89456e+07
1.89505e+07
1.89553e+07
1.89602e+07
1.8965e+07
1.89698e+07
1.89746e+07
1.89794e+07
1.89842e+07
1.89889e+07
1.89936e+07
1.89983e+07
1.90029e+07
1.90076e+07
1.90122e+07
1.90168e+07
1.90213e+07
1.90259e+07
1.90304e+07
1.90349e+07
1.90394e+07
1.90438e+07
1.90482e+07
1.90526e+07
1.9057e+07
1.90613e+07
1.90657e+07
1.907e+07
1.90743e+07
1.90785e+07
1.90828e+07
1.9087e+07
1.90912e+07
1.90954e+07
1.90995e+07
1.91036e+07
1.91078e+07
1.91119e+07
1.91159e+07
1.912e+07
1.9124e+07
1.9128e+07
1.9132e+07
1.9136e+07
1.91399e+07
1.91438e+07
1.91477e+07
1.91516e+07
1.91555e+07
1.91593e+07
1.91631e+07
1.91669e+07
1.91707e+07
1.91744e+07
1.91782e+07
1.91819e+07
1.91856e+07
1.91892e+07
1.91928e+07
1.91965e+07
1.92001e+07
1.92036e+07
1.92072e+07
1.92107e+07
1.92142e+07
1.92177e+07
1.92211e+07
1.92246e+07
1.9228e+07
1.92314e+07
1.92348e+07
1.92381e+07
1.92414e+07
1.92448e+07
1.92481e+07
1.92513e+07
1.92546e+07
1.92578e+07
1.9261e+07
1.92642e+07
1.92674e+07
1.92706e+07
1.92737e+07
1.92768e+07
1.928e+07
1.9283e+07
1.92861e+07
1.92892e+07
1.92922e+07
1.92952e+07
1.92982e+07
1.93012e+07
1.93041e+07
1.93071e+07
1.931e+07
1.93129e+07
1.93157e+07
1.93186e+07
1.93214e+07
1.93242e+07
1.9327e+07
1.93298e+07
1.93325e+07
1.93352e+07
1.93379e+07
1.93405e+07
1.93431e+07
1.93457e+07
1.93483e+07
1.93508e+07
1.93533e+07
1.93558e+07
1.93582e+07
1.93606e+07
1.9363e+07
1.93654e+07
1.93677e+07
1.937e+07
1.93722e+07
1.93745e+07
1.93767e+07
1.93788e+07
1.9381e+07
1.93831e+07
1.93852e+07
1.93872e+07
1.93893e+07
1.93913e+07
1.93933e+07
1.93952e+07
1.93972e+07
1.93991e+07
1.94009e+07
1.94028e+07
1.94047e+07
1.94065e+07
1.94083e+07
1.941e+07
1.94118e+07
1.94135e+07
1.94152e+07
1.94169e+07
1.94186e+07
1.94203e+07
1.94219e+07
1.94235e+07
1.94251e+07
1.94266e+07
1.94281e+07
1.94296e+07
1.94311e+07
1.94325e+07
1.9434e+07
1.94354e+07
1.94367e+07
1.9438e+07
1.94393e+07
1.94406e+07
1.94418e+07
1.9443e+07
1.94442e+07
1.94453e+07
1.94464e+07
1.94474e+07
1.94484e+07
1.94494e+07
1.94503e+07
1.94512e+07
1.94521e+07
1.94529e+07
1.94537e+07
1.94545e+07
1.94552e+07
1.94559e+07
1.94565e+07
1.94571e+07
1.94577e+07
1.94582e+07
1.94587e+07
1.94591e+07
1.94596e+07
1.94599e+07
1.94603e+07
1.94606e+07
1.94609e+07
1.94611e+07
1.94614e+07
1.94615e+07
)
;

boundaryField
{
    inlet
    {
        type            zeroGradient;
    }
    outlet
    {
        type            uniformTotalPressure;
        rho             none;
        psi             none;
        gamma           1.4364;
        pressure        tableFile;
        pressureCoeffs
        {
            fileName        "$FOAM_RUN/SH5_43mps_MFR_newBC/outlet0.2_42.7mps_fromCapture.dat";
        }
        value           nonuniform List<scalar> 5(1.94616e+07 1.94616e+07 1.94616e+07 1.94616e+07 1.94616e+07);
    }
    sides
    {
        type            empty;
    }
    walls
    {
        type            zeroGradient;
    }
}


// ************************************************************************* //
