/*--------------------------------*- C++ -*----------------------------------*\
| =========                 |                                                 |
| \\      /  F ield         | OpenFOAM: The Open Source CFD Toolbox           |
|  \\    /   O peration     | Version:  3.0.x                                 |
|   \\  /    A nd           | Web:      www.OpenFOAM.org                      |
|    \\/     M anipulation  |                                                 |
\*---------------------------------------------------------------------------*/
FoamFile
{
    version     2.0;
    format      ascii;
    class       volScalarField;
    location    "1";
    object      T;
}
// * * * * * * * * * * * * * * * * * * * * * * * * * * * * * * * * * * * * * //

dimensions      [0 0 0 1 0 0 0];

internalField   nonuniform List<scalar> 
1000
(
773
773
773
773
773
773
773
773
773
773
773
773
773
773
773
773
773
773
773
773
773
773
773
773
773
773
773
773
773
773
773
773
773
773
773
773
773
773
773
773
773
773
773
773
773
773
773
773
773
773
773
773
773
773
773
773
773
773
773
773
773
773
773
773
773
773
773
773
773
773
773
773
773
773
773
773
773
773
773
773
773
773
773
773
773
773
773
773
773
773
773
773
773
773
773
773
773
773
773
773
773
773
773
773
773
773
773
773
773
773
773
773
773
773
773
773
773
773
773
773
773
773
773
773
773
773
773
773
773
773
773
773
773
773
773
773
773
773
773
773
773
773
773
773
773
773
773
773
773
773
773
773
773
773
773
773
773
773
773
773
773
773
773
773
773
773
773
773
773
773
773
773
773
773
773
773
773
773
773
773
773
773
773
773
773
773
773
773
773
773
773
773
773
773
773
773
773
773
773
773
773
773
773
773
773
773
773
773
773
773
773
773
773
773
773
773
773
773
773
773
773
773
773
773
773
773
773
773
773
773
773
773
773
773
773
773
773
773
773
773
773
773
773
773
773
773
773
773
773
773
773
773
773
773
773
773
773
773
773
773
773
773
773
773
773
773
773
773
773
773
773
773
773
773
773
773
773
773
773
773
773
773
773
773
773
773
773
773
773
773
773
773
773
773
773
773
773
773
773
773
773
773
773
773
773
773
773
773
773
773
773
773
773
773
773
773
773
773
773
773
773
773
773
773
773
773
773
773
773
773
773
773
773
773
773
773
773
773
773
773
773
773
773
773
773
773
773
773
773
773
773
773
773
773
773
773
773
773
773
773
773
773
773
773
773
773
773
773
773
773
773
773
773
773
773
773
773
773
773
773
773
773
773
773
773
773
773
773
773
773
773
773
773
773
773
773
773
773
773
773
773
773
773
773
773
773
773
773
773
773
773
773
773
773
773
773
773
773
773
773
773
773
773
773
773
773
773
773
773
773
773
773
773
773
773
773
773
773
773
773
773
773
773
773
773
773
773
773
773
773
773
773
773
773
773
773
773
773
773
773
773
773
773
773
773
773
773
773.001
773.001
773.001
773.001
773.001
773.001
773.002
773.002
773.003
773.003
773.004
773.005
773.005
773.007
773.008
773.009
773.011
773.013
773.015
773.018
773.021
773.024
773.029
773.033
773.039
773.045
773.052
773.06
773.069
773.079
773.091
773.104
773.119
773.136
773.155
773.176
773.199
773.225
773.254
773.286
773.322
773.361
773.404
773.452
773.504
773.561
773.623
773.691
773.765
773.845
773.931
774.025
774.125
774.233
774.348
774.472
774.604
774.743
774.891
775.048
775.213
775.386
775.568
775.758
775.955
776.16
776.372
776.59
776.815
777.045
777.281
777.52
777.763
778.009
778.256
778.506
778.755
779.005
779.253
779.5
779.745
779.987
780.225
780.459
780.689
780.913
781.132
781.346
781.553
781.753
781.948
782.135
782.315
782.489
782.655
782.814
782.966
783.11
783.248
783.378
783.502
783.619
783.729
783.832
783.929
784.02
784.105
784.184
784.258
784.326
784.389
784.447
784.501
784.55
784.596
784.637
784.674
784.708
784.739
784.767
784.792
784.815
784.835
784.852
784.868
784.881
784.893
784.902
784.909
784.915
784.921
784.925
784.929
784.933
784.936
784.938
784.94
784.942
784.943
784.944
784.945
784.946
784.947
784.947
784.948
784.948
784.948
784.949
784.949
784.949
784.949
784.949
784.949
784.949
784.949
784.949
784.949
784.949
784.949
784.949
784.949
784.949
784.949
784.949
784.949
784.949
784.948
784.948
784.948
784.948
784.948
784.948
784.948
784.948
784.948
784.948
784.948
784.948
784.948
784.948
784.948
784.948
784.948
784.948
784.948
784.948
784.948
784.948
784.948
784.948
784.948
784.948
784.948
784.948
784.948
784.948
784.948
784.948
784.948
784.948
784.948
784.948
784.948
784.948
784.948
784.948
784.948
784.948
784.948
784.948
784.948
784.948
784.948
784.948
784.948
784.948
784.947
784.947
784.947
784.947
784.947
784.947
784.947
784.947
784.947
784.947
784.947
784.947
784.947
784.947
784.947
784.947
784.947
784.947
784.947
784.947
784.947
784.947
784.947
784.947
784.947
784.947
784.947
784.947
784.947
784.947
784.947
784.947
784.947
784.947
784.947
784.947
784.947
784.947
784.947
784.947
784.947
784.947
784.947
784.947
784.947
784.947
784.947
784.947
784.947
784.947
784.947
784.947
784.947
784.947
784.947
784.947
784.947
784.947
784.947
784.947
784.947
784.947
784.947
784.947
784.947
784.947
784.947
784.947
784.947
784.947
784.947
784.947
784.947
784.947
784.947
784.947
784.947
784.947
784.947
784.947
784.947
784.947
784.947
784.947
784.947
784.947
784.947
784.947
784.947
784.947
784.947
784.947
784.947
784.947
784.947
784.947
784.947
784.947
784.947
784.947
784.947
784.947
784.947
784.947
784.947
784.947
784.947
784.947
784.947
784.947
784.947
784.947
784.947
784.947
784.947
784.947
784.947
784.947
784.947
784.947
784.947
784.947
784.947
784.947
784.947
784.947
784.947
784.947
784.947
784.947
784.947
784.947
784.947
784.947
784.947
784.947
784.947
784.947
784.947
784.947
784.947
784.947
784.947
784.947
784.947
784.947
784.947
784.947
784.947
784.947
784.947
784.947
784.947
784.947
784.947
784.947
784.947
784.947
784.947
784.947
784.947
784.947
784.947
784.947
784.947
784.947
784.947
784.947
784.947
784.947
784.947
784.947
784.947
784.947
784.947
784.947
784.947
784.947
784.947
784.947
784.947
784.947
784.947
784.947
784.947
784.947
784.947
784.947
784.947
784.947
784.947
784.947
784.947
784.947
784.947
784.946
784.946
784.946
784.946
784.946
784.946
784.946
784.946
784.946
784.946
784.946
784.946
784.946
784.946
784.946
784.946
784.946
784.946
784.946
784.946
784.946
784.946
784.946
784.946
784.946
784.946
784.946
784.946
784.946
784.946
784.946
784.946
784.946
784.946
784.946
784.946
784.946
784.946
784.946
784.946
784.946
784.946
784.946
784.946
784.946
784.946
784.946
784.946
784.946
784.946
784.946
784.946
784.946
784.946
784.946
784.946
784.946
784.946
784.946
784.946
784.946
784.946
784.946
784.946
784.946
784.946
784.946
784.946
784.946
784.946
784.946
784.946
784.946
784.946
784.946
784.946
784.946
784.946
784.946
784.946
784.946
784.946
784.946
784.946
784.946
784.946
784.946
784.946
784.946
784.946
784.946
784.946
784.946
784.946
784.946
784.946
784.946
784.946
784.946
784.946
784.946
784.946
784.946
784.946
784.946
784.946
784.946
784.946
784.946
784.946
784.946
784.946
784.946
784.946
784.946
784.946
784.946
784.946
784.947
784.944
784.949
784.939
)
;

boundaryField
{
    inlet
    {
        type            zeroGradient;
    }
    backWall
    {
        type            zeroGradient;
    }
    sides
    {
        type            empty;
    }
}


// ************************************************************************* //
