/*--------------------------------*- C++ -*----------------------------------*\
| =========                 |                                                 |
| \\      /  F ield         | OpenFOAM: The Open Source CFD Toolbox           |
|  \\    /   O peration     | Version:  3.0.x                                 |
|   \\  /    A nd           | Web:      www.OpenFOAM.org                      |
|    \\/     M anipulation  |                                                 |
\*---------------------------------------------------------------------------*/
FoamFile
{
    version     2.0;
    format      ascii;
    class       volScalarField;
    location    "0.31";
    object      rho;
}
// * * * * * * * * * * * * * * * * * * * * * * * * * * * * * * * * * * * * * //

dimensions      [1 -3 0 0 0 0 0];

internalField   nonuniform List<scalar> 
6900
(
50.9104
50.9104
50.9104
50.9104
50.9105
50.9105
50.9105
50.9106
50.9106
50.9108
50.911
50.9112
50.9115
50.9117
50.9118
50.9119
50.9119
50.912
50.912
50.912
50.9121
50.9122
50.9124
50.9125
50.9127
50.9129
50.9131
50.9133
50.9135
50.9136
50.9137
50.9137
50.9137
50.9137
50.9137
50.9138
50.9139
50.9141
50.9143
50.9145
50.9146
50.9148
50.9149
50.915
50.9151
50.9152
50.9153
50.9153
50.9154
50.9154
50.9155
50.9155
50.9155
50.9155
50.9156
50.9156
50.9156
50.9156
50.9156
50.9155
50.9155
50.9155
50.9154
50.9154
50.9154
50.9153
50.9153
50.9152
50.9152
50.9152
50.9152
50.9152
50.9152
50.9152
50.9152
50.9152
50.9152
50.9153
50.9153
50.9154
50.9154
50.9155
50.9155
50.9156
50.9156
50.9157
50.9157
50.9157
50.9158
50.9158
50.9158
50.9158
50.9157
50.9157
50.9157
50.9156
50.9156
50.9155
50.9154
50.9154
50.9153
50.9152
50.9151
50.9151
50.915
50.9149
50.9149
50.9148
50.9148
50.9148
50.9148
50.9147
50.9147
50.9147
50.9147
50.9147
50.9147
50.9147
50.9146
50.9146
50.9146
50.9145
50.9144
50.9143
50.9141
50.914
50.9138
50.9135
50.9133
50.913
50.9127
50.9124
50.9121
50.9117
50.9114
50.911
50.9106
50.9102
50.9098
50.9095
50.9091
50.9087
50.9083
50.908
50.9077
50.9073
50.907
50.9067
50.9065
50.9062
50.9059
50.9057
50.9054
50.9052
50.9049
50.9046
50.9043
50.904
50.9037
50.9033
50.9029
50.9024
50.9019
50.9014
50.9009
50.9003
50.8997
50.8991
50.8985
50.8978
50.8972
50.8965
50.8959
50.8952
50.8946
50.894
50.8933
50.8927
50.8921
50.8916
50.891
50.8905
50.89
50.8896
50.8892
50.8888
50.8885
50.8881
50.8878
50.8875
50.8872
50.8869
50.8865
50.8862
50.8857
50.8852
50.8847
50.8841
50.8838
50.8802
50.9105
50.9105
50.9106
50.9106
50.9106
50.9106
50.9107
50.9107
50.9108
50.9109
50.9111
50.9114
50.9116
50.9118
50.9119
50.912
50.9121
50.9121
50.9121
50.9122
50.9122
50.9124
50.9125
50.9127
50.9129
50.9131
50.9132
50.9134
50.9136
50.9137
50.9138
50.9138
50.9138
50.9138
50.9138
50.9139
50.914
50.9142
50.9144
50.9146
50.9147
50.9149
50.915
50.9151
50.9152
50.9153
50.9154
50.9154
50.9155
50.9155
50.9155
50.9156
50.9156
50.9156
50.9157
50.9157
50.9157
50.9157
50.9156
50.9156
50.9156
50.9156
50.9155
50.9155
50.9155
50.9154
50.9154
50.9153
50.9153
50.9153
50.9153
50.9153
50.9153
50.9153
50.9153
50.9153
50.9153
50.9154
50.9154
50.9154
50.9155
50.9156
50.9156
50.9157
50.9157
50.9158
50.9158
50.9158
50.9158
50.9159
50.9159
50.9159
50.9158
50.9158
50.9158
50.9157
50.9157
50.9156
50.9155
50.9155
50.9154
50.9153
50.9152
50.9152
50.9151
50.915
50.915
50.9149
50.9149
50.9149
50.9148
50.9148
50.9148
50.9148
50.9148
50.9148
50.9148
50.9148
50.9147
50.9147
50.9146
50.9146
50.9145
50.9144
50.9142
50.914
50.9138
50.9136
50.9134
50.9131
50.9128
50.9125
50.9122
50.9118
50.9115
50.9111
50.9107
50.9103
50.9099
50.9096
50.9092
50.9088
50.9084
50.9081
50.9078
50.9074
50.9071
50.9068
50.9065
50.9063
50.906
50.9058
50.9055
50.9053
50.905
50.9047
50.9044
50.9041
50.9037
50.9034
50.9029
50.9025
50.902
50.9015
50.9009
50.9004
50.8998
50.8992
50.8985
50.8979
50.8973
50.8966
50.896
50.8953
50.8947
50.894
50.8934
50.8928
50.8922
50.8916
50.8911
50.8906
50.8901
50.8897
50.8893
50.8889
50.8885
50.8882
50.8879
50.8876
50.8873
50.887
50.8866
50.8862
50.8858
50.8853
50.8848
50.8842
50.8838
50.8806
50.9105
50.9105
50.9106
50.9106
50.9106
50.9106
50.9107
50.9107
50.9108
50.9109
50.9111
50.9114
50.9116
50.9118
50.9119
50.912
50.9121
50.9121
50.9121
50.9122
50.9122
50.9124
50.9125
50.9127
50.9129
50.9131
50.9132
50.9134
50.9136
50.9137
50.9138
50.9138
50.9138
50.9138
50.9138
50.9139
50.914
50.9142
50.9144
50.9146
50.9147
50.9149
50.915
50.9151
50.9152
50.9153
50.9154
50.9154
50.9155
50.9155
50.9155
50.9156
50.9156
50.9156
50.9157
50.9157
50.9157
50.9157
50.9156
50.9156
50.9156
50.9156
50.9155
50.9155
50.9155
50.9154
50.9154
50.9153
50.9153
50.9153
50.9153
50.9153
50.9153
50.9153
50.9153
50.9153
50.9153
50.9154
50.9154
50.9154
50.9155
50.9156
50.9156
50.9157
50.9157
50.9158
50.9158
50.9158
50.9158
50.9159
50.9159
50.9159
50.9158
50.9158
50.9158
50.9157
50.9157
50.9156
50.9155
50.9155
50.9154
50.9153
50.9152
50.9152
50.9151
50.915
50.915
50.9149
50.9149
50.9149
50.9148
50.9148
50.9148
50.9148
50.9148
50.9148
50.9148
50.9148
50.9147
50.9147
50.9146
50.9146
50.9145
50.9144
50.9142
50.914
50.9138
50.9136
50.9134
50.9131
50.9128
50.9125
50.9122
50.9118
50.9115
50.9111
50.9107
50.9103
50.9099
50.9096
50.9092
50.9088
50.9084
50.9081
50.9078
50.9074
50.9071
50.9068
50.9065
50.9063
50.906
50.9058
50.9055
50.9053
50.905
50.9047
50.9044
50.9041
50.9037
50.9034
50.9029
50.9025
50.902
50.9015
50.9009
50.9004
50.8998
50.8992
50.8985
50.8979
50.8973
50.8966
50.896
50.8953
50.8947
50.894
50.8934
50.8928
50.8922
50.8916
50.8911
50.8906
50.8901
50.8897
50.8893
50.8889
50.8885
50.8882
50.8879
50.8876
50.8873
50.887
50.8866
50.8863
50.8858
50.8853
50.8848
50.8841
50.8835
50.8827
50.9105
50.9105
50.9106
50.9106
50.9106
50.9106
50.9107
50.9107
50.9108
50.9109
50.9111
50.9114
50.9116
50.9118
50.9119
50.912
50.9121
50.9121
50.9121
50.9122
50.9122
50.9124
50.9125
50.9127
50.9129
50.9131
50.9132
50.9134
50.9136
50.9137
50.9138
50.9138
50.9138
50.9138
50.9138
50.9139
50.914
50.9142
50.9144
50.9146
50.9147
50.9149
50.915
50.9151
50.9152
50.9153
50.9154
50.9154
50.9155
50.9155
50.9155
50.9156
50.9156
50.9156
50.9157
50.9157
50.9157
50.9157
50.9156
50.9156
50.9156
50.9156
50.9155
50.9155
50.9155
50.9154
50.9154
50.9153
50.9153
50.9153
50.9153
50.9153
50.9153
50.9153
50.9153
50.9153
50.9153
50.9154
50.9154
50.9154
50.9155
50.9156
50.9156
50.9157
50.9157
50.9158
50.9158
50.9158
50.9158
50.9159
50.9159
50.9159
50.9158
50.9158
50.9158
50.9157
50.9157
50.9156
50.9155
50.9155
50.9154
50.9153
50.9152
50.9152
50.9151
50.915
50.915
50.9149
50.9149
50.9149
50.9148
50.9148
50.9148
50.9148
50.9148
50.9148
50.9148
50.9148
50.9147
50.9147
50.9146
50.9146
50.9145
50.9144
50.9142
50.914
50.9138
50.9136
50.9134
50.9131
50.9128
50.9125
50.9122
50.9118
50.9115
50.9111
50.9107
50.9103
50.9099
50.9096
50.9092
50.9088
50.9084
50.9081
50.9078
50.9074
50.9071
50.9068
50.9065
50.9063
50.906
50.9058
50.9055
50.9053
50.905
50.9047
50.9044
50.9041
50.9037
50.9034
50.9029
50.9025
50.902
50.9015
50.9009
50.9004
50.8998
50.8992
50.8985
50.8979
50.8973
50.8966
50.896
50.8953
50.8947
50.894
50.8934
50.8928
50.8922
50.8917
50.8911
50.8906
50.8901
50.8897
50.8893
50.8889
50.8885
50.8882
50.8879
50.8876
50.8873
50.887
50.8866
50.8863
50.8858
50.8853
50.8847
50.8842
50.8826
50.8881
50.9104
50.9104
50.9104
50.9104
50.9105
50.9105
50.9105
50.9106
50.9106
50.9108
50.911
50.9112
50.9115
50.9117
50.9118
50.9119
50.9119
50.912
50.912
50.912
50.9121
50.9122
50.9124
50.9125
50.9127
50.9129
50.9131
50.9133
50.9135
50.9136
50.9137
50.9137
50.9137
50.9137
50.9137
50.9138
50.9139
50.9141
50.9143
50.9145
50.9146
50.9148
50.9149
50.915
50.9151
50.9152
50.9153
50.9153
50.9154
50.9154
50.9155
50.9155
50.9155
50.9155
50.9156
50.9156
50.9156
50.9156
50.9156
50.9155
50.9155
50.9155
50.9154
50.9154
50.9154
50.9153
50.9153
50.9152
50.9152
50.9152
50.9152
50.9152
50.9152
50.9152
50.9152
50.9152
50.9152
50.9153
50.9153
50.9154
50.9154
50.9155
50.9155
50.9156
50.9156
50.9157
50.9157
50.9157
50.9158
50.9158
50.9158
50.9158
50.9157
50.9157
50.9157
50.9156
50.9156
50.9155
50.9154
50.9154
50.9153
50.9152
50.9151
50.9151
50.915
50.9149
50.9149
50.9148
50.9148
50.9148
50.9148
50.9147
50.9147
50.9147
50.9147
50.9147
50.9147
50.9147
50.9146
50.9146
50.9146
50.9145
50.9144
50.9143
50.9141
50.914
50.9138
50.9135
50.9133
50.913
50.9127
50.9124
50.9121
50.9117
50.9114
50.911
50.9106
50.9102
50.9098
50.9095
50.9091
50.9087
50.9083
50.908
50.9077
50.9073
50.907
50.9067
50.9065
50.9062
50.9059
50.9057
50.9054
50.9052
50.9049
50.9046
50.9043
50.904
50.9037
50.9033
50.9029
50.9024
50.9019
50.9014
50.9009
50.9003
50.8997
50.8991
50.8984
50.8978
50.8972
50.8965
50.8959
50.8952
50.8946
50.894
50.8933
50.8927
50.8921
50.8916
50.891
50.8905
50.89
50.8896
50.8892
50.8888
50.8885
50.8881
50.8878
50.8875
50.8872
50.8869
50.8865
50.8862
50.8857
50.8853
50.8846
50.8842
50.882
50.8938
50.8984
50.9051
50.9057
50.9038
50.902
50.9006
50.8985
50.8946
50.8898
50.8856
50.8827
50.8841
50.8914
50.8948
50.8882
50.8728
50.8543
50.8414
50.83
50.8211
50.8948
50.8981
50.8978
50.8961
50.8944
50.893
50.891
50.8869
50.8822
50.8782
50.8756
50.8772
50.8855
50.8872
50.8782
50.8595
50.8416
50.8301
50.8199
50.812
50.8831
50.8828
50.8816
50.8793
50.8763
50.8726
50.8682
50.8633
50.8573
50.8505
50.8424
50.8332
50.8229
50.8128
50.8039
50.7959
50.7873
50.7768
50.7656
50.753
50.8594
50.8563
50.857
50.8584
50.8573
50.8535
50.8478
50.8404
50.8343
50.8263
50.8196
50.8127
50.8052
50.7987
50.7922
50.7863
50.7809
50.7767
50.7736
50.7714
50.8496
50.837
50.8324
50.8316
50.8293
50.8242
50.8174
50.8089
50.8011
50.792
50.7837
50.775
50.7669
50.7586
50.7511
50.7437
50.7376
50.7322
50.7285
50.7265
50.7965
50.7747
50.7624
50.7588
50.7577
50.7569
50.755
50.7536
50.7534
50.7531
50.7525
50.7521
50.7519
50.7518
50.7516
50.7515
50.7514
50.7513
50.7512
50.7512
50.7511
50.7511
50.751
50.751
50.7509
50.7508
50.7507
50.7506
50.7504
50.7502
50.75
50.7497
50.7495
50.7492
50.7489
50.7487
50.7485
50.7483
50.7478
50.7473
50.7469
50.7465
50.7462
50.7459
50.7456
50.7453
50.7451
50.7449
50.7446
50.7444
50.7441
50.7439
50.7436
50.7434
50.7433
50.7433
50.7433
50.7434
50.7436
50.7436
50.7436
50.7437
50.7438
50.7441
50.7445
50.745
50.7455
50.7457
50.7441
50.7369
50.7284
50.7247
50.7247
50.7273
50.7367
50.7469
50.7528
50.7556
50.7566
50.7567
50.7564
50.7558
50.7553
50.7549
50.7546
50.7544
50.7541
50.7539
50.7538
50.7536
50.7534
50.7533
50.7531
50.7529
50.7528
50.7526
50.7525
50.7524
50.7523
50.7522
50.7521
50.7521
50.752
50.752
50.752
50.7521
50.7521
50.7522
50.7523
50.7524
50.7525
50.7526
50.7527
50.7528
50.753
50.7531
50.7532
50.7533
50.7534
50.7535
50.7536
50.7537
50.7537
50.7538
50.7538
50.7537
50.7537
50.7536
50.7535
50.7534
50.7532
50.753
50.7528
50.7526
50.7524
50.7521
50.7518
50.7515
50.7512
50.7509
50.7505
50.7502
50.7499
50.7496
50.7492
50.7489
50.7486
50.7484
50.7481
50.7479
50.7476
50.7474
50.7473
50.7471
50.747
50.7468
50.7467
50.7466
50.7465
50.7464
50.7463
50.7461
50.746
50.7459
50.7457
50.7456
50.7454
50.7452
50.7449
50.7447
50.7444
50.7441
50.7438
50.7435
50.7431
50.7427
50.7423
50.7419
50.7415
50.741
50.7405
50.74
50.7395
50.7389
50.7384
50.7378
50.7372
50.7367
50.7361
50.7356
50.735
50.7345
50.734
50.7336
50.7331
50.7327
50.7323
50.732
50.7305
50.7391
50.7949
50.774
50.762
50.7581
50.7568
50.7556
50.7539
50.7526
50.7523
50.7519
50.7514
50.751
50.7508
50.7507
50.7506
50.7504
50.7504
50.7503
50.7502
50.7502
50.7501
50.7501
50.75
50.75
50.7499
50.7498
50.7497
50.7495
50.7493
50.7491
50.7489
50.7486
50.7483
50.748
50.7477
50.7474
50.7472
50.7469
50.7465
50.7461
50.7457
50.7453
50.7451
50.7448
50.7445
50.7443
50.744
50.7437
50.7434
50.743
50.7427
50.7424
50.7421
50.742
50.7419
50.7418
50.7418
50.7418
50.7416
50.7415
50.7414
50.7415
50.7418
50.7422
50.7427
50.7432
50.7434
50.7423
50.7371
50.7311
50.7282
50.7281
50.7296
50.7356
50.7443
50.7501
50.7534
50.7549
50.7555
50.7556
50.7555
50.7552
50.755
50.7547
50.7545
50.7543
50.7542
50.754
50.7538
50.7537
50.7535
50.7533
50.7532
50.753
50.7529
50.7527
50.7526
50.7525
50.7524
50.7523
50.7522
50.7522
50.7521
50.7521
50.7521
50.7521
50.7522
50.7523
50.7523
50.7524
50.7526
50.7527
50.7528
50.7529
50.7531
50.7532
50.7533
50.7534
50.7535
50.7536
50.7537
50.7538
50.7538
50.7538
50.7538
50.7538
50.7538
50.7537
50.7536
50.7535
50.7533
50.7531
50.7529
50.7527
50.7525
50.7522
50.7519
50.7516
50.7513
50.751
50.7506
50.7503
50.75
50.7497
50.7493
50.749
50.7487
50.7485
50.7482
50.748
50.7477
50.7475
50.7474
50.7472
50.747
50.7469
50.7468
50.7467
50.7466
50.7465
50.7463
50.7462
50.7461
50.746
50.7458
50.7456
50.7455
50.7452
50.745
50.7448
50.7445
50.7442
50.7439
50.7435
50.7432
50.7428
50.7424
50.742
50.7416
50.7411
50.7406
50.7401
50.7396
50.739
50.7385
50.7379
50.7373
50.7368
50.7362
50.7357
50.7351
50.7346
50.7341
50.7336
50.7332
50.7328
50.7324
50.7321
50.7309
50.7344
50.7171
50.729
50.738
50.7393
50.7377
50.7364
50.7358
50.7356
50.7354
50.7352
50.735
50.7348
50.7347
50.7346
50.7345
50.7344
50.7344
50.7344
50.7343
50.7343
50.7342
50.7341
50.734
50.7339
50.7338
50.7336
50.7335
50.7334
50.7333
50.7331
50.733
50.7328
50.7325
50.7322
50.7319
50.7315
50.731
50.7305
50.7301
50.7297
50.7292
50.7287
50.7281
50.7276
50.727
50.7265
50.7261
50.7258
50.7256
50.7255
50.7261
50.7284
50.7318
50.735
50.7376
50.7396
50.7411
50.7422
50.7429
50.7434
50.7438
50.7443
50.7447
50.745
50.7454
50.7459
50.7464
50.7471
50.7478
50.7488
50.7497
50.7507
50.7515
50.7522
50.7528
50.7532
50.7535
50.7538
50.7539
50.754
50.7541
50.7542
50.7542
50.7542
50.7541
50.754
50.754
50.7539
50.7537
50.7536
50.7535
50.7533
50.7532
50.753
50.7529
50.7527
50.7526
50.7525
50.7524
50.7523
50.7522
50.7522
50.7521
50.7521
50.7521
50.7521
50.7522
50.7523
50.7523
50.7524
50.7526
50.7527
50.7528
50.7529
50.7531
50.7532
50.7533
50.7534
50.7535
50.7536
50.7537
50.7538
50.7538
50.7538
50.7538
50.7538
50.7538
50.7537
50.7536
50.7535
50.7533
50.7531
50.7529
50.7527
50.7525
50.7522
50.7519
50.7516
50.7513
50.751
50.7506
50.7503
50.75
50.7497
50.7493
50.749
50.7487
50.7485
50.7482
50.748
50.7477
50.7475
50.7474
50.7472
50.747
50.7469
50.7468
50.7467
50.7466
50.7465
50.7464
50.7462
50.7461
50.746
50.7458
50.7456
50.7455
50.7452
50.745
50.7448
50.7445
50.7442
50.7439
50.7435
50.7432
50.7428
50.7424
50.742
50.7416
50.7411
50.7406
50.7401
50.7396
50.739
50.7385
50.7379
50.7373
50.7368
50.7362
50.7356
50.7351
50.7346
50.7341
50.7336
50.7332
50.7328
50.7324
50.732
50.7318
50.7315
50.7644
50.7608
50.7586
50.7569
50.7552
50.7539
50.7533
50.753
50.7526
50.7522
50.7518
50.7515
50.7513
50.7511
50.7509
50.7508
50.7507
50.7506
50.7506
50.7505
50.7505
50.7504
50.7504
50.7503
50.7502
50.7502
50.7501
50.75
50.7499
50.7497
50.7496
50.7494
50.7491
50.7489
50.7486
50.7483
50.7479
50.7475
50.7471
50.7468
50.7464
50.7461
50.7457
50.7454
50.7451
50.7449
50.7446
50.7444
50.7441
50.7439
50.7438
50.7436
50.7435
50.7434
50.7434
50.7432
50.743
50.7429
50.7428
50.7425
50.742
50.7417
50.7418
50.742
50.7419
50.7407
50.7384
50.7369
50.7366
50.7371
50.7381
50.7411
50.7462
50.7502
50.7528
50.7542
50.7549
50.7552
50.7553
50.7552
50.755
50.7549
50.7547
50.7545
50.7544
50.7542
50.7541
50.754
50.7538
50.7536
50.7535
50.7533
50.7532
50.753
50.7529
50.7527
50.7526
50.7525
50.7524
50.7523
50.7522
50.7522
50.7521
50.7521
50.7521
50.7521
50.7522
50.7523
50.7523
50.7524
50.7526
50.7527
50.7528
50.7529
50.7531
50.7532
50.7533
50.7534
50.7535
50.7536
50.7537
50.7538
50.7538
50.7538
50.7538
50.7538
50.7538
50.7537
50.7536
50.7535
50.7533
50.7531
50.7529
50.7527
50.7525
50.7522
50.7519
50.7516
50.7513
50.751
50.7506
50.7503
50.75
50.7497
50.7493
50.749
50.7487
50.7485
50.7482
50.748
50.7477
50.7475
50.7474
50.7472
50.747
50.7469
50.7468
50.7467
50.7466
50.7465
50.7464
50.7462
50.7461
50.746
50.7458
50.7456
50.7455
50.7452
50.745
50.7448
50.7445
50.7442
50.7439
50.7435
50.7432
50.7428
50.7424
50.742
50.7416
50.7411
50.7406
50.7401
50.7396
50.739
50.7385
50.7379
50.7373
50.7368
50.7362
50.7356
50.7351
50.7346
50.7341
50.7336
50.7332
50.7328
50.7324
50.7321
50.7322
50.7307
50.7486
50.7515
50.7498
50.7485
50.7469
50.7457
50.7451
50.7447
50.7444
50.744
50.7436
50.7433
50.7431
50.7429
50.7428
50.7427
50.7426
50.7426
50.7425
50.7425
50.7425
50.7425
50.7425
50.7425
50.7425
50.7425
50.7424
50.7424
50.7423
50.7421
50.7419
50.7417
50.7415
50.7412
50.7409
50.7406
50.7402
50.7398
50.7394
50.7391
50.7387
50.7385
50.7382
50.7379
50.7376
50.7374
50.7371
50.7369
50.7367
50.7365
50.7363
50.7362
50.7361
50.7359
50.7358
50.7356
50.7353
50.735
50.7348
50.7348
50.7351
50.7355
50.7358
50.7352
50.7306
50.7227
50.7181
50.7169
50.7176
50.7208
50.7289
50.7367
50.7424
50.7464
50.7492
50.7511
50.7523
50.753
50.7535
50.7538
50.754
50.7541
50.7541
50.7541
50.7541
50.754
50.7539
50.7538
50.7537
50.7535
50.7534
50.7532
50.7531
50.7529
50.7528
50.7526
50.7525
50.7524
50.7523
50.7522
50.7521
50.7521
50.752
50.752
50.752
50.7521
50.7521
50.7522
50.7523
50.7524
50.7525
50.7526
50.7527
50.7528
50.753
50.7531
50.7532
50.7533
50.7534
50.7535
50.7536
50.7537
50.7537
50.7538
50.7538
50.7537
50.7537
50.7536
50.7535
50.7534
50.7532
50.753
50.7528
50.7526
50.7524
50.7521
50.7518
50.7515
50.7512
50.7509
50.7505
50.7502
50.7499
50.7496
50.7492
50.7489
50.7486
50.7484
50.7481
50.7479
50.7476
50.7474
50.7473
50.7471
50.747
50.7468
50.7467
50.7466
50.7465
50.7464
50.7463
50.7461
50.746
50.7459
50.7457
50.7456
50.7454
50.7452
50.7449
50.7447
50.7444
50.7441
50.7438
50.7435
50.7431
50.7427
50.7423
50.7419
50.7415
50.741
50.7405
50.74
50.7395
50.7389
50.7384
50.7378
50.7373
50.7367
50.7361
50.7356
50.735
50.7345
50.734
50.7335
50.7331
50.7327
50.7324
50.732
50.7321
50.7305
50.7012
50.6881
50.6832
50.6823
50.68
50.6749
50.6681
50.6609
50.6527
50.6445
50.6362
50.6275
50.6196
50.6115
50.6047
50.5981
50.5928
50.5879
50.5845
50.5829
50.7101
50.7068
50.7073
50.7086
50.7075
50.7036
50.6978
50.6921
50.685
50.6785
50.6714
50.6644
50.6574
50.651
50.6453
50.6397
50.6351
50.6313
50.6283
50.6263
50.7322
50.732
50.7309
50.7288
50.726
50.7225
50.7184
50.7132
50.7071
50.6998
50.6921
50.6847
50.6776
50.6698
50.6604
50.6502
50.6392
50.6272
50.6135
50.5997
50.7429
50.7465
50.7463
50.7445
50.7427
50.7408
50.7384
50.7358
50.735
50.7389
50.7395
50.7334
50.7214
50.7093
50.7004
50.6925
50.6858
50.6826
50.6894
50.7025
50.7464
50.7533
50.754
50.752
50.7502
50.7482
50.7457
50.7431
50.7421
50.7455
50.7465
50.7419
50.7312
50.7186
50.709
50.7007
50.6932
50.6891
50.6952
50.7098
50.6031
50.6054
50.6049
50.6037
50.6025
50.602
50.6017
50.6017
50.6015
50.6014
50.6012
50.601
50.6007
50.6005
50.6001
50.5998
50.5993
50.5989
50.5984
50.5979
50.5974
50.5969
50.5963
50.5957
50.5952
50.5946
50.594
50.5934
50.5928
50.5922
50.5916
50.5909
50.5902
50.5896
50.5889
50.5882
50.5876
50.5869
50.5863
50.5856
50.585
50.5844
50.5839
50.5833
50.5828
50.5823
50.5819
50.5815
50.5811
50.5808
50.5806
50.5803
50.5801
50.5798
50.5795
50.5792
50.579
50.5787
50.5783
50.578
50.5779
50.5779
50.578
50.578
50.5773
50.5736
50.5652
50.5593
50.5571
50.5569
50.5587
50.5654
50.5729
50.5783
50.5819
50.5843
50.5857
50.5863
50.5866
50.5865
50.5863
50.586
50.5856
50.5851
50.5847
50.5842
50.5838
50.5833
50.5829
50.5825
50.5821
50.5818
50.5814
50.5812
50.581
50.5808
50.5807
50.5807
50.5795
50.5876
50.6183
50.6147
50.6134
50.6119
50.6105
50.61
50.6098
50.6097
50.6095
50.6092
50.609
50.6088
50.6085
50.6082
50.6079
50.6075
50.6071
50.6067
50.6062
50.6057
50.6051
50.6046
50.604
50.6034
50.6028
50.6022
50.6015
50.6009
50.6003
50.5997
50.599
50.5984
50.5977
50.597
50.5964
50.5957
50.595
50.5943
50.5937
50.5931
50.5924
50.5918
50.5912
50.5907
50.5902
50.5897
50.5893
50.5889
50.5885
50.5881
50.5878
50.5876
50.5874
50.5872
50.587
50.5868
50.5866
50.5862
50.5859
50.5857
50.5853
50.5847
50.5842
50.5839
50.5837
50.5833
50.582
50.5794
50.5772
50.5761
50.5758
50.576
50.5777
50.582
50.5856
50.5878
50.5888
50.5891
50.5889
50.5884
50.5878
50.5871
50.5864
50.5858
50.5852
50.5846
50.584
50.5835
50.5831
50.5826
50.5822
50.5819
50.5816
50.5813
50.5811
50.5809
50.5808
50.5807
50.5799
50.5832
50.5744
50.5864
50.5945
50.5954
50.5938
50.5932
50.5931
50.5931
50.593
50.5928
50.5925
50.5923
50.592
50.5918
50.5915
50.5912
50.5909
50.5906
50.5902
50.5898
50.5893
50.5888
50.5882
50.5876
50.587
50.5863
50.5857
50.585
50.5844
50.5837
50.583
50.5823
50.5817
50.581
50.5802
50.5795
50.5787
50.578
50.5772
50.5764
50.5757
50.575
50.5743
50.5736
50.5729
50.5721
50.5715
50.5709
50.5704
50.5701
50.5698
50.5701
50.572
50.5752
50.5781
50.5806
50.5825
50.5839
50.5848
50.5854
50.5858
50.5861
50.5862
50.5863
50.5864
50.5864
50.5865
50.5865
50.5866
50.5869
50.5872
50.5876
50.5879
50.5881
50.5882
50.5882
50.588
50.5878
50.5874
50.587
50.5866
50.5862
50.5857
50.5852
50.5848
50.5843
50.5838
50.5834
50.583
50.5825
50.5822
50.5818
50.5815
50.5813
50.5811
50.5809
50.5808
50.5807
50.5807
50.5808
50.6538
50.616
50.6143
50.6189
50.6157
50.6109
50.6096
50.6097
50.6093
50.6088
50.6084
50.6082
50.608
50.6077
50.6073
50.6069
50.6065
50.6061
50.6056
50.6051
50.6046
50.6041
50.6035
50.603
50.6024
50.6018
50.6012
50.6005
50.5999
50.5992
50.5985
50.5979
50.5972
50.5964
50.5957
50.595
50.5943
50.5937
50.593
50.5924
50.5917
50.5911
50.5905
50.59
50.5895
50.589
50.5885
50.5881
50.5876
50.5872
50.5867
50.5863
50.586
50.5858
50.5856
50.5854
50.5852
50.585
50.5846
50.5843
50.584
50.5839
50.5839
50.5839
50.584
50.5841
50.5841
50.584
50.5828
50.5779
50.5711
50.5669
50.5657
50.566
50.5697
50.5778
50.5837
50.587
50.5883
50.5886
50.5882
50.5876
50.5869
50.5861
50.5854
50.5847
50.5842
50.5836
50.5831
50.5827
50.5823
50.5819
50.5816
50.5813
50.5811
50.5809
50.5808
50.5808
50.5812
50.5802
50.658
50.6167
50.6148
50.6196
50.6167
50.6118
50.6105
50.6107
50.6104
50.6099
50.6095
50.6093
50.6091
50.6088
50.6084
50.608
50.6076
50.6072
50.6067
50.6062
50.6057
50.6051
50.6046
50.604
50.6034
50.6028
50.6022
50.6016
50.6009
50.6002
50.5996
50.5989
50.5982
50.5975
50.5968
50.5961
50.5954
50.5947
50.5941
50.5935
50.5928
50.5922
50.5916
50.5911
50.5905
50.59
50.5896
50.5892
50.5888
50.5885
50.5881
50.5878
50.5874
50.5872
50.587
50.5869
50.5868
50.5867
50.5865
50.5863
50.5861
50.5859
50.5858
50.5858
50.5858
50.5859
50.5859
50.5859
50.5857
50.5845
50.5791
50.5694
50.5636
50.562
50.5627
50.5687
50.5789
50.5855
50.5886
50.5895
50.5892
50.5886
50.5875
50.5865
50.5856
50.5849
50.5842
50.5836
50.5831
50.5826
50.5822
50.5818
50.5815
50.5812
50.581
50.5808
50.5807
50.5807
50.5811
50.58
50.552
50.5393
50.5347
50.5338
50.5316
50.5267
50.5202
50.5133
50.5054
50.4976
50.4896
50.4813
50.4738
50.4662
50.4597
50.4534
50.4484
50.4438
50.4405
50.439
50.5606
50.5575
50.558
50.5593
50.5582
50.5546
50.5489
50.5436
50.5366
50.5305
50.5238
50.517
50.5105
50.5045
50.4989
50.4936
50.4894
50.4858
50.483
50.4811
50.5816
50.5815
50.5806
50.5786
50.576
50.5727
50.5687
50.5637
50.5578
50.5509
50.5438
50.537
50.5303
50.5223
50.5131
50.5031
50.4924
50.4806
50.4671
50.4546
50.5919
50.5954
50.5953
50.5937
50.5921
50.5905
50.5884
50.5865
50.5873
50.5902
50.5888
50.581
50.5686
50.5588
50.5512
50.5441
50.5384
50.5375
50.5488
50.5566
50.5952
50.6021
50.6028
50.601
50.5994
50.5976
50.5955
50.5936
50.594
50.5967
50.5959
50.5896
50.5779
50.5673
50.5593
50.5516
50.5452
50.5435
50.5539
50.5644
50.4585
50.4616
50.4619
50.4614
50.4606
50.4606
50.4609
50.4614
50.4617
50.4621
50.4624
50.4627
50.4631
50.4635
50.4638
50.4642
50.4645
50.4649
50.4652
50.4656
50.4659
50.4663
50.4666
50.467
50.4673
50.4677
50.4681
50.4685
50.4689
50.4693
50.4698
50.4703
50.4708
50.4714
50.472
50.4726
50.4733
50.474
50.4748
50.4757
50.4766
50.4775
50.4785
50.4796
50.4807
50.4819
50.4833
50.4846
50.4861
50.4876
50.4892
50.4907
50.4923
50.494
50.4957
50.4973
50.4989
50.5005
50.5024
50.5046
50.507
50.5092
50.5104
50.5074
50.5014
50.4987
50.4995
50.5024
50.5077
50.5177
50.5274
50.5351
50.5411
50.5458
50.5498
50.553
50.5559
50.5587
50.5614
50.5639
50.5664
50.569
50.5715
50.5741
50.5768
50.5794
50.5822
50.5849
50.5878
50.5906
50.5936
50.5966
50.5997
50.6028
50.606
50.6092
50.6126
50.6159
50.6194
50.6229
50.6265
50.6301
50.6338
50.6376
50.6414
50.6453
50.6492
50.6532
50.6572
50.6612
50.6653
50.6694
50.6736
50.6777
50.6819
50.6861
50.6904
50.6946
50.6989
50.7032
50.7075
50.7118
50.7161
50.7205
50.7249
50.7293
50.7337
50.7381
50.7426
50.7471
50.7516
50.7561
50.7607
50.7653
50.77
50.7746
50.7794
50.7841
50.7889
50.7938
50.7987
50.8036
50.8086
50.8137
50.8188
50.8239
50.8291
50.8344
50.8397
50.8451
50.8506
50.8561
50.8617
50.8673
50.873
50.8787
50.8845
50.8903
50.8962
50.9021
50.9081
50.914
50.9201
50.9261
50.9322
50.9383
50.9444
50.9505
50.9566
50.9627
50.9689
50.975
50.9812
50.9874
50.9935
50.9997
51.0059
51.0122
51.0184
51.0246
51.0309
51.0372
51.0435
51.0499
51.0562
51.0626
51.0691
51.0754
51.082
51.0883
51.095
51.1013
51.1081
51.1144
51.1213
51.1276
51.1347
51.141
51.1484
51.1549
50.4731
50.4706
50.4701
50.4693
50.4685
50.4685
50.4688
50.4692
50.4695
50.4698
50.4702
50.4705
50.4709
50.4712
50.4715
50.4719
50.4722
50.4725
50.4728
50.4731
50.4734
50.4738
50.4741
50.4745
50.4748
50.4752
50.4755
50.4759
50.4764
50.4768
50.4773
50.4778
50.4783
50.4788
50.4794
50.4801
50.4808
50.4815
50.4823
50.4831
50.484
50.4849
50.4859
50.487
50.4882
50.4894
50.4907
50.492
50.4934
50.4949
50.4964
50.498
50.4998
50.5015
50.5031
50.5047
50.5065
50.5083
50.5099
50.5113
50.513
50.515
50.5172
50.519
50.5194
50.5191
50.5196
50.5212
50.5238
50.5271
50.5322
50.5392
50.5451
50.5494
50.5527
50.5556
50.5583
50.5606
50.5627
50.5649
50.5672
50.5695
50.5719
50.5744
50.577
50.5796
50.5823
50.5851
50.5879
50.5908
50.5937
50.5967
50.5998
50.6029
50.6061
50.6093
50.6126
50.616
50.6195
50.623
50.6266
50.6302
50.6339
50.6377
50.6415
50.6454
50.6493
50.6533
50.6573
50.6613
50.6654
50.6695
50.6736
50.6778
50.682
50.6862
50.6905
50.6947
50.699
50.7033
50.7076
50.7119
50.7162
50.7206
50.725
50.7293
50.7338
50.7382
50.7427
50.7471
50.7517
50.7562
50.7608
50.7654
50.77
50.7747
50.7794
50.7842
50.789
50.7939
50.7988
50.8037
50.8087
50.8137
50.8188
50.824
50.8292
50.8345
50.8398
50.8452
50.8507
50.8562
50.8618
50.8674
50.8731
50.8788
50.8846
50.8904
50.8963
50.9022
50.9081
50.9141
50.9202
50.9262
50.9323
50.9383
50.9444
50.9506
50.9567
50.9628
50.969
50.9751
50.9813
50.9875
50.9936
50.9998
51.006
51.0122
51.0185
51.0247
51.031
51.0373
51.0436
51.0499
51.0563
51.0627
51.0691
51.0755
51.0821
51.0884
51.0951
51.1014
51.1082
51.1145
51.1214
51.1277
51.1348
51.1411
51.1485
51.155
50.4315
50.444
50.452
50.4529
50.4519
50.4518
50.4522
50.4527
50.4532
50.4536
50.4541
50.4545
50.455
50.4554
50.4558
50.4561
50.4564
50.4567
50.457
50.4573
50.4575
50.4578
50.4581
50.4585
50.4588
50.4592
50.4596
50.46
50.4604
50.4608
50.4613
50.4618
50.4623
50.4629
50.4635
50.4641
50.4647
50.4653
50.466
50.4668
50.4675
50.4682
50.4689
50.4696
50.4705
50.4715
50.4727
50.474
50.4756
50.4775
50.4804
50.4853
50.4903
50.4948
50.4987
50.5022
50.5052
50.5078
50.5103
50.5128
50.5151
50.5174
50.5197
50.5221
50.5245
50.527
50.5296
50.5324
50.5353
50.5382
50.541
50.5439
50.5466
50.5493
50.5518
50.5543
50.5567
50.5591
50.5616
50.564
50.5665
50.569
50.5716
50.5742
50.5768
50.5795
50.5822
50.585
50.5878
50.5907
50.5937
50.5967
50.5997
50.6029
50.6061
50.6093
50.6126
50.616
50.6195
50.623
50.6266
50.6302
50.6339
50.6377
50.6415
50.6454
50.6493
50.6533
50.6573
50.6613
50.6654
50.6695
50.6736
50.6778
50.682
50.6862
50.6905
50.6947
50.699
50.7033
50.7076
50.7119
50.7162
50.7206
50.725
50.7293
50.7338
50.7382
50.7427
50.7471
50.7517
50.7562
50.7608
50.7654
50.77
50.7747
50.7794
50.7842
50.789
50.7939
50.7988
50.8037
50.8087
50.8137
50.8188
50.824
50.8292
50.8345
50.8398
50.8452
50.8507
50.8562
50.8618
50.8674
50.8731
50.8788
50.8846
50.8904
50.8963
50.9022
50.9081
50.9141
50.9202
50.9262
50.9323
50.9383
50.9444
50.9506
50.9567
50.9628
50.969
50.9751
50.9813
50.9875
50.9936
50.9998
51.006
51.0122
51.0185
51.0247
51.031
51.0373
51.0436
51.05
51.0563
51.0627
51.0691
51.0755
51.082
51.0884
51.095
51.1015
51.1081
51.1147
51.1212
51.1279
51.1347
51.1411
51.1482
51.1549
50.5002
50.4683
50.4718
50.4767
50.4726
50.4688
50.4685
50.4691
50.4694
50.4695
50.4697
50.4701
50.4705
50.4708
50.4711
50.4715
50.4718
50.4721
50.4724
50.4727
50.473
50.4733
50.4736
50.4739
50.4742
50.4746
50.4749
50.4753
50.4757
50.4762
50.4766
50.4771
50.4777
50.4782
50.4788
50.4795
50.4802
50.4809
50.4817
50.4825
50.4834
50.4843
50.4853
50.4864
50.4875
50.4887
50.4899
50.4912
50.4924
50.4938
50.4953
50.4968
50.4985
50.5003
50.5021
50.5038
50.5054
50.507
50.5087
50.5106
50.5126
50.5147
50.5171
50.5196
50.5221
50.5242
50.5246
50.5207
50.5172
50.5167
50.519
50.523
50.5315
50.5419
50.5494
50.5544
50.5579
50.5607
50.5633
50.5654
50.5675
50.5698
50.5721
50.5746
50.5771
50.5797
50.5824
50.5851
50.5879
50.5908
50.5937
50.5967
50.5998
50.6029
50.6061
50.6093
50.6126
50.616
50.6195
50.623
50.6266
50.6302
50.6339
50.6377
50.6415
50.6454
50.6493
50.6533
50.6573
50.6613
50.6654
50.6695
50.6736
50.6778
50.682
50.6862
50.6905
50.6947
50.699
50.7033
50.7076
50.7119
50.7162
50.7206
50.725
50.7293
50.7338
50.7382
50.7427
50.7471
50.7517
50.7562
50.7608
50.7654
50.77
50.7747
50.7794
50.7842
50.789
50.7939
50.7988
50.8037
50.8087
50.8137
50.8188
50.824
50.8292
50.8345
50.8398
50.8452
50.8507
50.8562
50.8618
50.8674
50.8731
50.8788
50.8846
50.8904
50.8963
50.9022
50.9081
50.9141
50.9202
50.9262
50.9323
50.9383
50.9444
50.9506
50.9567
50.9628
50.969
50.9751
50.9813
50.9875
50.9936
50.9998
51.006
51.0122
51.0185
51.0247
51.031
51.0373
51.0436
51.05
51.0563
51.0627
51.0691
51.0756
51.0819
51.0886
51.0949
51.1016
51.1079
51.1148
51.1211
51.1281
51.1344
51.1415
51.1472
51.1555
50.5045
50.4688
50.4721
50.4776
50.4735
50.4696
50.4695
50.4702
50.4705
50.4706
50.4707
50.4711
50.4715
50.4718
50.4721
50.4724
50.4728
50.4731
50.4734
50.4737
50.474
50.4743
50.4746
50.4749
50.4753
50.4756
50.476
50.4764
50.4768
50.4772
50.4777
50.4782
50.4787
50.4793
50.4799
50.4805
50.4812
50.4819
50.4827
50.4835
50.4844
50.4853
50.4863
50.4874
50.4885
50.4897
50.491
50.4923
50.4937
50.4951
50.4965
50.4981
50.4998
50.5015
50.5033
50.5053
50.5072
50.5091
50.5109
50.5127
50.5147
50.5167
50.5189
50.5213
50.5238
50.5263
50.5284
50.5285
50.5226
50.5166
50.5154
50.5178
50.523
50.5347
50.5464
50.554
50.5586
50.5617
50.5643
50.5662
50.568
50.57
50.5723
50.5746
50.5771
50.5797
50.5823
50.585
50.5878
50.5907
50.5936
50.5966
50.5997
50.6028
50.606
50.6092
50.6126
50.6159
50.6194
50.6229
50.6265
50.6301
50.6338
50.6376
50.6414
50.6453
50.6492
50.6532
50.6572
50.6612
50.6653
50.6694
50.6736
50.6777
50.6819
50.6861
50.6904
50.6946
50.6989
50.7032
50.7075
50.7118
50.7161
50.7205
50.7249
50.7293
50.7337
50.7381
50.7426
50.7471
50.7516
50.7561
50.7607
50.7653
50.77
50.7746
50.7794
50.7841
50.7889
50.7938
50.7987
50.8036
50.8086
50.8137
50.8188
50.8239
50.8291
50.8344
50.8397
50.8451
50.8506
50.8561
50.8617
50.8673
50.873
50.8787
50.8845
50.8903
50.8962
50.9021
50.9081
50.914
50.9201
50.9261
50.9322
50.9383
50.9444
50.9505
50.9566
50.9627
50.9689
50.975
50.9812
50.9874
50.9935
50.9997
51.0059
51.0122
51.0184
51.0246
51.0309
51.0372
51.0435
51.0499
51.0562
51.0626
51.069
51.0755
51.0818
51.0885
51.0948
51.1016
51.1078
51.1147
51.121
51.128
51.1343
51.1414
51.1468
51.158
51.1669
51.1721
51.1742
51.1751
51.1759
51.1768
51.1785
51.181
51.1824
51.1805
51.1761
51.173
51.171
51.1688
51.1694
51.1757
51.1861
51.1935
51.1942
51.1865
51.1648
51.1682
51.17
51.1709
51.1717
51.1727
51.1745
51.1772
51.1785
51.176
51.1713
51.1684
51.1666
51.165
51.1659
51.1726
51.1834
51.1892
51.1878
51.178
51.1595
51.1611
51.1621
51.1626
51.1626
51.1621
51.1611
51.1595
51.1577
51.1557
51.1536
51.1507
51.1471
51.1429
51.1381
51.1325
51.1261
51.1206
51.1162
51.1124
51.1507
51.1508
51.1526
51.1542
51.1544
51.1537
51.1519
51.1499
51.1476
51.1454
51.1429
51.1412
51.1382
51.1362
51.1346
51.1329
51.1314
51.1302
51.1291
51.1287
51.1454
51.1402
51.1389
51.1395
51.1392
51.1377
51.1353
51.1326
51.1296
51.1265
51.1233
51.1204
51.1171
51.1143
51.1117
51.1095
51.1074
51.1057
51.1044
51.104
51.1222
51.1355
51.1549
51.1602
51.1656
51.1744
51.1839
51.1931
51.202
51.2113
51.2208
51.2303
51.2398
51.2493
51.259
51.2688
51.2786
51.2884
51.2983
51.3081
51.3181
51.3281
51.3381
51.3482
51.3582
51.3682
51.3783
51.3886
51.3989
51.4091
51.4195
51.4299
51.4404
51.4509
51.462
51.4728
51.483
51.4932
51.5039
51.5147
51.5256
51.5366
51.5478
51.5589
51.5697
51.5802
51.5914
51.6036
51.6162
51.6275
51.6335
51.6319
51.6354
51.646
51.6607
51.6817
51.7042
51.7215
51.7356
51.7483
51.7586
51.7687
51.7792
51.7901
51.8012
51.8123
51.8236
51.8349
51.8463
51.8577
51.8692
51.8807
51.8922
51.9038
51.9154
51.927
51.9387
51.9504
51.9622
51.974
51.9858
51.9977
52.0095
52.0214
52.0333
52.0453
52.0572
52.0692
52.0811
52.0931
52.105
52.117
52.1289
52.1409
52.1528
52.1647
52.1766
52.1884
52.2003
52.2121
52.2239
52.2356
52.2474
52.2591
52.2708
52.2825
52.2942
52.3058
52.3174
52.3291
52.3406
52.3522
52.3638
52.3753
52.3869
52.3984
52.4099
52.4214
52.4329
52.4444
52.4559
52.4674
52.4788
52.4903
52.5017
52.5131
52.5244
52.5358
52.5471
52.5584
52.5697
52.5809
52.5921
52.6033
52.6144
52.6254
52.6365
52.6474
52.6584
52.6692
52.6801
52.6908
52.7015
52.7122
52.7228
52.7334
52.7439
52.7543
52.7647
52.7751
52.7854
52.7957
52.8059
52.8161
52.8262
52.8363
52.8463
52.8563
52.8663
52.8762
52.8861
52.896
52.9058
52.9155
52.9252
52.9349
52.9446
52.9542
52.9637
52.9732
52.9826
52.992
53.0014
53.0106
53.0199
53.029
53.0381
53.0472
53.0561
53.065
53.0739
53.0826
53.0913
53.1
53.1085
53.117
53.1254
53.1338
53.1421
53.1503
53.1584
53.1665
53.1746
53.1825
53.1904
53.1983
53.206
53.2137
53.2214
53.229
53.2365
53.244
53.2514
53.2588
53.2661
53.2734
53.2806
53.2877
53.2948
53.3018
53.3087
53.3156
53.3224
53.3292
53.3359
53.3425
53.349
53.3555
53.3619
53.3682
53.3745
53.3807
53.3868
53.3928
53.3987
53.4046
53.4104
53.4162
53.4218
53.4274
53.4329
53.4383
53.4437
53.449
53.4542
53.4594
53.4644
53.4694
53.4744
53.4792
53.4841
53.4888
53.4935
53.4981
53.5026
53.5071
53.5115
53.5159
53.5202
53.5244
53.5285
53.5326
53.5367
53.5406
53.5445
53.5483
53.5521
53.5557
53.5593
53.5629
53.5663
53.5697
53.573
53.5763
53.5794
53.5825
53.5855
53.5885
53.5913
53.5941
53.5969
53.5995
53.6021
53.6046
53.607
53.6094
53.6117
53.614
53.6161
53.6182
53.6203
53.6223
53.6242
53.626
53.6278
53.6296
53.6313
53.6329
53.6344
53.636
53.6374
53.6388
53.6401
53.6414
53.6427
53.6438
53.645
53.646
53.6471
53.648
53.649
53.6499
53.6507
53.6515
53.6522
53.6529
53.6536
53.6543
53.6549
53.6555
53.656
53.6565
53.657
53.6575
53.658
53.6584
53.6589
53.6593
53.6597
53.6602
53.6606
53.661
53.6614
53.6619
53.6623
53.6627
53.6632
53.6637
53.6641
53.6646
53.6651
53.6656
53.6661
53.6667
53.6672
53.6678
53.6683
53.6689
53.6695
53.67
53.6706
53.6712
53.6718
53.6724
53.673
53.6737
53.6743
53.6749
53.6755
53.6761
53.6767
53.6773
53.6779
53.6785
53.6791
53.6796
53.6802
53.6808
53.6814
53.6819
53.6825
53.6831
53.6836
53.6842
53.6847
53.6853
53.6858
53.6863
53.6869
53.6874
53.688
53.6885
53.6891
53.6896
53.6902
53.6907
53.6913
53.6918
53.6924
53.6929
53.6935
53.694
53.6946
53.6952
53.6958
53.6963
53.6969
53.6975
53.6981
53.6987
53.6993
53.6999
53.7005
53.7011
53.7017
53.7023
53.7029
53.7036
53.7042
53.7048
53.7054
53.7061
53.7067
53.7073
53.708
53.7086
53.7093
53.7099
53.7105
53.7112
53.7118
53.7125
53.7131
53.7137
53.7143
53.715
53.7156
53.7162
53.7168
53.7174
53.718
53.7186
53.7192
53.7198
53.7204
53.7209
53.7215
53.722
53.7226
53.7231
53.7237
53.7242
53.7248
53.7253
53.7258
53.7263
53.7269
53.7274
53.7279
53.7284
53.729
53.7295
53.73
53.7306
53.7311
53.7317
53.7322
53.7328
53.7334
53.7339
53.7345
53.7351
53.7357
53.7363
53.737
53.7376
53.7382
53.7389
53.7395
53.7402
53.7409
53.7416
53.7423
53.743
53.7437
53.7444
53.7451
53.7458
53.7466
53.7473
53.748
53.7488
53.7495
53.7503
53.7511
53.7518
53.7526
53.7533
53.7541
53.7549
53.7556
53.7564
53.7572
53.758
53.7587
53.7595
53.7603
53.7611
53.7618
53.7626
53.7634
53.7641
53.7649
53.7657
53.7664
53.7672
53.768
53.7687
53.7695
53.7702
53.7709
53.7717
53.7724
53.7731
53.7738
53.7745
53.7752
53.7759
53.7766
53.7773
53.7779
53.7786
53.7792
53.7799
53.7805
53.7811
53.7817
53.7824
53.783
53.7836
53.7842
53.7847
53.7853
53.7859
53.7865
53.7871
53.7877
53.7883
53.7889
53.7894
53.79
53.7906
53.7913
53.7919
53.7925
53.7931
53.7938
53.7945
53.7951
53.7958
53.7965
53.7972
53.7979
53.7987
53.7995
53.8002
53.801
53.8018
53.8027
53.8035
53.8044
53.8052
53.8061
53.8071
53.808
53.8089
53.8099
53.8109
53.8119
53.8129
53.8139
53.815
53.816
53.8171
53.8182
53.8193
53.8204
53.8215
53.8226
53.8237
53.8249
53.826
53.8272
53.8283
53.8295
53.8307
53.8318
53.833
53.8341
53.8353
53.8365
53.8376
53.8388
53.84
53.8411
53.8423
53.8433
53.8446
53.8456
53.8469
53.8478
53.8491
53.8501
53.8514
53.8523
53.8536
53.8546
53.8558
53.8569
53.8585
51.1193
51.1352
51.1536
51.1591
51.1643
51.1727
51.1823
51.1916
51.2007
51.21
51.2195
51.2291
51.2386
51.2482
51.2579
51.2677
51.2775
51.2873
51.2972
51.3071
51.317
51.327
51.3371
51.3471
51.3571
51.3672
51.3773
51.3875
51.3977
51.408
51.4183
51.4286
51.4389
51.4493
51.4601
51.471
51.4814
51.4918
51.5025
51.5135
51.5244
51.5355
51.5465
51.5572
51.5677
51.5785
51.5904
51.603
51.6149
51.6235
51.6265
51.6312
51.6406
51.6538
51.6694
51.6891
51.7065
51.7212
51.7346
51.7468
51.7573
51.768
51.7789
51.79
51.8011
51.8124
51.8236
51.835
51.8464
51.8578
51.8693
51.8808
51.8923
51.9039
51.9155
51.9271
51.9388
51.9505
51.9623
51.9741
51.9859
51.9977
52.0096
52.0215
52.0334
52.0454
52.0573
52.0693
52.0812
52.0932
52.1051
52.1171
52.129
52.1409
52.1529
52.1648
52.1766
52.1885
52.2003
52.2121
52.2239
52.2357
52.2475
52.2592
52.2709
52.2826
52.2942
52.3059
52.3175
52.3291
52.3407
52.3523
52.3639
52.3754
52.387
52.3985
52.41
52.4215
52.433
52.4445
52.456
52.4675
52.4789
52.4903
52.5018
52.5132
52.5245
52.5359
52.5472
52.5585
52.5698
52.581
52.5922
52.6033
52.6145
52.6255
52.6365
52.6475
52.6584
52.6693
52.6801
52.6909
52.7016
52.7123
52.7229
52.7334
52.7439
52.7544
52.7648
52.7752
52.7855
52.7957
52.806
52.8161
52.8263
52.8363
52.8464
52.8564
52.8664
52.8763
52.8862
52.896
52.9058
52.9156
52.9253
52.935
52.9446
52.9542
52.9638
52.9733
52.9827
52.9921
53.0014
53.0107
53.0199
53.0291
53.0382
53.0472
53.0562
53.0651
53.0739
53.0827
53.0914
53.1
53.1086
53.1171
53.1255
53.1339
53.1422
53.1504
53.1585
53.1666
53.1746
53.1826
53.1905
53.1983
53.2061
53.2138
53.2215
53.2291
53.2366
53.2441
53.2515
53.2589
53.2662
53.2734
53.2806
53.2878
53.2948
53.3018
53.3088
53.3157
53.3225
53.3292
53.3359
53.3425
53.3491
53.3556
53.362
53.3683
53.3745
53.3807
53.3868
53.3929
53.3988
53.4047
53.4105
53.4162
53.4219
53.4275
53.433
53.4384
53.4438
53.4491
53.4543
53.4594
53.4645
53.4695
53.4744
53.4793
53.4841
53.4889
53.4935
53.4982
53.5027
53.5072
53.5116
53.516
53.5202
53.5245
53.5286
53.5327
53.5367
53.5407
53.5446
53.5484
53.5521
53.5558
53.5594
53.5629
53.5664
53.5698
53.5731
53.5763
53.5795
53.5826
53.5856
53.5885
53.5914
53.5942
53.5969
53.5996
53.6022
53.6047
53.6071
53.6095
53.6118
53.614
53.6162
53.6183
53.6204
53.6223
53.6243
53.6261
53.6279
53.6296
53.6313
53.6329
53.6345
53.636
53.6375
53.6389
53.6402
53.6415
53.6427
53.6439
53.645
53.6461
53.6471
53.6481
53.649
53.6499
53.6508
53.6515
53.6523
53.653
53.6537
53.6543
53.6549
53.6555
53.6561
53.6566
53.6571
53.6576
53.658
53.6585
53.6589
53.6594
53.6598
53.6602
53.6607
53.6611
53.6615
53.6619
53.6624
53.6628
53.6633
53.6637
53.6642
53.6647
53.6652
53.6657
53.6662
53.6667
53.6673
53.6678
53.6684
53.6689
53.6695
53.6701
53.6707
53.6713
53.6719
53.6725
53.6731
53.6737
53.6743
53.6749
53.6755
53.6761
53.6767
53.6773
53.6779
53.6785
53.6791
53.6797
53.6803
53.6809
53.6814
53.682
53.6826
53.6831
53.6837
53.6842
53.6848
53.6853
53.6859
53.6864
53.6869
53.6875
53.688
53.6886
53.6891
53.6897
53.6902
53.6908
53.6913
53.6919
53.6924
53.693
53.6935
53.6941
53.6947
53.6952
53.6958
53.6964
53.697
53.6976
53.6981
53.6987
53.6993
53.6999
53.7005
53.7011
53.7018
53.7024
53.703
53.7036
53.7042
53.7049
53.7055
53.7061
53.7068
53.7074
53.708
53.7087
53.7093
53.71
53.7106
53.7112
53.7119
53.7125
53.7131
53.7138
53.7144
53.715
53.7156
53.7163
53.7169
53.7175
53.7181
53.7187
53.7192
53.7198
53.7204
53.721
53.7215
53.7221
53.7226
53.7232
53.7237
53.7243
53.7248
53.7253
53.7259
53.7264
53.7269
53.7274
53.728
53.7285
53.729
53.7295
53.7301
53.7306
53.7312
53.7317
53.7323
53.7328
53.7334
53.734
53.7346
53.7352
53.7358
53.7364
53.737
53.7376
53.7383
53.7389
53.7396
53.7403
53.7409
53.7416
53.7423
53.743
53.7437
53.7444
53.7452
53.7459
53.7466
53.7474
53.7481
53.7488
53.7496
53.7503
53.7511
53.7519
53.7526
53.7534
53.7541
53.7549
53.7557
53.7565
53.7572
53.758
53.7588
53.7595
53.7603
53.7611
53.7619
53.7626
53.7634
53.7642
53.765
53.7657
53.7665
53.7672
53.768
53.7687
53.7695
53.7702
53.771
53.7717
53.7724
53.7731
53.7739
53.7746
53.7753
53.7759
53.7766
53.7773
53.778
53.7786
53.7793
53.7799
53.7805
53.7812
53.7818
53.7824
53.783
53.7836
53.7842
53.7848
53.7854
53.786
53.7865
53.7871
53.7877
53.7883
53.7889
53.7895
53.7901
53.7907
53.7913
53.7919
53.7925
53.7932
53.7938
53.7945
53.7952
53.7958
53.7965
53.7973
53.798
53.7987
53.7995
53.8003
53.8011
53.8019
53.8027
53.8035
53.8044
53.8053
53.8062
53.8071
53.808
53.809
53.8099
53.8109
53.8119
53.8129
53.814
53.815
53.8161
53.8171
53.8182
53.8193
53.8204
53.8215
53.8227
53.8238
53.8249
53.8261
53.8272
53.8284
53.8295
53.8307
53.8318
53.833
53.8342
53.8353
53.8365
53.8377
53.8388
53.84
53.8411
53.8423
53.8434
53.8446
53.8456
53.8469
53.8479
53.8492
53.8501
53.8514
53.8523
53.8536
53.8546
53.8559
53.8569
53.8585
51.0999
51.1201
51.1323
51.1402
51.1482
51.1569
51.166
51.1754
51.1848
51.1943
51.2039
51.2135
51.2232
51.2329
51.2427
51.2525
51.2623
51.2721
51.2819
51.2916
51.3015
51.3113
51.3213
51.3313
51.3412
51.3513
51.3615
51.3717
51.3818
51.3918
51.4019
51.412
51.422
51.4321
51.4423
51.4533
51.4651
51.4779
51.4915
51.5061
51.5197
51.5329
51.546
51.5584
51.57
51.5816
51.593
51.6045
51.616
51.6276
51.6394
51.6513
51.6632
51.6752
51.687
51.6987
51.7102
51.7216
51.7329
51.7442
51.7555
51.7668
51.7781
51.7894
51.8008
51.8121
51.8235
51.8349
51.8463
51.8578
51.8692
51.8807
51.8923
51.9039
51.9155
51.9271
51.9388
51.9505
51.9623
51.9741
51.9859
51.9977
52.0096
52.0215
52.0334
52.0454
52.0573
52.0693
52.0812
52.0932
52.1051
52.1171
52.129
52.1409
52.1529
52.1648
52.1766
52.1885
52.2003
52.2121
52.2239
52.2357
52.2475
52.2592
52.2709
52.2826
52.2942
52.3059
52.3175
52.3291
52.3407
52.3523
52.3639
52.3754
52.387
52.3985
52.41
52.4215
52.433
52.4445
52.456
52.4675
52.4789
52.4903
52.5018
52.5132
52.5245
52.5359
52.5472
52.5585
52.5698
52.581
52.5922
52.6033
52.6145
52.6255
52.6365
52.6475
52.6584
52.6693
52.6801
52.6909
52.7016
52.7123
52.7229
52.7334
52.7439
52.7544
52.7648
52.7752
52.7855
52.7957
52.806
52.8161
52.8263
52.8363
52.8464
52.8564
52.8664
52.8763
52.8862
52.896
52.9058
52.9156
52.9253
52.935
52.9446
52.9542
52.9638
52.9733
52.9827
52.9921
53.0014
53.0107
53.0199
53.0291
53.0382
53.0472
53.0562
53.0651
53.0739
53.0827
53.0914
53.1
53.1086
53.1171
53.1255
53.1339
53.1422
53.1504
53.1585
53.1666
53.1746
53.1826
53.1905
53.1983
53.2061
53.2138
53.2215
53.2291
53.2366
53.2441
53.2515
53.2589
53.2662
53.2734
53.2806
53.2878
53.2948
53.3018
53.3088
53.3157
53.3225
53.3292
53.3359
53.3425
53.3491
53.3556
53.362
53.3683
53.3745
53.3807
53.3868
53.3929
53.3988
53.4047
53.4105
53.4162
53.4219
53.4275
53.433
53.4384
53.4438
53.4491
53.4543
53.4594
53.4645
53.4695
53.4744
53.4793
53.4841
53.4889
53.4935
53.4982
53.5027
53.5072
53.5116
53.516
53.5202
53.5245
53.5286
53.5327
53.5367
53.5407
53.5446
53.5484
53.5521
53.5558
53.5594
53.5629
53.5664
53.5698
53.5731
53.5763
53.5795
53.5826
53.5856
53.5885
53.5914
53.5942
53.5969
53.5996
53.6022
53.6047
53.6071
53.6095
53.6118
53.614
53.6162
53.6183
53.6204
53.6223
53.6243
53.6261
53.6279
53.6296
53.6313
53.6329
53.6345
53.636
53.6375
53.6389
53.6402
53.6415
53.6427
53.6439
53.645
53.6461
53.6471
53.6481
53.649
53.6499
53.6508
53.6515
53.6523
53.653
53.6537
53.6543
53.6549
53.6555
53.6561
53.6566
53.6571
53.6576
53.658
53.6585
53.6589
53.6594
53.6598
53.6602
53.6607
53.6611
53.6615
53.6619
53.6624
53.6628
53.6633
53.6637
53.6642
53.6647
53.6652
53.6657
53.6662
53.6667
53.6673
53.6678
53.6684
53.6689
53.6695
53.6701
53.6707
53.6713
53.6719
53.6725
53.6731
53.6737
53.6743
53.6749
53.6755
53.6761
53.6767
53.6773
53.6779
53.6785
53.6791
53.6797
53.6803
53.6809
53.6814
53.682
53.6826
53.6831
53.6837
53.6842
53.6848
53.6853
53.6859
53.6864
53.6869
53.6875
53.688
53.6886
53.6891
53.6897
53.6902
53.6908
53.6913
53.6919
53.6924
53.693
53.6935
53.6941
53.6947
53.6952
53.6958
53.6964
53.697
53.6976
53.6981
53.6987
53.6993
53.6999
53.7005
53.7011
53.7018
53.7024
53.703
53.7036
53.7042
53.7049
53.7055
53.7061
53.7068
53.7074
53.708
53.7087
53.7093
53.71
53.7106
53.7112
53.7119
53.7125
53.7131
53.7138
53.7144
53.715
53.7156
53.7163
53.7169
53.7175
53.7181
53.7187
53.7192
53.7198
53.7204
53.721
53.7215
53.7221
53.7226
53.7232
53.7237
53.7243
53.7248
53.7253
53.7259
53.7264
53.7269
53.7274
53.728
53.7285
53.729
53.7295
53.7301
53.7306
53.7312
53.7317
53.7323
53.7328
53.7334
53.734
53.7346
53.7352
53.7358
53.7364
53.737
53.7376
53.7383
53.7389
53.7396
53.7403
53.7409
53.7416
53.7423
53.743
53.7437
53.7444
53.7452
53.7459
53.7466
53.7474
53.7481
53.7488
53.7496
53.7503
53.7511
53.7519
53.7526
53.7534
53.7541
53.7549
53.7557
53.7565
53.7572
53.758
53.7588
53.7595
53.7603
53.7611
53.7619
53.7626
53.7634
53.7642
53.765
53.7657
53.7665
53.7672
53.768
53.7687
53.7695
53.7702
53.771
53.7717
53.7724
53.7731
53.7739
53.7746
53.7753
53.7759
53.7766
53.7773
53.778
53.7786
53.7793
53.7799
53.7805
53.7812
53.7818
53.7824
53.783
53.7836
53.7842
53.7848
53.7854
53.786
53.7865
53.7871
53.7877
53.7883
53.7889
53.7895
53.7901
53.7907
53.7913
53.7919
53.7925
53.7932
53.7938
53.7945
53.7952
53.7958
53.7965
53.7973
53.798
53.7987
53.7995
53.8003
53.8011
53.8019
53.8027
53.8035
53.8044
53.8053
53.8062
53.8071
53.808
53.809
53.8099
53.8109
53.8119
53.8129
53.814
53.815
53.8161
53.8171
53.8182
53.8193
53.8204
53.8215
53.8227
53.8238
53.8249
53.8261
53.8272
53.8284
53.8295
53.8307
53.8318
53.833
53.8342
53.8353
53.8365
53.8377
53.8388
53.84
53.8411
53.8423
53.8434
53.8446
53.8456
53.8469
53.8479
53.8492
53.8501
53.8514
53.8523
53.8536
53.8546
53.8559
53.8569
53.8585
51.1247
51.137
51.1474
51.1556
51.1636
51.1723
51.1814
51.1907
51.2001
51.2095
51.219
51.2285
51.2382
51.248
51.2578
51.2676
51.2775
51.2874
51.2974
51.3073
51.3173
51.3273
51.3374
51.3474
51.3575
51.3677
51.3778
51.3881
51.3984
51.4087
51.419
51.4295
51.44
51.4505
51.4609
51.4714
51.4821
51.493
51.5036
51.5141
51.525
51.5364
51.5473
51.5572
51.5674
51.5791
51.591
51.6014
51.6099
51.6181
51.6275
51.6393
51.6528
51.6673
51.6826
51.697
51.7106
51.7236
51.735
51.7457
51.7566
51.7676
51.7787
51.7898
51.801
51.8123
51.8236
51.835
51.8464
51.8578
51.8693
51.8808
51.8923
51.9039
51.9155
51.9271
51.9388
51.9505
51.9623
51.9741
51.9859
51.9977
52.0096
52.0215
52.0334
52.0454
52.0573
52.0693
52.0812
52.0932
52.1051
52.1171
52.129
52.1409
52.1529
52.1648
52.1766
52.1885
52.2003
52.2121
52.2239
52.2357
52.2475
52.2592
52.2709
52.2826
52.2942
52.3059
52.3175
52.3291
52.3407
52.3523
52.3639
52.3754
52.387
52.3985
52.41
52.4215
52.433
52.4445
52.456
52.4675
52.4789
52.4903
52.5018
52.5132
52.5245
52.5359
52.5472
52.5585
52.5698
52.581
52.5922
52.6033
52.6145
52.6255
52.6365
52.6475
52.6584
52.6693
52.6801
52.6909
52.7016
52.7123
52.7229
52.7334
52.7439
52.7544
52.7648
52.7752
52.7855
52.7957
52.806
52.8161
52.8263
52.8363
52.8464
52.8564
52.8664
52.8763
52.8862
52.896
52.9058
52.9156
52.9253
52.935
52.9446
52.9542
52.9638
52.9733
52.9827
52.9921
53.0014
53.0107
53.0199
53.0291
53.0382
53.0472
53.0562
53.0651
53.0739
53.0827
53.0914
53.1
53.1086
53.1171
53.1255
53.1339
53.1422
53.1504
53.1585
53.1666
53.1746
53.1826
53.1905
53.1983
53.2061
53.2138
53.2215
53.2291
53.2366
53.2441
53.2515
53.2589
53.2662
53.2734
53.2806
53.2878
53.2948
53.3018
53.3088
53.3157
53.3225
53.3292
53.3359
53.3425
53.3491
53.3556
53.362
53.3683
53.3745
53.3807
53.3868
53.3929
53.3988
53.4047
53.4105
53.4162
53.4219
53.4275
53.433
53.4384
53.4438
53.4491
53.4543
53.4594
53.4645
53.4695
53.4744
53.4793
53.4841
53.4889
53.4935
53.4982
53.5027
53.5072
53.5116
53.516
53.5202
53.5245
53.5286
53.5327
53.5367
53.5407
53.5446
53.5484
53.5521
53.5558
53.5594
53.5629
53.5664
53.5698
53.5731
53.5763
53.5795
53.5826
53.5856
53.5885
53.5914
53.5942
53.5969
53.5996
53.6022
53.6047
53.6071
53.6095
53.6118
53.614
53.6162
53.6183
53.6204
53.6223
53.6243
53.6261
53.6279
53.6296
53.6313
53.6329
53.6345
53.636
53.6375
53.6389
53.6402
53.6415
53.6427
53.6439
53.645
53.6461
53.6471
53.6481
53.649
53.6499
53.6508
53.6515
53.6523
53.653
53.6537
53.6543
53.6549
53.6555
53.6561
53.6566
53.6571
53.6576
53.658
53.6585
53.6589
53.6594
53.6598
53.6602
53.6607
53.6611
53.6615
53.6619
53.6624
53.6628
53.6633
53.6637
53.6642
53.6647
53.6652
53.6657
53.6662
53.6667
53.6673
53.6678
53.6684
53.6689
53.6695
53.6701
53.6707
53.6713
53.6719
53.6725
53.6731
53.6737
53.6743
53.6749
53.6755
53.6761
53.6767
53.6773
53.6779
53.6785
53.6791
53.6797
53.6803
53.6809
53.6814
53.682
53.6826
53.6831
53.6837
53.6842
53.6848
53.6853
53.6859
53.6864
53.6869
53.6875
53.688
53.6886
53.6891
53.6897
53.6902
53.6908
53.6913
53.6919
53.6924
53.693
53.6935
53.6941
53.6947
53.6952
53.6958
53.6964
53.697
53.6976
53.6981
53.6987
53.6993
53.6999
53.7005
53.7011
53.7018
53.7024
53.703
53.7036
53.7042
53.7049
53.7055
53.7061
53.7068
53.7074
53.708
53.7087
53.7093
53.71
53.7106
53.7112
53.7119
53.7125
53.7131
53.7138
53.7144
53.715
53.7156
53.7163
53.7169
53.7175
53.7181
53.7187
53.7192
53.7198
53.7204
53.721
53.7215
53.7221
53.7226
53.7232
53.7237
53.7243
53.7248
53.7253
53.7259
53.7264
53.7269
53.7274
53.728
53.7285
53.729
53.7295
53.7301
53.7306
53.7312
53.7317
53.7323
53.7328
53.7334
53.734
53.7346
53.7352
53.7358
53.7364
53.737
53.7376
53.7383
53.7389
53.7396
53.7403
53.7409
53.7416
53.7423
53.743
53.7437
53.7444
53.7452
53.7459
53.7466
53.7474
53.7481
53.7488
53.7496
53.7503
53.7511
53.7519
53.7526
53.7534
53.7541
53.7549
53.7557
53.7565
53.7572
53.758
53.7588
53.7595
53.7603
53.7611
53.7619
53.7626
53.7634
53.7642
53.765
53.7657
53.7665
53.7672
53.768
53.7687
53.7695
53.7702
53.771
53.7717
53.7724
53.7731
53.7739
53.7746
53.7753
53.7759
53.7766
53.7773
53.778
53.7786
53.7793
53.7799
53.7805
53.7812
53.7818
53.7824
53.783
53.7836
53.7842
53.7848
53.7854
53.786
53.7865
53.7871
53.7877
53.7883
53.7889
53.7895
53.7901
53.7907
53.7913
53.7919
53.7925
53.7932
53.7938
53.7945
53.7952
53.7958
53.7965
53.7973
53.798
53.7987
53.7995
53.8003
53.8011
53.8019
53.8027
53.8035
53.8044
53.8053
53.8062
53.8071
53.808
53.809
53.8099
53.8109
53.8119
53.8129
53.814
53.815
53.8161
53.8171
53.8182
53.8193
53.8204
53.8215
53.8227
53.8238
53.8249
53.8261
53.8272
53.8284
53.8295
53.8307
53.8318
53.833
53.8342
53.8353
53.8365
53.8377
53.8388
53.84
53.8411
53.8423
53.8434
53.8446
53.8456
53.8469
53.8479
53.8492
53.8501
53.8514
53.8523
53.8536
53.8546
53.8559
53.8569
53.8585
51.1187
51.132
51.142
51.1503
51.158
51.1664
51.1752
51.1842
51.1933
51.2025
51.2119
51.2214
51.2311
51.2408
51.2505
51.2604
51.2702
51.2801
51.29
51.2999
51.3099
51.3199
51.3299
51.34
51.3501
51.3603
51.3705
51.3807
51.391
51.4013
51.4116
51.4219
51.4323
51.4428
51.4534
51.4638
51.4743
51.485
51.496
51.5071
51.5179
51.5282
51.5384
51.5493
51.5614
51.5738
51.5848
51.5905
51.5924
51.598
51.6084
51.6218
51.6375
51.6576
51.6761
51.6917
51.7058
51.7193
51.7322
51.7439
51.7554
51.7667
51.7781
51.7894
51.8007
51.8121
51.8234
51.8348
51.8462
51.8577
51.8692
51.8807
51.8922
51.9038
51.9154
51.927
51.9387
51.9504
51.9622
51.974
51.9858
51.9977
52.0095
52.0214
52.0333
52.0453
52.0572
52.0692
52.0811
52.0931
52.105
52.117
52.1289
52.1409
52.1528
52.1647
52.1766
52.1884
52.2003
52.2121
52.2239
52.2356
52.2474
52.2591
52.2708
52.2825
52.2942
52.3058
52.3174
52.3291
52.3406
52.3522
52.3638
52.3753
52.3869
52.3984
52.4099
52.4214
52.4329
52.4444
52.4559
52.4674
52.4788
52.4903
52.5017
52.5131
52.5244
52.5358
52.5471
52.5584
52.5697
52.5809
52.5921
52.6033
52.6144
52.6254
52.6365
52.6474
52.6584
52.6692
52.6801
52.6908
52.7015
52.7122
52.7228
52.7334
52.7439
52.7543
52.7647
52.7751
52.7854
52.7957
52.8059
52.8161
52.8262
52.8363
52.8463
52.8563
52.8663
52.8762
52.8861
52.896
52.9058
52.9155
52.9252
52.9349
52.9446
52.9542
52.9637
52.9732
52.9826
52.992
53.0014
53.0106
53.0199
53.029
53.0381
53.0472
53.0561
53.065
53.0739
53.0826
53.0913
53.1
53.1085
53.117
53.1254
53.1338
53.1421
53.1503
53.1584
53.1665
53.1746
53.1825
53.1904
53.1983
53.206
53.2137
53.2214
53.229
53.2365
53.244
53.2514
53.2588
53.2661
53.2734
53.2806
53.2877
53.2948
53.3018
53.3087
53.3156
53.3224
53.3292
53.3359
53.3425
53.349
53.3555
53.3619
53.3682
53.3745
53.3807
53.3868
53.3928
53.3987
53.4046
53.4104
53.4162
53.4218
53.4274
53.4329
53.4383
53.4437
53.449
53.4542
53.4594
53.4644
53.4694
53.4744
53.4792
53.4841
53.4888
53.4935
53.4981
53.5026
53.5071
53.5115
53.5159
53.5202
53.5244
53.5285
53.5326
53.5367
53.5406
53.5445
53.5483
53.5521
53.5557
53.5593
53.5629
53.5663
53.5697
53.573
53.5763
53.5794
53.5825
53.5855
53.5885
53.5913
53.5941
53.5969
53.5995
53.6021
53.6046
53.607
53.6094
53.6117
53.614
53.6161
53.6182
53.6203
53.6223
53.6242
53.626
53.6278
53.6296
53.6313
53.6329
53.6344
53.636
53.6374
53.6388
53.6401
53.6414
53.6427
53.6438
53.645
53.646
53.6471
53.648
53.649
53.6499
53.6507
53.6515
53.6522
53.6529
53.6536
53.6543
53.6549
53.6555
53.656
53.6565
53.657
53.6575
53.658
53.6584
53.6589
53.6593
53.6597
53.6602
53.6606
53.661
53.6614
53.6619
53.6623
53.6627
53.6632
53.6637
53.6641
53.6646
53.6651
53.6656
53.6661
53.6667
53.6672
53.6678
53.6683
53.6689
53.6695
53.67
53.6706
53.6712
53.6718
53.6724
53.673
53.6737
53.6743
53.6749
53.6755
53.6761
53.6767
53.6773
53.6779
53.6785
53.6791
53.6796
53.6802
53.6808
53.6814
53.6819
53.6825
53.6831
53.6836
53.6842
53.6847
53.6853
53.6858
53.6863
53.6869
53.6874
53.688
53.6885
53.6891
53.6896
53.6902
53.6907
53.6913
53.6918
53.6924
53.6929
53.6935
53.694
53.6946
53.6952
53.6958
53.6963
53.6969
53.6975
53.6981
53.6987
53.6993
53.6999
53.7005
53.7011
53.7017
53.7023
53.7029
53.7036
53.7042
53.7048
53.7054
53.7061
53.7067
53.7073
53.708
53.7086
53.7093
53.7099
53.7105
53.7112
53.7118
53.7125
53.7131
53.7137
53.7143
53.715
53.7156
53.7162
53.7168
53.7174
53.718
53.7186
53.7192
53.7198
53.7204
53.7209
53.7215
53.722
53.7226
53.7231
53.7237
53.7242
53.7248
53.7253
53.7258
53.7263
53.7269
53.7274
53.7279
53.7284
53.729
53.7295
53.73
53.7306
53.7311
53.7317
53.7322
53.7328
53.7334
53.7339
53.7345
53.7351
53.7357
53.7363
53.737
53.7376
53.7382
53.7389
53.7395
53.7402
53.7409
53.7416
53.7423
53.743
53.7437
53.7444
53.7451
53.7458
53.7466
53.7473
53.748
53.7488
53.7495
53.7503
53.7511
53.7518
53.7526
53.7533
53.7541
53.7549
53.7556
53.7564
53.7572
53.758
53.7587
53.7595
53.7603
53.7611
53.7618
53.7626
53.7634
53.7641
53.7649
53.7657
53.7664
53.7672
53.768
53.7687
53.7695
53.7702
53.7709
53.7717
53.7724
53.7731
53.7738
53.7745
53.7752
53.7759
53.7766
53.7773
53.7779
53.7786
53.7792
53.7799
53.7805
53.7811
53.7817
53.7824
53.783
53.7836
53.7842
53.7847
53.7853
53.7859
53.7865
53.7871
53.7877
53.7883
53.7889
53.7894
53.79
53.7906
53.7913
53.7919
53.7925
53.7931
53.7938
53.7945
53.7951
53.7958
53.7965
53.7972
53.7979
53.7987
53.7995
53.8002
53.801
53.8018
53.8027
53.8035
53.8044
53.8052
53.8061
53.8071
53.808
53.8089
53.8099
53.8109
53.8119
53.8129
53.8139
53.815
53.816
53.8171
53.8182
53.8193
53.8204
53.8215
53.8226
53.8237
53.8249
53.826
53.8272
53.8283
53.8295
53.8307
53.8318
53.833
53.8341
53.8353
53.8365
53.8376
53.8388
53.84
53.8411
53.8423
53.8433
53.8446
53.8456
53.8469
53.8478
53.8491
53.8501
53.8514
53.8523
53.8536
53.8546
53.8558
53.8569
53.8585
)
;

boundaryField
{
    inlet
    {
        type            calculated;
        value           nonuniform List<scalar> 5(50.9104 50.9105 50.9105 50.9105 50.9104);
    }
    outlet
    {
        type            calculated;
        value           nonuniform List<scalar> 5(53.8592 53.8592 53.8592 53.8592 53.8592);
    }
    sides
    {
        type            empty;
    }
    walls
    {
        type            calculated;
        value           nonuniform List<scalar> 
2760
(
50.9104
50.9104
50.9104
50.9104
50.9105
50.9105
50.9105
50.9106
50.9106
50.9108
50.911
50.9112
50.9115
50.9117
50.9118
50.9119
50.9119
50.912
50.912
50.912
50.9121
50.9122
50.9124
50.9125
50.9127
50.9129
50.9131
50.9133
50.9135
50.9136
50.9137
50.9137
50.9137
50.9137
50.9137
50.9138
50.9139
50.9141
50.9143
50.9145
50.9146
50.9148
50.9149
50.915
50.9151
50.9152
50.9153
50.9153
50.9154
50.9154
50.9155
50.9155
50.9155
50.9155
50.9156
50.9156
50.9156
50.9156
50.9156
50.9155
50.9155
50.9155
50.9154
50.9154
50.9154
50.9153
50.9153
50.9152
50.9152
50.9152
50.9152
50.9152
50.9152
50.9152
50.9152
50.9152
50.9152
50.9153
50.9153
50.9154
50.9154
50.9155
50.9155
50.9156
50.9156
50.9157
50.9157
50.9157
50.9158
50.9158
50.9158
50.9158
50.9157
50.9157
50.9157
50.9156
50.9156
50.9155
50.9154
50.9154
50.9153
50.9152
50.9151
50.9151
50.915
50.9149
50.9149
50.9148
50.9148
50.9148
50.9148
50.9147
50.9147
50.9147
50.9147
50.9147
50.9147
50.9147
50.9146
50.9146
50.9146
50.9145
50.9144
50.9143
50.9141
50.914
50.9138
50.9135
50.9133
50.913
50.9127
50.9124
50.9121
50.9117
50.9114
50.911
50.9106
50.9102
50.9098
50.9095
50.9091
50.9087
50.9083
50.908
50.9077
50.9073
50.907
50.9067
50.9065
50.9062
50.9059
50.9057
50.9054
50.9052
50.9049
50.9046
50.9043
50.904
50.9037
50.9033
50.9029
50.9024
50.9019
50.9014
50.9009
50.9003
50.8997
50.8991
50.8985
50.8978
50.8972
50.8965
50.8959
50.8952
50.8946
50.894
50.8933
50.8927
50.8921
50.8916
50.891
50.8905
50.89
50.8896
50.8892
50.8888
50.8885
50.8881
50.8878
50.8875
50.8872
50.8869
50.8865
50.8862
50.8857
50.8852
50.8847
50.8841
50.8838
50.8802
50.9104
50.9104
50.9104
50.9104
50.9105
50.9105
50.9105
50.9106
50.9106
50.9108
50.911
50.9112
50.9115
50.9117
50.9118
50.9119
50.9119
50.912
50.912
50.912
50.9121
50.9122
50.9124
50.9125
50.9127
50.9129
50.9131
50.9133
50.9135
50.9136
50.9137
50.9137
50.9137
50.9137
50.9137
50.9138
50.9139
50.9141
50.9143
50.9145
50.9146
50.9148
50.9149
50.915
50.9151
50.9152
50.9153
50.9153
50.9154
50.9154
50.9155
50.9155
50.9155
50.9155
50.9156
50.9156
50.9156
50.9156
50.9156
50.9155
50.9155
50.9155
50.9154
50.9154
50.9154
50.9153
50.9153
50.9152
50.9152
50.9152
50.9152
50.9152
50.9152
50.9152
50.9152
50.9152
50.9152
50.9153
50.9153
50.9154
50.9154
50.9155
50.9155
50.9156
50.9156
50.9157
50.9157
50.9157
50.9158
50.9158
50.9158
50.9158
50.9157
50.9157
50.9157
50.9156
50.9156
50.9155
50.9154
50.9154
50.9153
50.9152
50.9151
50.9151
50.915
50.9149
50.9149
50.9148
50.9148
50.9148
50.9148
50.9147
50.9147
50.9147
50.9147
50.9147
50.9147
50.9147
50.9146
50.9146
50.9146
50.9145
50.9144
50.9143
50.9141
50.914
50.9138
50.9135
50.9133
50.913
50.9127
50.9124
50.9121
50.9117
50.9114
50.911
50.9106
50.9102
50.9098
50.9095
50.9091
50.9087
50.9083
50.908
50.9077
50.9073
50.907
50.9067
50.9065
50.9062
50.9059
50.9057
50.9054
50.9052
50.9049
50.9046
50.9043
50.904
50.9037
50.9033
50.9029
50.9024
50.9019
50.9014
50.9009
50.9003
50.8997
50.8991
50.8984
50.8978
50.8972
50.8965
50.8959
50.8952
50.8946
50.894
50.8933
50.8927
50.8921
50.8916
50.891
50.8905
50.89
50.8896
50.8892
50.8888
50.8885
50.8881
50.8878
50.8875
50.8872
50.8869
50.8865
50.8862
50.8857
50.8853
50.8846
50.8842
50.882
50.8938
50.8984
50.9051
50.9057
50.9038
50.902
50.9006
50.8985
50.8946
50.8898
50.8856
50.8827
50.8841
50.8914
50.8948
50.8882
50.8728
50.8543
50.8414
50.83
50.8211
50.8496
50.837
50.8324
50.8316
50.8293
50.8242
50.8174
50.8089
50.8011
50.792
50.7837
50.775
50.7669
50.7586
50.7511
50.7437
50.7376
50.7322
50.7285
50.7265
50.7965
50.7747
50.7624
50.7588
50.7577
50.7569
50.755
50.7536
50.7534
50.7531
50.7525
50.7521
50.7519
50.7518
50.7516
50.7515
50.7514
50.7513
50.7512
50.7512
50.7511
50.7511
50.751
50.751
50.7509
50.7508
50.7507
50.7506
50.7504
50.7502
50.75
50.7497
50.7495
50.7492
50.7489
50.7487
50.7485
50.7483
50.7478
50.7473
50.7469
50.7465
50.7462
50.7459
50.7456
50.7453
50.7451
50.7449
50.7446
50.7444
50.7441
50.7439
50.7436
50.7434
50.7433
50.7433
50.7433
50.7434
50.7436
50.7436
50.7436
50.7437
50.7438
50.7441
50.7445
50.745
50.7455
50.7457
50.7441
50.7369
50.7284
50.7247
50.7247
50.7273
50.7367
50.7469
50.7528
50.7556
50.7566
50.7567
50.7564
50.7558
50.7553
50.7549
50.7546
50.7544
50.7541
50.7539
50.7538
50.7536
50.7534
50.7533
50.7531
50.7529
50.7528
50.7526
50.7525
50.7524
50.7523
50.7522
50.7521
50.7521
50.752
50.752
50.752
50.7521
50.7521
50.7522
50.7523
50.7524
50.7525
50.7526
50.7527
50.7528
50.753
50.7531
50.7532
50.7533
50.7534
50.7535
50.7536
50.7537
50.7537
50.7538
50.7538
50.7537
50.7537
50.7536
50.7535
50.7534
50.7532
50.753
50.7528
50.7526
50.7524
50.7521
50.7518
50.7515
50.7512
50.7509
50.7505
50.7502
50.7499
50.7496
50.7492
50.7489
50.7486
50.7484
50.7481
50.7479
50.7476
50.7474
50.7473
50.7471
50.747
50.7468
50.7467
50.7466
50.7465
50.7464
50.7463
50.7461
50.746
50.7459
50.7457
50.7456
50.7454
50.7452
50.7449
50.7447
50.7444
50.7441
50.7438
50.7435
50.7431
50.7427
50.7423
50.7419
50.7415
50.741
50.7405
50.74
50.7395
50.7389
50.7384
50.7378
50.7372
50.7367
50.7361
50.7356
50.735
50.7345
50.734
50.7336
50.7331
50.7327
50.7323
50.732
50.7305
50.7391
50.7486
50.7515
50.7498
50.7485
50.7469
50.7457
50.7451
50.7447
50.7444
50.744
50.7436
50.7433
50.7431
50.7429
50.7428
50.7427
50.7426
50.7426
50.7425
50.7425
50.7425
50.7425
50.7425
50.7425
50.7425
50.7425
50.7424
50.7424
50.7423
50.7421
50.7419
50.7417
50.7415
50.7412
50.7409
50.7406
50.7402
50.7398
50.7394
50.7391
50.7387
50.7385
50.7382
50.7379
50.7376
50.7374
50.7371
50.7369
50.7367
50.7365
50.7363
50.7362
50.7361
50.7359
50.7358
50.7356
50.7353
50.735
50.7348
50.7348
50.7351
50.7355
50.7358
50.7352
50.7306
50.7227
50.7181
50.7169
50.7176
50.7208
50.7289
50.7367
50.7424
50.7464
50.7492
50.7511
50.7523
50.753
50.7535
50.7538
50.754
50.7541
50.7541
50.7541
50.7541
50.754
50.7539
50.7538
50.7537
50.7535
50.7534
50.7532
50.7531
50.7529
50.7528
50.7526
50.7525
50.7524
50.7523
50.7522
50.7521
50.7521
50.752
50.752
50.752
50.7521
50.7521
50.7522
50.7523
50.7524
50.7525
50.7526
50.7527
50.7528
50.753
50.7531
50.7532
50.7533
50.7534
50.7535
50.7536
50.7537
50.7537
50.7538
50.7538
50.7537
50.7537
50.7536
50.7535
50.7534
50.7532
50.753
50.7528
50.7526
50.7524
50.7521
50.7518
50.7515
50.7512
50.7509
50.7505
50.7502
50.7499
50.7496
50.7492
50.7489
50.7486
50.7484
50.7481
50.7479
50.7476
50.7474
50.7473
50.7471
50.747
50.7468
50.7467
50.7466
50.7465
50.7464
50.7463
50.7461
50.746
50.7459
50.7457
50.7456
50.7454
50.7452
50.7449
50.7447
50.7444
50.7441
50.7438
50.7435
50.7431
50.7427
50.7423
50.7419
50.7415
50.741
50.7405
50.74
50.7395
50.7389
50.7384
50.7378
50.7373
50.7367
50.7361
50.7356
50.735
50.7345
50.734
50.7335
50.7331
50.7327
50.7324
50.732
50.7321
50.7305
50.7012
50.6881
50.6832
50.6823
50.68
50.6749
50.6681
50.6609
50.6527
50.6445
50.6362
50.6275
50.6196
50.6115
50.6047
50.5981
50.5928
50.5879
50.5845
50.5829
50.7464
50.7533
50.754
50.752
50.7502
50.7482
50.7457
50.7431
50.7421
50.7455
50.7465
50.7419
50.7312
50.7186
50.709
50.7007
50.6932
50.6891
50.6952
50.7098
50.6031
50.6054
50.6049
50.6037
50.6025
50.602
50.6017
50.6017
50.6015
50.6014
50.6012
50.601
50.6007
50.6005
50.6001
50.5998
50.5993
50.5989
50.5984
50.5979
50.5974
50.5969
50.5963
50.5957
50.5952
50.5946
50.594
50.5934
50.5928
50.5922
50.5916
50.5909
50.5902
50.5896
50.5889
50.5882
50.5876
50.5869
50.5863
50.5856
50.585
50.5844
50.5839
50.5833
50.5828
50.5823
50.5819
50.5815
50.5811
50.5808
50.5806
50.5803
50.5801
50.5798
50.5795
50.5792
50.579
50.5787
50.5783
50.578
50.5779
50.5779
50.578
50.578
50.5773
50.5736
50.5652
50.5593
50.5571
50.5569
50.5587
50.5654
50.5729
50.5783
50.5819
50.5843
50.5857
50.5863
50.5866
50.5865
50.5863
50.586
50.5856
50.5851
50.5847
50.5842
50.5838
50.5833
50.5829
50.5825
50.5821
50.5818
50.5814
50.5812
50.581
50.5808
50.5807
50.5807
50.5795
50.5876
50.658
50.6167
50.6148
50.6196
50.6167
50.6118
50.6105
50.6107
50.6104
50.6099
50.6095
50.6093
50.6091
50.6088
50.6084
50.608
50.6076
50.6072
50.6067
50.6062
50.6057
50.6051
50.6046
50.604
50.6034
50.6028
50.6022
50.6016
50.6009
50.6002
50.5996
50.5989
50.5982
50.5975
50.5968
50.5961
50.5954
50.5947
50.5941
50.5935
50.5928
50.5922
50.5916
50.5911
50.5905
50.59
50.5896
50.5892
50.5888
50.5885
50.5881
50.5878
50.5874
50.5872
50.587
50.5869
50.5868
50.5867
50.5865
50.5863
50.5861
50.5859
50.5858
50.5858
50.5858
50.5859
50.5859
50.5859
50.5857
50.5845
50.5791
50.5694
50.5636
50.562
50.5627
50.5687
50.5789
50.5855
50.5886
50.5895
50.5892
50.5886
50.5875
50.5865
50.5856
50.5849
50.5842
50.5836
50.5831
50.5826
50.5822
50.5818
50.5815
50.5812
50.581
50.5808
50.5807
50.5807
50.5811
50.58
50.552
50.5393
50.5347
50.5338
50.5316
50.5267
50.5202
50.5133
50.5054
50.4976
50.4896
50.4813
50.4738
50.4662
50.4597
50.4534
50.4484
50.4438
50.4405
50.439
50.5952
50.6021
50.6028
50.601
50.5994
50.5976
50.5955
50.5936
50.594
50.5967
50.5959
50.5896
50.5779
50.5673
50.5593
50.5516
50.5452
50.5435
50.5539
50.5644
50.4585
50.4616
50.4619
50.4614
50.4606
50.4606
50.4609
50.4614
50.4617
50.4621
50.4624
50.4627
50.4631
50.4635
50.4638
50.4642
50.4645
50.4649
50.4652
50.4656
50.4659
50.4663
50.4666
50.467
50.4673
50.4677
50.4681
50.4685
50.4689
50.4693
50.4698
50.4703
50.4708
50.4714
50.472
50.4726
50.4733
50.474
50.4748
50.4757
50.4766
50.4775
50.4785
50.4796
50.4807
50.4819
50.4833
50.4846
50.4861
50.4876
50.4892
50.4907
50.4923
50.494
50.4957
50.4973
50.4989
50.5005
50.5024
50.5046
50.507
50.5092
50.5104
50.5074
50.5014
50.4987
50.4995
50.5024
50.5077
50.5177
50.5274
50.5351
50.5411
50.5458
50.5498
50.553
50.5559
50.5587
50.5614
50.5639
50.5664
50.569
50.5715
50.5741
50.5768
50.5794
50.5822
50.5849
50.5878
50.5906
50.5936
50.5966
50.5997
50.6028
50.606
50.6092
50.6126
50.6159
50.6194
50.6229
50.6265
50.6301
50.6338
50.6376
50.6414
50.6453
50.6492
50.6532
50.6572
50.6612
50.6653
50.6694
50.6736
50.6777
50.6819
50.6861
50.6904
50.6946
50.6989
50.7032
50.7075
50.7118
50.7161
50.7205
50.7249
50.7293
50.7337
50.7381
50.7426
50.7471
50.7516
50.7561
50.7607
50.7653
50.77
50.7746
50.7794
50.7841
50.7889
50.7938
50.7987
50.8036
50.8086
50.8137
50.8188
50.8239
50.8291
50.8344
50.8397
50.8451
50.8506
50.8561
50.8617
50.8673
50.873
50.8787
50.8845
50.8903
50.8962
50.9021
50.9081
50.914
50.9201
50.9261
50.9322
50.9383
50.9444
50.9505
50.9566
50.9627
50.9689
50.975
50.9812
50.9874
50.9935
50.9997
51.0059
51.0122
51.0184
51.0246
51.0309
51.0372
51.0435
51.0499
51.0562
51.0626
51.0691
51.0754
51.082
51.0883
51.095
51.1013
51.1081
51.1144
51.1213
51.1276
51.1347
51.141
51.1484
51.1549
50.5045
50.4688
50.4721
50.4776
50.4735
50.4696
50.4695
50.4702
50.4705
50.4706
50.4707
50.4711
50.4715
50.4718
50.4721
50.4724
50.4728
50.4731
50.4734
50.4737
50.474
50.4743
50.4746
50.4749
50.4753
50.4756
50.476
50.4764
50.4768
50.4772
50.4777
50.4782
50.4787
50.4793
50.4799
50.4805
50.4812
50.4819
50.4827
50.4835
50.4844
50.4853
50.4863
50.4874
50.4885
50.4897
50.491
50.4923
50.4937
50.4951
50.4965
50.4981
50.4998
50.5015
50.5033
50.5053
50.5072
50.5091
50.5109
50.5127
50.5147
50.5167
50.5189
50.5213
50.5238
50.5263
50.5284
50.5285
50.5226
50.5166
50.5154
50.5178
50.523
50.5347
50.5464
50.554
50.5586
50.5617
50.5643
50.5662
50.568
50.57
50.5723
50.5746
50.5771
50.5797
50.5823
50.585
50.5878
50.5907
50.5936
50.5966
50.5997
50.6028
50.606
50.6092
50.6126
50.6159
50.6194
50.6229
50.6265
50.6301
50.6338
50.6376
50.6414
50.6453
50.6492
50.6532
50.6572
50.6612
50.6653
50.6694
50.6736
50.6777
50.6819
50.6861
50.6904
50.6946
50.6989
50.7032
50.7075
50.7118
50.7161
50.7205
50.7249
50.7293
50.7337
50.7381
50.7426
50.7471
50.7516
50.7561
50.7607
50.7653
50.77
50.7746
50.7794
50.7841
50.7889
50.7938
50.7987
50.8036
50.8086
50.8137
50.8188
50.8239
50.8291
50.8344
50.8397
50.8451
50.8506
50.8561
50.8617
50.8673
50.873
50.8787
50.8845
50.8903
50.8962
50.9021
50.9081
50.914
50.9201
50.9261
50.9322
50.9383
50.9444
50.9505
50.9566
50.9627
50.9689
50.975
50.9812
50.9874
50.9935
50.9997
51.0059
51.0122
51.0184
51.0246
51.0309
51.0372
51.0435
51.0499
51.0562
51.0626
51.069
51.0755
51.0818
51.0885
51.0948
51.1016
51.1078
51.1147
51.121
51.128
51.1343
51.1414
51.1468
51.158
51.1669
51.1721
51.1742
51.1751
51.1759
51.1768
51.1785
51.181
51.1824
51.1805
51.1761
51.173
51.171
51.1688
51.1694
51.1757
51.1861
51.1935
51.1942
51.1865
51.1454
51.1402
51.1389
51.1395
51.1392
51.1377
51.1353
51.1326
51.1296
51.1265
51.1233
51.1204
51.1171
51.1143
51.1117
51.1095
51.1074
51.1057
51.1044
51.104
51.1222
51.1355
51.1549
51.1602
51.1656
51.1744
51.1839
51.1931
51.202
51.2113
51.2208
51.2303
51.2398
51.2493
51.259
51.2688
51.2786
51.2884
51.2983
51.3081
51.3181
51.3281
51.3381
51.3482
51.3582
51.3682
51.3783
51.3886
51.3989
51.4091
51.4195
51.4299
51.4404
51.4509
51.462
51.4728
51.483
51.4932
51.5039
51.5147
51.5256
51.5366
51.5478
51.5589
51.5697
51.5802
51.5914
51.6036
51.6162
51.6275
51.6335
51.6319
51.6354
51.646
51.6607
51.6817
51.7042
51.7215
51.7356
51.7483
51.7586
51.7687
51.7792
51.7901
51.8012
51.8123
51.8236
51.8349
51.8463
51.8577
51.8692
51.8807
51.8922
51.9038
51.9154
51.927
51.9387
51.9504
51.9622
51.974
51.9858
51.9977
52.0095
52.0214
52.0333
52.0453
52.0572
52.0692
52.0811
52.0931
52.105
52.117
52.1289
52.1409
52.1528
52.1647
52.1766
52.1884
52.2003
52.2121
52.2239
52.2356
52.2474
52.2591
52.2708
52.2825
52.2942
52.3058
52.3174
52.3291
52.3406
52.3522
52.3638
52.3753
52.3869
52.3984
52.4099
52.4214
52.4329
52.4444
52.4559
52.4674
52.4788
52.4903
52.5017
52.5131
52.5244
52.5358
52.5471
52.5584
52.5697
52.5809
52.5921
52.6033
52.6144
52.6254
52.6365
52.6474
52.6584
52.6692
52.6801
52.6908
52.7015
52.7122
52.7228
52.7334
52.7439
52.7543
52.7647
52.7751
52.7854
52.7957
52.8059
52.8161
52.8262
52.8363
52.8463
52.8563
52.8663
52.8762
52.8861
52.896
52.9058
52.9155
52.9252
52.9349
52.9446
52.9542
52.9637
52.9732
52.9826
52.992
53.0014
53.0106
53.0199
53.029
53.0381
53.0472
53.0561
53.065
53.0739
53.0826
53.0913
53.1
53.1085
53.117
53.1254
53.1338
53.1421
53.1503
53.1584
53.1665
53.1746
53.1825
53.1904
53.1983
53.206
53.2137
53.2214
53.229
53.2365
53.244
53.2514
53.2588
53.2661
53.2734
53.2806
53.2877
53.2948
53.3018
53.3087
53.3156
53.3224
53.3292
53.3359
53.3425
53.349
53.3555
53.3619
53.3682
53.3745
53.3807
53.3868
53.3928
53.3987
53.4046
53.4104
53.4162
53.4218
53.4274
53.4329
53.4383
53.4437
53.449
53.4542
53.4594
53.4644
53.4694
53.4744
53.4792
53.4841
53.4888
53.4935
53.4981
53.5026
53.5071
53.5115
53.5159
53.5202
53.5244
53.5285
53.5326
53.5367
53.5406
53.5445
53.5483
53.5521
53.5557
53.5593
53.5629
53.5663
53.5697
53.573
53.5763
53.5794
53.5825
53.5855
53.5885
53.5913
53.5941
53.5969
53.5995
53.6021
53.6046
53.607
53.6094
53.6117
53.614
53.6161
53.6182
53.6203
53.6223
53.6242
53.626
53.6278
53.6296
53.6313
53.6329
53.6344
53.636
53.6374
53.6388
53.6401
53.6414
53.6427
53.6438
53.645
53.646
53.6471
53.648
53.649
53.6499
53.6507
53.6515
53.6522
53.6529
53.6536
53.6543
53.6549
53.6555
53.656
53.6565
53.657
53.6575
53.658
53.6584
53.6589
53.6593
53.6597
53.6602
53.6606
53.661
53.6614
53.6619
53.6623
53.6627
53.6632
53.6637
53.6641
53.6646
53.6651
53.6656
53.6661
53.6667
53.6672
53.6678
53.6683
53.6689
53.6695
53.67
53.6706
53.6712
53.6718
53.6724
53.673
53.6737
53.6743
53.6749
53.6755
53.6761
53.6767
53.6773
53.6779
53.6785
53.6791
53.6796
53.6802
53.6808
53.6814
53.6819
53.6825
53.6831
53.6836
53.6842
53.6847
53.6853
53.6858
53.6863
53.6869
53.6874
53.688
53.6885
53.6891
53.6896
53.6902
53.6907
53.6913
53.6918
53.6924
53.6929
53.6935
53.694
53.6946
53.6952
53.6958
53.6963
53.6969
53.6975
53.6981
53.6987
53.6993
53.6999
53.7005
53.7011
53.7017
53.7023
53.7029
53.7036
53.7042
53.7048
53.7054
53.7061
53.7067
53.7073
53.708
53.7086
53.7093
53.7099
53.7105
53.7112
53.7118
53.7125
53.7131
53.7137
53.7143
53.715
53.7156
53.7162
53.7168
53.7174
53.718
53.7186
53.7192
53.7198
53.7204
53.7209
53.7215
53.722
53.7226
53.7231
53.7237
53.7242
53.7248
53.7253
53.7258
53.7263
53.7269
53.7274
53.7279
53.7284
53.729
53.7295
53.73
53.7306
53.7311
53.7317
53.7322
53.7328
53.7334
53.7339
53.7345
53.7351
53.7357
53.7363
53.737
53.7376
53.7382
53.7389
53.7395
53.7402
53.7409
53.7416
53.7423
53.743
53.7437
53.7444
53.7451
53.7458
53.7466
53.7473
53.748
53.7488
53.7495
53.7503
53.7511
53.7518
53.7526
53.7533
53.7541
53.7549
53.7556
53.7564
53.7572
53.758
53.7587
53.7595
53.7603
53.7611
53.7618
53.7626
53.7634
53.7641
53.7649
53.7657
53.7664
53.7672
53.768
53.7687
53.7695
53.7702
53.7709
53.7717
53.7724
53.7731
53.7738
53.7745
53.7752
53.7759
53.7766
53.7773
53.7779
53.7786
53.7792
53.7799
53.7805
53.7811
53.7817
53.7824
53.783
53.7836
53.7842
53.7847
53.7853
53.7859
53.7865
53.7871
53.7877
53.7883
53.7889
53.7894
53.79
53.7906
53.7913
53.7919
53.7925
53.7931
53.7938
53.7945
53.7951
53.7958
53.7965
53.7972
53.7979
53.7987
53.7995
53.8002
53.801
53.8018
53.8027
53.8035
53.8044
53.8052
53.8061
53.8071
53.808
53.8089
53.8099
53.8109
53.8119
53.8129
53.8139
53.815
53.816
53.8171
53.8182
53.8193
53.8204
53.8215
53.8226
53.8237
53.8249
53.826
53.8272
53.8283
53.8295
53.8307
53.8318
53.833
53.8341
53.8353
53.8365
53.8376
53.8388
53.84
53.8411
53.8423
53.8433
53.8446
53.8456
53.8469
53.8478
53.8491
53.8501
53.8514
53.8523
53.8536
53.8546
53.8558
53.8569
53.8585
51.1187
51.132
51.142
51.1503
51.158
51.1664
51.1752
51.1842
51.1933
51.2025
51.2119
51.2214
51.2311
51.2408
51.2505
51.2604
51.2702
51.2801
51.29
51.2999
51.3099
51.3199
51.3299
51.34
51.3501
51.3603
51.3705
51.3807
51.391
51.4013
51.4116
51.4219
51.4323
51.4428
51.4534
51.4638
51.4743
51.485
51.496
51.5071
51.5179
51.5282
51.5384
51.5493
51.5614
51.5738
51.5848
51.5905
51.5924
51.598
51.6084
51.6218
51.6375
51.6576
51.6761
51.6917
51.7058
51.7193
51.7322
51.7439
51.7554
51.7667
51.7781
51.7894
51.8007
51.8121
51.8234
51.8348
51.8462
51.8577
51.8692
51.8807
51.8922
51.9038
51.9154
51.927
51.9387
51.9504
51.9622
51.974
51.9858
51.9977
52.0095
52.0214
52.0333
52.0453
52.0572
52.0692
52.0811
52.0931
52.105
52.117
52.1289
52.1409
52.1528
52.1647
52.1766
52.1884
52.2003
52.2121
52.2239
52.2356
52.2474
52.2591
52.2708
52.2825
52.2942
52.3058
52.3174
52.3291
52.3406
52.3522
52.3638
52.3753
52.3869
52.3984
52.4099
52.4214
52.4329
52.4444
52.4559
52.4674
52.4788
52.4903
52.5017
52.5131
52.5244
52.5358
52.5471
52.5584
52.5697
52.5809
52.5921
52.6033
52.6144
52.6254
52.6365
52.6474
52.6584
52.6692
52.6801
52.6908
52.7015
52.7122
52.7228
52.7334
52.7439
52.7543
52.7647
52.7751
52.7854
52.7957
52.8059
52.8161
52.8262
52.8363
52.8463
52.8563
52.8663
52.8762
52.8861
52.896
52.9058
52.9155
52.9252
52.9349
52.9446
52.9542
52.9637
52.9732
52.9826
52.992
53.0014
53.0106
53.0199
53.029
53.0381
53.0472
53.0561
53.065
53.0739
53.0826
53.0913
53.1
53.1085
53.117
53.1254
53.1338
53.1421
53.1503
53.1584
53.1665
53.1746
53.1825
53.1904
53.1983
53.206
53.2137
53.2214
53.229
53.2365
53.244
53.2514
53.2588
53.2661
53.2734
53.2806
53.2877
53.2948
53.3018
53.3087
53.3156
53.3224
53.3292
53.3359
53.3425
53.349
53.3555
53.3619
53.3682
53.3745
53.3807
53.3868
53.3928
53.3987
53.4046
53.4104
53.4162
53.4218
53.4274
53.4329
53.4383
53.4437
53.449
53.4542
53.4594
53.4644
53.4694
53.4744
53.4792
53.4841
53.4888
53.4935
53.4981
53.5026
53.5071
53.5115
53.5159
53.5202
53.5244
53.5285
53.5326
53.5367
53.5406
53.5445
53.5483
53.5521
53.5557
53.5593
53.5629
53.5663
53.5697
53.573
53.5763
53.5794
53.5825
53.5855
53.5885
53.5913
53.5941
53.5969
53.5995
53.6021
53.6046
53.607
53.6094
53.6117
53.614
53.6161
53.6182
53.6203
53.6223
53.6242
53.626
53.6278
53.6296
53.6313
53.6329
53.6344
53.636
53.6374
53.6388
53.6401
53.6414
53.6427
53.6438
53.645
53.646
53.6471
53.648
53.649
53.6499
53.6507
53.6515
53.6522
53.6529
53.6536
53.6543
53.6549
53.6555
53.656
53.6565
53.657
53.6575
53.658
53.6584
53.6589
53.6593
53.6597
53.6602
53.6606
53.661
53.6614
53.6619
53.6623
53.6627
53.6632
53.6637
53.6641
53.6646
53.6651
53.6656
53.6661
53.6667
53.6672
53.6678
53.6683
53.6689
53.6695
53.67
53.6706
53.6712
53.6718
53.6724
53.673
53.6737
53.6743
53.6749
53.6755
53.6761
53.6767
53.6773
53.6779
53.6785
53.6791
53.6796
53.6802
53.6808
53.6814
53.6819
53.6825
53.6831
53.6836
53.6842
53.6847
53.6853
53.6858
53.6863
53.6869
53.6874
53.688
53.6885
53.6891
53.6896
53.6902
53.6907
53.6913
53.6918
53.6924
53.6929
53.6935
53.694
53.6946
53.6952
53.6958
53.6963
53.6969
53.6975
53.6981
53.6987
53.6993
53.6999
53.7005
53.7011
53.7017
53.7023
53.7029
53.7036
53.7042
53.7048
53.7054
53.7061
53.7067
53.7073
53.708
53.7086
53.7093
53.7099
53.7105
53.7112
53.7118
53.7125
53.7131
53.7137
53.7143
53.715
53.7156
53.7162
53.7168
53.7174
53.718
53.7186
53.7192
53.7198
53.7204
53.7209
53.7215
53.722
53.7226
53.7231
53.7237
53.7242
53.7248
53.7253
53.7258
53.7263
53.7269
53.7274
53.7279
53.7284
53.729
53.7295
53.73
53.7306
53.7311
53.7317
53.7322
53.7328
53.7334
53.7339
53.7345
53.7351
53.7357
53.7363
53.737
53.7376
53.7382
53.7389
53.7395
53.7402
53.7409
53.7416
53.7423
53.743
53.7437
53.7444
53.7451
53.7458
53.7466
53.7473
53.748
53.7488
53.7495
53.7503
53.7511
53.7518
53.7526
53.7533
53.7541
53.7549
53.7556
53.7564
53.7572
53.758
53.7587
53.7595
53.7603
53.7611
53.7618
53.7626
53.7634
53.7641
53.7649
53.7657
53.7664
53.7672
53.768
53.7687
53.7695
53.7702
53.7709
53.7717
53.7724
53.7731
53.7738
53.7745
53.7752
53.7759
53.7766
53.7773
53.7779
53.7786
53.7792
53.7799
53.7805
53.7811
53.7817
53.7824
53.783
53.7836
53.7842
53.7847
53.7853
53.7859
53.7865
53.7871
53.7877
53.7883
53.7889
53.7894
53.79
53.7906
53.7913
53.7919
53.7925
53.7931
53.7938
53.7945
53.7951
53.7958
53.7965
53.7972
53.7979
53.7987
53.7995
53.8002
53.801
53.8018
53.8027
53.8035
53.8044
53.8052
53.8061
53.8071
53.808
53.8089
53.8099
53.8109
53.8119
53.8129
53.8139
53.815
53.816
53.8171
53.8182
53.8193
53.8204
53.8215
53.8226
53.8237
53.8249
53.826
53.8272
53.8283
53.8295
53.8307
53.8318
53.833
53.8341
53.8353
53.8365
53.8376
53.8388
53.84
53.8411
53.8423
53.8433
53.8446
53.8456
53.8469
53.8478
53.8491
53.8501
53.8514
53.8523
53.8536
53.8546
53.8558
53.8569
53.8585
)
;
    }
}


// ************************************************************************* //
