/*--------------------------------*- C++ -*----------------------------------*\
| =========                 |                                                 |
| \\      /  F ield         | OpenFOAM: The Open Source CFD Toolbox           |
|  \\    /   O peration     | Version:  3.0.x                                 |
|   \\  /    A nd           | Web:      www.OpenFOAM.org                      |
|    \\/     M anipulation  |                                                 |
\*---------------------------------------------------------------------------*/
FoamFile
{
    version     2.0;
    format      ascii;
    class       volScalarField;
    location    "0.95";
    object      T;
}
// * * * * * * * * * * * * * * * * * * * * * * * * * * * * * * * * * * * * * //

dimensions      [0 0 0 1 0 0 0];

internalField   nonuniform List<scalar> 
1000
(
773
773
773
773
773
773
773
773
773
773
773
773
773
773
773
773
773
773
773
773
773
773
773
773
773
773
773
773
773
773
773
773
773
773
773
773
773
773
773
773
773
773
773
773
773
773
773
773
773
773
773
773
773
773
773
773
773
773
773
773
773
773
773
773
773
773
773
773
773
773
773
773
773
773
773
773
773
773
773
773
773
773
773
773
773
773
773
773
773
773
773
773
773
773
773
773
773
773
773
773
773
773
773
773
773
773
773
773
773
773
773
773
773
773
773
773
773
773
773
773
773
773
773
773
773
773
773
773
773
773
773
773
773
773
773
773
773
773
773
773
773
773
773
773
773
773
773
773
773
773
773
773
773
773
773
773
773
773
773
773
773
773
773
773
773
773
773
773
773
773
773
773
773
773
773
773
773
773
773
773
773
773
773
773
773
773
773
773
773
773
773
773
773
773
773
773
773
773
773
773
773
773
773
773
773
773
773
773
773
773
773
773
773
773
773
773
773
773
773
773
773
773
773
773
773
773
773
773
773
773
773
773
773
773
773
773
773
773
773
773
773
773
773
773
773
773
773
773
773
773
773
773
773
773
773
773
773
773
773
773
773
773
773
773
773
773
773
773
773
773
773
773
773
773
773
773
773
773
773
773
773
773
773
773
773
773
773
773
773
773
773
773
773
773
773
773
773
773
773
773
773
773
773
773
773
773
773
773
773
773
773
773
773
773
773
773
773
773
773
773
773
773
773
773
773
773
773
773
773
773
773
773
773
773
773
773
773
773
773
773
773
773
773
773
773
773
773
773
773
773
773
773
773
773
773
773
773
773
773
773
773
773
773
773
773
773
773
773
773
773
773
773
773
773
773
773
773
773
773
773
773
773
773
773
773
773
773
773
773
773
773
773
773
773
773
773
773
773
773
773
773
773
773
773
773
773
773
773
773
773
773
773
773
773
773
773
773
773
773
773
773
773
773
773
773
773
773
773
773
773
773
773
773
773
773
773
773
773
773
773
773
773
773
773
773
773
773
773
773
773
773
773
773
773
773
773
773
773
773
773
773
773
773
773
773
773
773
773
773
773
773
773
773
773
773
773
773
773
773
773
773
773
773
773
773
773
773
773
773
773
773
773
773
773.001
773.001
773.001
773.001
773.001
773.002
773.002
773.002
773.003
773.004
773.004
773.005
773.006
773.007
773.009
773.01
773.012
773.015
773.017
773.02
773.024
773.028
773.033
773.038
773.044
773.051
773.059
773.069
773.079
773.091
773.104
773.119
773.136
773.155
773.177
773.201
773.227
773.257
773.289
773.326
773.366
773.41
773.458
773.511
773.569
773.632
773.701
773.776
773.857
773.944
774.038
774.14
774.248
774.364
774.488
774.62
774.76
774.908
775.063
775.227
775.399
775.579
775.766
775.961
776.162
776.37
776.585
776.804
777.03
777.259
777.493
777.729
777.969
778.21
778.452
778.695
778.938
779.18
779.421
779.66
779.896
780.13
780.359
780.585
780.806
781.022
781.234
781.439
781.639
781.833
782.02
782.202
782.376
782.544
782.706
782.86
783.008
783.149
783.283
783.411
783.532
783.646
783.754
783.856
783.951
784.04
784.124
784.202
784.274
784.342
784.404
784.461
784.514
784.563
784.607
784.648
784.685
784.718
784.748
784.776
784.8
784.822
784.841
784.858
784.873
784.886
784.897
784.905
784.912
784.918
784.923
784.927
784.931
784.934
784.937
784.939
784.941
784.943
784.944
784.945
784.946
784.947
784.947
784.948
784.948
784.948
784.949
784.949
784.949
784.949
784.949
784.949
784.949
784.949
784.949
784.949
784.949
784.949
784.949
784.949
784.949
784.948
784.948
784.948
784.948
784.948
784.948
784.948
784.948
784.948
784.948
784.948
784.948
784.948
784.948
784.948
784.948
784.948
784.948
784.948
784.948
784.948
784.948
784.948
784.948
784.948
784.948
784.948
784.948
784.948
784.948
784.948
784.948
784.948
784.948
784.948
784.948
784.948
784.948
784.948
784.948
784.948
784.948
784.948
784.948
784.947
784.947
784.947
784.947
784.947
784.947
784.947
784.947
784.947
784.947
784.947
784.947
784.947
784.947
784.947
784.947
784.947
784.947
784.947
784.947
784.947
784.947
784.947
784.947
784.947
784.947
784.947
784.947
784.947
784.947
784.947
784.947
784.947
784.947
784.947
784.947
784.947
784.947
784.947
784.947
784.947
784.947
784.947
784.947
784.947
784.947
784.947
784.947
784.947
784.947
784.947
784.947
784.947
784.947
784.947
784.947
784.947
784.947
784.947
784.947
784.947
784.947
784.947
784.947
784.947
784.947
784.947
784.947
784.947
784.947
784.947
784.947
784.947
784.947
784.947
784.947
784.947
784.947
784.947
784.947
784.947
784.947
784.947
784.947
784.947
784.947
784.947
784.947
784.947
784.947
784.947
784.947
784.947
784.947
784.947
784.947
784.947
784.947
784.947
784.947
784.947
784.947
784.947
784.947
784.947
784.947
784.947
784.947
784.947
784.947
784.947
784.947
784.947
784.947
784.947
784.947
784.947
784.947
784.947
784.947
784.947
784.947
784.947
784.947
784.947
784.947
784.947
784.947
784.947
784.947
784.947
784.947
784.947
784.947
784.947
784.947
784.947
784.947
784.947
784.947
784.947
784.947
784.947
784.947
784.947
784.947
784.947
784.947
784.947
784.947
784.947
784.947
784.947
784.947
784.947
784.947
784.947
784.947
784.947
784.947
784.947
784.947
784.947
784.947
784.947
784.947
784.946
784.946
784.946
784.946
784.946
784.946
784.946
784.946
784.946
784.946
784.946
784.946
784.946
784.946
784.946
784.946
784.946
784.946
784.946
784.946
784.946
784.946
784.946
784.946
784.946
784.946
784.946
784.946
784.946
784.946
784.946
784.946
784.946
784.946
784.946
784.946
784.946
784.946
784.946
784.946
784.946
784.946
784.946
784.946
784.946
784.946
784.946
784.946
784.946
784.946
784.946
784.946
784.946
784.946
784.946
784.946
784.946
784.946
784.946
784.946
784.946
784.946
784.946
784.946
784.946
784.946
784.946
784.946
784.946
784.946
784.946
784.946
784.946
784.946
784.946
784.946
784.946
784.946
784.946
784.946
784.946
784.946
784.946
784.946
784.946
784.946
784.946
784.946
784.946
784.946
784.946
784.946
784.946
784.946
784.946
784.946
784.946
784.946
784.946
784.946
784.946
784.946
784.946
784.946
784.946
784.946
784.946
784.946
784.946
784.946
784.946
784.946
784.946
784.946
784.946
784.946
784.946
784.946
784.946
784.946
784.946
784.946
784.946
784.946
784.946
784.946
784.946
784.946
784.946
784.946
784.946
784.946
784.947
784.944
784.949
784.939
)
;

boundaryField
{
    inlet
    {
        type            zeroGradient;
    }
    backWall
    {
        type            zeroGradient;
    }
    sides
    {
        type            empty;
    }
}


// ************************************************************************* //
