/*--------------------------------*- C++ -*----------------------------------*\
| =========                 |                                                 |
| \\      /  F ield         | OpenFOAM: The Open Source CFD Toolbox           |
|  \\    /   O peration     | Version:  3.0.x                                 |
|   \\  /    A nd           | Web:      www.OpenFOAM.org                      |
|    \\/     M anipulation  |                                                 |
\*---------------------------------------------------------------------------*/
FoamFile
{
    version     2.0;
    format      ascii;
    class       volScalarField;
    location    "0.006";
    object      rho;
}
// * * * * * * * * * * * * * * * * * * * * * * * * * * * * * * * * * * * * * //

dimensions      [1 -3 0 0 0 0 0];

internalField   nonuniform List<scalar> 
1000
(
50.4677
50.4677
50.4677
50.4677
50.4677
50.4677
50.4677
50.4677
50.4677
50.4677
50.4677
50.4677
50.4677
50.4677
50.4677
50.4677
50.4677
50.4677
50.4677
50.4677
50.4677
50.4677
50.4677
50.4677
50.4677
50.4677
50.4677
50.4677
50.4677
50.4677
50.4677
50.4677
50.4677
50.4677
50.4677
50.4677
50.4677
50.4677
50.4677
50.4677
50.4677
50.4677
50.4677
50.4677
50.4677
50.4677
50.4677
50.4677
50.4677
50.4677
50.4677
50.4677
50.4677
50.4677
50.4677
50.4677
50.4677
50.4677
50.4677
50.4677
50.4677
50.4677
50.4677
50.4677
50.4677
50.4677
50.4677
50.4677
50.4677
50.4677
50.4677
50.4677
50.4677
50.4677
50.4677
50.4677
50.4677
50.4677
50.4677
50.4677
50.4677
50.4677
50.4677
50.4677
50.4677
50.4677
50.4677
50.4677
50.4677
50.4677
50.4677
50.4677
50.4677
50.4677
50.4677
50.4677
50.4677
50.4677
50.4677
50.4677
50.4677
50.4677
50.4677
50.4677
50.4677
50.4677
50.4677
50.4677
50.4677
50.4677
50.4677
50.4677
50.4677
50.4677
50.4677
50.4677
50.4677
50.4677
50.4677
50.4677
50.4677
50.4677
50.4677
50.4677
50.4677
50.4677
50.4677
50.4677
50.4677
50.4677
50.4677
50.4677
50.4677
50.4677
50.4677
50.4677
50.4677
50.4677
50.4677
50.4677
50.4677
50.4677
50.4677
50.4677
50.4677
50.4677
50.4677
50.4677
50.4677
50.4677
50.4677
50.4677
50.4677
50.4677
50.4677
50.4677
50.4677
50.4677
50.4677
50.4677
50.4677
50.4677
50.4677
50.4677
50.4677
50.4677
50.4677
50.4677
50.4677
50.4677
50.4677
50.4677
50.4677
50.4677
50.4677
50.4677
50.4677
50.4677
50.4677
50.4677
50.4677
50.4677
50.4677
50.4677
50.4677
50.4677
50.4677
50.4677
50.4677
50.4677
50.4677
50.4677
50.4677
50.4677
50.4677
50.4677
50.4677
50.4677
50.4677
50.4677
50.4677
50.4677
50.4677
50.4677
50.4677
50.4677
50.4677
50.4677
50.4677
50.4677
50.4677
50.4677
50.4677
50.4677
50.4677
50.4677
50.4677
50.4677
50.4677
50.4677
50.4677
50.4677
50.4677
50.4677
50.4677
50.4677
50.4677
50.4677
50.4677
50.4677
50.4677
50.4677
50.4677
50.4677
50.4677
50.4677
50.4677
50.4677
50.4677
50.4677
50.4677
50.4677
50.4677
50.4677
50.4677
50.4677
50.4677
50.4677
50.4677
50.4677
50.4677
50.4677
50.4677
50.4677
50.4677
50.4677
50.4677
50.4677
50.4677
50.4677
50.4677
50.4677
50.4677
50.4677
50.4677
50.4677
50.4677
50.4677
50.4677
50.4677
50.4677
50.4677
50.4677
50.4677
50.4677
50.4677
50.4677
50.4677
50.4677
50.4677
50.4677
50.4677
50.4677
50.4677
50.4677
50.4677
50.4677
50.4677
50.4677
50.4677
50.4677
50.4677
50.4677
50.4677
50.4677
50.4677
50.4677
50.4677
50.4677
50.4677
50.4677
50.4677
50.4677
50.4677
50.4677
50.4677
50.4677
50.4677
50.4677
50.4677
50.4677
50.4677
50.4677
50.4677
50.4677
50.4677
50.4677
50.4677
50.4677
50.4677
50.4677
50.4677
50.4677
50.4677
50.4677
50.4677
50.4677
50.4677
50.4677
50.4677
50.4677
50.4677
50.4677
50.4677
50.4677
50.4677
50.4677
50.4677
50.4677
50.4677
50.4677
50.4677
50.4677
50.4677
50.4677
50.4677
50.4677
50.4677
50.4677
50.4677
50.4677
50.4677
50.4677
50.4677
50.4677
50.4677
50.4677
50.4677
50.4677
50.4677
50.4677
50.4677
50.4677
50.4677
50.4677
50.4677
50.4677
50.4677
50.4677
50.4677
50.4677
50.4677
50.4677
50.4677
50.4677
50.4677
50.4677
50.4677
50.4677
50.4677
50.4677
50.4677
50.4677
50.4677
50.4677
50.4677
50.4677
50.4677
50.4677
50.4677
50.4677
50.4677
50.4677
50.4677
50.4677
50.4677
50.4677
50.4677
50.4677
50.4677
50.4677
50.4677
50.4677
50.4677
50.4677
50.4677
50.4677
50.4677
50.4677
50.4677
50.4677
50.4677
50.4677
50.4677
50.4677
50.4677
50.4677
50.4677
50.4677
50.4677
50.4677
50.4677
50.4677
50.4677
50.4677
50.4677
50.4677
50.4677
50.4677
50.4677
50.4677
50.4677
50.4677
50.4677
50.4677
50.4677
50.4677
50.4677
50.4677
50.4677
50.4677
50.4677
50.4677
50.4677
50.4677
50.4677
50.4677
50.4677
50.4677
50.4677
50.4677
50.4677
50.4677
50.4677
50.4677
50.4677
50.4677
50.4677
50.4677
50.4677
50.4677
50.4677
50.4677
50.4677
50.4677
50.4677
50.4677
50.4677
50.4677
50.4677
50.4677
50.4677
50.4677
50.4677
50.4677
50.4677
50.4677
50.4677
50.4677
50.4677
50.4677
50.4677
50.4677
50.4677
50.4677
50.4677
50.4677
50.4677
50.4677
50.4677
50.4677
50.4677
50.4677
50.4677
50.4677
50.4677
50.4677
50.4677
50.4677
50.4677
50.4677
50.4677
50.4677
50.4677
50.4677
50.4677
50.4677
50.4677
50.4677
50.4677
50.4677
50.4677
50.4677
50.4677
50.4677
50.4677
50.4677
50.4677
50.4677
50.4677
50.4677
50.4677
50.4677
50.4677
50.4677
50.4677
50.4677
50.4677
50.4677
50.4677
50.4677
50.4677
50.4677
50.4677
50.4677
50.4677
50.4677
50.4677
50.4677
50.4677
50.4677
50.4677
50.4677
50.4677
50.4677
50.4677
50.4677
50.4677
50.4677
50.4677
50.4677
50.4677
50.4677
50.4677
50.4677
50.4677
50.4677
50.4677
50.4677
50.4677
50.4677
50.4677
50.4677
50.4677
50.4677
50.4677
50.4677
50.4677
50.4677
50.4677
50.4677
50.4677
50.4677
50.4677
50.4677
50.4677
50.4677
50.4677
50.4677
50.4677
50.4677
50.4678
50.4678
50.4678
50.4679
50.468
50.468
50.4682
50.4683
50.4685
50.4688
50.4691
50.4696
50.4701
50.4708
50.4718
50.473
50.4745
50.4764
50.4789
50.482
50.4859
50.4909
50.4972
50.5052
50.5151
50.5276
50.5433
50.5627
50.587
50.617
50.6541
50.6998
50.7559
50.8243
50.9072
51.0072
51.1269
51.2687
51.4353
51.6285
51.8497
52.0991
52.3755
52.6763
52.9969
53.3314
53.6725
54.0124
54.3433
54.6582
54.9512
55.2184
55.4573
55.6672
55.8486
56.0033
56.1335
56.242
56.3315
56.4046
56.464
56.5119
56.5501
56.5803
56.604
56.6221
56.6356
56.6453
56.6516
56.6552
56.6564
56.6564
56.6561
56.6557
56.6553
56.655
56.6547
56.6545
56.6543
56.6542
56.6541
56.6541
56.654
56.654
56.654
56.654
56.654
56.654
56.654
56.654
56.654
56.6541
56.6541
56.6541
56.6541
56.6541
56.6541
56.6542
56.6542
56.6542
56.6542
56.6542
56.6542
56.6543
56.6543
56.6543
56.6543
56.6543
56.6543
56.6543
56.6544
56.6544
56.6544
56.6544
56.6544
56.6544
56.6544
56.6544
56.6544
56.6544
56.6545
56.6545
56.6545
56.6545
56.6545
56.6545
56.6545
56.6545
56.6545
56.6545
56.6545
56.6545
56.6545
56.6546
56.6546
56.6546
56.6546
56.6546
56.6546
56.6546
56.6546
56.6546
56.6546
56.6546
56.6546
56.6546
56.6546
56.6546
56.6546
56.6546
56.6546
56.6546
56.6546
56.6546
56.6547
56.6547
56.6547
56.6547
56.6547
56.6547
56.6547
56.6547
56.6547
56.6547
56.6547
56.6547
56.6547
56.6547
56.6547
56.6547
56.6547
56.6547
56.6547
56.6547
56.6547
56.6547
56.6547
56.6547
56.6547
56.6547
56.6547
56.6547
56.6547
56.6547
56.6547
56.6547
56.6547
56.6547
56.6547
56.6547
56.6547
56.6547
56.6547
56.6547
56.6547
56.6547
56.6547
56.6547
56.6547
56.6547
56.6547
56.6547
56.6547
56.6547
56.6547
56.6547
56.6547
56.6547
56.6547
56.6547
56.6547
56.6547
56.6547
56.6547
56.6547
56.6547
56.6547
56.6547
56.6547
56.6547
56.6547
56.6547
56.6547
56.6547
56.6547
56.6547
56.6547
56.6547
56.6547
56.6547
56.6547
56.6547
56.6547
56.6547
56.6547
56.6547
56.6547
56.6547
56.6547
56.6547
56.6547
56.6547
56.6547
56.6547
56.6546
56.6546
56.6546
56.6546
56.6546
56.6546
56.6546
56.6546
56.6546
56.6546
56.6546
56.6546
56.6546
56.6546
56.6546
56.6546
56.6546
56.6546
56.6546
56.6546
56.6546
56.6546
56.6546
56.6546
56.6545
56.6545
56.6545
56.6545
56.6545
56.6545
56.6545
56.6545
56.6545
56.6545
56.6545
56.6545
56.6545
56.6545
56.6545
56.6545
56.6544
56.6544
56.6544
56.6544
56.6544
56.6544
56.6544
56.6544
56.6544
56.6544
56.6544
56.6544
56.6544
56.6543
56.6543
56.6543
56.6543
56.6543
56.6543
56.6543
56.6543
56.6543
56.6543
56.6542
56.6542
56.6542
56.6542
56.6542
56.6542
56.6542
56.6542
56.6542
56.6541
56.6541
56.6541
56.6541
56.6541
56.6541
56.6541
56.6541
56.654
56.654
56.654
56.654
56.654
56.654
56.6539
56.6539
56.6539
56.6539
56.6539
56.6539
56.6538
56.6538
56.6538
56.6538
56.6538
56.6537
56.6537
56.6537
56.6537
56.6537
56.6536
56.6536
56.6536
56.6536
56.6535
56.6535
56.6535
56.6535
56.6534
56.6534
56.6534
56.6534
56.6533
56.6533
56.6533
56.6532
56.6532
56.6531
56.6532
56.653
56.6531
56.6529
56.6531
56.6528
56.653
56.6527
56.653
56.6525
56.653
56.6524
56.653
56.6522
56.6529
56.6519
56.6529
56.6517
56.6529
56.6515
56.6529
56.6512
56.6529
56.6509
56.6529
56.6505
56.6529
56.6502
56.6528
56.6498
56.6528
56.6495
56.6526
56.6491
56.6524
56.6487
56.6521
56.6483
56.6518
56.6479
56.6513
56.6475
56.6506
56.6469
56.6497
56.6462
56.6484
56.6452
56.6467
56.6434
56.644
56.6394
56.6343
56.6119
56.6029
)
;

boundaryField
{
    inlet
    {
        type            calculated;
        value           uniform 50.4677;
    }
    backWall
    {
        type            calculated;
        value           uniform 56.6029;
    }
    sides
    {
        type            empty;
    }
}


// ************************************************************************* //
