/*--------------------------------*- C++ -*----------------------------------*\
| =========                 |                                                 |
| \\      /  F ield         | OpenFOAM: The Open Source CFD Toolbox           |
|  \\    /   O peration     | Version:  3.0.x                                 |
|   \\  /    A nd           | Web:      www.OpenFOAM.org                      |
|    \\/     M anipulation  |                                                 |
\*---------------------------------------------------------------------------*/
FoamFile
{
    version     2.0;
    format      ascii;
    class       volScalarField;
    location    "0.14";
    object      rho;
}
// * * * * * * * * * * * * * * * * * * * * * * * * * * * * * * * * * * * * * //

dimensions      [1 -3 0 0 0 0 0];

internalField   nonuniform List<scalar> 
6900
(
50.609
50.6093
50.6095
50.6098
50.6101
50.6104
50.6107
50.6112
50.6117
50.6123
50.613
50.6136
50.6142
50.6147
50.6152
50.6157
50.6162
50.6166
50.617
50.6174
50.6178
50.6182
50.6186
50.619
50.6194
50.6197
50.6201
50.6204
50.6208
50.6211
50.6215
50.6219
50.6223
50.6227
50.6231
50.6235
50.624
50.6245
50.625
50.6255
50.6261
50.6267
50.6273
50.6279
50.6285
50.6292
50.6299
50.6306
50.6313
50.6321
50.6328
50.6335
50.6343
50.635
50.6358
50.6365
50.6372
50.638
50.6387
50.6394
50.6401
50.6407
50.6414
50.6421
50.6427
50.6434
50.644
50.6446
50.6453
50.6459
50.6465
50.6472
50.6479
50.6485
50.6492
50.6499
50.6507
50.6514
50.6522
50.653
50.6539
50.6547
50.6556
50.6565
50.6575
50.6584
50.6594
50.6603
50.6613
50.6622
50.6632
50.6641
50.665
50.6659
50.6668
50.6676
50.6683
50.669
50.6697
50.6703
50.6708
50.6713
50.6717
50.6721
50.6724
50.6726
50.6728
50.6729
50.673
50.6731
50.6731
50.6731
50.673
50.673
50.6729
50.6728
50.6727
50.6727
50.6726
50.6725
50.6725
50.6725
50.6724
50.6725
50.6725
50.6725
50.6726
50.6727
50.6728
50.6729
50.673
50.6732
50.6733
50.6734
50.6735
50.6736
50.6737
50.6737
50.6738
50.6738
50.6738
50.6737
50.6736
50.6735
50.6733
50.6732
50.6729
50.6727
50.6724
50.672
50.6717
50.6712
50.6708
50.6703
50.6698
50.6693
50.6688
50.6682
50.6676
50.667
50.6664
50.6658
50.6652
50.6646
50.6639
50.6633
50.6627
50.6621
50.6614
50.6608
50.6601
50.6595
50.6588
50.6581
50.6573
50.6566
50.6558
50.655
50.6541
50.6533
50.6525
50.6516
50.6508
50.65
50.6491
50.6483
50.6475
50.6467
50.646
50.6452
50.6444
50.6437
50.643
50.6423
50.6416
50.641
50.6405
50.6399
50.6398
50.6369
50.6091
50.6093
50.6096
50.6099
50.6101
50.6104
50.6108
50.6112
50.6117
50.6123
50.613
50.6136
50.6142
50.6148
50.6153
50.6158
50.6162
50.6166
50.6171
50.6175
50.6179
50.6183
50.6187
50.619
50.6194
50.6198
50.6201
50.6205
50.6208
50.6212
50.6216
50.6219
50.6223
50.6227
50.6231
50.6236
50.624
50.6245
50.625
50.6256
50.6261
50.6267
50.6273
50.6279
50.6286
50.6293
50.6299
50.6307
50.6314
50.6321
50.6328
50.6336
50.6343
50.6351
50.6358
50.6365
50.6373
50.638
50.6387
50.6394
50.6401
50.6408
50.6415
50.6421
50.6428
50.6434
50.644
50.6447
50.6453
50.646
50.6466
50.6472
50.6479
50.6486
50.6493
50.65
50.6507
50.6515
50.6523
50.6531
50.6539
50.6548
50.6557
50.6566
50.6575
50.6584
50.6594
50.6604
50.6613
50.6623
50.6632
50.6642
50.6651
50.666
50.6668
50.6676
50.6684
50.6691
50.6697
50.6703
50.6709
50.6713
50.6718
50.6721
50.6724
50.6726
50.6728
50.673
50.673
50.6731
50.6731
50.6731
50.6731
50.673
50.6729
50.6729
50.6728
50.6727
50.6726
50.6726
50.6725
50.6725
50.6725
50.6725
50.6725
50.6726
50.6726
50.6727
50.6728
50.6729
50.6731
50.6732
50.6733
50.6734
50.6736
50.6736
50.6737
50.6738
50.6738
50.6738
50.6738
50.6737
50.6737
50.6735
50.6734
50.6732
50.673
50.6727
50.6724
50.6721
50.6717
50.6713
50.6708
50.6704
50.6699
50.6694
50.6688
50.6682
50.6677
50.6671
50.6665
50.6658
50.6652
50.6646
50.664
50.6634
50.6627
50.6621
50.6615
50.6608
50.6602
50.6595
50.6588
50.6581
50.6574
50.6566
50.6558
50.655
50.6542
50.6534
50.6525
50.6517
50.6508
50.65
50.6492
50.6484
50.6476
50.6468
50.646
50.6452
50.6445
50.6437
50.643
50.6423
50.6417
50.641
50.6405
50.64
50.6399
50.6372
50.6091
50.6093
50.6096
50.6099
50.6101
50.6104
50.6108
50.6112
50.6117
50.6123
50.613
50.6136
50.6142
50.6148
50.6153
50.6158
50.6162
50.6166
50.6171
50.6175
50.6179
50.6183
50.6187
50.619
50.6194
50.6198
50.6201
50.6205
50.6208
50.6212
50.6216
50.6219
50.6223
50.6227
50.6231
50.6236
50.624
50.6245
50.625
50.6256
50.6261
50.6267
50.6273
50.6279
50.6286
50.6293
50.6299
50.6307
50.6314
50.6321
50.6328
50.6336
50.6343
50.6351
50.6358
50.6365
50.6373
50.638
50.6387
50.6394
50.6401
50.6408
50.6415
50.6421
50.6428
50.6434
50.644
50.6447
50.6453
50.646
50.6466
50.6472
50.6479
50.6486
50.6493
50.65
50.6507
50.6515
50.6523
50.6531
50.6539
50.6548
50.6557
50.6566
50.6575
50.6584
50.6594
50.6604
50.6613
50.6623
50.6632
50.6642
50.6651
50.666
50.6668
50.6676
50.6684
50.6691
50.6697
50.6703
50.6709
50.6713
50.6718
50.6721
50.6724
50.6726
50.6728
50.673
50.673
50.6731
50.6731
50.6731
50.6731
50.673
50.6729
50.6729
50.6728
50.6727
50.6726
50.6726
50.6725
50.6725
50.6725
50.6725
50.6725
50.6726
50.6726
50.6727
50.6728
50.6729
50.6731
50.6732
50.6733
50.6734
50.6736
50.6736
50.6737
50.6738
50.6738
50.6738
50.6738
50.6737
50.6737
50.6735
50.6734
50.6732
50.673
50.6727
50.6724
50.6721
50.6717
50.6713
50.6708
50.6704
50.6699
50.6694
50.6688
50.6682
50.6677
50.6671
50.6665
50.6658
50.6652
50.6646
50.664
50.6634
50.6627
50.6621
50.6615
50.6608
50.6602
50.6595
50.6588
50.6581
50.6574
50.6566
50.6558
50.655
50.6542
50.6534
50.6525
50.6517
50.6508
50.65
50.6492
50.6484
50.6476
50.6468
50.646
50.6452
50.6445
50.6437
50.643
50.6423
50.6417
50.641
50.6405
50.64
50.6396
50.6391
50.6091
50.6093
50.6096
50.6099
50.6101
50.6104
50.6108
50.6112
50.6117
50.6123
50.613
50.6136
50.6142
50.6148
50.6153
50.6158
50.6162
50.6166
50.6171
50.6175
50.6179
50.6183
50.6187
50.619
50.6194
50.6198
50.6201
50.6205
50.6208
50.6212
50.6216
50.6219
50.6223
50.6227
50.6231
50.6236
50.624
50.6245
50.625
50.6256
50.6261
50.6267
50.6273
50.6279
50.6286
50.6293
50.6299
50.6307
50.6314
50.6321
50.6328
50.6336
50.6343
50.6351
50.6358
50.6365
50.6373
50.638
50.6387
50.6394
50.6401
50.6408
50.6415
50.6421
50.6428
50.6434
50.644
50.6447
50.6453
50.646
50.6466
50.6472
50.6479
50.6486
50.6493
50.65
50.6507
50.6515
50.6523
50.6531
50.6539
50.6548
50.6557
50.6566
50.6575
50.6584
50.6594
50.6604
50.6613
50.6623
50.6632
50.6642
50.6651
50.666
50.6668
50.6676
50.6684
50.6691
50.6697
50.6703
50.6709
50.6713
50.6718
50.6721
50.6724
50.6726
50.6728
50.673
50.673
50.6731
50.6731
50.6731
50.6731
50.673
50.6729
50.6729
50.6728
50.6727
50.6726
50.6726
50.6725
50.6725
50.6725
50.6725
50.6725
50.6726
50.6726
50.6727
50.6728
50.6729
50.6731
50.6732
50.6733
50.6734
50.6736
50.6736
50.6737
50.6738
50.6738
50.6738
50.6738
50.6737
50.6737
50.6735
50.6734
50.6732
50.673
50.6727
50.6724
50.6721
50.6717
50.6713
50.6708
50.6704
50.6699
50.6694
50.6688
50.6682
50.6677
50.6671
50.6665
50.6658
50.6652
50.6646
50.664
50.6634
50.6627
50.6621
50.6615
50.6608
50.6602
50.6595
50.6588
50.6581
50.6574
50.6566
50.6558
50.655
50.6542
50.6534
50.6525
50.6517
50.6508
50.65
50.6492
50.6484
50.6476
50.6468
50.646
50.6452
50.6445
50.6437
50.643
50.6423
50.6416
50.641
50.6405
50.6401
50.6388
50.644
50.609
50.6093
50.6095
50.6098
50.6101
50.6104
50.6107
50.6112
50.6117
50.6123
50.613
50.6136
50.6142
50.6147
50.6152
50.6157
50.6162
50.6166
50.617
50.6174
50.6178
50.6182
50.6186
50.619
50.6194
50.6197
50.6201
50.6204
50.6208
50.6211
50.6215
50.6219
50.6223
50.6227
50.6231
50.6235
50.624
50.6245
50.625
50.6255
50.6261
50.6267
50.6273
50.6279
50.6285
50.6292
50.6299
50.6306
50.6313
50.6321
50.6328
50.6335
50.6343
50.635
50.6358
50.6365
50.6372
50.638
50.6387
50.6394
50.6401
50.6407
50.6414
50.6421
50.6427
50.6434
50.644
50.6446
50.6453
50.6459
50.6465
50.6472
50.6479
50.6485
50.6492
50.6499
50.6507
50.6514
50.6522
50.653
50.6539
50.6547
50.6556
50.6565
50.6575
50.6584
50.6594
50.6603
50.6613
50.6622
50.6632
50.6641
50.665
50.6659
50.6668
50.6676
50.6683
50.669
50.6697
50.6703
50.6708
50.6713
50.6717
50.6721
50.6724
50.6726
50.6728
50.6729
50.673
50.6731
50.6731
50.6731
50.673
50.673
50.6729
50.6728
50.6727
50.6727
50.6726
50.6725
50.6725
50.6725
50.6724
50.6725
50.6725
50.6725
50.6726
50.6727
50.6728
50.6729
50.673
50.6732
50.6733
50.6734
50.6735
50.6736
50.6737
50.6737
50.6738
50.6738
50.6738
50.6737
50.6736
50.6735
50.6733
50.6732
50.6729
50.6727
50.6724
50.672
50.6717
50.6712
50.6708
50.6703
50.6698
50.6693
50.6688
50.6682
50.6676
50.667
50.6664
50.6658
50.6652
50.6646
50.6639
50.6633
50.6627
50.6621
50.6614
50.6608
50.6601
50.6595
50.6588
50.6581
50.6573
50.6566
50.6558
50.655
50.6541
50.6533
50.6525
50.6516
50.6508
50.65
50.6491
50.6483
50.6475
50.6467
50.646
50.6452
50.6444
50.6437
50.643
50.6423
50.6416
50.641
50.6404
50.6401
50.6382
50.6492
50.6537
50.6599
50.6604
50.6585
50.6568
50.6549
50.653
50.6518
50.6535
50.6539
50.6498
50.6404
50.6303
50.6225
50.6154
50.609
50.607
50.6143
50.6261
50.6262
50.6504
50.6534
50.6531
50.6514
50.6497
50.6479
50.646
50.645
50.647
50.6473
50.642
50.6316
50.6221
50.6147
50.608
50.6023
50.6006
50.6098
50.6202
50.6168
50.6397
50.6396
50.6385
50.6365
50.6339
50.6305
50.6265
50.6216
50.6155
50.6091
50.6026
50.5962
50.5891
50.5806
50.5711
50.561
50.5499
50.5372
50.5247
50.5138
50.6188
50.616
50.6168
50.618
50.6168
50.6132
50.6084
50.6017
50.5961
50.589
50.5829
50.5761
50.57
50.5639
50.5583
50.5534
50.5494
50.5457
50.543
50.5409
50.6096
50.5983
50.594
50.5933
50.5911
50.5864
50.5803
50.5727
50.5656
50.5573
50.5497
50.5416
50.5343
50.5269
50.5206
50.5145
50.5096
50.5051
50.5018
50.5001
50.5536
50.5251
50.5349
50.5388
50.532
50.528
50.5279
50.5281
50.5278
50.5271
50.527
50.5275
50.5277
50.5274
50.5268
50.5265
50.5265
50.5265
50.5265
50.5265
50.5264
50.5265
50.5268
50.5272
50.5276
50.5271
50.5194
50.4853
50.4456
50.4324
50.4363
50.4671
50.5216
50.5509
50.5602
50.5606
50.5554
50.5484
50.5446
50.5428
50.5422
50.5421
50.5424
50.5429
50.5434
50.5441
50.5447
50.5454
50.5461
50.5469
50.5477
50.5485
50.5493
50.5501
50.5509
50.5518
50.5526
50.5534
50.5542
50.555
50.5558
50.5565
50.5573
50.558
50.5587
50.5594
50.56
50.5606
50.5612
50.5617
50.5623
50.5627
50.5632
50.5636
50.564
50.5644
50.5647
50.565
50.5653
50.5656
50.5658
50.566
50.5663
50.5664
50.5666
50.5668
50.567
50.5672
50.5673
50.5675
50.5677
50.5679
50.5681
50.5684
50.5686
50.5689
50.5692
50.5695
50.5699
50.5703
50.5707
50.5711
50.5716
50.5721
50.5726
50.5731
50.5737
50.5743
50.5749
50.5755
50.5761
50.5767
50.5773
50.578
50.5786
50.5792
50.5798
50.5804
50.581
50.5816
50.5821
50.5826
50.5831
50.5835
50.5839
50.5843
50.5846
50.5849
50.5852
50.5854
50.5856
50.5857
50.5858
50.5859
50.5859
50.5859
50.5859
50.5858
50.5858
50.5857
50.5856
50.5854
50.5853
50.5851
50.585
50.5848
50.5847
50.5845
50.5844
50.5842
50.5841
50.584
50.584
50.5839
50.5839
50.5839
50.5839
50.584
50.5841
50.5842
50.5844
50.5845
50.5847
50.5849
50.5852
50.5854
50.5857
50.5859
50.5861
50.5864
50.5866
50.5868
50.587
50.5871
50.5872
50.5873
50.5874
50.5874
50.5874
50.5874
50.5873
50.5873
50.5871
50.587
50.5869
50.5867
50.5865
50.5863
50.5861
50.5859
50.5857
50.5854
50.5851
50.5849
50.5846
50.5843
50.584
50.5838
50.5824
50.5902
50.5488
50.5244
50.5347
50.5378
50.531
50.5272
50.5268
50.5269
50.5265
50.5259
50.5258
50.5261
50.5262
50.5259
50.5254
50.5252
50.5252
50.5251
50.5251
50.525
50.525
50.5251
50.5255
50.526
50.5266
50.5266
50.5228
50.5073
50.4929
50.4887
50.4908
50.5025
50.5223
50.5341
50.5393
50.5409
50.5414
50.5413
50.5411
50.5412
50.5415
50.5418
50.5423
50.5428
50.5434
50.5441
50.5447
50.5454
50.5462
50.5469
50.5477
50.5485
50.5493
50.5501
50.551
50.5518
50.5526
50.5534
50.5542
50.555
50.5558
50.5566
50.5573
50.558
50.5587
50.5594
50.56
50.5607
50.5612
50.5618
50.5623
50.5628
50.5632
50.5637
50.5641
50.5644
50.5648
50.5651
50.5654
50.5656
50.5659
50.5661
50.5663
50.5665
50.5667
50.5669
50.567
50.5672
50.5674
50.5676
50.5678
50.568
50.5682
50.5684
50.5687
50.569
50.5693
50.5696
50.5699
50.5703
50.5707
50.5712
50.5716
50.5721
50.5726
50.5732
50.5737
50.5743
50.5749
50.5755
50.5761
50.5768
50.5774
50.578
50.5786
50.5793
50.5799
50.5805
50.5811
50.5816
50.5822
50.5827
50.5831
50.5836
50.584
50.5844
50.5847
50.585
50.5852
50.5854
50.5856
50.5858
50.5859
50.5859
50.5859
50.586
50.5859
50.5859
50.5858
50.5857
50.5856
50.5855
50.5853
50.5852
50.585
50.5849
50.5847
50.5846
50.5844
50.5843
50.5842
50.5841
50.584
50.5839
50.5839
50.5839
50.584
50.584
50.5841
50.5842
50.5844
50.5846
50.5848
50.585
50.5852
50.5854
50.5857
50.5859
50.5862
50.5864
50.5866
50.5868
50.587
50.5872
50.5873
50.5874
50.5874
50.5875
50.5875
50.5874
50.5874
50.5873
50.5872
50.5871
50.5869
50.5868
50.5866
50.5864
50.5862
50.5859
50.5857
50.5855
50.5852
50.5849
50.5846
50.5843
50.584
50.5838
50.5828
50.5859
50.4938
50.505
50.5117
50.512
50.5107
50.5101
50.51
50.5099
50.5096
50.5095
50.5093
50.5091
50.5088
50.5085
50.5083
50.5082
50.5082
50.5083
50.5092
50.5123
50.5176
50.5219
50.525
50.527
50.5282
50.5292
50.53
50.5307
50.5315
50.5326
50.534
50.5355
50.5366
50.5374
50.5381
50.5385
50.5389
50.5394
50.5398
50.5404
50.5409
50.5415
50.5421
50.5427
50.5433
50.544
50.5447
50.5454
50.5462
50.5469
50.5477
50.5485
50.5493
50.5501
50.551
50.5518
50.5526
50.5534
50.5542
50.555
50.5558
50.5566
50.5573
50.558
50.5587
50.5594
50.56
50.5607
50.5612
50.5618
50.5623
50.5628
50.5632
50.5637
50.5641
50.5644
50.5648
50.5651
50.5654
50.5656
50.5659
50.5661
50.5663
50.5665
50.5667
50.5669
50.567
50.5672
50.5674
50.5676
50.5678
50.568
50.5682
50.5684
50.5687
50.569
50.5693
50.5696
50.5699
50.5703
50.5707
50.5712
50.5716
50.5721
50.5726
50.5732
50.5737
50.5743
50.5749
50.5755
50.5761
50.5768
50.5774
50.578
50.5786
50.5793
50.5799
50.5805
50.5811
50.5816
50.5822
50.5827
50.5831
50.5836
50.584
50.5844
50.5847
50.585
50.5852
50.5854
50.5856
50.5858
50.5859
50.5859
50.5859
50.586
50.5859
50.5859
50.5858
50.5857
50.5856
50.5855
50.5853
50.5852
50.585
50.5849
50.5847
50.5846
50.5844
50.5843
50.5842
50.5841
50.584
50.5839
50.5839
50.5839
50.584
50.584
50.5841
50.5842
50.5844
50.5846
50.5848
50.585
50.5852
50.5854
50.5857
50.5859
50.5862
50.5864
50.5866
50.5868
50.587
50.5872
50.5873
50.5874
50.5874
50.5875
50.5875
50.5874
50.5874
50.5873
50.5872
50.5871
50.5869
50.5868
50.5866
50.5864
50.5862
50.5859
50.5857
50.5854
50.5852
50.5849
50.5846
50.5843
50.5841
50.5838
50.5836
50.5833
50.5327
50.5307
50.53
50.5287
50.5276
50.5273
50.5272
50.5271
50.5269
50.5268
50.5267
50.5266
50.5264
50.5263
50.5262
50.5262
50.5262
50.5262
50.5261
50.526
50.526
50.5261
50.5258
50.5252
50.5251
50.5255
50.5256
50.5241
50.5213
50.5205
50.5213
50.5235
50.5292
50.5344
50.5376
50.5392
50.54
50.5405
50.5408
50.541
50.5413
50.5417
50.5422
50.5428
50.5434
50.544
50.5447
50.5454
50.5462
50.5469
50.5477
50.5485
50.5493
50.5501
50.551
50.5518
50.5526
50.5534
50.5542
50.555
50.5558
50.5566
50.5573
50.558
50.5587
50.5594
50.56
50.5607
50.5612
50.5618
50.5623
50.5628
50.5632
50.5637
50.5641
50.5644
50.5648
50.5651
50.5654
50.5656
50.5659
50.5661
50.5663
50.5665
50.5667
50.5669
50.567
50.5672
50.5674
50.5676
50.5678
50.568
50.5682
50.5684
50.5687
50.569
50.5693
50.5696
50.5699
50.5703
50.5707
50.5712
50.5716
50.5721
50.5726
50.5732
50.5737
50.5743
50.5749
50.5755
50.5761
50.5768
50.5774
50.578
50.5786
50.5793
50.5799
50.5805
50.5811
50.5816
50.5822
50.5827
50.5831
50.5836
50.584
50.5844
50.5847
50.585
50.5852
50.5854
50.5856
50.5858
50.5859
50.5859
50.5859
50.586
50.5859
50.5859
50.5858
50.5857
50.5856
50.5855
50.5853
50.5852
50.585
50.5849
50.5847
50.5846
50.5844
50.5843
50.5842
50.5841
50.584
50.5839
50.5839
50.5839
50.584
50.584
50.5841
50.5842
50.5844
50.5846
50.5848
50.585
50.5852
50.5854
50.5857
50.5859
50.5862
50.5864
50.5866
50.5868
50.587
50.5872
50.5873
50.5874
50.5874
50.5875
50.5875
50.5874
50.5874
50.5873
50.5872
50.5871
50.5869
50.5868
50.5866
50.5864
50.5862
50.5859
50.5857
50.5854
50.5852
50.5849
50.5846
50.5843
50.5841
50.5838
50.584
50.5827
50.5185
50.5221
50.5222
50.5212
50.5201
50.5198
50.5197
50.5196
50.5194
50.5193
50.5192
50.519
50.5188
50.5187
50.5186
50.5185
50.5184
50.5183
50.5183
50.5181
50.5176
50.5173
50.5177
50.5188
50.521
50.5222
50.5211
50.5095
50.4861
50.4735
50.471
50.4736
50.4857
50.5048
50.5185
50.5275
50.533
50.5363
50.5383
50.5396
50.5406
50.5413
50.542
50.5426
50.5433
50.544
50.5447
50.5454
50.5461
50.5469
50.5477
50.5485
50.5493
50.5501
50.5509
50.5518
50.5526
50.5534
50.5542
50.555
50.5558
50.5565
50.5573
50.558
50.5587
50.5594
50.56
50.5606
50.5612
50.5617
50.5623
50.5627
50.5632
50.5636
50.564
50.5644
50.5647
50.565
50.5653
50.5656
50.5658
50.566
50.5663
50.5664
50.5666
50.5668
50.567
50.5672
50.5673
50.5675
50.5677
50.5679
50.5681
50.5684
50.5686
50.5689
50.5692
50.5695
50.5699
50.5703
50.5707
50.5711
50.5716
50.5721
50.5726
50.5731
50.5737
50.5743
50.5749
50.5755
50.5761
50.5767
50.5773
50.578
50.5786
50.5792
50.5798
50.5804
50.581
50.5816
50.5821
50.5826
50.5831
50.5835
50.5839
50.5843
50.5846
50.5849
50.5852
50.5854
50.5856
50.5857
50.5858
50.5859
50.5859
50.5859
50.5859
50.5858
50.5858
50.5857
50.5856
50.5854
50.5853
50.5851
50.585
50.5848
50.5847
50.5845
50.5844
50.5842
50.5841
50.584
50.584
50.5839
50.5839
50.5839
50.5839
50.584
50.5841
50.5842
50.5844
50.5845
50.5847
50.5849
50.5852
50.5854
50.5857
50.5859
50.5861
50.5864
50.5866
50.5868
50.587
50.5871
50.5872
50.5873
50.5874
50.5874
50.5874
50.5874
50.5873
50.5873
50.5871
50.587
50.5869
50.5867
50.5865
50.5863
50.5861
50.5859
50.5857
50.5854
50.5851
50.5849
50.5846
50.5843
50.584
50.5838
50.5839
50.5824
50.5562
50.5443
50.54
50.539
50.5367
50.532
50.5256
50.519
50.5115
50.5042
50.4965
50.4888
50.4818
50.4749
50.4689
50.4632
50.4584
50.454
50.4507
50.449
50.5644
50.5615
50.5619
50.563
50.5617
50.5582
50.5525
50.5476
50.5408
50.5353
50.5285
50.5224
50.5162
50.5104
50.5057
50.5012
50.4971
50.4936
50.4909
50.4886
50.5838
50.5837
50.5827
50.5808
50.5782
50.575
50.5711
50.5661
50.5607
50.5549
50.5491
50.5424
50.5346
50.5258
50.5163
50.5057
50.4939
50.4826
50.4724
50.4642
50.5936
50.5967
50.5966
50.595
50.5936
50.5923
50.5913
50.5918
50.5914
50.5872
50.5787
50.5711
50.5651
50.5596
50.5554
50.5565
50.5679
50.5755
50.5736
50.5582
50.5968
50.603
50.6037
50.602
50.6004
50.599
50.5981
50.5982
50.5979
50.5944
50.5866
50.5786
50.5722
50.5664
50.5617
50.5627
50.5725
50.5811
50.5827
50.57
50.4686
50.4725
50.4721
50.4709
50.4702
50.4698
50.4697
50.4695
50.4694
50.4693
50.4692
50.469
50.4689
50.4688
50.4688
50.4689
50.4689
50.4689
50.4688
50.4687
50.4683
50.4679
50.4679
50.4683
50.4698
50.4714
50.4716
50.4673
50.4478
50.4274
50.4192
50.4188
50.4237
50.4402
50.4568
50.4678
50.4746
50.4786
50.4807
50.4819
50.4824
50.4826
50.4827
50.4827
50.4826
50.4826
50.4826
50.4825
50.4825
50.4825
50.4825
50.4825
50.4826
50.4826
50.4827
50.4827
50.4828
50.4829
50.483
50.4831
50.4832
50.4833
50.4834
50.4835
50.4836
50.4837
50.4838
50.4839
50.484
50.4841
50.4841
50.4842
50.4842
50.4841
50.4841
50.484
50.484
50.4839
50.4837
50.4836
50.4835
50.4833
50.4831
50.4829
50.4828
50.4826
50.4824
50.4822
50.482
50.4818
50.4816
50.4814
50.4811
50.4809
50.4807
50.4805
50.4803
50.4802
50.4789
50.4864
50.4825
50.4809
50.4798
50.4783
50.4776
50.4772
50.477
50.4768
50.4767
50.4766
50.4766
50.4765
50.4763
50.4763
50.4763
50.4764
50.4765
50.4766
50.4765
50.4763
50.4761
50.4761
50.476
50.4755
50.475
50.4749
50.475
50.4743
50.4714
50.4692
50.4689
50.4697
50.4726
50.478
50.4817
50.4835
50.4842
50.4843
50.4842
50.4838
50.4835
50.4832
50.483
50.4829
50.4828
50.4827
50.4826
50.4826
50.4826
50.4826
50.4826
50.4826
50.4826
50.4826
50.4827
50.4828
50.4828
50.4829
50.483
50.4831
50.4832
50.4833
50.4835
50.4836
50.4837
50.4838
50.4839
50.484
50.4841
50.4841
50.4842
50.4842
50.4842
50.4842
50.4841
50.4841
50.484
50.4839
50.4838
50.4837
50.4835
50.4833
50.4832
50.483
50.4828
50.4826
50.4824
50.4822
50.482
50.4818
50.4816
50.4814
50.4812
50.481
50.4808
50.4805
50.4803
50.4802
50.4793
50.4822
50.4463
50.4557
50.4616
50.4619
50.461
50.4605
50.4603
50.4602
50.46
50.4599
50.4597
50.4596
50.4594
50.4593
50.459
50.4587
50.4586
50.4587
50.4589
50.4603
50.4646
50.4694
50.4729
50.4752
50.4766
50.4775
50.4781
50.4785
50.479
50.4796
50.4804
50.4816
50.4826
50.4831
50.4833
50.4834
50.4833
50.4832
50.4831
50.483
50.4829
50.4828
50.4828
50.4827
50.4827
50.4826
50.4826
50.4826
50.4826
50.4826
50.4826
50.4826
50.4826
50.4826
50.4827
50.4828
50.4828
50.4829
50.483
50.4831
50.4832
50.4833
50.4835
50.4836
50.4837
50.4838
50.4839
50.484
50.4841
50.4841
50.4842
50.4842
50.4842
50.4842
50.4841
50.4841
50.484
50.4839
50.4838
50.4836
50.4835
50.4833
50.4832
50.483
50.4828
50.4826
50.4824
50.4822
50.482
50.4818
50.4816
50.4814
50.4812
50.481
50.4808
50.4806
50.4804
50.4802
50.48
50.4799
50.4806
50.4718
50.4881
50.4879
50.4796
50.477
50.477
50.4768
50.4761
50.4757
50.4759
50.4764
50.4763
50.4757
50.4753
50.4752
50.4754
50.4755
50.4756
50.4755
50.4749
50.4747
50.4748
50.475
50.4754
50.4757
50.4746
50.4666
50.4486
50.4384
50.437
50.441
50.4574
50.4744
50.4828
50.4858
50.4863
50.4859
50.4849
50.4842
50.4837
50.4834
50.4831
50.483
50.4828
50.4827
50.4827
50.4826
50.4826
50.4826
50.4826
50.4826
50.4826
50.4827
50.4827
50.4828
50.4828
50.4829
50.483
50.4831
50.4832
50.4833
50.4835
50.4836
50.4837
50.4838
50.4839
50.484
50.4841
50.4841
50.4842
50.4842
50.4842
50.4842
50.4841
50.4841
50.484
50.4839
50.4838
50.4836
50.4835
50.4833
50.4832
50.483
50.4828
50.4826
50.4824
50.4822
50.482
50.4818
50.4816
50.4814
50.4812
50.481
50.4808
50.4806
50.4804
50.4802
50.4805
50.4794
50.4858
50.472
50.4886
50.4887
50.4804
50.4779
50.4781
50.4781
50.4773
50.4768
50.4771
50.4779
50.4778
50.4771
50.4766
50.4765
50.4766
50.4768
50.4771
50.4773
50.4769
50.4764
50.4763
50.4764
50.4766
50.4767
50.4747
50.4608
50.4195
50.39
50.3841
50.3927
50.4344
50.4801
50.5007
50.5054
50.5038
50.4966
50.4903
50.4868
50.4849
50.4839
50.4834
50.483
50.4829
50.4827
50.4826
50.4826
50.4825
50.4825
50.4825
50.4825
50.4826
50.4826
50.4827
50.4827
50.4828
50.4829
50.483
50.4831
50.4832
50.4833
50.4834
50.4835
50.4836
50.4837
50.4838
50.4839
50.484
50.4841
50.4841
50.4842
50.4842
50.4841
50.4841
50.484
50.484
50.4839
50.4837
50.4836
50.4835
50.4833
50.4831
50.4829
50.4828
50.4826
50.4824
50.4822
50.482
50.4818
50.4816
50.4814
50.4811
50.4809
50.4807
50.4805
50.4803
50.4802
50.4805
50.4792
50.4529
50.4409
50.4365
50.4356
50.4333
50.4286
50.4222
50.4156
50.4081
50.4007
50.393
50.3853
50.3783
50.3714
50.3654
50.3596
50.3549
50.3504
50.347
50.3453
50.4611
50.4581
50.4586
50.4596
50.4584
50.4549
50.4492
50.4442
50.4375
50.432
50.4252
50.4191
50.4129
50.407
50.4023
50.3977
50.3937
50.3901
50.3874
50.3851
50.4805
50.4804
50.4794
50.4775
50.4749
50.4717
50.4679
50.4628
50.4574
50.4516
50.4458
50.4392
50.4313
50.4226
50.4131
50.4025
50.3907
50.3794
50.3692
50.361
50.4902
50.4934
50.4933
50.4917
50.4903
50.489
50.4881
50.4885
50.4882
50.4841
50.4756
50.4681
50.462
50.4565
50.4522
50.4532
50.4645
50.4722
50.4702
50.455
50.4934
50.4997
50.5004
50.4987
50.4972
50.4958
50.4949
50.495
50.4947
50.4912
50.4836
50.4756
50.4691
50.4633
50.4585
50.4593
50.4691
50.4779
50.4793
50.4668
50.3649
50.369
50.3688
50.3678
50.367
50.3666
50.3665
50.3663
50.3662
50.3662
50.366
50.3658
50.3656
50.3655
50.3653
50.3652
50.365
50.3648
50.3645
50.3641
50.3634
50.3632
50.3636
50.3647
50.3663
50.3666
50.3632
50.3456
50.3246
50.3156
50.3148
50.3191
50.335
50.3518
50.3631
50.37
50.3741
50.3763
50.3775
50.3781
50.3784
50.3785
50.3786
50.3787
50.3787
50.3788
50.3789
50.3789
50.379
50.3791
50.3792
50.3793
50.3794
50.3795
50.3796
50.3797
50.3798
50.3799
50.38
50.38
50.3801
50.3802
50.3802
50.3803
50.3803
50.3803
50.3804
50.3804
50.3804
50.3803
50.3803
50.3803
50.3802
50.3802
50.3801
50.38
50.3799
50.3798
50.3797
50.3796
50.3795
50.3793
50.3792
50.3791
50.3789
50.3788
50.3787
50.3785
50.3784
50.3783
50.3782
50.3782
50.3781
50.378
50.378
50.378
50.378
50.378
50.3781
50.3781
50.3782
50.3783
50.3785
50.3786
50.3788
50.3789
50.3791
50.3793
50.3795
50.3798
50.38
50.3802
50.3805
50.3807
50.3809
50.3812
50.3814
50.3816
50.3818
50.382
50.3822
50.3824
50.3826
50.3827
50.3829
50.383
50.3831
50.3833
50.3834
50.3835
50.3836
50.3838
50.3839
50.384
50.3842
50.3843
50.3845
50.3847
50.3849
50.3851
50.3853
50.3856
50.3859
50.3862
50.3865
50.3868
50.3872
50.3876
50.388
50.3885
50.3889
50.3894
50.3899
50.3905
50.391
50.3916
50.3921
50.3927
50.3933
50.3939
50.3945
50.395
50.3956
50.3961
50.3966
50.3971
50.3975
50.3979
50.3982
50.3985
50.3988
50.399
50.3992
50.3994
50.3995
50.3996
50.3996
50.3997
50.3997
50.3997
50.3997
50.3997
50.3998
50.3998
50.3998
50.3999
50.3999
50.4
50.4001
50.4002
50.4003
50.4005
50.4007
50.4009
50.4012
50.4015
50.4019
50.4024
50.4033
50.4024
50.3788
50.3774
50.3765
50.3752
50.3745
50.374
50.3738
50.3737
50.3735
50.3735
50.3734
50.3732
50.373
50.3729
50.3728
50.3727
50.3727
50.3725
50.3722
50.3719
50.3718
50.3716
50.371
50.3703
50.3702
50.3702
50.3697
50.3672
50.365
50.3647
50.3655
50.3683
50.3735
50.3771
50.379
50.3796
50.3798
50.3797
50.3794
50.3791
50.379
50.3789
50.3788
50.3788
50.3788
50.3789
50.3789
50.379
50.3791
50.3792
50.3793
50.3794
50.3795
50.3796
50.3797
50.3797
50.3798
50.3799
50.38
50.3801
50.3801
50.3802
50.3803
50.3803
50.3803
50.3804
50.3804
50.3804
50.3804
50.3804
50.3804
50.3803
50.3803
50.3802
50.3802
50.3801
50.38
50.3799
50.3798
50.3796
50.3795
50.3794
50.3792
50.3791
50.379
50.3788
50.3787
50.3786
50.3785
50.3784
50.3783
50.3782
50.3781
50.3781
50.378
50.378
50.378
50.3781
50.3781
50.3782
50.3783
50.3784
50.3785
50.3787
50.3788
50.379
50.3792
50.3794
50.3796
50.3798
50.38
50.3803
50.3805
50.3807
50.381
50.3812
50.3814
50.3817
50.3819
50.3821
50.3823
50.3824
50.3826
50.3828
50.3829
50.3831
50.3832
50.3833
50.3834
50.3836
50.3837
50.3838
50.3839
50.3841
50.3842
50.3844
50.3845
50.3847
50.3849
50.3851
50.3854
50.3856
50.3859
50.3862
50.3865
50.3869
50.3872
50.3876
50.388
50.3885
50.389
50.3895
50.39
50.3905
50.3911
50.3916
50.3922
50.3928
50.3934
50.3939
50.3945
50.3951
50.3956
50.3961
50.3966
50.3971
50.3975
50.3979
50.3983
50.3986
50.3988
50.3991
50.3992
50.3994
50.3995
50.3996
50.3997
50.3997
50.3997
50.3998
50.3998
50.3998
50.3998
50.3998
50.3999
50.3999
50.4
50.4
50.4001
50.4002
50.4004
50.4005
50.4007
50.401
50.4012
50.4015
50.402
50.4024
50.4033
50.4026
50.3425
50.3525
50.3586
50.359
50.3582
50.3576
50.3575
50.3573
50.357
50.3567
50.3564
50.3561
50.3558
50.3555
50.3552
50.355
50.3549
50.3549
50.3556
50.3589
50.3637
50.3675
50.3701
50.3717
50.3727
50.3733
50.3738
50.3743
50.3748
50.3757
50.3769
50.3778
50.3784
50.3787
50.3787
50.3787
50.3786
50.3786
50.3786
50.3786
50.3786
50.3786
50.3787
50.3787
50.3788
50.3788
50.3789
50.379
50.3791
50.3792
50.3793
50.3794
50.3795
50.3796
50.3797
50.3797
50.3798
50.3799
50.38
50.3801
50.3801
50.3802
50.3803
50.3803
50.3803
50.3804
50.3804
50.3804
50.3804
50.3804
50.3804
50.3803
50.3803
50.3802
50.3802
50.3801
50.38
50.3799
50.3798
50.3796
50.3795
50.3794
50.3792
50.3791
50.379
50.3788
50.3787
50.3786
50.3785
50.3784
50.3783
50.3782
50.3781
50.3781
50.378
50.378
50.378
50.3781
50.3781
50.3782
50.3783
50.3784
50.3785
50.3787
50.3788
50.379
50.3792
50.3794
50.3796
50.3798
50.38
50.3803
50.3805
50.3807
50.381
50.3812
50.3814
50.3817
50.3819
50.3821
50.3823
50.3824
50.3826
50.3828
50.3829
50.3831
50.3832
50.3833
50.3834
50.3836
50.3837
50.3838
50.3839
50.3841
50.3842
50.3844
50.3845
50.3847
50.3849
50.3851
50.3854
50.3856
50.3859
50.3862
50.3865
50.3869
50.3872
50.3876
50.388
50.3885
50.389
50.3895
50.39
50.3905
50.3911
50.3916
50.3922
50.3928
50.3934
50.3939
50.3945
50.3951
50.3956
50.3961
50.3966
50.3971
50.3975
50.3979
50.3983
50.3986
50.3988
50.3991
50.3992
50.3994
50.3995
50.3996
50.3997
50.3997
50.3997
50.3998
50.3998
50.3998
50.3998
50.3998
50.3999
50.3999
50.4
50.4
50.4001
50.4002
50.4004
50.4005
50.4007
50.401
50.4012
50.4016
50.4019
50.4023
50.4029
50.4034
50.3762
50.3685
50.3846
50.3838
50.3761
50.3739
50.3738
50.3735
50.3728
50.3725
50.3727
50.373
50.3728
50.3721
50.3716
50.3715
50.3715
50.3715
50.3713
50.3709
50.3706
50.3705
50.3707
50.3709
50.3711
50.3702
50.3631
50.3457
50.3352
50.3335
50.3371
50.3528
50.3695
50.3779
50.381
50.3815
50.3812
50.3804
50.3797
50.3794
50.3791
50.379
50.3789
50.3788
50.3789
50.3789
50.3789
50.379
50.3791
50.3792
50.3793
50.3794
50.3795
50.3796
50.3797
50.3797
50.3798
50.3799
50.38
50.3801
50.3801
50.3802
50.3803
50.3803
50.3803
50.3804
50.3804
50.3804
50.3804
50.3804
50.3804
50.3803
50.3803
50.3802
50.3802
50.3801
50.38
50.3799
50.3798
50.3796
50.3795
50.3794
50.3792
50.3791
50.379
50.3788
50.3787
50.3786
50.3785
50.3784
50.3783
50.3782
50.3781
50.3781
50.378
50.378
50.378
50.3781
50.3781
50.3782
50.3783
50.3784
50.3785
50.3787
50.3788
50.379
50.3792
50.3794
50.3796
50.3798
50.38
50.3803
50.3805
50.3807
50.381
50.3812
50.3814
50.3817
50.3819
50.3821
50.3823
50.3824
50.3826
50.3828
50.3829
50.3831
50.3832
50.3833
50.3834
50.3836
50.3837
50.3838
50.3839
50.3841
50.3842
50.3844
50.3845
50.3847
50.3849
50.3851
50.3854
50.3856
50.3859
50.3862
50.3865
50.3869
50.3872
50.3876
50.388
50.3885
50.389
50.3895
50.39
50.3905
50.3911
50.3916
50.3922
50.3928
50.3934
50.3939
50.3945
50.3951
50.3956
50.3961
50.3966
50.3971
50.3975
50.3979
50.3983
50.3986
50.3988
50.3991
50.3992
50.3994
50.3995
50.3996
50.3997
50.3997
50.3997
50.3998
50.3998
50.3998
50.3998
50.3998
50.3999
50.3999
50.4
50.4
50.4001
50.4002
50.4004
50.4005
50.4007
50.401
50.4012
50.4016
50.4019
50.4023
50.4021
50.4061
50.3812
50.3686
50.3852
50.3845
50.3768
50.3748
50.3748
50.3746
50.3739
50.3736
50.3739
50.3745
50.3743
50.3735
50.3729
50.3728
50.3728
50.3729
50.3727
50.3724
50.3721
50.3719
50.372
50.3721
50.3721
50.3704
50.3578
50.3181
50.288
50.2816
50.2896
50.3297
50.3748
50.3952
50.3999
50.3984
50.3916
50.3855
50.3822
50.3805
50.3796
50.3792
50.379
50.3789
50.3788
50.3789
50.3789
50.379
50.379
50.3791
50.3792
50.3793
50.3794
50.3795
50.3796
50.3797
50.3798
50.3799
50.38
50.38
50.3801
50.3802
50.3802
50.3803
50.3803
50.3803
50.3804
50.3804
50.3804
50.3803
50.3803
50.3803
50.3802
50.3802
50.3801
50.38
50.3799
50.3798
50.3797
50.3796
50.3795
50.3793
50.3792
50.3791
50.3789
50.3788
50.3787
50.3785
50.3784
50.3783
50.3782
50.3782
50.3781
50.378
50.378
50.378
50.378
50.378
50.3781
50.3781
50.3782
50.3783
50.3785
50.3786
50.3788
50.3789
50.3791
50.3793
50.3795
50.3798
50.38
50.3802
50.3805
50.3807
50.3809
50.3812
50.3814
50.3816
50.3818
50.382
50.3822
50.3824
50.3826
50.3827
50.3829
50.383
50.3831
50.3833
50.3834
50.3835
50.3836
50.3838
50.3839
50.384
50.3842
50.3843
50.3845
50.3847
50.3849
50.3851
50.3853
50.3856
50.3859
50.3862
50.3865
50.3868
50.3872
50.3876
50.388
50.3885
50.3889
50.3894
50.3899
50.3905
50.391
50.3916
50.3921
50.3927
50.3933
50.3939
50.3945
50.395
50.3956
50.3961
50.3966
50.3971
50.3975
50.3979
50.3982
50.3985
50.3988
50.399
50.3992
50.3994
50.3995
50.3996
50.3996
50.3997
50.3997
50.3997
50.3997
50.3997
50.3998
50.3998
50.3998
50.3999
50.3999
50.4
50.4001
50.4002
50.4003
50.4005
50.4007
50.4009
50.4012
50.4015
50.4018
50.4023
50.4017
50.4106
50.4175
50.4241
50.425
50.4234
50.4219
50.4203
50.4186
50.4176
50.4196
50.4199
50.4158
50.4064
50.3969
50.3896
50.3829
50.3769
50.3756
50.3852
50.3951
50.393
50.4143
50.4177
50.4177
50.4163
50.4148
50.4134
50.4117
50.4108
50.4131
50.4134
50.4081
50.3978
50.3888
50.382
50.3757
50.3703
50.3692
50.3806
50.3889
50.3837
50.4044
50.4045
50.4036
50.4018
50.3994
50.3963
50.3926
50.3878
50.3821
50.3757
50.3696
50.3634
50.3564
50.3481
50.3389
50.329
50.3181
50.3057
50.2938
50.2835
50.3846
50.3816
50.3823
50.3836
50.3825
50.379
50.3734
50.3685
50.3617
50.3561
50.3493
50.3428
50.3369
50.3309
50.3253
50.3207
50.3166
50.3129
50.3101
50.308
50.3761
50.3642
50.3598
50.359
50.3569
50.3522
50.3458
50.3392
50.3316
50.3242
50.3163
50.3084
50.3011
50.2939
50.2876
50.2817
50.2766
50.2722
50.2687
50.2668
50.307
50.2946
50.3083
50.3072
50.3032
50.3027
50.3036
50.3043
50.3048
50.3054
50.3063
50.3069
50.3071
50.3072
50.3074
50.3078
50.3083
50.3089
50.3091
50.306
50.2847
50.246
50.2308
50.2332
50.2588
50.3059
50.3298
50.3362
50.3356
50.33
50.3246
50.3218
50.3205
50.32
50.3198
50.3198
50.3199
50.3201
50.3202
50.3204
50.3206
50.3208
50.321
50.3212
50.3214
50.3215
50.3217
50.3218
50.3219
50.3219
50.322
50.322
50.322
50.322
50.3219
50.3219
50.3218
50.3217
50.3216
50.3215
50.3213
50.3212
50.3211
50.3209
50.3208
50.3207
50.3205
50.3204
50.3203
50.3202
50.3201
50.3201
50.3201
50.32
50.32
50.3201
50.3201
50.3202
50.3203
50.3204
50.3205
50.3206
50.3208
50.3209
50.3211
50.3213
50.3214
50.3216
50.3218
50.322
50.3222
50.3224
50.3226
50.3228
50.323
50.3232
50.3234
50.3236
50.3238
50.324
50.3243
50.3246
50.3248
50.3251
50.3255
50.3258
50.3261
50.3265
50.3269
50.3273
50.3278
50.3282
50.3287
50.3292
50.3297
50.3302
50.3308
50.3313
50.3319
50.3324
50.333
50.3335
50.3341
50.3346
50.3352
50.3357
50.3362
50.3366
50.3371
50.3375
50.3379
50.3383
50.3387
50.3391
50.3394
50.3397
50.3401
50.3404
50.3407
50.341
50.3413
50.3416
50.3419
50.3422
50.3426
50.343
50.3433
50.3438
50.3442
50.3447
50.3452
50.3458
50.3464
50.347
50.3476
50.3483
50.3491
50.3498
50.3506
50.3514
50.3522
50.353
50.3539
50.3548
50.3556
50.3565
50.3574
50.3583
50.3591
50.36
50.3609
50.3617
50.3626
50.3634
50.3642
50.365
50.3658
50.3665
50.3673
50.368
50.3687
50.3695
50.3702
50.3709
50.3715
50.3722
50.3729
50.3735
50.3742
50.3749
50.3755
50.3761
50.3768
50.3774
50.378
50.3786
50.3792
50.3798
50.3804
50.381
50.3816
50.3821
50.3826
50.3831
50.3836
50.3841
50.3846
50.385
50.3854
50.3858
50.3862
50.3865
50.3869
50.3872
50.3875
50.3878
50.3881
50.3884
50.3887
50.389
50.3893
50.3896
50.39
50.3903
50.3907
50.3911
50.3916
50.392
50.3925
50.393
50.3936
50.3942
50.3948
50.3955
50.3962
50.3969
50.3976
50.3984
50.3992
50.4
50.4009
50.4017
50.4026
50.4034
50.4043
50.4052
50.4061
50.407
50.4079
50.4087
50.4096
50.4105
50.4113
50.4121
50.413
50.4138
50.4146
50.4154
50.4162
50.417
50.4177
50.4185
50.4193
50.4201
50.4209
50.4217
50.4225
50.4233
50.4241
50.425
50.4259
50.4268
50.4277
50.4287
50.4297
50.4307
50.4318
50.4329
50.4341
50.4353
50.4366
50.4379
50.4393
50.4407
50.4422
50.4437
50.4453
50.4469
50.4486
50.4503
50.4521
50.454
50.4559
50.4579
50.4599
50.4619
50.4641
50.4662
50.4685
50.4707
50.473
50.4754
50.4778
50.4803
50.4828
50.4854
50.488
50.4907
50.4934
50.4962
50.4991
50.5019
50.5049
50.5079
50.5109
50.514
50.5172
50.5204
50.5237
50.5271
50.5305
50.534
50.5375
50.5411
50.5448
50.5486
50.5524
50.5563
50.5603
50.5644
50.5685
50.5727
50.577
50.5814
50.5858
50.5903
50.5949
50.5996
50.6044
50.6092
50.6142
50.6192
50.6243
50.6294
50.6346
50.6399
50.6453
50.6508
50.6563
50.6619
50.6675
50.6732
50.679
50.6848
50.6907
50.6967
50.7026
50.7087
50.7148
50.7209
50.727
50.7332
50.7395
50.7458
50.7521
50.7584
50.7648
50.7712
50.7777
50.7842
50.7907
50.7973
50.8039
50.8106
50.8173
50.8241
50.8309
50.8378
50.8448
50.8518
50.8589
50.8661
50.8733
50.8806
50.888
50.8955
50.9031
50.9107
50.9184
50.9263
50.9342
50.9422
50.9502
50.9584
50.9666
50.9749
50.9833
50.9917
51.0002
51.0088
51.0174
51.0261
51.0348
51.0436
51.0524
51.0613
51.0702
51.0791
51.0881
51.097
51.106
51.115
51.1241
51.1331
51.1422
51.1513
51.1604
51.1695
51.1786
51.1878
51.1969
51.2061
51.2152
51.2244
51.2337
51.2429
51.2521
51.2614
51.2707
51.28
51.2893
51.2987
51.308
51.3174
51.3269
51.3363
51.3458
51.3553
51.3648
51.3744
51.384
51.3936
51.4032
51.4129
51.4226
51.4324
51.4421
51.4519
51.4618
51.4716
51.4815
51.4914
51.5014
51.5114
51.5214
51.5314
51.5415
51.5516
51.5617
51.5719
51.5821
51.5923
51.6025
51.6128
51.6231
51.6334
51.6437
51.6541
51.6645
51.6749
51.6853
51.6958
51.7063
51.7168
51.7273
51.7378
51.7484
51.759
51.7696
51.7802
51.7908
51.8015
51.8122
51.8229
51.8336
51.8443
51.8551
51.8658
51.8766
51.8874
51.8982
51.909
51.9198
51.9307
51.9415
51.9524
51.9633
51.9742
51.985
51.996
52.0069
52.0178
52.0287
52.0397
52.0506
52.0615
52.0725
52.0835
52.0944
52.1054
52.1164
52.1273
52.1383
52.1493
52.1603
52.1713
52.1823
52.1932
52.2042
52.2152
52.2262
52.2372
52.2482
52.2591
52.2701
52.2811
52.292
52.303
52.314
52.3249
52.3359
52.3468
52.3577
52.3686
52.3796
52.3905
52.4014
52.4122
52.4231
52.434
52.4448
52.4557
52.4665
52.4773
52.4881
52.4989
52.5097
52.5205
52.5312
52.542
52.5527
52.5634
52.5741
52.5847
52.5954
52.606
52.6166
52.6272
52.6378
52.6483
52.6588
52.6694
52.6798
52.6903
52.7007
52.7112
52.7216
52.7319
52.7423
52.7526
52.7629
52.7732
52.7834
52.7936
52.8038
52.814
52.8241
52.8342
52.8443
52.8544
52.8644
52.8744
52.8843
52.8943
52.9041
52.9141
52.9238
52.9338
52.9433
52.9533
52.9626
52.9727
52.9819
52.992
53.001
53.0111
53.0199
53.0301
53.0388
53.0488
50.3031
50.2946
50.3071
50.3063
50.3023
50.3017
50.3025
50.3031
50.3036
50.3043
50.305
50.3056
50.3057
50.3059
50.3062
50.3066
50.3071
50.3077
50.3082
50.3074
50.2994
50.2853
50.2798
50.2808
50.2887
50.3051
50.315
50.3191
50.3203
50.3205
50.3202
50.3199
50.3197
50.3196
50.3197
50.3198
50.3199
50.3201
50.3203
50.3205
50.3207
50.3209
50.3211
50.3213
50.3214
50.3216
50.3217
50.3218
50.3219
50.322
50.322
50.322
50.322
50.322
50.322
50.3219
50.3218
50.3217
50.3216
50.3215
50.3214
50.3212
50.3211
50.321
50.3208
50.3207
50.3206
50.3205
50.3204
50.3203
50.3202
50.3201
50.3201
50.3201
50.3201
50.3201
50.3202
50.3202
50.3203
50.3204
50.3205
50.3207
50.3208
50.321
50.3211
50.3213
50.3215
50.3217
50.3218
50.322
50.3222
50.3224
50.3226
50.3228
50.323
50.3232
50.3234
50.3236
50.3239
50.3241
50.3243
50.3246
50.3249
50.3252
50.3255
50.3258
50.3262
50.3266
50.327
50.3274
50.3278
50.3283
50.3287
50.3292
50.3298
50.3303
50.3308
50.3314
50.3319
50.3325
50.333
50.3336
50.3341
50.3347
50.3352
50.3357
50.3362
50.3367
50.3371
50.3376
50.338
50.3384
50.3388
50.3391
50.3395
50.3398
50.3401
50.3404
50.3407
50.341
50.3413
50.3416
50.3419
50.3423
50.3426
50.343
50.3434
50.3438
50.3443
50.3448
50.3453
50.3458
50.3464
50.347
50.3477
50.3484
50.3491
50.3498
50.3506
50.3514
50.3522
50.3531
50.3539
50.3548
50.3557
50.3565
50.3574
50.3583
50.3592
50.36
50.3609
50.3618
50.3626
50.3634
50.3642
50.365
50.3658
50.3666
50.3673
50.3681
50.3688
50.3695
50.3702
50.3709
50.3716
50.3723
50.3729
50.3736
50.3742
50.3749
50.3755
50.3762
50.3768
50.3774
50.3781
50.3787
50.3793
50.3799
50.3805
50.381
50.3816
50.3821
50.3827
50.3832
50.3837
50.3841
50.3846
50.385
50.3854
50.3858
50.3862
50.3866
50.3869
50.3872
50.3875
50.3878
50.3881
50.3884
50.3887
50.389
50.3894
50.3897
50.39
50.3904
50.3908
50.3912
50.3916
50.3921
50.3926
50.3931
50.3936
50.3942
50.3949
50.3955
50.3962
50.3969
50.3977
50.3984
50.3992
50.4001
50.4009
50.4017
50.4026
50.4035
50.4044
50.4053
50.4061
50.407
50.4079
50.4088
50.4096
50.4105
50.4113
50.4122
50.413
50.4138
50.4146
50.4154
50.4162
50.417
50.4178
50.4186
50.4193
50.4201
50.4209
50.4217
50.4225
50.4233
50.4242
50.425
50.4259
50.4268
50.4277
50.4287
50.4297
50.4308
50.4319
50.433
50.4342
50.4354
50.4366
50.438
50.4393
50.4407
50.4422
50.4437
50.4453
50.447
50.4486
50.4504
50.4522
50.454
50.4559
50.4579
50.4599
50.462
50.4641
50.4663
50.4685
50.4708
50.4731
50.4755
50.4779
50.4804
50.4829
50.4855
50.4881
50.4908
50.4935
50.4963
50.4991
50.502
50.5049
50.5079
50.511
50.5141
50.5173
50.5205
50.5238
50.5271
50.5305
50.534
50.5376
50.5412
50.5449
50.5486
50.5525
50.5564
50.5604
50.5644
50.5685
50.5728
50.577
50.5814
50.5859
50.5904
50.595
50.5997
50.6044
50.6093
50.6142
50.6192
50.6243
50.6295
50.6347
50.64
50.6454
50.6508
50.6563
50.6619
50.6676
50.6733
50.6791
50.6849
50.6908
50.6967
50.7027
50.7087
50.7148
50.7209
50.7271
50.7333
50.7395
50.7458
50.7521
50.7585
50.7649
50.7713
50.7777
50.7842
50.7908
50.7974
50.804
50.8107
50.8174
50.8242
50.831
50.8379
50.8448
50.8518
50.8589
50.8661
50.8733
50.8807
50.8881
50.8955
50.9031
50.9107
50.9185
50.9263
50.9342
50.9422
50.9503
50.9584
50.9666
50.9749
50.9833
50.9918
51.0003
51.0088
51.0175
51.0262
51.0349
51.0437
51.0525
51.0613
51.0702
51.0791
51.0881
51.0971
51.1061
51.1151
51.1241
51.1332
51.1422
51.1513
51.1604
51.1695
51.1787
51.1878
51.1969
51.2061
51.2153
51.2245
51.2337
51.2429
51.2522
51.2614
51.2707
51.28
51.2893
51.2987
51.3081
51.3175
51.3269
51.3363
51.3458
51.3553
51.3649
51.3744
51.384
51.3936
51.4033
51.413
51.4227
51.4324
51.4422
51.452
51.4618
51.4717
51.4816
51.4915
51.5014
51.5114
51.5214
51.5315
51.5415
51.5516
51.5618
51.5719
51.5821
51.5923
51.6026
51.6128
51.6231
51.6334
51.6438
51.6541
51.6645
51.6749
51.6854
51.6958
51.7063
51.7168
51.7273
51.7379
51.7484
51.759
51.7696
51.7802
51.7909
51.8015
51.8122
51.8229
51.8336
51.8444
51.8551
51.8659
51.8766
51.8874
51.8982
51.909
51.9199
51.9307
51.9416
51.9524
51.9633
51.9742
51.9851
51.996
52.0069
52.0178
52.0288
52.0397
52.0506
52.0616
52.0725
52.0835
52.0945
52.1054
52.1164
52.1274
52.1384
52.1493
52.1603
52.1713
52.1823
52.1933
52.2043
52.2152
52.2262
52.2372
52.2482
52.2592
52.2701
52.2811
52.2921
52.303
52.314
52.3249
52.3359
52.3468
52.3578
52.3687
52.3796
52.3905
52.4014
52.4123
52.4232
52.434
52.4449
52.4557
52.4666
52.4774
52.4882
52.499
52.5097
52.5205
52.5313
52.542
52.5527
52.5634
52.5741
52.5847
52.5954
52.606
52.6166
52.6272
52.6378
52.6483
52.6589
52.6694
52.6799
52.6903
52.7008
52.7112
52.7216
52.732
52.7423
52.7526
52.7629
52.7732
52.7834
52.7937
52.8039
52.814
52.8242
52.8343
52.8443
52.8544
52.8644
52.8744
52.8843
52.8943
52.9041
52.9141
52.9238
52.9338
52.9433
52.9533
52.9627
52.9727
52.9819
52.992
53.001
53.0112
53.02
53.0301
53.0388
53.0489
50.2591
50.2768
50.2853
50.2863
50.2858
50.2859
50.2866
50.2874
50.2879
50.2882
50.2885
50.2889
50.2894
50.2901
50.2918
50.2964
50.3018
50.3059
50.3088
50.3107
50.312
50.3133
50.3145
50.3157
50.3168
50.3177
50.3182
50.3185
50.3186
50.3187
50.3188
50.3189
50.3191
50.3193
50.3194
50.3196
50.3198
50.32
50.3202
50.3205
50.3207
50.3209
50.3211
50.3213
50.3214
50.3216
50.3217
50.3218
50.3219
50.322
50.322
50.322
50.322
50.322
50.322
50.3219
50.3218
50.3217
50.3216
50.3215
50.3214
50.3212
50.3211
50.321
50.3208
50.3207
50.3206
50.3205
50.3204
50.3203
50.3202
50.3201
50.3201
50.3201
50.3201
50.3201
50.3202
50.3202
50.3203
50.3204
50.3205
50.3207
50.3208
50.321
50.3211
50.3213
50.3215
50.3217
50.3218
50.322
50.3222
50.3224
50.3226
50.3228
50.323
50.3232
50.3234
50.3236
50.3239
50.3241
50.3243
50.3246
50.3249
50.3252
50.3255
50.3258
50.3262
50.3266
50.327
50.3274
50.3278
50.3283
50.3287
50.3292
50.3298
50.3303
50.3308
50.3314
50.3319
50.3325
50.333
50.3336
50.3341
50.3347
50.3352
50.3357
50.3362
50.3367
50.3371
50.3376
50.338
50.3384
50.3388
50.3391
50.3395
50.3398
50.3401
50.3404
50.3407
50.341
50.3413
50.3416
50.3419
50.3423
50.3426
50.343
50.3434
50.3438
50.3443
50.3448
50.3453
50.3458
50.3464
50.347
50.3477
50.3484
50.3491
50.3498
50.3506
50.3514
50.3522
50.3531
50.3539
50.3548
50.3557
50.3565
50.3574
50.3583
50.3592
50.36
50.3609
50.3618
50.3626
50.3634
50.3642
50.365
50.3658
50.3666
50.3673
50.3681
50.3688
50.3695
50.3702
50.3709
50.3716
50.3723
50.3729
50.3736
50.3742
50.3749
50.3755
50.3762
50.3768
50.3774
50.3781
50.3787
50.3793
50.3799
50.3805
50.381
50.3816
50.3821
50.3827
50.3832
50.3837
50.3841
50.3846
50.385
50.3854
50.3858
50.3862
50.3866
50.3869
50.3872
50.3875
50.3878
50.3881
50.3884
50.3887
50.389
50.3894
50.3897
50.39
50.3904
50.3908
50.3912
50.3916
50.3921
50.3926
50.3931
50.3936
50.3942
50.3949
50.3955
50.3962
50.3969
50.3977
50.3984
50.3992
50.4001
50.4009
50.4017
50.4026
50.4035
50.4044
50.4053
50.4061
50.407
50.4079
50.4088
50.4096
50.4105
50.4113
50.4122
50.413
50.4138
50.4146
50.4154
50.4162
50.417
50.4178
50.4186
50.4193
50.4201
50.4209
50.4217
50.4225
50.4233
50.4242
50.425
50.4259
50.4268
50.4277
50.4287
50.4297
50.4308
50.4319
50.433
50.4342
50.4354
50.4366
50.438
50.4393
50.4407
50.4422
50.4437
50.4453
50.447
50.4486
50.4504
50.4522
50.454
50.4559
50.4579
50.4599
50.462
50.4641
50.4663
50.4685
50.4708
50.4731
50.4755
50.4779
50.4804
50.4829
50.4855
50.4881
50.4908
50.4935
50.4963
50.4991
50.502
50.5049
50.5079
50.511
50.5141
50.5173
50.5205
50.5238
50.5271
50.5305
50.534
50.5376
50.5412
50.5449
50.5486
50.5525
50.5564
50.5604
50.5644
50.5685
50.5728
50.577
50.5814
50.5859
50.5904
50.595
50.5997
50.6044
50.6093
50.6142
50.6192
50.6243
50.6295
50.6347
50.64
50.6454
50.6508
50.6563
50.6619
50.6676
50.6733
50.6791
50.6849
50.6908
50.6967
50.7027
50.7087
50.7148
50.7209
50.7271
50.7333
50.7395
50.7458
50.7521
50.7585
50.7649
50.7713
50.7777
50.7842
50.7908
50.7974
50.804
50.8107
50.8174
50.8242
50.831
50.8379
50.8448
50.8518
50.8589
50.8661
50.8733
50.8807
50.8881
50.8955
50.9031
50.9107
50.9185
50.9263
50.9342
50.9422
50.9503
50.9584
50.9666
50.9749
50.9833
50.9918
51.0003
51.0088
51.0175
51.0262
51.0349
51.0437
51.0525
51.0613
51.0702
51.0791
51.0881
51.0971
51.1061
51.1151
51.1241
51.1332
51.1422
51.1513
51.1604
51.1695
51.1787
51.1878
51.1969
51.2061
51.2153
51.2245
51.2337
51.2429
51.2522
51.2614
51.2707
51.28
51.2893
51.2987
51.3081
51.3175
51.3269
51.3363
51.3458
51.3553
51.3649
51.3744
51.384
51.3936
51.4033
51.413
51.4227
51.4324
51.4422
51.452
51.4618
51.4717
51.4816
51.4915
51.5014
51.5114
51.5214
51.5315
51.5415
51.5516
51.5618
51.5719
51.5821
51.5923
51.6026
51.6128
51.6231
51.6334
51.6438
51.6541
51.6645
51.6749
51.6854
51.6958
51.7063
51.7168
51.7273
51.7379
51.7484
51.759
51.7696
51.7802
51.7909
51.8015
51.8122
51.8229
51.8336
51.8444
51.8551
51.8659
51.8766
51.8874
51.8982
51.909
51.9199
51.9307
51.9416
51.9524
51.9633
51.9742
51.9851
51.996
52.0069
52.0178
52.0288
52.0397
52.0506
52.0616
52.0725
52.0835
52.0945
52.1054
52.1164
52.1274
52.1384
52.1493
52.1603
52.1713
52.1823
52.1933
52.2043
52.2152
52.2262
52.2372
52.2482
52.2592
52.2701
52.2811
52.2921
52.303
52.314
52.3249
52.3359
52.3468
52.3578
52.3687
52.3796
52.3905
52.4014
52.4123
52.4232
52.434
52.4449
52.4557
52.4666
52.4774
52.4882
52.499
52.5097
52.5205
52.5313
52.542
52.5527
52.5634
52.5741
52.5847
52.5954
52.606
52.6166
52.6272
52.6378
52.6483
52.6589
52.6694
52.6799
52.6903
52.7008
52.7112
52.7216
52.732
52.7423
52.7526
52.7629
52.7732
52.7834
52.7937
52.8039
52.814
52.8242
52.8343
52.8443
52.8544
52.8644
52.8744
52.8843
52.8943
52.9041
52.9141
52.9238
52.9338
52.9433
52.9533
52.9627
52.9727
52.9819
52.992
53.001
53.0112
53.02
53.0301
53.0388
53.0489
50.2968
50.2989
50.3019
50.3023
50.3019
50.3022
50.3029
50.3037
50.3045
50.3051
50.3057
50.3062
50.3065
50.3068
50.3073
50.3076
50.3074
50.3072
50.3075
50.3078
50.307
50.3046
50.3038
50.3045
50.3066
50.3118
50.3164
50.3188
50.3197
50.3199
50.3199
50.3197
50.3196
50.3196
50.3196
50.3197
50.3199
50.3201
50.3203
50.3205
50.3207
50.3209
50.3211
50.3213
50.3214
50.3216
50.3217
50.3218
50.3219
50.322
50.322
50.322
50.322
50.322
50.322
50.3219
50.3218
50.3217
50.3216
50.3215
50.3214
50.3212
50.3211
50.321
50.3208
50.3207
50.3206
50.3205
50.3204
50.3203
50.3202
50.3201
50.3201
50.3201
50.3201
50.3201
50.3202
50.3202
50.3203
50.3204
50.3205
50.3207
50.3208
50.321
50.3211
50.3213
50.3215
50.3217
50.3218
50.322
50.3222
50.3224
50.3226
50.3228
50.323
50.3232
50.3234
50.3236
50.3239
50.3241
50.3243
50.3246
50.3249
50.3252
50.3255
50.3258
50.3262
50.3266
50.327
50.3274
50.3278
50.3283
50.3287
50.3292
50.3298
50.3303
50.3308
50.3314
50.3319
50.3325
50.333
50.3336
50.3341
50.3347
50.3352
50.3357
50.3362
50.3367
50.3371
50.3376
50.338
50.3384
50.3388
50.3391
50.3395
50.3398
50.3401
50.3404
50.3407
50.341
50.3413
50.3416
50.3419
50.3423
50.3426
50.343
50.3434
50.3438
50.3443
50.3448
50.3453
50.3458
50.3464
50.347
50.3477
50.3484
50.3491
50.3498
50.3506
50.3514
50.3522
50.3531
50.3539
50.3548
50.3557
50.3565
50.3574
50.3583
50.3592
50.36
50.3609
50.3618
50.3626
50.3634
50.3642
50.365
50.3658
50.3666
50.3673
50.3681
50.3688
50.3695
50.3702
50.3709
50.3716
50.3723
50.3729
50.3736
50.3742
50.3749
50.3755
50.3762
50.3768
50.3774
50.3781
50.3787
50.3793
50.3799
50.3805
50.381
50.3816
50.3821
50.3827
50.3832
50.3837
50.3841
50.3846
50.385
50.3854
50.3858
50.3862
50.3866
50.3869
50.3872
50.3875
50.3878
50.3881
50.3884
50.3887
50.389
50.3894
50.3897
50.39
50.3904
50.3908
50.3912
50.3916
50.3921
50.3926
50.3931
50.3936
50.3942
50.3949
50.3955
50.3962
50.3969
50.3977
50.3984
50.3992
50.4001
50.4009
50.4017
50.4026
50.4035
50.4044
50.4053
50.4061
50.407
50.4079
50.4088
50.4096
50.4105
50.4113
50.4122
50.413
50.4138
50.4146
50.4154
50.4162
50.417
50.4178
50.4186
50.4193
50.4201
50.4209
50.4217
50.4225
50.4233
50.4242
50.425
50.4259
50.4268
50.4277
50.4287
50.4297
50.4308
50.4319
50.433
50.4342
50.4354
50.4366
50.438
50.4393
50.4407
50.4422
50.4437
50.4453
50.447
50.4486
50.4504
50.4522
50.454
50.4559
50.4579
50.4599
50.462
50.4641
50.4663
50.4685
50.4708
50.4731
50.4755
50.4779
50.4804
50.4829
50.4855
50.4881
50.4908
50.4935
50.4963
50.4991
50.502
50.5049
50.5079
50.511
50.5141
50.5173
50.5205
50.5238
50.5271
50.5305
50.534
50.5376
50.5412
50.5449
50.5486
50.5525
50.5564
50.5604
50.5644
50.5685
50.5728
50.577
50.5814
50.5859
50.5904
50.595
50.5997
50.6044
50.6093
50.6142
50.6192
50.6243
50.6295
50.6347
50.64
50.6454
50.6508
50.6563
50.6619
50.6676
50.6733
50.6791
50.6849
50.6908
50.6967
50.7027
50.7087
50.7148
50.7209
50.7271
50.7333
50.7395
50.7458
50.7521
50.7585
50.7649
50.7713
50.7777
50.7842
50.7908
50.7974
50.804
50.8107
50.8174
50.8242
50.831
50.8379
50.8448
50.8518
50.8589
50.8661
50.8733
50.8807
50.8881
50.8955
50.9031
50.9107
50.9185
50.9263
50.9342
50.9422
50.9503
50.9584
50.9666
50.9749
50.9833
50.9918
51.0003
51.0088
51.0175
51.0262
51.0349
51.0437
51.0525
51.0613
51.0702
51.0791
51.0881
51.0971
51.1061
51.1151
51.1241
51.1332
51.1422
51.1513
51.1604
51.1695
51.1787
51.1878
51.1969
51.2061
51.2153
51.2245
51.2337
51.2429
51.2522
51.2614
51.2707
51.28
51.2893
51.2987
51.3081
51.3175
51.3269
51.3363
51.3458
51.3553
51.3649
51.3744
51.384
51.3936
51.4033
51.413
51.4227
51.4324
51.4422
51.452
51.4618
51.4717
51.4816
51.4915
51.5014
51.5114
51.5214
51.5315
51.5415
51.5516
51.5618
51.5719
51.5821
51.5923
51.6026
51.6128
51.6231
51.6334
51.6438
51.6541
51.6645
51.6749
51.6854
51.6958
51.7063
51.7168
51.7273
51.7379
51.7484
51.759
51.7696
51.7802
51.7909
51.8015
51.8122
51.8229
51.8336
51.8444
51.8551
51.8659
51.8766
51.8874
51.8982
51.909
51.9199
51.9307
51.9416
51.9524
51.9633
51.9742
51.9851
51.996
52.0069
52.0178
52.0288
52.0397
52.0506
52.0616
52.0725
52.0835
52.0945
52.1054
52.1164
52.1274
52.1384
52.1493
52.1603
52.1713
52.1823
52.1933
52.2043
52.2152
52.2262
52.2372
52.2482
52.2592
52.2701
52.2811
52.2921
52.303
52.314
52.3249
52.3359
52.3468
52.3578
52.3687
52.3796
52.3905
52.4014
52.4123
52.4232
52.434
52.4449
52.4557
52.4666
52.4774
52.4882
52.499
52.5097
52.5205
52.5313
52.542
52.5527
52.5634
52.5741
52.5847
52.5954
52.606
52.6166
52.6272
52.6378
52.6483
52.6589
52.6694
52.6799
52.6903
52.7008
52.7112
52.7216
52.732
52.7423
52.7526
52.7629
52.7732
52.7834
52.7937
52.8039
52.814
52.8242
52.8343
52.8443
52.8544
52.8644
52.8744
52.8843
52.8943
52.9041
52.9141
52.9238
52.9338
52.9433
52.9533
52.9627
52.9727
52.9819
52.992
53.001
53.0112
53.02
53.0301
53.0388
53.0489
50.2843
50.2905
50.294
50.2947
50.2943
50.2946
50.2954
50.2962
50.2969
50.2975
50.298
50.2983
50.2987
50.2991
50.2992
50.299
50.2994
50.3004
50.3018
50.3027
50.3008
50.2868
50.269
50.2623
50.2627
50.2689
50.286
50.3
50.3087
50.3137
50.3164
50.3179
50.3186
50.3191
50.3193
50.3196
50.3198
50.32
50.3202
50.3204
50.3206
50.3208
50.321
50.3212
50.3214
50.3215
50.3217
50.3218
50.3219
50.3219
50.322
50.322
50.322
50.322
50.3219
50.3219
50.3218
50.3217
50.3216
50.3215
50.3213
50.3212
50.3211
50.3209
50.3208
50.3207
50.3205
50.3204
50.3203
50.3202
50.3201
50.3201
50.3201
50.32
50.32
50.3201
50.3201
50.3202
50.3203
50.3204
50.3205
50.3206
50.3208
50.3209
50.3211
50.3213
50.3214
50.3216
50.3218
50.322
50.3222
50.3224
50.3226
50.3228
50.323
50.3232
50.3234
50.3236
50.3238
50.324
50.3243
50.3246
50.3248
50.3251
50.3255
50.3258
50.3261
50.3265
50.3269
50.3273
50.3278
50.3282
50.3287
50.3292
50.3297
50.3302
50.3308
50.3313
50.3319
50.3324
50.333
50.3335
50.3341
50.3346
50.3352
50.3357
50.3362
50.3366
50.3371
50.3375
50.3379
50.3383
50.3387
50.3391
50.3394
50.3397
50.3401
50.3404
50.3407
50.341
50.3413
50.3416
50.3419
50.3422
50.3426
50.343
50.3433
50.3438
50.3442
50.3447
50.3452
50.3458
50.3464
50.347
50.3476
50.3483
50.3491
50.3498
50.3506
50.3514
50.3522
50.353
50.3539
50.3548
50.3556
50.3565
50.3574
50.3583
50.3591
50.36
50.3609
50.3617
50.3626
50.3634
50.3642
50.365
50.3658
50.3665
50.3673
50.368
50.3687
50.3695
50.3702
50.3709
50.3715
50.3722
50.3729
50.3735
50.3742
50.3749
50.3755
50.3761
50.3768
50.3774
50.378
50.3786
50.3792
50.3798
50.3804
50.381
50.3816
50.3821
50.3826
50.3831
50.3836
50.3841
50.3846
50.385
50.3854
50.3858
50.3862
50.3865
50.3869
50.3872
50.3875
50.3878
50.3881
50.3884
50.3887
50.389
50.3893
50.3896
50.39
50.3903
50.3907
50.3911
50.3916
50.392
50.3925
50.393
50.3936
50.3942
50.3948
50.3955
50.3962
50.3969
50.3976
50.3984
50.3992
50.4
50.4009
50.4017
50.4026
50.4034
50.4043
50.4052
50.4061
50.407
50.4079
50.4087
50.4096
50.4105
50.4113
50.4121
50.413
50.4138
50.4146
50.4154
50.4162
50.417
50.4177
50.4185
50.4193
50.4201
50.4209
50.4217
50.4225
50.4233
50.4241
50.425
50.4259
50.4268
50.4277
50.4287
50.4297
50.4307
50.4318
50.4329
50.4341
50.4353
50.4366
50.4379
50.4393
50.4407
50.4422
50.4437
50.4453
50.4469
50.4486
50.4503
50.4521
50.454
50.4559
50.4579
50.4599
50.4619
50.4641
50.4662
50.4685
50.4707
50.473
50.4754
50.4778
50.4803
50.4828
50.4854
50.488
50.4907
50.4934
50.4962
50.4991
50.5019
50.5049
50.5079
50.5109
50.514
50.5172
50.5204
50.5237
50.5271
50.5305
50.534
50.5375
50.5411
50.5448
50.5486
50.5524
50.5563
50.5603
50.5644
50.5685
50.5727
50.577
50.5814
50.5858
50.5903
50.5949
50.5996
50.6044
50.6092
50.6142
50.6192
50.6243
50.6294
50.6346
50.6399
50.6453
50.6508
50.6563
50.6619
50.6675
50.6732
50.679
50.6848
50.6907
50.6967
50.7026
50.7087
50.7148
50.7209
50.727
50.7332
50.7395
50.7458
50.7521
50.7584
50.7648
50.7712
50.7777
50.7842
50.7907
50.7973
50.8039
50.8106
50.8173
50.8241
50.8309
50.8378
50.8448
50.8518
50.8589
50.8661
50.8733
50.8806
50.888
50.8955
50.9031
50.9107
50.9184
50.9263
50.9342
50.9422
50.9502
50.9584
50.9666
50.9749
50.9833
50.9917
51.0002
51.0088
51.0174
51.0261
51.0348
51.0436
51.0524
51.0613
51.0702
51.0791
51.0881
51.097
51.106
51.115
51.1241
51.1331
51.1422
51.1513
51.1604
51.1695
51.1786
51.1878
51.1969
51.2061
51.2152
51.2244
51.2337
51.2429
51.2521
51.2614
51.2707
51.28
51.2893
51.2987
51.308
51.3174
51.3269
51.3363
51.3458
51.3553
51.3648
51.3744
51.384
51.3936
51.4032
51.4129
51.4226
51.4324
51.4421
51.4519
51.4618
51.4716
51.4815
51.4914
51.5014
51.5114
51.5214
51.5314
51.5415
51.5516
51.5617
51.5719
51.5821
51.5923
51.6025
51.6128
51.6231
51.6334
51.6437
51.6541
51.6645
51.6749
51.6853
51.6958
51.7063
51.7168
51.7273
51.7378
51.7484
51.759
51.7696
51.7802
51.7908
51.8015
51.8122
51.8229
51.8336
51.8443
51.8551
51.8658
51.8766
51.8874
51.8982
51.909
51.9198
51.9307
51.9415
51.9524
51.9633
51.9742
51.985
51.996
52.0069
52.0178
52.0287
52.0397
52.0506
52.0615
52.0725
52.0835
52.0944
52.1054
52.1164
52.1273
52.1383
52.1493
52.1603
52.1713
52.1823
52.1932
52.2042
52.2152
52.2262
52.2372
52.2482
52.2591
52.2701
52.2811
52.292
52.303
52.314
52.3249
52.3359
52.3468
52.3577
52.3686
52.3796
52.3905
52.4014
52.4122
52.4231
52.434
52.4448
52.4557
52.4665
52.4773
52.4881
52.4989
52.5097
52.5205
52.5312
52.542
52.5527
52.5634
52.5741
52.5847
52.5954
52.606
52.6166
52.6272
52.6378
52.6483
52.6588
52.6694
52.6798
52.6903
52.7007
52.7112
52.7216
52.7319
52.7423
52.7526
52.7629
52.7732
52.7834
52.7936
52.8038
52.814
52.8241
52.8342
52.8443
52.8544
52.8644
52.8744
52.8843
52.8943
52.9041
52.9141
52.9238
52.9338
52.9433
52.9533
52.9626
52.9727
52.9819
52.992
53.001
53.0111
53.0199
53.0301
53.0388
53.0488
)
;

boundaryField
{
    inlet
    {
        type            calculated;
        value           nonuniform List<scalar> 5(50.609 50.6091 50.6091 50.6091 50.609);
    }
    outlet
    {
        type            calculated;
        value           nonuniform List<scalar> 5(53.0545 53.0546 53.0546 53.0546 53.0545);
    }
    sides
    {
        type            empty;
    }
    walls
    {
        type            calculated;
        value           nonuniform List<scalar> 
2760
(
50.609
50.6093
50.6095
50.6098
50.6101
50.6104
50.6107
50.6112
50.6117
50.6123
50.613
50.6136
50.6142
50.6147
50.6152
50.6157
50.6162
50.6166
50.617
50.6174
50.6178
50.6182
50.6186
50.619
50.6194
50.6197
50.6201
50.6204
50.6208
50.6211
50.6215
50.6219
50.6223
50.6227
50.6231
50.6235
50.624
50.6245
50.625
50.6255
50.6261
50.6267
50.6273
50.6279
50.6285
50.6292
50.6299
50.6306
50.6313
50.6321
50.6328
50.6335
50.6343
50.635
50.6358
50.6365
50.6372
50.638
50.6387
50.6394
50.6401
50.6407
50.6414
50.6421
50.6427
50.6434
50.644
50.6446
50.6453
50.6459
50.6465
50.6472
50.6479
50.6485
50.6492
50.6499
50.6507
50.6514
50.6522
50.653
50.6539
50.6547
50.6556
50.6565
50.6575
50.6584
50.6594
50.6603
50.6613
50.6622
50.6632
50.6641
50.665
50.6659
50.6668
50.6676
50.6683
50.669
50.6697
50.6703
50.6708
50.6713
50.6717
50.6721
50.6724
50.6726
50.6728
50.6729
50.673
50.6731
50.6731
50.6731
50.673
50.673
50.6729
50.6728
50.6727
50.6727
50.6726
50.6725
50.6725
50.6725
50.6724
50.6725
50.6725
50.6725
50.6726
50.6727
50.6728
50.6729
50.673
50.6732
50.6733
50.6734
50.6735
50.6736
50.6737
50.6737
50.6738
50.6738
50.6738
50.6737
50.6736
50.6735
50.6733
50.6732
50.6729
50.6727
50.6724
50.672
50.6717
50.6712
50.6708
50.6703
50.6698
50.6693
50.6688
50.6682
50.6676
50.667
50.6664
50.6658
50.6652
50.6646
50.6639
50.6633
50.6627
50.6621
50.6614
50.6608
50.6601
50.6595
50.6588
50.6581
50.6573
50.6566
50.6558
50.655
50.6541
50.6533
50.6525
50.6516
50.6508
50.65
50.6491
50.6483
50.6475
50.6467
50.646
50.6452
50.6444
50.6437
50.643
50.6423
50.6416
50.641
50.6405
50.6399
50.6398
50.6369
50.609
50.6093
50.6095
50.6098
50.6101
50.6104
50.6107
50.6112
50.6117
50.6123
50.613
50.6136
50.6142
50.6147
50.6152
50.6157
50.6162
50.6166
50.617
50.6174
50.6178
50.6182
50.6186
50.619
50.6194
50.6197
50.6201
50.6204
50.6208
50.6211
50.6215
50.6219
50.6223
50.6227
50.6231
50.6235
50.624
50.6245
50.625
50.6255
50.6261
50.6267
50.6273
50.6279
50.6285
50.6292
50.6299
50.6306
50.6313
50.6321
50.6328
50.6335
50.6343
50.635
50.6358
50.6365
50.6372
50.638
50.6387
50.6394
50.6401
50.6407
50.6414
50.6421
50.6427
50.6434
50.644
50.6446
50.6453
50.6459
50.6465
50.6472
50.6479
50.6485
50.6492
50.6499
50.6507
50.6514
50.6522
50.653
50.6539
50.6547
50.6556
50.6565
50.6575
50.6584
50.6594
50.6603
50.6613
50.6622
50.6632
50.6641
50.665
50.6659
50.6668
50.6676
50.6683
50.669
50.6697
50.6703
50.6708
50.6713
50.6717
50.6721
50.6724
50.6726
50.6728
50.6729
50.673
50.6731
50.6731
50.6731
50.673
50.673
50.6729
50.6728
50.6727
50.6727
50.6726
50.6725
50.6725
50.6725
50.6724
50.6725
50.6725
50.6725
50.6726
50.6727
50.6728
50.6729
50.673
50.6732
50.6733
50.6734
50.6735
50.6736
50.6737
50.6737
50.6738
50.6738
50.6738
50.6737
50.6736
50.6735
50.6733
50.6732
50.6729
50.6727
50.6724
50.672
50.6717
50.6712
50.6708
50.6703
50.6698
50.6693
50.6688
50.6682
50.6676
50.667
50.6664
50.6658
50.6652
50.6646
50.6639
50.6633
50.6627
50.6621
50.6614
50.6608
50.6601
50.6595
50.6588
50.6581
50.6573
50.6566
50.6558
50.655
50.6541
50.6533
50.6525
50.6516
50.6508
50.65
50.6491
50.6483
50.6475
50.6467
50.646
50.6452
50.6444
50.6437
50.643
50.6423
50.6416
50.641
50.6404
50.6401
50.6382
50.6492
50.6537
50.6599
50.6604
50.6585
50.6568
50.6549
50.653
50.6518
50.6535
50.6539
50.6498
50.6404
50.6303
50.6225
50.6154
50.609
50.607
50.6143
50.6261
50.6262
50.6096
50.5983
50.594
50.5933
50.5911
50.5864
50.5803
50.5727
50.5656
50.5573
50.5497
50.5416
50.5343
50.5269
50.5206
50.5145
50.5096
50.5051
50.5018
50.5001
50.5536
50.5251
50.5349
50.5388
50.532
50.528
50.5279
50.5281
50.5278
50.5271
50.527
50.5275
50.5277
50.5274
50.5268
50.5265
50.5265
50.5265
50.5265
50.5265
50.5264
50.5265
50.5268
50.5272
50.5276
50.5271
50.5194
50.4853
50.4456
50.4324
50.4363
50.4671
50.5216
50.5509
50.5602
50.5606
50.5554
50.5484
50.5446
50.5428
50.5422
50.5421
50.5424
50.5429
50.5434
50.5441
50.5447
50.5454
50.5461
50.5469
50.5477
50.5485
50.5493
50.5501
50.5509
50.5518
50.5526
50.5534
50.5542
50.555
50.5558
50.5565
50.5573
50.558
50.5587
50.5594
50.56
50.5606
50.5612
50.5617
50.5623
50.5627
50.5632
50.5636
50.564
50.5644
50.5647
50.565
50.5653
50.5656
50.5658
50.566
50.5663
50.5664
50.5666
50.5668
50.567
50.5672
50.5673
50.5675
50.5677
50.5679
50.5681
50.5684
50.5686
50.5689
50.5692
50.5695
50.5699
50.5703
50.5707
50.5711
50.5716
50.5721
50.5726
50.5731
50.5737
50.5743
50.5749
50.5755
50.5761
50.5767
50.5773
50.578
50.5786
50.5792
50.5798
50.5804
50.581
50.5816
50.5821
50.5826
50.5831
50.5835
50.5839
50.5843
50.5846
50.5849
50.5852
50.5854
50.5856
50.5857
50.5858
50.5859
50.5859
50.5859
50.5859
50.5858
50.5858
50.5857
50.5856
50.5854
50.5853
50.5851
50.585
50.5848
50.5847
50.5845
50.5844
50.5842
50.5841
50.584
50.584
50.5839
50.5839
50.5839
50.5839
50.584
50.5841
50.5842
50.5844
50.5845
50.5847
50.5849
50.5852
50.5854
50.5857
50.5859
50.5861
50.5864
50.5866
50.5868
50.587
50.5871
50.5872
50.5873
50.5874
50.5874
50.5874
50.5874
50.5873
50.5873
50.5871
50.587
50.5869
50.5867
50.5865
50.5863
50.5861
50.5859
50.5857
50.5854
50.5851
50.5849
50.5846
50.5843
50.584
50.5838
50.5824
50.5902
50.5185
50.5221
50.5222
50.5212
50.5201
50.5198
50.5197
50.5196
50.5194
50.5193
50.5192
50.519
50.5188
50.5187
50.5186
50.5185
50.5184
50.5183
50.5183
50.5181
50.5176
50.5173
50.5177
50.5188
50.521
50.5222
50.5211
50.5095
50.4861
50.4735
50.471
50.4736
50.4857
50.5048
50.5185
50.5275
50.533
50.5363
50.5383
50.5396
50.5406
50.5413
50.542
50.5426
50.5433
50.544
50.5447
50.5454
50.5461
50.5469
50.5477
50.5485
50.5493
50.5501
50.5509
50.5518
50.5526
50.5534
50.5542
50.555
50.5558
50.5565
50.5573
50.558
50.5587
50.5594
50.56
50.5606
50.5612
50.5617
50.5623
50.5627
50.5632
50.5636
50.564
50.5644
50.5647
50.565
50.5653
50.5656
50.5658
50.566
50.5663
50.5664
50.5666
50.5668
50.567
50.5672
50.5673
50.5675
50.5677
50.5679
50.5681
50.5684
50.5686
50.5689
50.5692
50.5695
50.5699
50.5703
50.5707
50.5711
50.5716
50.5721
50.5726
50.5731
50.5737
50.5743
50.5749
50.5755
50.5761
50.5767
50.5773
50.578
50.5786
50.5792
50.5798
50.5804
50.581
50.5816
50.5821
50.5826
50.5831
50.5835
50.5839
50.5843
50.5846
50.5849
50.5852
50.5854
50.5856
50.5857
50.5858
50.5859
50.5859
50.5859
50.5859
50.5858
50.5858
50.5857
50.5856
50.5854
50.5853
50.5851
50.585
50.5848
50.5847
50.5845
50.5844
50.5842
50.5841
50.584
50.584
50.5839
50.5839
50.5839
50.5839
50.584
50.5841
50.5842
50.5844
50.5845
50.5847
50.5849
50.5852
50.5854
50.5857
50.5859
50.5861
50.5864
50.5866
50.5868
50.587
50.5871
50.5872
50.5873
50.5874
50.5874
50.5874
50.5874
50.5873
50.5873
50.5871
50.587
50.5869
50.5867
50.5865
50.5863
50.5861
50.5859
50.5857
50.5854
50.5851
50.5849
50.5846
50.5843
50.584
50.5838
50.5839
50.5824
50.5562
50.5443
50.54
50.539
50.5367
50.532
50.5256
50.519
50.5115
50.5042
50.4965
50.4888
50.4818
50.4749
50.4689
50.4632
50.4584
50.454
50.4507
50.449
50.5968
50.603
50.6037
50.602
50.6004
50.599
50.5981
50.5982
50.5979
50.5944
50.5866
50.5786
50.5722
50.5664
50.5617
50.5627
50.5725
50.5811
50.5827
50.57
50.4686
50.4725
50.4721
50.4709
50.4702
50.4698
50.4697
50.4695
50.4694
50.4693
50.4692
50.469
50.4689
50.4688
50.4688
50.4689
50.4689
50.4689
50.4688
50.4687
50.4683
50.4679
50.4679
50.4683
50.4698
50.4714
50.4716
50.4673
50.4478
50.4274
50.4192
50.4188
50.4237
50.4402
50.4568
50.4678
50.4746
50.4786
50.4807
50.4819
50.4824
50.4826
50.4827
50.4827
50.4826
50.4826
50.4826
50.4825
50.4825
50.4825
50.4825
50.4825
50.4826
50.4826
50.4827
50.4827
50.4828
50.4829
50.483
50.4831
50.4832
50.4833
50.4834
50.4835
50.4836
50.4837
50.4838
50.4839
50.484
50.4841
50.4841
50.4842
50.4842
50.4841
50.4841
50.484
50.484
50.4839
50.4837
50.4836
50.4835
50.4833
50.4831
50.4829
50.4828
50.4826
50.4824
50.4822
50.482
50.4818
50.4816
50.4814
50.4811
50.4809
50.4807
50.4805
50.4803
50.4802
50.4789
50.4864
50.4858
50.472
50.4886
50.4887
50.4804
50.4779
50.4781
50.4781
50.4773
50.4768
50.4771
50.4779
50.4778
50.4771
50.4766
50.4765
50.4766
50.4768
50.4771
50.4773
50.4769
50.4764
50.4763
50.4764
50.4766
50.4767
50.4747
50.4608
50.4195
50.39
50.3841
50.3927
50.4344
50.4801
50.5007
50.5054
50.5038
50.4966
50.4903
50.4868
50.4849
50.4839
50.4834
50.483
50.4829
50.4827
50.4826
50.4826
50.4825
50.4825
50.4825
50.4825
50.4826
50.4826
50.4827
50.4827
50.4828
50.4829
50.483
50.4831
50.4832
50.4833
50.4834
50.4835
50.4836
50.4837
50.4838
50.4839
50.484
50.4841
50.4841
50.4842
50.4842
50.4841
50.4841
50.484
50.484
50.4839
50.4837
50.4836
50.4835
50.4833
50.4831
50.4829
50.4828
50.4826
50.4824
50.4822
50.482
50.4818
50.4816
50.4814
50.4811
50.4809
50.4807
50.4805
50.4803
50.4802
50.4805
50.4792
50.4529
50.4409
50.4365
50.4356
50.4333
50.4286
50.4222
50.4156
50.4081
50.4007
50.393
50.3853
50.3783
50.3714
50.3654
50.3596
50.3549
50.3504
50.347
50.3453
50.4934
50.4997
50.5004
50.4987
50.4972
50.4958
50.4949
50.495
50.4947
50.4912
50.4836
50.4756
50.4691
50.4633
50.4585
50.4593
50.4691
50.4779
50.4793
50.4668
50.3649
50.369
50.3688
50.3678
50.367
50.3666
50.3665
50.3663
50.3662
50.3662
50.366
50.3658
50.3656
50.3655
50.3653
50.3652
50.365
50.3648
50.3645
50.3641
50.3634
50.3632
50.3636
50.3647
50.3663
50.3666
50.3632
50.3456
50.3246
50.3156
50.3148
50.3191
50.335
50.3518
50.3631
50.37
50.3741
50.3763
50.3775
50.3781
50.3784
50.3785
50.3786
50.3787
50.3787
50.3788
50.3789
50.3789
50.379
50.3791
50.3792
50.3793
50.3794
50.3795
50.3796
50.3797
50.3798
50.3799
50.38
50.38
50.3801
50.3802
50.3802
50.3803
50.3803
50.3803
50.3804
50.3804
50.3804
50.3803
50.3803
50.3803
50.3802
50.3802
50.3801
50.38
50.3799
50.3798
50.3797
50.3796
50.3795
50.3793
50.3792
50.3791
50.3789
50.3788
50.3787
50.3785
50.3784
50.3783
50.3782
50.3782
50.3781
50.378
50.378
50.378
50.378
50.378
50.3781
50.3781
50.3782
50.3783
50.3785
50.3786
50.3788
50.3789
50.3791
50.3793
50.3795
50.3798
50.38
50.3802
50.3805
50.3807
50.3809
50.3812
50.3814
50.3816
50.3818
50.382
50.3822
50.3824
50.3826
50.3827
50.3829
50.383
50.3831
50.3833
50.3834
50.3835
50.3836
50.3838
50.3839
50.384
50.3842
50.3843
50.3845
50.3847
50.3849
50.3851
50.3853
50.3856
50.3859
50.3862
50.3865
50.3868
50.3872
50.3876
50.388
50.3885
50.3889
50.3894
50.3899
50.3905
50.391
50.3916
50.3921
50.3927
50.3933
50.3939
50.3945
50.395
50.3956
50.3961
50.3966
50.3971
50.3975
50.3979
50.3982
50.3985
50.3988
50.399
50.3992
50.3994
50.3995
50.3996
50.3996
50.3997
50.3997
50.3997
50.3997
50.3997
50.3998
50.3998
50.3998
50.3999
50.3999
50.4
50.4001
50.4002
50.4003
50.4005
50.4007
50.4009
50.4012
50.4015
50.4019
50.4024
50.4033
50.4024
50.3812
50.3686
50.3852
50.3845
50.3768
50.3748
50.3748
50.3746
50.3739
50.3736
50.3739
50.3745
50.3743
50.3735
50.3729
50.3728
50.3728
50.3729
50.3727
50.3724
50.3721
50.3719
50.372
50.3721
50.3721
50.3704
50.3578
50.3181
50.288
50.2816
50.2896
50.3297
50.3748
50.3952
50.3999
50.3984
50.3916
50.3855
50.3822
50.3805
50.3796
50.3792
50.379
50.3789
50.3788
50.3789
50.3789
50.379
50.379
50.3791
50.3792
50.3793
50.3794
50.3795
50.3796
50.3797
50.3798
50.3799
50.38
50.38
50.3801
50.3802
50.3802
50.3803
50.3803
50.3803
50.3804
50.3804
50.3804
50.3803
50.3803
50.3803
50.3802
50.3802
50.3801
50.38
50.3799
50.3798
50.3797
50.3796
50.3795
50.3793
50.3792
50.3791
50.3789
50.3788
50.3787
50.3785
50.3784
50.3783
50.3782
50.3782
50.3781
50.378
50.378
50.378
50.378
50.378
50.3781
50.3781
50.3782
50.3783
50.3785
50.3786
50.3788
50.3789
50.3791
50.3793
50.3795
50.3798
50.38
50.3802
50.3805
50.3807
50.3809
50.3812
50.3814
50.3816
50.3818
50.382
50.3822
50.3824
50.3826
50.3827
50.3829
50.383
50.3831
50.3833
50.3834
50.3835
50.3836
50.3838
50.3839
50.384
50.3842
50.3843
50.3845
50.3847
50.3849
50.3851
50.3853
50.3856
50.3859
50.3862
50.3865
50.3868
50.3872
50.3876
50.388
50.3885
50.3889
50.3894
50.3899
50.3905
50.391
50.3916
50.3921
50.3927
50.3933
50.3939
50.3945
50.395
50.3956
50.3961
50.3966
50.3971
50.3975
50.3979
50.3982
50.3985
50.3988
50.399
50.3992
50.3994
50.3995
50.3996
50.3996
50.3997
50.3997
50.3997
50.3997
50.3997
50.3998
50.3998
50.3998
50.3999
50.3999
50.4
50.4001
50.4002
50.4003
50.4005
50.4007
50.4009
50.4012
50.4015
50.4018
50.4023
50.4017
50.4106
50.4175
50.4241
50.425
50.4234
50.4219
50.4203
50.4186
50.4176
50.4196
50.4199
50.4158
50.4064
50.3969
50.3896
50.3829
50.3769
50.3756
50.3852
50.3951
50.393
50.3761
50.3642
50.3598
50.359
50.3569
50.3522
50.3458
50.3392
50.3316
50.3242
50.3163
50.3084
50.3011
50.2939
50.2876
50.2817
50.2766
50.2722
50.2687
50.2668
50.307
50.2946
50.3083
50.3072
50.3032
50.3027
50.3036
50.3043
50.3048
50.3054
50.3063
50.3069
50.3071
50.3072
50.3074
50.3078
50.3083
50.3089
50.3091
50.306
50.2847
50.246
50.2308
50.2332
50.2588
50.3059
50.3298
50.3362
50.3356
50.33
50.3246
50.3218
50.3205
50.32
50.3198
50.3198
50.3199
50.3201
50.3202
50.3204
50.3206
50.3208
50.321
50.3212
50.3214
50.3215
50.3217
50.3218
50.3219
50.3219
50.322
50.322
50.322
50.322
50.3219
50.3219
50.3218
50.3217
50.3216
50.3215
50.3213
50.3212
50.3211
50.3209
50.3208
50.3207
50.3205
50.3204
50.3203
50.3202
50.3201
50.3201
50.3201
50.32
50.32
50.3201
50.3201
50.3202
50.3203
50.3204
50.3205
50.3206
50.3208
50.3209
50.3211
50.3213
50.3214
50.3216
50.3218
50.322
50.3222
50.3224
50.3226
50.3228
50.323
50.3232
50.3234
50.3236
50.3238
50.324
50.3243
50.3246
50.3248
50.3251
50.3255
50.3258
50.3261
50.3265
50.3269
50.3273
50.3278
50.3282
50.3287
50.3292
50.3297
50.3302
50.3308
50.3313
50.3319
50.3324
50.333
50.3335
50.3341
50.3346
50.3352
50.3357
50.3362
50.3366
50.3371
50.3375
50.3379
50.3383
50.3387
50.3391
50.3394
50.3397
50.3401
50.3404
50.3407
50.341
50.3413
50.3416
50.3419
50.3422
50.3426
50.343
50.3433
50.3438
50.3442
50.3447
50.3452
50.3458
50.3464
50.347
50.3476
50.3483
50.3491
50.3498
50.3506
50.3514
50.3522
50.353
50.3539
50.3548
50.3556
50.3565
50.3574
50.3583
50.3591
50.36
50.3609
50.3617
50.3626
50.3634
50.3642
50.365
50.3658
50.3665
50.3673
50.368
50.3687
50.3695
50.3702
50.3709
50.3715
50.3722
50.3729
50.3735
50.3742
50.3749
50.3755
50.3761
50.3768
50.3774
50.378
50.3786
50.3792
50.3798
50.3804
50.381
50.3816
50.3821
50.3826
50.3831
50.3836
50.3841
50.3846
50.385
50.3854
50.3858
50.3862
50.3865
50.3869
50.3872
50.3875
50.3878
50.3881
50.3884
50.3887
50.389
50.3893
50.3896
50.39
50.3903
50.3907
50.3911
50.3916
50.392
50.3925
50.393
50.3936
50.3942
50.3948
50.3955
50.3962
50.3969
50.3976
50.3984
50.3992
50.4
50.4009
50.4017
50.4026
50.4034
50.4043
50.4052
50.4061
50.407
50.4079
50.4087
50.4096
50.4105
50.4113
50.4121
50.413
50.4138
50.4146
50.4154
50.4162
50.417
50.4177
50.4185
50.4193
50.4201
50.4209
50.4217
50.4225
50.4233
50.4241
50.425
50.4259
50.4268
50.4277
50.4287
50.4297
50.4307
50.4318
50.4329
50.4341
50.4353
50.4366
50.4379
50.4393
50.4407
50.4422
50.4437
50.4453
50.4469
50.4486
50.4503
50.4521
50.454
50.4559
50.4579
50.4599
50.4619
50.4641
50.4662
50.4685
50.4707
50.473
50.4754
50.4778
50.4803
50.4828
50.4854
50.488
50.4907
50.4934
50.4962
50.4991
50.5019
50.5049
50.5079
50.5109
50.514
50.5172
50.5204
50.5237
50.5271
50.5305
50.534
50.5375
50.5411
50.5448
50.5486
50.5524
50.5563
50.5603
50.5644
50.5685
50.5727
50.577
50.5814
50.5858
50.5903
50.5949
50.5996
50.6044
50.6092
50.6142
50.6192
50.6243
50.6294
50.6346
50.6399
50.6453
50.6508
50.6563
50.6619
50.6675
50.6732
50.679
50.6848
50.6907
50.6967
50.7026
50.7087
50.7148
50.7209
50.727
50.7332
50.7395
50.7458
50.7521
50.7584
50.7648
50.7712
50.7777
50.7842
50.7907
50.7973
50.8039
50.8106
50.8173
50.8241
50.8309
50.8378
50.8448
50.8518
50.8589
50.8661
50.8733
50.8806
50.888
50.8955
50.9031
50.9107
50.9184
50.9263
50.9342
50.9422
50.9502
50.9584
50.9666
50.9749
50.9833
50.9917
51.0002
51.0088
51.0174
51.0261
51.0348
51.0436
51.0524
51.0613
51.0702
51.0791
51.0881
51.097
51.106
51.115
51.1241
51.1331
51.1422
51.1513
51.1604
51.1695
51.1786
51.1878
51.1969
51.2061
51.2152
51.2244
51.2337
51.2429
51.2521
51.2614
51.2707
51.28
51.2893
51.2987
51.308
51.3174
51.3269
51.3363
51.3458
51.3553
51.3648
51.3744
51.384
51.3936
51.4032
51.4129
51.4226
51.4324
51.4421
51.4519
51.4618
51.4716
51.4815
51.4914
51.5014
51.5114
51.5214
51.5314
51.5415
51.5516
51.5617
51.5719
51.5821
51.5923
51.6025
51.6128
51.6231
51.6334
51.6437
51.6541
51.6645
51.6749
51.6853
51.6958
51.7063
51.7168
51.7273
51.7378
51.7484
51.759
51.7696
51.7802
51.7908
51.8015
51.8122
51.8229
51.8336
51.8443
51.8551
51.8658
51.8766
51.8874
51.8982
51.909
51.9198
51.9307
51.9415
51.9524
51.9633
51.9742
51.985
51.996
52.0069
52.0178
52.0287
52.0397
52.0506
52.0615
52.0725
52.0835
52.0944
52.1054
52.1164
52.1273
52.1383
52.1493
52.1603
52.1713
52.1823
52.1932
52.2042
52.2152
52.2262
52.2372
52.2482
52.2591
52.2701
52.2811
52.292
52.303
52.314
52.3249
52.3359
52.3468
52.3577
52.3686
52.3796
52.3905
52.4014
52.4122
52.4231
52.434
52.4448
52.4557
52.4665
52.4773
52.4881
52.4989
52.5097
52.5205
52.5312
52.542
52.5527
52.5634
52.5741
52.5847
52.5954
52.606
52.6166
52.6272
52.6378
52.6483
52.6588
52.6694
52.6798
52.6903
52.7007
52.7112
52.7216
52.7319
52.7423
52.7526
52.7629
52.7732
52.7834
52.7936
52.8038
52.814
52.8241
52.8342
52.8443
52.8544
52.8644
52.8744
52.8843
52.8943
52.9041
52.9141
52.9238
52.9338
52.9433
52.9533
52.9626
52.9727
52.9819
52.992
53.001
53.0111
53.0199
53.0301
53.0388
53.0488
50.2843
50.2905
50.294
50.2947
50.2943
50.2946
50.2954
50.2962
50.2969
50.2975
50.298
50.2983
50.2987
50.2991
50.2992
50.299
50.2994
50.3004
50.3018
50.3027
50.3008
50.2868
50.269
50.2623
50.2627
50.2689
50.286
50.3
50.3087
50.3137
50.3164
50.3179
50.3186
50.3191
50.3193
50.3196
50.3198
50.32
50.3202
50.3204
50.3206
50.3208
50.321
50.3212
50.3214
50.3215
50.3217
50.3218
50.3219
50.3219
50.322
50.322
50.322
50.322
50.3219
50.3219
50.3218
50.3217
50.3216
50.3215
50.3213
50.3212
50.3211
50.3209
50.3208
50.3207
50.3205
50.3204
50.3203
50.3202
50.3201
50.3201
50.3201
50.32
50.32
50.3201
50.3201
50.3202
50.3203
50.3204
50.3205
50.3206
50.3208
50.3209
50.3211
50.3213
50.3214
50.3216
50.3218
50.322
50.3222
50.3224
50.3226
50.3228
50.323
50.3232
50.3234
50.3236
50.3238
50.324
50.3243
50.3246
50.3248
50.3251
50.3255
50.3258
50.3261
50.3265
50.3269
50.3273
50.3278
50.3282
50.3287
50.3292
50.3297
50.3302
50.3308
50.3313
50.3319
50.3324
50.333
50.3335
50.3341
50.3346
50.3352
50.3357
50.3362
50.3366
50.3371
50.3375
50.3379
50.3383
50.3387
50.3391
50.3394
50.3397
50.3401
50.3404
50.3407
50.341
50.3413
50.3416
50.3419
50.3422
50.3426
50.343
50.3433
50.3438
50.3442
50.3447
50.3452
50.3458
50.3464
50.347
50.3476
50.3483
50.3491
50.3498
50.3506
50.3514
50.3522
50.353
50.3539
50.3548
50.3556
50.3565
50.3574
50.3583
50.3591
50.36
50.3609
50.3617
50.3626
50.3634
50.3642
50.365
50.3658
50.3665
50.3673
50.368
50.3687
50.3695
50.3702
50.3709
50.3715
50.3722
50.3729
50.3735
50.3742
50.3749
50.3755
50.3761
50.3768
50.3774
50.378
50.3786
50.3792
50.3798
50.3804
50.381
50.3816
50.3821
50.3826
50.3831
50.3836
50.3841
50.3846
50.385
50.3854
50.3858
50.3862
50.3865
50.3869
50.3872
50.3875
50.3878
50.3881
50.3884
50.3887
50.389
50.3893
50.3896
50.39
50.3903
50.3907
50.3911
50.3916
50.392
50.3925
50.393
50.3936
50.3942
50.3948
50.3955
50.3962
50.3969
50.3976
50.3984
50.3992
50.4
50.4009
50.4017
50.4026
50.4034
50.4043
50.4052
50.4061
50.407
50.4079
50.4087
50.4096
50.4105
50.4113
50.4121
50.413
50.4138
50.4146
50.4154
50.4162
50.417
50.4177
50.4185
50.4193
50.4201
50.4209
50.4217
50.4225
50.4233
50.4241
50.425
50.4259
50.4268
50.4277
50.4287
50.4297
50.4307
50.4318
50.4329
50.4341
50.4353
50.4366
50.4379
50.4393
50.4407
50.4422
50.4437
50.4453
50.4469
50.4486
50.4503
50.4521
50.454
50.4559
50.4579
50.4599
50.4619
50.4641
50.4662
50.4685
50.4707
50.473
50.4754
50.4778
50.4803
50.4828
50.4854
50.488
50.4907
50.4934
50.4962
50.4991
50.5019
50.5049
50.5079
50.5109
50.514
50.5172
50.5204
50.5237
50.5271
50.5305
50.534
50.5375
50.5411
50.5448
50.5486
50.5524
50.5563
50.5603
50.5644
50.5685
50.5727
50.577
50.5814
50.5858
50.5903
50.5949
50.5996
50.6044
50.6092
50.6142
50.6192
50.6243
50.6294
50.6346
50.6399
50.6453
50.6508
50.6563
50.6619
50.6675
50.6732
50.679
50.6848
50.6907
50.6967
50.7026
50.7087
50.7148
50.7209
50.727
50.7332
50.7395
50.7458
50.7521
50.7584
50.7648
50.7712
50.7777
50.7842
50.7907
50.7973
50.8039
50.8106
50.8173
50.8241
50.8309
50.8378
50.8448
50.8518
50.8589
50.8661
50.8733
50.8806
50.888
50.8955
50.9031
50.9107
50.9184
50.9263
50.9342
50.9422
50.9502
50.9584
50.9666
50.9749
50.9833
50.9917
51.0002
51.0088
51.0174
51.0261
51.0348
51.0436
51.0524
51.0613
51.0702
51.0791
51.0881
51.097
51.106
51.115
51.1241
51.1331
51.1422
51.1513
51.1604
51.1695
51.1786
51.1878
51.1969
51.2061
51.2152
51.2244
51.2337
51.2429
51.2521
51.2614
51.2707
51.28
51.2893
51.2987
51.308
51.3174
51.3269
51.3363
51.3458
51.3553
51.3648
51.3744
51.384
51.3936
51.4032
51.4129
51.4226
51.4324
51.4421
51.4519
51.4618
51.4716
51.4815
51.4914
51.5014
51.5114
51.5214
51.5314
51.5415
51.5516
51.5617
51.5719
51.5821
51.5923
51.6025
51.6128
51.6231
51.6334
51.6437
51.6541
51.6645
51.6749
51.6853
51.6958
51.7063
51.7168
51.7273
51.7378
51.7484
51.759
51.7696
51.7802
51.7908
51.8015
51.8122
51.8229
51.8336
51.8443
51.8551
51.8658
51.8766
51.8874
51.8982
51.909
51.9198
51.9307
51.9415
51.9524
51.9633
51.9742
51.985
51.996
52.0069
52.0178
52.0287
52.0397
52.0506
52.0615
52.0725
52.0835
52.0944
52.1054
52.1164
52.1273
52.1383
52.1493
52.1603
52.1713
52.1823
52.1932
52.2042
52.2152
52.2262
52.2372
52.2482
52.2591
52.2701
52.2811
52.292
52.303
52.314
52.3249
52.3359
52.3468
52.3577
52.3686
52.3796
52.3905
52.4014
52.4122
52.4231
52.434
52.4448
52.4557
52.4665
52.4773
52.4881
52.4989
52.5097
52.5205
52.5312
52.542
52.5527
52.5634
52.5741
52.5847
52.5954
52.606
52.6166
52.6272
52.6378
52.6483
52.6588
52.6694
52.6798
52.6903
52.7007
52.7112
52.7216
52.7319
52.7423
52.7526
52.7629
52.7732
52.7834
52.7936
52.8038
52.814
52.8241
52.8342
52.8443
52.8544
52.8644
52.8744
52.8843
52.8943
52.9041
52.9141
52.9238
52.9338
52.9433
52.9533
52.9626
52.9727
52.9819
52.992
53.001
53.0111
53.0199
53.0301
53.0388
53.0488
)
;
    }
}


// ************************************************************************* //
