/*--------------------------------*- C++ -*----------------------------------*\
| =========                 |                                                 |
| \\      /  F ield         | OpenFOAM: The Open Source CFD Toolbox           |
|  \\    /   O peration     | Version:  3.0.x                                 |
|   \\  /    A nd           | Web:      www.OpenFOAM.org                      |
|    \\/     M anipulation  |                                                 |
\*---------------------------------------------------------------------------*/
FoamFile
{
    version     2.0;
    format      ascii;
    class       volScalarField;
    location    "0.07";
    object      T;
}
// * * * * * * * * * * * * * * * * * * * * * * * * * * * * * * * * * * * * * //

dimensions      [0 0 0 1 0 0 0];

internalField   nonuniform List<scalar> 
6900
(
773.008
773.008
773.008
773.009
773.01
773.012
773.013
773.015
773.017
773.02
773.022
773.025
773.029
773.033
773.037
773.041
773.045
773.05
773.055
773.059
773.064
773.069
773.074
773.078
773.082
773.086
773.09
773.093
773.096
773.098
773.1
773.101
773.102
773.102
773.103
773.103
773.103
773.102
773.102
773.102
773.101
773.101
773.101
773.102
773.102
773.103
773.104
773.106
773.108
773.11
773.112
773.114
773.117
773.12
773.123
773.125
773.128
773.131
773.134
773.137
773.14
773.143
773.146
773.149
773.151
773.154
773.156
773.159
773.161
773.163
773.165
773.167
773.169
773.171
773.172
773.174
773.175
773.176
773.177
773.178
773.179
773.18
773.18
773.181
773.181
773.182
773.182
773.182
773.182
773.182
773.182
773.181
773.181
773.181
773.18
773.18
773.18
773.179
773.179
773.179
773.178
773.178
773.178
773.177
773.177
773.177
773.177
773.177
773.177
773.178
773.178
773.178
773.179
773.179
773.18
773.181
773.181
773.182
773.182
773.183
773.184
773.184
773.185
773.185
773.186
773.186
773.186
773.186
773.186
773.186
773.186
773.186
773.185
773.185
773.185
773.184
773.184
773.183
773.183
773.182
773.182
773.181
773.181
773.18
773.18
773.18
773.18
773.18
773.18
773.18
773.18
773.181
773.181
773.182
773.183
773.184
773.185
773.186
773.187
773.188
773.189
773.19
773.191
773.192
773.194
773.195
773.196
773.198
773.2
773.202
773.204
773.206
773.209
773.211
773.215
773.218
773.221
773.225
773.229
773.233
773.238
773.242
773.246
773.25
773.255
773.259
773.263
773.266
773.27
773.273
773.276
773.278
773.28
773.282
773.283
773.285
773.285
773.288
773.287
773.355
773.008
773.007
773.008
773.009
773.01
773.011
773.013
773.015
773.017
773.019
773.022
773.025
773.029
773.032
773.036
773.04
773.045
773.049
773.054
773.059
773.064
773.069
773.073
773.078
773.082
773.086
773.089
773.092
773.095
773.097
773.099
773.101
773.102
773.102
773.102
773.102
773.102
773.102
773.102
773.101
773.101
773.101
773.101
773.101
773.102
773.103
773.104
773.106
773.107
773.109
773.112
773.114
773.117
773.119
773.122
773.125
773.128
773.131
773.134
773.137
773.14
773.143
773.146
773.148
773.151
773.154
773.156
773.158
773.161
773.163
773.165
773.167
773.169
773.17
773.172
773.173
773.175
773.176
773.177
773.178
773.179
773.179
773.18
773.181
773.181
773.181
773.181
773.181
773.181
773.181
773.181
773.181
773.181
773.18
773.18
773.18
773.179
773.179
773.179
773.178
773.178
773.178
773.177
773.177
773.177
773.177
773.177
773.177
773.177
773.177
773.178
773.178
773.179
773.179
773.18
773.18
773.181
773.182
773.182
773.183
773.183
773.184
773.184
773.185
773.185
773.186
773.186
773.186
773.186
773.186
773.186
773.185
773.185
773.185
773.184
773.184
773.183
773.183
773.182
773.182
773.181
773.181
773.18
773.18
773.18
773.18
773.179
773.179
773.18
773.18
773.18
773.181
773.181
773.182
773.183
773.183
773.184
773.185
773.186
773.187
773.188
773.19
773.191
773.192
773.193
773.195
773.196
773.198
773.199
773.201
773.203
773.206
773.208
773.211
773.214
773.218
773.221
773.225
773.229
773.233
773.237
773.241
773.246
773.25
773.254
773.258
773.262
773.266
773.269
773.273
773.275
773.278
773.28
773.282
773.283
773.285
773.285
773.288
773.287
773.349
773.008
773.007
773.008
773.009
773.01
773.011
773.013
773.015
773.017
773.019
773.022
773.025
773.029
773.032
773.036
773.04
773.045
773.049
773.054
773.059
773.064
773.069
773.073
773.078
773.082
773.086
773.089
773.092
773.095
773.097
773.099
773.101
773.102
773.102
773.102
773.102
773.102
773.102
773.102
773.101
773.101
773.101
773.101
773.101
773.102
773.103
773.104
773.106
773.107
773.109
773.112
773.114
773.117
773.119
773.122
773.125
773.128
773.131
773.134
773.137
773.14
773.143
773.146
773.148
773.151
773.154
773.156
773.158
773.161
773.163
773.165
773.167
773.169
773.17
773.172
773.173
773.175
773.176
773.177
773.178
773.179
773.179
773.18
773.181
773.181
773.181
773.181
773.181
773.181
773.181
773.181
773.181
773.181
773.18
773.18
773.18
773.179
773.179
773.179
773.178
773.178
773.178
773.177
773.177
773.177
773.177
773.177
773.177
773.177
773.177
773.178
773.178
773.179
773.179
773.18
773.18
773.181
773.182
773.182
773.183
773.183
773.184
773.184
773.185
773.185
773.186
773.186
773.186
773.186
773.186
773.186
773.185
773.185
773.185
773.184
773.184
773.183
773.183
773.182
773.182
773.181
773.181
773.18
773.18
773.18
773.18
773.179
773.179
773.18
773.18
773.18
773.181
773.181
773.182
773.183
773.183
773.184
773.185
773.186
773.187
773.188
773.19
773.191
773.192
773.193
773.195
773.196
773.198
773.199
773.201
773.203
773.206
773.208
773.211
773.214
773.218
773.221
773.225
773.229
773.233
773.237
773.241
773.246
773.25
773.254
773.258
773.262
773.266
773.269
773.273
773.275
773.278
773.28
773.282
773.283
773.285
773.285
773.286
773.286
773.289
773.008
773.007
773.008
773.009
773.01
773.011
773.013
773.015
773.017
773.019
773.022
773.025
773.029
773.032
773.036
773.04
773.045
773.049
773.054
773.059
773.064
773.069
773.073
773.078
773.082
773.086
773.089
773.092
773.095
773.097
773.099
773.101
773.102
773.102
773.102
773.102
773.102
773.102
773.102
773.101
773.101
773.101
773.101
773.101
773.102
773.103
773.104
773.106
773.107
773.109
773.112
773.114
773.117
773.119
773.122
773.125
773.128
773.131
773.134
773.137
773.14
773.143
773.146
773.148
773.151
773.154
773.156
773.158
773.161
773.163
773.165
773.167
773.169
773.17
773.172
773.173
773.175
773.176
773.177
773.178
773.179
773.179
773.18
773.181
773.181
773.181
773.181
773.181
773.181
773.181
773.181
773.181
773.181
773.18
773.18
773.18
773.179
773.179
773.179
773.178
773.178
773.178
773.177
773.177
773.177
773.177
773.177
773.177
773.177
773.177
773.178
773.178
773.179
773.179
773.18
773.18
773.181
773.182
773.182
773.183
773.183
773.184
773.184
773.185
773.185
773.186
773.186
773.186
773.186
773.186
773.186
773.185
773.185
773.185
773.184
773.184
773.183
773.183
773.182
773.182
773.181
773.181
773.18
773.18
773.18
773.18
773.179
773.179
773.18
773.18
773.18
773.181
773.181
773.182
773.183
773.183
773.184
773.185
773.186
773.187
773.188
773.19
773.191
773.192
773.193
773.195
773.196
773.198
773.199
773.201
773.203
773.206
773.208
773.211
773.214
773.218
773.221
773.225
773.229
773.233
773.237
773.241
773.246
773.25
773.254
773.258
773.262
773.266
773.269
773.273
773.275
773.278
773.28
773.282
773.284
773.284
773.286
773.284
773.289
773.167
773.008
773.008
773.008
773.009
773.01
773.012
773.013
773.015
773.017
773.02
773.022
773.025
773.029
773.033
773.037
773.041
773.045
773.05
773.055
773.059
773.064
773.069
773.074
773.078
773.082
773.086
773.09
773.093
773.096
773.098
773.1
773.101
773.102
773.102
773.103
773.103
773.103
773.102
773.102
773.102
773.101
773.101
773.101
773.102
773.102
773.103
773.104
773.106
773.108
773.11
773.112
773.114
773.117
773.12
773.123
773.125
773.128
773.131
773.134
773.137
773.14
773.143
773.146
773.149
773.151
773.154
773.156
773.159
773.161
773.163
773.165
773.167
773.169
773.171
773.172
773.174
773.175
773.176
773.177
773.178
773.179
773.18
773.18
773.181
773.181
773.182
773.182
773.182
773.182
773.182
773.182
773.181
773.181
773.181
773.18
773.18
773.18
773.179
773.179
773.179
773.178
773.178
773.178
773.177
773.177
773.177
773.177
773.177
773.177
773.178
773.178
773.178
773.179
773.179
773.18
773.181
773.181
773.182
773.182
773.183
773.184
773.184
773.185
773.185
773.186
773.186
773.186
773.186
773.186
773.186
773.186
773.186
773.185
773.185
773.185
773.184
773.184
773.183
773.183
773.182
773.182
773.181
773.181
773.18
773.18
773.18
773.18
773.18
773.18
773.18
773.18
773.181
773.181
773.182
773.183
773.184
773.185
773.186
773.187
773.188
773.189
773.19
773.191
773.192
773.194
773.195
773.196
773.198
773.2
773.202
773.204
773.206
773.209
773.211
773.215
773.218
773.221
773.225
773.229
773.233
773.238
773.242
773.246
773.25
773.255
773.259
773.263
773.266
773.27
773.273
773.276
773.278
773.281
773.282
773.284
773.284
773.287
773.284
773.297
773.082
773.341
773.355
773.353
773.353
773.35
773.346
773.341
773.339
773.342
773.349
773.336
773.313
773.3
773.284
773.244
773.217
773.219
773.23
773.253
773.179
773.329
773.333
773.331
773.327
773.323
773.317
773.308
773.303
773.304
773.311
773.296
773.267
773.261
773.251
773.213
773.16
773.156
773.168
773.189
773.162
773.29
773.29
773.287
773.282
773.277
773.27
773.263
773.256
773.246
773.238
773.232
773.23
773.226
773.219
773.208
773.199
773.192
773.186
773.178
773.179
773.22
773.221
773.226
773.225
773.217
773.203
773.188
773.165
773.151
773.127
773.109
773.097
773.079
773.058
773.047
773.032
773.021
773.008
773.001
772.994
773.167
773.147
773.143
773.144
773.143
773.138
773.126
773.111
773.096
773.082
773.064
773.054
773.037
773.029
773.015
773.011
773.002
773.004
773.01
773.036
773.027
772.985
772.98
772.948
772.941
772.95
772.957
772.967
773.084
773.858
775.72
776.591
776.526
775.262
772.891
771.785
771.586
771.759
772.283
772.649
772.834
772.921
772.961
772.979
772.988
772.994
772.997
773
773.002
773.004
773.006
773.007
773.009
773.01
773.011
773.013
773.014
773.015
773.016
773.017
773.018
773.019
773.019
773.02
773.021
773.022
773.023
773.024
773.025
773.026
773.027
773.028
773.029
773.03
773.031
773.033
773.034
773.036
773.038
773.04
773.043
773.045
773.048
773.051
773.054
773.057
773.06
773.064
773.067
773.071
773.075
773.079
773.083
773.087
773.091
773.094
773.098
773.102
773.105
773.108
773.111
773.114
773.116
773.118
773.12
773.122
773.123
773.124
773.125
773.125
773.126
773.126
773.126
773.126
773.126
773.126
773.125
773.125
773.125
773.125
773.125
773.126
773.126
773.126
773.127
773.127
773.128
773.13
773.131
773.132
773.134
773.135
773.137
773.139
773.141
773.143
773.145
773.147
773.149
773.151
773.154
773.156
773.158
773.16
773.162
773.164
773.167
773.169
773.171
773.173
773.175
773.177
773.179
773.181
773.183
773.185
773.187
773.189
773.191
773.193
773.194
773.196
773.197
773.199
773.2
773.201
773.202
773.203
773.204
773.205
773.206
773.206
773.206
773.206
773.206
773.206
773.206
773.205
773.205
773.204
773.204
773.203
773.202
773.201
773.2
773.199
773.198
773.198
773.197
773.196
773.195
773.194
773.194
773.193
773.192
773.192
773.192
773.191
773.191
773.192
773.192
773.192
773.193
773.194
773.195
773.196
773.198
773.2
773.202
773.204
773.206
773.208
773.211
773.213
773.216
773.218
773.222
773.221
773.229
773.06
773.001
772.995
772.988
772.961
772.962
772.971
772.959
772.934
772.943
773.068
773.47
773.731
773.754
773.601
773.285
773.124
773.052
773.017
772.997
772.986
772.981
772.982
772.983
772.987
772.991
772.994
772.997
773
773.002
773.004
773.005
773.007
773.008
773.01
773.011
773.012
773.013
773.014
773.015
773.016
773.017
773.018
773.019
773.02
773.021
773.022
773.023
773.023
773.024
773.025
773.026
773.027
773.028
773.03
773.031
773.032
773.034
773.036
773.038
773.04
773.042
773.045
773.047
773.05
773.053
773.057
773.06
773.063
773.067
773.071
773.075
773.079
773.083
773.086
773.09
773.094
773.098
773.101
773.105
773.108
773.111
773.113
773.116
773.118
773.12
773.121
773.123
773.124
773.124
773.125
773.125
773.126
773.126
773.126
773.125
773.125
773.125
773.125
773.125
773.125
773.125
773.125
773.125
773.126
773.126
773.127
773.128
773.129
773.13
773.132
773.133
773.135
773.137
773.138
773.14
773.142
773.145
773.147
773.149
773.151
773.153
773.155
773.158
773.16
773.162
773.164
773.166
773.168
773.171
773.173
773.175
773.177
773.179
773.181
773.183
773.185
773.187
773.189
773.19
773.192
773.194
773.195
773.197
773.198
773.2
773.201
773.202
773.203
773.204
773.205
773.205
773.206
773.206
773.206
773.206
773.206
773.205
773.205
773.205
773.204
773.203
773.203
773.202
773.201
773.2
773.199
773.198
773.197
773.196
773.195
773.195
773.194
773.193
773.193
773.192
773.192
773.191
773.191
773.191
773.191
773.192
773.192
773.193
773.194
773.195
773.196
773.198
773.199
773.201
773.203
773.206
773.208
773.211
773.213
773.216
773.218
773.222
773.222
773.223
773.13
773.192
773.196
773.212
773.222
773.227
773.222
773.186
773.083
772.995
772.952
772.942
772.944
772.953
772.959
772.96
772.96
772.96
772.963
772.969
772.976
772.982
772.986
772.989
772.992
772.994
772.996
772.998
773
773.002
773.004
773.006
773.007
773.008
773.01
773.011
773.012
773.013
773.014
773.015
773.016
773.017
773.018
773.019
773.02
773.021
773.022
773.023
773.023
773.024
773.025
773.026
773.027
773.028
773.03
773.031
773.032
773.034
773.036
773.038
773.04
773.042
773.045
773.047
773.05
773.053
773.057
773.06
773.063
773.067
773.071
773.075
773.079
773.083
773.086
773.09
773.094
773.098
773.101
773.105
773.108
773.111
773.113
773.116
773.118
773.12
773.121
773.123
773.124
773.124
773.125
773.125
773.126
773.126
773.126
773.125
773.125
773.125
773.125
773.125
773.125
773.125
773.125
773.125
773.126
773.126
773.127
773.128
773.129
773.13
773.132
773.133
773.135
773.137
773.138
773.14
773.142
773.145
773.147
773.149
773.151
773.153
773.155
773.158
773.16
773.162
773.164
773.166
773.168
773.171
773.173
773.175
773.177
773.179
773.181
773.183
773.185
773.187
773.189
773.19
773.192
773.194
773.195
773.197
773.198
773.2
773.201
773.202
773.203
773.204
773.205
773.205
773.206
773.206
773.206
773.206
773.206
773.205
773.205
773.205
773.204
773.203
773.203
773.202
773.201
773.2
773.199
773.198
773.197
773.196
773.195
773.195
773.194
773.193
773.193
773.192
773.192
773.191
773.191
773.191
773.191
773.192
773.192
773.193
773.194
773.195
773.196
773.198
773.2
773.201
773.203
773.205
773.208
773.21
773.213
773.216
773.219
773.221
773.224
773.226
773.232
772.97
772.968
772.962
772.961
772.964
772.968
772.977
772.993
773.026
773.04
773.043
773.055
773.116
773.186
773.195
773.159
773.058
772.989
772.964
772.961
772.965
772.975
772.983
772.988
772.992
772.995
772.998
773
773.002
773.004
773.006
773.007
773.008
773.01
773.011
773.012
773.013
773.014
773.015
773.016
773.017
773.018
773.019
773.02
773.021
773.022
773.023
773.023
773.024
773.025
773.026
773.027
773.028
773.03
773.031
773.032
773.034
773.036
773.038
773.04
773.042
773.045
773.047
773.05
773.053
773.057
773.06
773.063
773.067
773.071
773.075
773.079
773.083
773.086
773.09
773.094
773.098
773.101
773.105
773.108
773.111
773.113
773.116
773.118
773.12
773.121
773.123
773.124
773.124
773.125
773.125
773.126
773.126
773.126
773.125
773.125
773.125
773.125
773.125
773.125
773.125
773.125
773.125
773.126
773.126
773.127
773.128
773.129
773.13
773.132
773.133
773.135
773.137
773.138
773.14
773.142
773.145
773.147
773.149
773.151
773.153
773.155
773.158
773.16
773.162
773.164
773.166
773.168
773.171
773.173
773.175
773.177
773.179
773.181
773.183
773.185
773.187
773.189
773.19
773.192
773.194
773.195
773.197
773.198
773.2
773.201
773.202
773.203
773.204
773.205
773.205
773.206
773.206
773.206
773.206
773.206
773.205
773.205
773.205
773.204
773.203
773.203
773.202
773.201
773.2
773.199
773.198
773.197
773.196
773.195
773.195
773.194
773.193
773.193
773.192
773.192
773.191
773.191
773.191
773.191
773.192
773.192
773.193
773.194
773.195
773.196
773.198
773.2
773.201
773.203
773.205
773.208
773.21
773.213
773.216
773.219
773.221
773.225
773.229
773.282
773.084
773.09
773.089
773.087
773.089
773.094
773.115
773.132
773.124
773.022
772.884
772.895
773.195
773.99
774.42
774.485
774.351
773.874
773.454
773.213
773.09
773.032
773.008
772.999
772.997
772.997
772.999
773.001
773.003
773.004
773.006
773.007
773.009
773.01
773.011
773.013
773.014
773.015
773.016
773.017
773.018
773.019
773.019
773.02
773.021
773.022
773.023
773.024
773.025
773.026
773.027
773.028
773.029
773.03
773.031
773.033
773.034
773.036
773.038
773.04
773.043
773.045
773.048
773.051
773.054
773.057
773.06
773.064
773.067
773.071
773.075
773.079
773.083
773.087
773.091
773.094
773.098
773.102
773.105
773.108
773.111
773.114
773.116
773.118
773.12
773.122
773.123
773.124
773.125
773.125
773.126
773.126
773.126
773.126
773.126
773.126
773.125
773.125
773.125
773.125
773.125
773.126
773.126
773.126
773.127
773.127
773.128
773.13
773.131
773.132
773.134
773.135
773.137
773.139
773.141
773.143
773.145
773.147
773.149
773.151
773.154
773.156
773.158
773.16
773.162
773.164
773.167
773.169
773.171
773.173
773.175
773.177
773.179
773.181
773.183
773.185
773.187
773.189
773.191
773.193
773.194
773.196
773.197
773.199
773.2
773.201
773.202
773.203
773.204
773.205
773.206
773.206
773.206
773.206
773.206
773.206
773.206
773.205
773.205
773.204
773.204
773.203
773.202
773.201
773.2
773.199
773.198
773.198
773.197
773.196
773.195
773.194
773.194
773.193
773.192
773.192
773.192
773.191
773.191
773.192
773.192
773.192
773.193
773.194
773.195
773.197
773.198
773.2
773.202
773.204
773.206
773.208
773.211
773.214
773.216
773.219
773.221
773.226
773.229
773.287
773.122
773.102
773.098
773.1
773.099
773.094
773.082
773.073
773.055
773.046
773.028
773.019
773.003
772.996
772.984
772.98
772.972
772.973
772.979
773.004
773.17
773.171
773.176
773.175
773.169
773.156
773.138
773.124
773.104
773.088
773.071
773.058
773.038
773.021
773.011
772.995
772.986
772.975
772.97
772.961
773.234
773.233
773.232
773.228
773.223
773.218
773.212
773.204
773.197
773.19
773.186
773.184
773.179
773.171
773.161
773.154
773.148
773.143
773.137
773.14
773.273
773.276
773.275
773.27
773.266
773.26
773.255
773.253
773.256
773.261
773.238
773.22
773.218
773.201
773.151
773.122
773.129
773.141
773.161
773.11
773.284
773.297
773.295
773.295
773.292
773.29
773.288
773.287
773.292
773.297
773.28
773.263
773.254
773.231
773.191
773.182
773.188
773.201
773.221
773.126
773.051
773.055
773.052
773.052
773.055
773.06
773.075
773.099
773.1
773.039
772.868
772.838
773.005
773.718
774.311
774.462
774.4
774.02
773.537
773.243
773.085
773.006
772.97
772.954
772.947
772.944
772.943
772.942
772.941
772.94
772.939
772.938
772.937
772.936
772.935
772.935
772.934
772.934
772.934
772.934
772.935
772.936
772.937
772.938
772.939
772.941
772.943
772.945
772.948
772.951
772.954
772.957
772.96
772.964
772.968
772.972
772.976
772.98
772.985
772.99
772.994
772.999
773.004
773.01
773.015
773.021
773.026
773.032
773.037
773.043
773.049
773.054
773.06
773.065
773.071
773.076
773.081
773.086
773.091
773.095
773.1
773.104
773.107
773.111
773.114
773.117
773.119
773.122
773.124
773.125
773.127
773.128
773.129
773.129
773.13
773.129
773.13
773.127
773.131
772.961
772.94
772.936
772.931
772.931
772.937
772.94
772.946
772.957
772.99
773.014
773.018
773.022
773.045
773.11
773.134
773.123
773.055
772.975
772.937
772.925
772.925
772.929
772.936
772.939
772.941
772.942
772.941
772.941
772.94
772.939
772.938
772.937
772.937
772.936
772.935
772.935
772.934
772.934
772.934
772.934
772.935
772.935
772.936
772.938
772.939
772.941
772.943
772.945
772.948
772.95
772.953
772.957
772.96
772.964
772.968
772.971
772.976
772.98
772.985
772.989
772.994
772.999
773.004
773.01
773.015
773.02
773.026
773.031
773.037
773.043
773.048
773.054
773.059
773.065
773.07
773.075
773.081
773.086
773.09
773.095
773.099
773.103
773.107
773.11
773.114
773.117
773.119
773.121
773.123
773.125
773.126
773.127
773.128
773.129
773.13
773.129
773.13
773.128
773.126
773.029
773.153
773.156
773.174
773.195
773.204
773.202
773.181
773.097
773
772.946
772.928
772.928
772.933
772.937
772.937
772.934
772.931
772.931
772.933
772.936
772.94
772.942
772.943
772.944
772.943
772.943
772.942
772.941
772.94
772.939
772.938
772.937
772.937
772.936
772.935
772.935
772.934
772.934
772.934
772.934
772.935
772.935
772.936
772.938
772.939
772.941
772.943
772.945
772.948
772.95
772.953
772.957
772.96
772.964
772.968
772.971
772.976
772.98
772.985
772.989
772.994
772.999
773.004
773.01
773.015
773.02
773.026
773.031
773.037
773.043
773.048
773.054
773.059
773.065
773.07
773.075
773.081
773.086
773.09
773.095
773.099
773.103
773.107
773.11
773.114
773.117
773.119
773.121
773.123
773.125
773.126
773.128
773.128
773.129
773.129
773.13
773.129
773.13
773.129
773.131
772.966
772.964
772.959
772.935
772.941
772.96
772.951
772.919
772.919
772.992
773.337
773.684
773.762
773.671
773.34
773.102
773.003
772.965
772.95
772.943
772.938
772.936
772.937
772.938
772.939
772.94
772.941
772.941
772.94
772.939
772.938
772.937
772.937
772.936
772.935
772.935
772.934
772.934
772.934
772.934
772.935
772.935
772.936
772.938
772.939
772.941
772.943
772.945
772.948
772.95
772.953
772.957
772.96
772.964
772.968
772.971
772.976
772.98
772.985
772.989
772.994
772.999
773.004
773.01
773.015
773.02
773.026
773.031
773.037
773.043
773.048
773.054
773.059
773.065
773.07
773.075
773.081
773.086
773.09
773.095
773.099
773.103
773.107
773.11
773.114
773.117
773.119
773.121
773.123
773.125
773.126
773.128
773.128
773.129
773.129
773.13
773.13
773.131
773.132
773.18
772.993
772.955
772.951
772.923
772.923
772.939
772.941
772.941
772.989
773.419
775.009
776.275
776.447
775.787
773.558
772.019
771.592
771.649
772.07
772.512
772.744
772.855
772.905
772.926
772.935
772.939
772.94
772.94
772.94
772.939
772.939
772.938
772.937
772.936
772.935
772.935
772.934
772.934
772.934
772.934
772.935
772.936
772.937
772.938
772.939
772.941
772.943
772.945
772.948
772.951
772.954
772.957
772.96
772.964
772.968
772.972
772.976
772.98
772.985
772.99
772.994
772.999
773.004
773.01
773.015
773.021
773.026
773.032
773.037
773.043
773.049
773.054
773.06
773.065
773.071
773.076
773.081
773.086
773.091
773.095
773.099
773.104
773.107
773.111
773.114
773.117
773.119
773.122
773.124
773.125
773.127
773.128
773.129
773.129
773.129
773.13
773.13
773.131
773.133
773.185
773.019
772.999
772.993
772.994
772.992
772.986
772.972
772.962
772.943
772.934
772.914
772.905
772.888
772.88
772.867
772.863
772.854
772.855
772.86
772.885
773.067
773.067
773.071
773.07
773.062
773.048
773.029
773.015
772.994
772.976
772.959
772.945
772.924
772.906
772.897
772.88
772.87
772.858
772.853
772.844
773.132
773.131
773.128
773.124
773.118
773.112
773.106
773.097
773.089
773.081
773.076
773.073
773.068
773.059
773.049
773.041
773.035
773.029
773.022
773.025
773.169
773.173
773.172
773.167
773.164
773.157
773.15
773.146
773.149
773.152
773.127
773.11
773.106
773.087
773.035
773.007
773.013
773.025
773.045
772.994
773.181
773.195
773.193
773.193
773.19
773.186
773.182
773.181
773.185
773.189
773.169
773.152
773.143
773.118
773.077
773.068
773.074
773.087
773.106
773.01
772.931
772.936
772.934
772.933
772.934
772.938
772.956
772.971
772.96
772.851
772.739
772.77
773.144
773.923
774.275
774.305
774.126
773.624
773.245
773.032
772.925
772.876
772.856
772.849
772.848
772.848
772.85
772.853
772.855
772.857
772.859
772.861
772.862
772.864
772.865
772.867
772.868
772.869
772.87
772.871
772.871
772.872
772.873
772.873
772.874
772.874
772.874
772.874
772.875
772.875
772.875
772.875
772.874
772.874
772.874
772.874
772.873
772.873
772.873
772.873
772.873
772.872
772.872
772.872
772.872
772.872
772.872
772.872
772.872
772.872
772.872
772.873
772.873
772.873
772.873
772.874
772.874
772.875
772.876
772.876
772.877
772.878
772.879
772.88
772.881
772.882
772.883
772.885
772.886
772.887
772.889
772.89
772.892
772.894
772.896
772.897
772.899
772.901
772.903
772.905
772.907
772.909
772.911
772.913
772.914
772.916
772.918
772.92
772.922
772.924
772.925
772.927
772.929
772.93
772.931
772.933
772.934
772.935
772.935
772.936
772.937
772.938
772.938
772.938
772.938
772.938
772.938
772.938
772.938
772.938
772.938
772.937
772.937
772.937
772.937
772.936
772.936
772.936
772.937
772.937
772.938
772.938
772.939
772.94
772.941
772.943
772.945
772.946
772.948
772.95
772.953
772.955
772.957
772.96
772.962
772.965
772.968
772.97
772.973
772.975
772.978
772.98
772.983
772.985
772.987
772.99
772.992
772.994
772.996
772.998
772.999
773.001
773.003
773.005
773.006
773.008
773.009
773.011
773.012
773.013
773.015
773.017
773.018
773.02
773.022
773.023
773.025
773.027
773.03
773.032
773.034
773.036
773.039
773.041
773.043
773.046
773.048
773.052
773.055
773.115
772.82
772.815
772.809
772.809
772.812
772.815
772.822
772.836
772.869
772.882
772.884
772.892
772.936
772.989
772.994
772.965
772.885
772.831
772.813
772.812
772.817
772.827
772.834
772.84
772.844
772.847
772.85
772.852
772.855
772.857
772.859
772.86
772.862
772.863
772.865
772.866
772.867
772.869
772.87
772.87
772.871
772.872
772.873
772.873
772.873
772.874
772.874
772.874
772.874
772.874
772.874
772.874
772.874
772.874
772.874
772.873
772.873
772.873
772.873
772.872
772.872
772.872
772.872
772.872
772.872
772.872
772.872
772.872
772.872
772.872
772.872
772.872
772.872
772.873
772.873
772.874
772.874
772.875
772.875
772.876
772.877
772.878
772.879
772.88
772.881
772.882
772.883
772.884
772.886
772.887
772.889
772.89
772.892
772.893
772.895
772.897
772.899
772.901
772.903
772.905
772.907
772.909
772.91
772.912
772.914
772.916
772.918
772.92
772.922
772.923
772.925
772.927
772.928
772.93
772.931
772.932
772.933
772.934
772.935
772.936
772.937
772.938
772.938
772.938
772.938
772.938
772.938
772.938
772.938
772.938
772.937
772.937
772.937
772.937
772.936
772.936
772.936
772.936
772.936
772.937
772.937
772.938
772.939
772.94
772.941
772.943
772.944
772.946
772.948
772.95
772.952
772.955
772.957
772.96
772.962
772.965
772.967
772.97
772.972
772.975
772.977
772.98
772.982
772.985
772.987
772.989
772.991
772.993
772.995
772.997
772.999
773.001
773.003
773.004
773.006
773.007
773.009
773.01
773.012
773.013
773.015
773.016
773.018
773.02
773.021
773.023
773.025
773.027
773.029
773.031
773.034
773.036
773.038
773.041
773.043
773.046
773.048
773.052
773.055
773.11
773.033
773.036
773.053
773.068
773.074
773.07
773.037
772.939
772.855
772.813
772.802
772.804
772.81
772.813
772.813
772.811
772.812
772.814
772.82
772.827
772.832
772.837
772.84
772.843
772.845
772.848
772.85
772.853
772.855
772.857
772.859
772.86
772.862
772.863
772.865
772.866
772.867
772.869
772.87
772.87
772.871
772.872
772.873
772.873
772.873
772.874
772.874
772.874
772.874
772.874
772.874
772.874
772.874
772.874
772.874
772.873
772.873
772.873
772.873
772.872
772.872
772.872
772.872
772.872
772.872
772.872
772.872
772.872
772.872
772.872
772.872
772.872
772.872
772.873
772.873
772.874
772.874
772.875
772.875
772.876
772.877
772.878
772.879
772.88
772.881
772.882
772.883
772.884
772.886
772.887
772.889
772.89
772.892
772.893
772.895
772.897
772.899
772.901
772.903
772.905
772.907
772.909
772.91
772.912
772.914
772.916
772.918
772.92
772.922
772.923
772.925
772.927
772.928
772.93
772.931
772.932
772.933
772.934
772.935
772.936
772.937
772.938
772.938
772.938
772.938
772.938
772.938
772.938
772.938
772.938
772.937
772.937
772.937
772.937
772.936
772.936
772.936
772.936
772.936
772.937
772.937
772.938
772.939
772.94
772.941
772.943
772.944
772.946
772.948
772.95
772.952
772.955
772.957
772.96
772.962
772.965
772.967
772.97
772.972
772.975
772.977
772.98
772.982
772.985
772.987
772.989
772.991
772.993
772.995
772.997
772.999
773.001
773.003
773.004
773.006
773.007
773.009
773.01
773.012
773.013
773.015
773.016
773.018
773.02
773.021
773.023
773.025
773.027
773.029
773.031
773.034
773.036
773.038
773.041
773.043
773.046
773.048
773.051
773.053
773.058
772.849
772.841
772.834
772.808
772.816
772.83
772.816
772.796
772.809
772.953
773.361
773.588
773.593
773.408
773.082
772.922
772.858
772.838
772.831
772.827
772.828
772.829
772.833
772.838
772.843
772.846
772.849
772.852
772.854
772.857
772.858
772.86
772.862
772.863
772.865
772.866
772.867
772.869
772.87
772.87
772.871
772.872
772.873
772.873
772.873
772.874
772.874
772.874
772.874
772.874
772.874
772.874
772.874
772.874
772.874
772.873
772.873
772.873
772.873
772.872
772.872
772.872
772.872
772.872
772.872
772.872
772.872
772.872
772.872
772.872
772.872
772.872
772.872
772.873
772.873
772.874
772.874
772.875
772.875
772.876
772.877
772.878
772.879
772.88
772.881
772.882
772.883
772.884
772.886
772.887
772.889
772.89
772.892
772.893
772.895
772.897
772.899
772.901
772.903
772.905
772.907
772.909
772.91
772.912
772.914
772.916
772.918
772.92
772.922
772.923
772.925
772.927
772.928
772.93
772.931
772.932
772.933
772.934
772.935
772.936
772.937
772.938
772.938
772.938
772.938
772.938
772.938
772.938
772.938
772.938
772.937
772.937
772.937
772.937
772.936
772.936
772.936
772.936
772.936
772.937
772.937
772.938
772.939
772.94
772.941
772.943
772.944
772.946
772.948
772.95
772.952
772.955
772.957
772.96
772.962
772.965
772.967
772.97
772.972
772.975
772.977
772.98
772.982
772.985
772.987
772.989
772.991
772.993
772.995
772.997
772.999
773.001
773.003
773.004
773.006
773.007
773.009
773.01
773.012
773.013
773.015
773.016
773.018
773.02
773.021
773.023
773.025
773.027
773.029
773.031
773.034
773.036
773.039
773.041
773.044
773.045
773.049
773.048
773.049
772.951
772.873
772.832
772.828
772.798
772.797
772.809
772.812
772.82
772.94
773.729
775.467
776.199
776.09
774.759
772.602
771.667
771.532
771.733
772.233
772.549
772.708
772.782
772.816
772.832
772.84
772.845
772.849
772.852
772.855
772.857
772.859
772.861
772.862
772.864
772.865
772.867
772.868
772.869
772.87
772.871
772.871
772.872
772.873
772.873
772.874
772.874
772.874
772.874
772.875
772.875
772.875
772.875
772.874
772.874
772.874
772.874
772.873
772.873
772.873
772.873
772.873
772.872
772.872
772.872
772.872
772.872
772.872
772.872
772.872
772.872
772.872
772.873
772.873
772.873
772.873
772.874
772.874
772.875
772.876
772.876
772.877
772.878
772.879
772.88
772.881
772.882
772.883
772.885
772.886
772.887
772.889
772.89
772.892
772.894
772.896
772.897
772.899
772.901
772.903
772.905
772.907
772.909
772.911
772.913
772.914
772.916
772.918
772.92
772.922
772.924
772.925
772.927
772.929
772.93
772.931
772.933
772.934
772.935
772.935
772.936
772.937
772.938
772.938
772.938
772.938
772.938
772.938
772.938
772.938
772.938
772.938
772.937
772.937
772.937
772.937
772.936
772.936
772.936
772.937
772.937
772.938
772.938
772.939
772.94
772.941
772.943
772.945
772.946
772.948
772.95
772.953
772.955
772.957
772.96
772.962
772.965
772.968
772.97
772.973
772.975
772.978
772.98
772.983
772.985
772.987
772.99
772.992
772.994
772.996
772.998
772.999
773.001
773.003
773.005
773.006
773.008
773.009
773.011
773.012
773.013
773.015
773.017
773.018
773.02
773.022
773.023
773.025
773.027
773.03
773.032
773.034
773.036
773.039
773.041
773.044
773.046
773.049
773.048
773.055
772.877
773.111
773.125
773.123
773.123
773.12
773.117
773.114
773.113
773.117
773.124
773.11
773.09
773.077
773.06
773.019
772.996
773
773.012
773.03
772.942
773.1
773.103
773.102
773.097
773.093
773.087
773.08
773.077
773.079
773.085
773.07
773.044
773.039
773.027
772.987
772.938
772.937
772.949
772.968
772.924
773.06
773.059
773.057
773.054
773.048
773.042
773.037
773.028
773.021
773.013
773.008
773.006
773.003
772.995
772.985
772.977
772.971
772.966
772.959
772.96
772.993
772.994
772.999
772.998
772.991
772.977
772.959
772.944
772.923
772.906
772.886
772.875
772.855
772.834
772.824
772.808
772.798
772.784
772.777
772.768
772.943
772.922
772.917
772.919
772.918
772.913
772.9
772.89
772.873
772.862
772.845
772.832
772.817
772.808
772.795
772.79
772.781
772.781
772.785
772.805
772.79
772.767
772.755
772.725
772.729
772.771
773.123
774.545
775.581
775.587
774.524
772.578
771.815
771.76
772.018
772.413
772.614
772.702
772.739
772.753
772.758
772.76
772.76
772.76
772.759
772.758
772.757
772.756
772.755
772.755
772.755
772.755
772.756
772.756
772.758
772.759
772.762
772.764
772.767
772.77
772.773
772.777
772.78
772.784
772.788
772.792
772.796
772.801
772.805
772.809
772.812
772.816
772.82
772.823
772.826
772.829
772.831
772.834
772.836
772.838
772.84
772.841
772.842
772.843
772.844
772.844
772.845
772.845
772.845
772.845
772.845
772.845
772.845
772.845
772.844
772.844
772.844
772.843
772.843
772.842
772.842
772.842
772.842
772.841
772.841
772.841
772.841
772.841
772.841
772.842
772.842
772.842
772.843
772.843
772.843
772.844
772.844
772.845
772.846
772.846
772.847
772.847
772.848
772.848
772.849
772.849
772.849
772.849
772.85
772.85
772.85
772.85
772.85
772.85
772.849
772.849
772.849
772.849
772.848
772.848
772.848
772.847
772.847
772.846
772.846
772.846
772.846
772.845
772.845
772.845
772.845
772.845
772.845
772.845
772.845
772.846
772.846
772.847
772.847
772.848
772.849
772.85
772.851
772.852
772.853
772.854
772.856
772.857
772.859
772.861
772.862
772.864
772.866
772.868
772.871
772.873
772.875
772.878
772.88
772.882
772.885
772.887
772.89
772.892
772.895
772.897
772.9
772.902
772.904
772.906
772.907
772.909
772.91
772.911
772.911
772.912
772.912
772.912
772.912
772.911
772.91
772.91
772.909
772.908
772.907
772.906
772.905
772.905
772.905
772.905
772.905
772.906
772.907
772.908
772.91
772.913
772.915
772.918
772.922
772.925
772.929
772.933
772.937
772.941
772.945
772.949
772.953
772.957
772.961
772.965
772.969
772.972
772.975
772.978
772.98
772.983
772.985
772.987
772.989
772.991
772.992
772.993
772.994
772.995
772.996
772.997
772.997
772.998
772.998
772.999
772.999
772.999
772.999
773
773
773
773
773
773
773
773
773
773
773
773
773
773
773
773
773
773
773
773
773
773
773
773
773
773
773
773
773
773
773
773
773
773
773
773
773
773
773
773
773
773
773
773
773
773
773
773
773
773
773
773
773
773
773
773
773
773
773
773
773
773
773
773
773
773
773
773
773
773
773
773
773
773
773
773
773
773
773
773
773
773
773
773
773
773
773
773
773
773
773
773
773
773
773
773
773
773
773
773
773
773
773
773
773
773
773
773
773
773
773
773
773
773
773
773
773
773
773
773
773
773
773
773
773
773
773
773
773
773
773
773
773
773
773
773
773
773
773
773
773
773
773
773
773
773
773
773
773
773
773
773
773
773
773
773
773
773
773
773
773
773
773
773
773
773
773
773
773
773
773
773
773
773
773
773
773
773.001
773.001
773.001
773.001
773.001
773.001
773.001
773.001
773.001
773.001
773.002
773.002
773.002
773.002
773.003
773.003
773.004
773.004
773.005
773.006
773.006
773.007
773.008
773.009
773.01
773.012
773.013
773.014
773.016
773.018
773.02
773.022
773.024
773.026
773.028
773.031
773.034
773.037
773.04
773.043
773.046
773.05
773.053
773.057
773.061
773.065
773.069
773.074
773.078
773.083
773.088
773.093
773.098
773.104
773.109
773.115
773.121
773.127
773.133
773.14
773.146
773.153
773.16
773.167
773.174
773.181
773.189
773.197
773.204
773.212
773.221
773.229
773.238
773.246
773.255
773.264
773.273
773.283
773.292
773.302
773.312
773.322
773.332
773.342
773.353
773.364
773.375
773.386
773.397
773.408
773.42
773.431
773.443
773.455
773.467
773.48
773.492
773.505
773.518
773.531
773.544
773.558
773.571
773.585
773.599
773.613
773.627
773.641
773.656
773.671
773.685
773.7
773.716
773.731
773.746
773.762
773.778
773.794
773.81
773.826
773.843
773.86
773.876
773.893
773.91
773.928
773.945
773.963
773.981
773.999
774.017
774.035
774.053
774.072
774.09
774.109
774.128
774.148
774.167
774.186
774.206
774.226
774.246
774.266
774.286
774.306
774.327
774.348
774.368
774.389
774.41
774.432
774.453
774.475
774.496
774.518
774.54
774.562
774.585
774.607
774.629
774.652
774.675
774.698
774.721
774.744
774.768
774.791
774.815
774.838
774.862
774.886
774.91
774.935
774.959
774.984
775.008
775.033
775.058
775.083
775.108
775.132
775.16
775.183
775.212
775.233
775.264
775.284
775.317
775.336
772.779
772.773
772.766
772.751
772.749
772.752
772.787
773.006
773.289
773.348
773.266
773.034
772.888
772.818
772.784
772.768
772.761
772.758
772.758
772.759
772.76
772.76
772.76
772.759
772.758
772.757
772.757
772.756
772.755
772.755
772.755
772.755
772.755
772.756
772.757
772.759
772.761
772.764
772.766
772.769
772.773
772.776
772.78
772.784
772.788
772.792
772.796
772.8
772.804
772.808
772.812
772.816
772.819
772.823
772.826
772.829
772.831
772.834
772.836
772.838
772.839
772.841
772.842
772.843
772.844
772.844
772.845
772.845
772.845
772.845
772.845
772.845
772.845
772.844
772.844
772.844
772.843
772.843
772.843
772.842
772.842
772.842
772.841
772.841
772.841
772.841
772.841
772.841
772.841
772.841
772.842
772.842
772.842
772.843
772.843
772.844
772.844
772.845
772.845
772.846
772.846
772.847
772.847
772.848
772.848
772.849
772.849
772.849
772.849
772.849
772.85
772.85
772.849
772.849
772.849
772.849
772.849
772.848
772.848
772.848
772.847
772.847
772.847
772.846
772.846
772.845
772.845
772.845
772.845
772.845
772.845
772.844
772.845
772.845
772.845
772.845
772.846
772.846
772.847
772.847
772.848
772.849
772.85
772.851
772.853
772.854
772.855
772.857
772.858
772.86
772.862
772.864
772.866
772.868
772.87
772.872
772.875
772.877
772.88
772.882
772.885
772.887
772.89
772.892
772.895
772.897
772.899
772.901
772.903
772.905
772.907
772.908
772.91
772.91
772.911
772.912
772.912
772.912
772.911
772.911
772.91
772.909
772.908
772.907
772.907
772.906
772.905
772.905
772.904
772.904
772.905
772.905
772.907
772.908
772.91
772.912
772.915
772.918
772.921
772.925
772.929
772.932
772.937
772.941
772.945
772.949
772.953
772.957
772.961
772.965
772.968
772.971
772.975
772.977
772.98
772.983
772.985
772.987
772.989
772.99
772.992
772.993
772.994
772.995
772.996
772.996
772.997
772.998
772.998
772.998
772.999
772.999
772.999
772.999
772.999
773
773
773
773
773
773
773
773
773
773
773
773
773
773
773
773
773
773
773
773
773
773
773
773
773
773
773
773
773
773
773
773
773
773
773
773
773
773
773
773
773
773
773
773
773
773
773
773
773
773
773
773
773
773
773
773
773
773
773
773
773
773
773
773
773
773
773
773
773
773
773
773
773
773
773
773
773
773
773
773
773
773
773
773
773
773
773
773
773
773
773
773
773
773
773
773
773
773
773
773
773
773
773
773
773
773
773
773
773
773
773
773
773
773
773
773
773
773
773
773
773
773
773
773
773
773
773
773
773
773
773
773
773
773
773
773
773
773
773
773
773
773
773
773
773
773
773
773
773
773
773
773
773
773
773
773
773
773
773
773
773
773
773
773
773
773
773
773
773
773
773
773
773
773
773
773
773
773
773
773
773
773.001
773.001
773.001
773.001
773.001
773.001
773.002
773.002
773.002
773.003
773.003
773.004
773.004
773.005
773.006
773.007
773.008
773.009
773.01
773.011
773.013
773.014
773.016
773.017
773.019
773.021
773.023
773.026
773.028
773.031
773.033
773.036
773.039
773.042
773.046
773.049
773.053
773.057
773.061
773.065
773.069
773.073
773.078
773.083
773.088
773.093
773.098
773.103
773.109
773.115
773.121
773.127
773.133
773.139
773.146
773.153
773.159
773.166
773.174
773.181
773.189
773.196
773.204
773.212
773.22
773.229
773.237
773.246
773.255
773.264
773.273
773.282
773.292
773.302
773.311
773.322
773.332
773.342
773.353
773.363
773.374
773.385
773.396
773.408
773.419
773.431
773.443
773.455
773.467
773.48
773.492
773.505
773.518
773.531
773.544
773.557
773.571
773.584
773.598
773.612
773.627
773.641
773.655
773.67
773.685
773.7
773.715
773.731
773.746
773.762
773.778
773.794
773.81
773.826
773.843
773.859
773.876
773.893
773.91
773.927
773.945
773.963
773.98
773.998
774.016
774.035
774.053
774.071
774.09
774.109
774.128
774.147
774.167
774.186
774.206
774.225
774.245
774.265
774.286
774.306
774.327
774.347
774.368
774.389
774.41
774.431
774.453
774.474
774.496
774.518
774.54
774.562
774.584
774.607
774.629
774.652
774.675
774.698
774.721
774.744
774.767
774.791
774.814
774.838
774.862
774.886
774.91
774.934
774.959
774.983
775.008
775.033
775.058
775.082
775.108
775.132
775.159
775.182
775.211
775.233
775.264
775.284
775.317
775.336
772.961
772.976
773.003
773.004
772.991
772.917
772.814
772.761
772.743
772.74
772.739
772.74
772.742
772.746
772.752
772.757
772.76
772.762
772.763
772.763
772.762
772.762
772.761
772.76
772.759
772.758
772.757
772.756
772.755
772.755
772.755
772.755
772.755
772.756
772.757
772.759
772.761
772.764
772.766
772.769
772.773
772.776
772.78
772.784
772.788
772.792
772.796
772.8
772.804
772.808
772.812
772.816
772.819
772.823
772.826
772.829
772.831
772.834
772.836
772.838
772.839
772.841
772.842
772.843
772.844
772.844
772.845
772.845
772.845
772.845
772.845
772.845
772.845
772.844
772.844
772.844
772.843
772.843
772.843
772.842
772.842
772.842
772.841
772.841
772.841
772.841
772.841
772.841
772.841
772.841
772.842
772.842
772.842
772.843
772.843
772.844
772.844
772.845
772.845
772.846
772.846
772.847
772.847
772.848
772.848
772.849
772.849
772.849
772.849
772.849
772.85
772.85
772.849
772.849
772.849
772.849
772.849
772.848
772.848
772.848
772.847
772.847
772.847
772.846
772.846
772.845
772.845
772.845
772.845
772.845
772.845
772.844
772.845
772.845
772.845
772.845
772.846
772.846
772.847
772.847
772.848
772.849
772.85
772.851
772.853
772.854
772.855
772.857
772.858
772.86
772.862
772.864
772.866
772.868
772.87
772.872
772.875
772.877
772.88
772.882
772.885
772.887
772.89
772.892
772.895
772.897
772.899
772.901
772.903
772.905
772.907
772.908
772.91
772.91
772.911
772.912
772.912
772.912
772.911
772.911
772.91
772.909
772.908
772.907
772.907
772.906
772.905
772.905
772.904
772.904
772.905
772.905
772.907
772.908
772.91
772.912
772.915
772.918
772.921
772.925
772.929
772.932
772.937
772.941
772.945
772.949
772.953
772.957
772.961
772.965
772.968
772.971
772.975
772.977
772.98
772.983
772.985
772.987
772.989
772.99
772.992
772.993
772.994
772.995
772.996
772.996
772.997
772.998
772.998
772.998
772.999
772.999
772.999
772.999
772.999
773
773
773
773
773
773
773
773
773
773
773
773
773
773
773
773
773
773
773
773
773
773
773
773
773
773
773
773
773
773
773
773
773
773
773
773
773
773
773
773
773
773
773
773
773
773
773
773
773
773
773
773
773
773
773
773
773
773
773
773
773
773
773
773
773
773
773
773
773
773
773
773
773
773
773
773
773
773
773
773
773
773
773
773
773
773
773
773
773
773
773
773
773
773
773
773
773
773
773
773
773
773
773
773
773
773
773
773
773
773
773
773
773
773
773
773
773
773
773
773
773
773
773
773
773
773
773
773
773
773
773
773
773
773
773
773
773
773
773
773
773
773
773
773
773
773
773
773
773
773
773
773
773
773
773
773
773
773
773
773
773
773
773
773
773
773
773
773
773
773
773
773
773
773
773
773
773
773
773
773
773
773.001
773.001
773.001
773.001
773.001
773.001
773.002
773.002
773.002
773.003
773.003
773.004
773.004
773.005
773.006
773.007
773.008
773.009
773.01
773.011
773.013
773.014
773.016
773.017
773.019
773.021
773.023
773.026
773.028
773.031
773.033
773.036
773.039
773.042
773.046
773.049
773.053
773.057
773.061
773.065
773.069
773.073
773.078
773.083
773.088
773.093
773.098
773.103
773.109
773.115
773.121
773.127
773.133
773.139
773.146
773.153
773.159
773.166
773.174
773.181
773.189
773.196
773.204
773.212
773.22
773.229
773.237
773.246
773.255
773.264
773.273
773.282
773.292
773.302
773.311
773.322
773.332
773.342
773.353
773.363
773.374
773.385
773.396
773.408
773.419
773.431
773.443
773.455
773.467
773.48
773.492
773.505
773.518
773.531
773.544
773.557
773.571
773.584
773.598
773.612
773.627
773.641
773.655
773.67
773.685
773.7
773.715
773.731
773.746
773.762
773.778
773.794
773.81
773.826
773.843
773.859
773.876
773.893
773.91
773.927
773.945
773.963
773.98
773.998
774.016
774.035
774.053
774.071
774.09
774.109
774.128
774.147
774.167
774.186
774.206
774.225
774.245
774.265
774.286
774.306
774.327
774.347
774.368
774.389
774.41
774.431
774.453
774.474
774.496
774.518
774.54
774.562
774.584
774.607
774.629
774.652
774.675
774.698
774.721
774.744
774.767
774.791
774.814
774.838
774.862
774.886
774.91
774.934
774.959
774.983
775.008
775.033
775.058
775.082
775.108
775.132
775.159
775.182
775.211
775.233
775.264
775.284
775.317
775.336
772.739
772.751
772.749
772.749
772.759
772.797
772.812
772.821
772.845
772.902
772.927
772.917
772.848
772.775
772.745
772.74
772.743
772.752
772.757
772.76
772.761
772.761
772.76
772.76
772.759
772.758
772.757
772.756
772.755
772.755
772.755
772.755
772.755
772.756
772.757
772.759
772.761
772.764
772.766
772.769
772.773
772.776
772.78
772.784
772.788
772.792
772.796
772.8
772.804
772.808
772.812
772.816
772.819
772.823
772.826
772.829
772.831
772.834
772.836
772.838
772.839
772.841
772.842
772.843
772.844
772.844
772.845
772.845
772.845
772.845
772.845
772.845
772.845
772.844
772.844
772.844
772.843
772.843
772.843
772.842
772.842
772.842
772.841
772.841
772.841
772.841
772.841
772.841
772.841
772.841
772.842
772.842
772.842
772.843
772.843
772.844
772.844
772.845
772.845
772.846
772.846
772.847
772.847
772.848
772.848
772.849
772.849
772.849
772.849
772.849
772.85
772.85
772.849
772.849
772.849
772.849
772.849
772.848
772.848
772.848
772.847
772.847
772.847
772.846
772.846
772.845
772.845
772.845
772.845
772.845
772.845
772.844
772.845
772.845
772.845
772.845
772.846
772.846
772.847
772.847
772.848
772.849
772.85
772.851
772.853
772.854
772.855
772.857
772.858
772.86
772.862
772.864
772.866
772.868
772.87
772.872
772.875
772.877
772.88
772.882
772.885
772.887
772.89
772.892
772.895
772.897
772.899
772.901
772.903
772.905
772.907
772.908
772.91
772.91
772.911
772.912
772.912
772.912
772.911
772.911
772.91
772.909
772.908
772.907
772.907
772.906
772.905
772.905
772.904
772.904
772.905
772.905
772.907
772.908
772.91
772.912
772.915
772.918
772.921
772.925
772.929
772.932
772.937
772.941
772.945
772.949
772.953
772.957
772.961
772.965
772.968
772.971
772.975
772.977
772.98
772.983
772.985
772.987
772.989
772.99
772.992
772.993
772.994
772.995
772.996
772.996
772.997
772.998
772.998
772.998
772.999
772.999
772.999
772.999
772.999
773
773
773
773
773
773
773
773
773
773
773
773
773
773
773
773
773
773
773
773
773
773
773
773
773
773
773
773
773
773
773
773
773
773
773
773
773
773
773
773
773
773
773
773
773
773
773
773
773
773
773
773
773
773
773
773
773
773
773
773
773
773
773
773
773
773
773
773
773
773
773
773
773
773
773
773
773
773
773
773
773
773
773
773
773
773
773
773
773
773
773
773
773
773
773
773
773
773
773
773
773
773
773
773
773
773
773
773
773
773
773
773
773
773
773
773
773
773
773
773
773
773
773
773
773
773
773
773
773
773
773
773
773
773
773
773
773
773
773
773
773
773
773
773
773
773
773
773
773
773
773
773
773
773
773
773
773
773
773
773
773
773
773
773
773
773
773
773
773
773
773
773
773
773
773
773
773
773
773
773
773
773.001
773.001
773.001
773.001
773.001
773.001
773.002
773.002
773.002
773.003
773.003
773.004
773.004
773.005
773.006
773.007
773.008
773.009
773.01
773.011
773.013
773.014
773.016
773.017
773.019
773.021
773.023
773.026
773.028
773.031
773.033
773.036
773.039
773.042
773.046
773.049
773.053
773.057
773.061
773.065
773.069
773.073
773.078
773.083
773.088
773.093
773.098
773.103
773.109
773.115
773.121
773.127
773.133
773.139
773.146
773.153
773.159
773.166
773.174
773.181
773.189
773.196
773.204
773.212
773.22
773.229
773.237
773.246
773.255
773.264
773.273
773.282
773.292
773.302
773.311
773.322
773.332
773.342
773.353
773.363
773.374
773.385
773.396
773.408
773.419
773.431
773.443
773.455
773.467
773.48
773.492
773.505
773.518
773.531
773.544
773.557
773.571
773.584
773.598
773.612
773.627
773.641
773.655
773.67
773.685
773.7
773.715
773.731
773.746
773.762
773.778
773.794
773.81
773.826
773.843
773.859
773.876
773.893
773.91
773.927
773.945
773.963
773.98
773.998
774.016
774.035
774.053
774.071
774.09
774.109
774.128
774.147
774.167
774.186
774.206
774.225
774.245
774.265
774.286
774.306
774.327
774.347
774.368
774.389
774.41
774.431
774.453
774.474
774.496
774.518
774.54
774.562
774.584
774.607
774.629
774.652
774.675
774.698
774.721
774.744
774.767
774.791
774.814
774.838
774.862
774.886
774.91
774.934
774.959
774.983
775.008
775.033
775.058
775.082
775.108
775.132
775.159
775.182
775.211
775.233
775.264
775.284
775.317
775.336
772.859
772.865
772.867
772.878
772.91
772.92
772.881
772.782
772.785
773.02
773.679
773.998
774.01
773.796
773.329
773.033
772.88
772.81
772.781
772.77
772.765
772.762
772.761
772.76
772.759
772.758
772.757
772.756
772.755
772.755
772.755
772.755
772.756
772.756
772.758
772.759
772.762
772.764
772.767
772.77
772.773
772.777
772.78
772.784
772.788
772.792
772.796
772.801
772.805
772.809
772.812
772.816
772.82
772.823
772.826
772.829
772.831
772.834
772.836
772.838
772.84
772.841
772.842
772.843
772.844
772.844
772.845
772.845
772.845
772.845
772.845
772.845
772.845
772.845
772.844
772.844
772.844
772.843
772.843
772.842
772.842
772.842
772.842
772.841
772.841
772.841
772.841
772.841
772.841
772.842
772.842
772.842
772.843
772.843
772.843
772.844
772.844
772.845
772.846
772.846
772.847
772.847
772.848
772.848
772.849
772.849
772.849
772.849
772.85
772.85
772.85
772.85
772.85
772.85
772.849
772.849
772.849
772.849
772.848
772.848
772.848
772.847
772.847
772.846
772.846
772.846
772.846
772.845
772.845
772.845
772.845
772.845
772.845
772.845
772.845
772.846
772.846
772.847
772.847
772.848
772.849
772.85
772.851
772.852
772.853
772.854
772.856
772.857
772.859
772.861
772.862
772.864
772.866
772.868
772.871
772.873
772.875
772.878
772.88
772.882
772.885
772.887
772.89
772.892
772.895
772.897
772.9
772.902
772.904
772.906
772.907
772.909
772.91
772.911
772.911
772.912
772.912
772.912
772.912
772.911
772.91
772.91
772.909
772.908
772.907
772.906
772.905
772.905
772.905
772.905
772.905
772.906
772.907
772.908
772.91
772.913
772.915
772.918
772.922
772.925
772.929
772.933
772.937
772.941
772.945
772.949
772.953
772.957
772.961
772.965
772.969
772.972
772.975
772.978
772.98
772.983
772.985
772.987
772.989
772.991
772.992
772.993
772.994
772.995
772.996
772.997
772.997
772.998
772.998
772.999
772.999
772.999
772.999
773
773
773
773
773
773
773
773
773
773
773
773
773
773
773
773
773
773
773
773
773
773
773
773
773
773
773
773
773
773
773
773
773
773
773
773
773
773
773
773
773
773
773
773
773
773
773
773
773
773
773
773
773
773
773
773
773
773
773
773
773
773
773
773
773
773
773
773
773
773
773
773
773
773
773
773
773
773
773
773
773
773
773
773
773
773
773
773
773
773
773
773
773
773
773
773
773
773
773
773
773
773
773
773
773
773
773
773
773
773
773
773
773
773
773
773
773
773
773
773
773
773
773
773
773
773
773
773
773
773
773
773
773
773
773
773
773
773
773
773
773
773
773
773
773
773
773
773
773
773
773
773
773
773
773
773
773
773
773
773
773
773
773
773
773
773
773
773
773
773
773
773
773
773
773
773
773
773.001
773.001
773.001
773.001
773.001
773.001
773.001
773.001
773.001
773.001
773.002
773.002
773.002
773.002
773.003
773.003
773.004
773.004
773.005
773.006
773.006
773.007
773.008
773.009
773.01
773.012
773.013
773.014
773.016
773.018
773.02
773.022
773.024
773.026
773.028
773.031
773.034
773.037
773.04
773.043
773.046
773.05
773.053
773.057
773.061
773.065
773.069
773.074
773.078
773.083
773.088
773.093
773.098
773.104
773.109
773.115
773.121
773.127
773.133
773.14
773.146
773.153
773.16
773.167
773.174
773.181
773.189
773.197
773.204
773.212
773.221
773.229
773.238
773.246
773.255
773.264
773.273
773.283
773.292
773.302
773.312
773.322
773.332
773.342
773.353
773.364
773.375
773.386
773.397
773.408
773.42
773.431
773.443
773.455
773.467
773.48
773.492
773.505
773.518
773.531
773.544
773.558
773.571
773.585
773.599
773.613
773.627
773.641
773.656
773.671
773.685
773.7
773.716
773.731
773.746
773.762
773.778
773.794
773.81
773.826
773.843
773.86
773.876
773.893
773.91
773.928
773.945
773.963
773.981
773.999
774.017
774.035
774.053
774.072
774.09
774.109
774.128
774.148
774.167
774.186
774.206
774.226
774.246
774.266
774.286
774.306
774.327
774.348
774.368
774.389
774.41
774.432
774.453
774.475
774.496
774.518
774.54
774.562
774.585
774.607
774.629
774.652
774.675
774.698
774.721
774.744
774.768
774.791
774.815
774.838
774.862
774.886
774.91
774.935
774.959
774.984
775.008
775.033
775.058
775.083
775.108
775.132
775.16
775.183
775.212
775.233
775.264
775.284
775.317
775.336
)
;

boundaryField
{
    inlet
    {
        type            zeroGradient;
    }
    outlet
    {
        type            zeroGradient;
    }
    sides
    {
        type            empty;
    }
    walls
    {
        type            zeroGradient;
    }
}


// ************************************************************************* //
