/*--------------------------------*- C++ -*----------------------------------*\
| =========                 |                                                 |
| \\      /  F ield         | OpenFOAM: The Open Source CFD Toolbox           |
|  \\    /   O peration     | Version:  3.0.x                                 |
|   \\  /    A nd           | Web:      www.OpenFOAM.org                      |
|    \\/     M anipulation  |                                                 |
\*---------------------------------------------------------------------------*/
FoamFile
{
    version     2.0;
    format      ascii;
    class       volScalarField;
    location    "0.24";
    object      p;
}
// * * * * * * * * * * * * * * * * * * * * * * * * * * * * * * * * * * * * * //

dimensions      [1 -1 -2 0 0 0 0];

internalField   nonuniform List<scalar> 
6900
(
1.81621e+07
1.81621e+07
1.81622e+07
1.81622e+07
1.81622e+07
1.81623e+07
1.81623e+07
1.81623e+07
1.81623e+07
1.81623e+07
1.81623e+07
1.81624e+07
1.81624e+07
1.81624e+07
1.81624e+07
1.81624e+07
1.81624e+07
1.81624e+07
1.81625e+07
1.81625e+07
1.81625e+07
1.81626e+07
1.81626e+07
1.81627e+07
1.81628e+07
1.81628e+07
1.81629e+07
1.8163e+07
1.81631e+07
1.81632e+07
1.81633e+07
1.81635e+07
1.81636e+07
1.81637e+07
1.81639e+07
1.8164e+07
1.81642e+07
1.81643e+07
1.81645e+07
1.81646e+07
1.81648e+07
1.81649e+07
1.81651e+07
1.81653e+07
1.81654e+07
1.81656e+07
1.81657e+07
1.81659e+07
1.8166e+07
1.81661e+07
1.81663e+07
1.81664e+07
1.81665e+07
1.81667e+07
1.81668e+07
1.81669e+07
1.8167e+07
1.81671e+07
1.81672e+07
1.81673e+07
1.81674e+07
1.81675e+07
1.81676e+07
1.81677e+07
1.81678e+07
1.81679e+07
1.8168e+07
1.81681e+07
1.81682e+07
1.81683e+07
1.81683e+07
1.81684e+07
1.81685e+07
1.81686e+07
1.81686e+07
1.81687e+07
1.81687e+07
1.81687e+07
1.81688e+07
1.81688e+07
1.81688e+07
1.81688e+07
1.81688e+07
1.81688e+07
1.81688e+07
1.81688e+07
1.81688e+07
1.81687e+07
1.81687e+07
1.81687e+07
1.81687e+07
1.81686e+07
1.81686e+07
1.81686e+07
1.81685e+07
1.81685e+07
1.81685e+07
1.81684e+07
1.81684e+07
1.81684e+07
1.81684e+07
1.81683e+07
1.81683e+07
1.81683e+07
1.81683e+07
1.81683e+07
1.81683e+07
1.81682e+07
1.81682e+07
1.81682e+07
1.81682e+07
1.81681e+07
1.81681e+07
1.8168e+07
1.81679e+07
1.81678e+07
1.81677e+07
1.81676e+07
1.81675e+07
1.81674e+07
1.81672e+07
1.81671e+07
1.81669e+07
1.81668e+07
1.81666e+07
1.81664e+07
1.81662e+07
1.8166e+07
1.81658e+07
1.81656e+07
1.81653e+07
1.81651e+07
1.81649e+07
1.81647e+07
1.81645e+07
1.81643e+07
1.81641e+07
1.81639e+07
1.81637e+07
1.81635e+07
1.81633e+07
1.81632e+07
1.8163e+07
1.81628e+07
1.81627e+07
1.81625e+07
1.81624e+07
1.81622e+07
1.8162e+07
1.81619e+07
1.81617e+07
1.81615e+07
1.81613e+07
1.81611e+07
1.81609e+07
1.81607e+07
1.81605e+07
1.81602e+07
1.816e+07
1.81597e+07
1.81595e+07
1.81592e+07
1.81589e+07
1.81586e+07
1.81584e+07
1.81581e+07
1.81578e+07
1.81575e+07
1.81572e+07
1.81569e+07
1.81566e+07
1.81563e+07
1.8156e+07
1.81557e+07
1.81554e+07
1.81551e+07
1.81549e+07
1.81546e+07
1.81544e+07
1.81541e+07
1.81539e+07
1.81537e+07
1.81534e+07
1.81532e+07
1.8153e+07
1.81528e+07
1.81525e+07
1.81522e+07
1.8152e+07
1.81517e+07
1.81514e+07
1.8151e+07
1.81507e+07
1.81504e+07
1.815e+07
1.81497e+07
1.81493e+07
1.8149e+07
1.81488e+07
1.81491e+07
1.81621e+07
1.81621e+07
1.81622e+07
1.81622e+07
1.81622e+07
1.81623e+07
1.81623e+07
1.81623e+07
1.81623e+07
1.81623e+07
1.81623e+07
1.81624e+07
1.81624e+07
1.81624e+07
1.81624e+07
1.81624e+07
1.81624e+07
1.81624e+07
1.81625e+07
1.81625e+07
1.81625e+07
1.81626e+07
1.81626e+07
1.81627e+07
1.81628e+07
1.81628e+07
1.81629e+07
1.8163e+07
1.81631e+07
1.81632e+07
1.81633e+07
1.81635e+07
1.81636e+07
1.81637e+07
1.81639e+07
1.8164e+07
1.81642e+07
1.81643e+07
1.81645e+07
1.81646e+07
1.81648e+07
1.81649e+07
1.81651e+07
1.81653e+07
1.81654e+07
1.81656e+07
1.81657e+07
1.81659e+07
1.8166e+07
1.81661e+07
1.81663e+07
1.81664e+07
1.81665e+07
1.81667e+07
1.81668e+07
1.81669e+07
1.8167e+07
1.81671e+07
1.81672e+07
1.81673e+07
1.81674e+07
1.81675e+07
1.81676e+07
1.81677e+07
1.81678e+07
1.81679e+07
1.8168e+07
1.81681e+07
1.81682e+07
1.81683e+07
1.81683e+07
1.81684e+07
1.81685e+07
1.81686e+07
1.81686e+07
1.81687e+07
1.81687e+07
1.81687e+07
1.81688e+07
1.81688e+07
1.81688e+07
1.81688e+07
1.81688e+07
1.81688e+07
1.81688e+07
1.81688e+07
1.81688e+07
1.81687e+07
1.81687e+07
1.81687e+07
1.81687e+07
1.81686e+07
1.81686e+07
1.81686e+07
1.81685e+07
1.81685e+07
1.81685e+07
1.81684e+07
1.81684e+07
1.81684e+07
1.81684e+07
1.81683e+07
1.81683e+07
1.81683e+07
1.81683e+07
1.81683e+07
1.81683e+07
1.81682e+07
1.81682e+07
1.81682e+07
1.81682e+07
1.81681e+07
1.81681e+07
1.8168e+07
1.81679e+07
1.81678e+07
1.81677e+07
1.81676e+07
1.81675e+07
1.81674e+07
1.81672e+07
1.81671e+07
1.81669e+07
1.81668e+07
1.81666e+07
1.81664e+07
1.81662e+07
1.8166e+07
1.81658e+07
1.81656e+07
1.81653e+07
1.81651e+07
1.81649e+07
1.81647e+07
1.81645e+07
1.81643e+07
1.81641e+07
1.81639e+07
1.81637e+07
1.81635e+07
1.81633e+07
1.81632e+07
1.8163e+07
1.81628e+07
1.81627e+07
1.81625e+07
1.81624e+07
1.81622e+07
1.8162e+07
1.81619e+07
1.81617e+07
1.81615e+07
1.81613e+07
1.81611e+07
1.81609e+07
1.81607e+07
1.81605e+07
1.81602e+07
1.816e+07
1.81597e+07
1.81595e+07
1.81592e+07
1.81589e+07
1.81586e+07
1.81584e+07
1.81581e+07
1.81578e+07
1.81575e+07
1.81572e+07
1.81569e+07
1.81566e+07
1.81563e+07
1.8156e+07
1.81557e+07
1.81554e+07
1.81551e+07
1.81549e+07
1.81546e+07
1.81544e+07
1.81541e+07
1.81539e+07
1.81537e+07
1.81534e+07
1.81532e+07
1.8153e+07
1.81528e+07
1.81525e+07
1.81522e+07
1.8152e+07
1.81517e+07
1.81514e+07
1.8151e+07
1.81507e+07
1.81504e+07
1.815e+07
1.81497e+07
1.81493e+07
1.8149e+07
1.81488e+07
1.81491e+07
1.81621e+07
1.81621e+07
1.81622e+07
1.81622e+07
1.81622e+07
1.81623e+07
1.81623e+07
1.81623e+07
1.81623e+07
1.81623e+07
1.81623e+07
1.81624e+07
1.81624e+07
1.81624e+07
1.81624e+07
1.81624e+07
1.81624e+07
1.81624e+07
1.81625e+07
1.81625e+07
1.81625e+07
1.81626e+07
1.81626e+07
1.81627e+07
1.81628e+07
1.81628e+07
1.81629e+07
1.8163e+07
1.81631e+07
1.81632e+07
1.81633e+07
1.81635e+07
1.81636e+07
1.81637e+07
1.81639e+07
1.8164e+07
1.81642e+07
1.81643e+07
1.81645e+07
1.81646e+07
1.81648e+07
1.81649e+07
1.81651e+07
1.81653e+07
1.81654e+07
1.81656e+07
1.81657e+07
1.81659e+07
1.8166e+07
1.81661e+07
1.81663e+07
1.81664e+07
1.81665e+07
1.81667e+07
1.81668e+07
1.81669e+07
1.8167e+07
1.81671e+07
1.81672e+07
1.81673e+07
1.81674e+07
1.81675e+07
1.81676e+07
1.81677e+07
1.81678e+07
1.81679e+07
1.8168e+07
1.81681e+07
1.81682e+07
1.81683e+07
1.81683e+07
1.81684e+07
1.81685e+07
1.81686e+07
1.81686e+07
1.81687e+07
1.81687e+07
1.81687e+07
1.81688e+07
1.81688e+07
1.81688e+07
1.81688e+07
1.81688e+07
1.81688e+07
1.81688e+07
1.81688e+07
1.81688e+07
1.81687e+07
1.81687e+07
1.81687e+07
1.81687e+07
1.81686e+07
1.81686e+07
1.81686e+07
1.81685e+07
1.81685e+07
1.81685e+07
1.81684e+07
1.81684e+07
1.81684e+07
1.81684e+07
1.81683e+07
1.81683e+07
1.81683e+07
1.81683e+07
1.81683e+07
1.81683e+07
1.81682e+07
1.81682e+07
1.81682e+07
1.81682e+07
1.81681e+07
1.81681e+07
1.8168e+07
1.81679e+07
1.81678e+07
1.81677e+07
1.81676e+07
1.81675e+07
1.81674e+07
1.81672e+07
1.81671e+07
1.81669e+07
1.81668e+07
1.81666e+07
1.81664e+07
1.81662e+07
1.8166e+07
1.81658e+07
1.81656e+07
1.81653e+07
1.81651e+07
1.81649e+07
1.81647e+07
1.81645e+07
1.81643e+07
1.81641e+07
1.81639e+07
1.81637e+07
1.81635e+07
1.81633e+07
1.81632e+07
1.8163e+07
1.81628e+07
1.81627e+07
1.81625e+07
1.81624e+07
1.81622e+07
1.8162e+07
1.81619e+07
1.81617e+07
1.81615e+07
1.81613e+07
1.81611e+07
1.81609e+07
1.81607e+07
1.81605e+07
1.81602e+07
1.816e+07
1.81597e+07
1.81595e+07
1.81592e+07
1.81589e+07
1.81586e+07
1.81584e+07
1.81581e+07
1.81578e+07
1.81575e+07
1.81572e+07
1.81569e+07
1.81566e+07
1.81563e+07
1.8156e+07
1.81557e+07
1.81554e+07
1.81551e+07
1.81549e+07
1.81546e+07
1.81544e+07
1.81541e+07
1.81539e+07
1.81537e+07
1.81534e+07
1.81532e+07
1.8153e+07
1.81528e+07
1.81525e+07
1.81522e+07
1.8152e+07
1.81517e+07
1.81514e+07
1.8151e+07
1.81507e+07
1.81504e+07
1.815e+07
1.81497e+07
1.81493e+07
1.8149e+07
1.81487e+07
1.81484e+07
1.81621e+07
1.81621e+07
1.81622e+07
1.81622e+07
1.81622e+07
1.81623e+07
1.81623e+07
1.81623e+07
1.81623e+07
1.81623e+07
1.81623e+07
1.81624e+07
1.81624e+07
1.81624e+07
1.81624e+07
1.81624e+07
1.81624e+07
1.81624e+07
1.81625e+07
1.81625e+07
1.81625e+07
1.81626e+07
1.81626e+07
1.81627e+07
1.81628e+07
1.81628e+07
1.81629e+07
1.8163e+07
1.81631e+07
1.81632e+07
1.81633e+07
1.81635e+07
1.81636e+07
1.81637e+07
1.81639e+07
1.8164e+07
1.81642e+07
1.81643e+07
1.81645e+07
1.81646e+07
1.81648e+07
1.81649e+07
1.81651e+07
1.81653e+07
1.81654e+07
1.81656e+07
1.81657e+07
1.81659e+07
1.8166e+07
1.81661e+07
1.81663e+07
1.81664e+07
1.81665e+07
1.81667e+07
1.81668e+07
1.81669e+07
1.8167e+07
1.81671e+07
1.81672e+07
1.81673e+07
1.81674e+07
1.81675e+07
1.81676e+07
1.81677e+07
1.81678e+07
1.81679e+07
1.8168e+07
1.81681e+07
1.81682e+07
1.81683e+07
1.81683e+07
1.81684e+07
1.81685e+07
1.81686e+07
1.81686e+07
1.81687e+07
1.81687e+07
1.81687e+07
1.81688e+07
1.81688e+07
1.81688e+07
1.81688e+07
1.81688e+07
1.81688e+07
1.81688e+07
1.81688e+07
1.81688e+07
1.81687e+07
1.81687e+07
1.81687e+07
1.81687e+07
1.81686e+07
1.81686e+07
1.81686e+07
1.81685e+07
1.81685e+07
1.81685e+07
1.81684e+07
1.81684e+07
1.81684e+07
1.81684e+07
1.81683e+07
1.81683e+07
1.81683e+07
1.81683e+07
1.81683e+07
1.81683e+07
1.81682e+07
1.81682e+07
1.81682e+07
1.81682e+07
1.81681e+07
1.81681e+07
1.8168e+07
1.81679e+07
1.81678e+07
1.81677e+07
1.81676e+07
1.81675e+07
1.81674e+07
1.81672e+07
1.81671e+07
1.81669e+07
1.81668e+07
1.81666e+07
1.81664e+07
1.81662e+07
1.8166e+07
1.81658e+07
1.81656e+07
1.81653e+07
1.81651e+07
1.81649e+07
1.81647e+07
1.81645e+07
1.81643e+07
1.81641e+07
1.81639e+07
1.81637e+07
1.81635e+07
1.81633e+07
1.81632e+07
1.8163e+07
1.81628e+07
1.81627e+07
1.81625e+07
1.81624e+07
1.81622e+07
1.8162e+07
1.81619e+07
1.81617e+07
1.81615e+07
1.81613e+07
1.81611e+07
1.81609e+07
1.81607e+07
1.81605e+07
1.81602e+07
1.816e+07
1.81597e+07
1.81595e+07
1.81592e+07
1.81589e+07
1.81586e+07
1.81584e+07
1.81581e+07
1.81578e+07
1.81575e+07
1.81572e+07
1.81569e+07
1.81566e+07
1.81563e+07
1.8156e+07
1.81557e+07
1.81554e+07
1.81551e+07
1.81549e+07
1.81546e+07
1.81544e+07
1.81541e+07
1.81539e+07
1.81537e+07
1.81534e+07
1.81532e+07
1.8153e+07
1.81528e+07
1.81525e+07
1.81522e+07
1.8152e+07
1.81517e+07
1.81514e+07
1.8151e+07
1.81507e+07
1.81504e+07
1.815e+07
1.81497e+07
1.81493e+07
1.8149e+07
1.81484e+07
1.81474e+07
1.81621e+07
1.81621e+07
1.81622e+07
1.81622e+07
1.81622e+07
1.81623e+07
1.81623e+07
1.81623e+07
1.81623e+07
1.81623e+07
1.81623e+07
1.81624e+07
1.81624e+07
1.81624e+07
1.81624e+07
1.81624e+07
1.81624e+07
1.81624e+07
1.81625e+07
1.81625e+07
1.81625e+07
1.81626e+07
1.81626e+07
1.81627e+07
1.81628e+07
1.81628e+07
1.81629e+07
1.8163e+07
1.81631e+07
1.81632e+07
1.81633e+07
1.81635e+07
1.81636e+07
1.81637e+07
1.81639e+07
1.8164e+07
1.81642e+07
1.81643e+07
1.81645e+07
1.81646e+07
1.81648e+07
1.81649e+07
1.81651e+07
1.81653e+07
1.81654e+07
1.81656e+07
1.81657e+07
1.81659e+07
1.8166e+07
1.81661e+07
1.81663e+07
1.81664e+07
1.81665e+07
1.81667e+07
1.81668e+07
1.81669e+07
1.8167e+07
1.81671e+07
1.81672e+07
1.81673e+07
1.81674e+07
1.81675e+07
1.81676e+07
1.81677e+07
1.81678e+07
1.81679e+07
1.8168e+07
1.81681e+07
1.81682e+07
1.81683e+07
1.81683e+07
1.81684e+07
1.81685e+07
1.81686e+07
1.81686e+07
1.81687e+07
1.81687e+07
1.81687e+07
1.81688e+07
1.81688e+07
1.81688e+07
1.81688e+07
1.81688e+07
1.81688e+07
1.81688e+07
1.81688e+07
1.81688e+07
1.81687e+07
1.81687e+07
1.81687e+07
1.81687e+07
1.81686e+07
1.81686e+07
1.81686e+07
1.81685e+07
1.81685e+07
1.81685e+07
1.81684e+07
1.81684e+07
1.81684e+07
1.81684e+07
1.81683e+07
1.81683e+07
1.81683e+07
1.81683e+07
1.81683e+07
1.81683e+07
1.81682e+07
1.81682e+07
1.81682e+07
1.81682e+07
1.81681e+07
1.81681e+07
1.8168e+07
1.81679e+07
1.81678e+07
1.81677e+07
1.81676e+07
1.81675e+07
1.81674e+07
1.81672e+07
1.81671e+07
1.81669e+07
1.81668e+07
1.81666e+07
1.81664e+07
1.81662e+07
1.8166e+07
1.81658e+07
1.81656e+07
1.81653e+07
1.81651e+07
1.81649e+07
1.81647e+07
1.81645e+07
1.81643e+07
1.81641e+07
1.81639e+07
1.81637e+07
1.81635e+07
1.81633e+07
1.81632e+07
1.8163e+07
1.81628e+07
1.81627e+07
1.81625e+07
1.81624e+07
1.81622e+07
1.8162e+07
1.81619e+07
1.81617e+07
1.81615e+07
1.81613e+07
1.81611e+07
1.81609e+07
1.81607e+07
1.81605e+07
1.81602e+07
1.816e+07
1.81597e+07
1.81595e+07
1.81592e+07
1.81589e+07
1.81586e+07
1.81584e+07
1.81581e+07
1.81578e+07
1.81575e+07
1.81572e+07
1.81569e+07
1.81566e+07
1.81563e+07
1.8156e+07
1.81557e+07
1.81554e+07
1.81551e+07
1.81549e+07
1.81546e+07
1.81544e+07
1.81541e+07
1.81539e+07
1.81537e+07
1.81534e+07
1.81532e+07
1.8153e+07
1.81528e+07
1.81525e+07
1.81522e+07
1.8152e+07
1.81517e+07
1.81514e+07
1.8151e+07
1.81507e+07
1.81504e+07
1.815e+07
1.81497e+07
1.81493e+07
1.8149e+07
1.81484e+07
1.81474e+07
1.81549e+07
1.81575e+07
1.81577e+07
1.8157e+07
1.81564e+07
1.81559e+07
1.81555e+07
1.81547e+07
1.81528e+07
1.81502e+07
1.81481e+07
1.81467e+07
1.81459e+07
1.81467e+07
1.8149e+07
1.81502e+07
1.81476e+07
1.81403e+07
1.81304e+07
1.81226e+07
1.81534e+07
1.81546e+07
1.81544e+07
1.81537e+07
1.81531e+07
1.81526e+07
1.81522e+07
1.81513e+07
1.81493e+07
1.81465e+07
1.81444e+07
1.81431e+07
1.81425e+07
1.81433e+07
1.81456e+07
1.81464e+07
1.81429e+07
1.81344e+07
1.8124e+07
1.81168e+07
1.81485e+07
1.81484e+07
1.81479e+07
1.8147e+07
1.81458e+07
1.81444e+07
1.81426e+07
1.81407e+07
1.81385e+07
1.81361e+07
1.81333e+07
1.81302e+07
1.81267e+07
1.81229e+07
1.81189e+07
1.8115e+07
1.81115e+07
1.81083e+07
1.8105e+07
1.81013e+07
1.81389e+07
1.81378e+07
1.81382e+07
1.81386e+07
1.8138e+07
1.81363e+07
1.81341e+07
1.8131e+07
1.81285e+07
1.81253e+07
1.81225e+07
1.81197e+07
1.81169e+07
1.81143e+07
1.81119e+07
1.81096e+07
1.81074e+07
1.81056e+07
1.81042e+07
1.81032e+07
1.81343e+07
1.81295e+07
1.81278e+07
1.81275e+07
1.81267e+07
1.81248e+07
1.81222e+07
1.81189e+07
1.81159e+07
1.81124e+07
1.81092e+07
1.81059e+07
1.81028e+07
1.80998e+07
1.8097e+07
1.80944e+07
1.80921e+07
1.80901e+07
1.80889e+07
1.8089e+07
1.81013e+07
1.81007e+07
1.81028e+07
1.80998e+07
1.80978e+07
1.80971e+07
1.80971e+07
1.80968e+07
1.80963e+07
1.8096e+07
1.80957e+07
1.80955e+07
1.80952e+07
1.80949e+07
1.80946e+07
1.80944e+07
1.80941e+07
1.80939e+07
1.80936e+07
1.80933e+07
1.80931e+07
1.80928e+07
1.80926e+07
1.80924e+07
1.80922e+07
1.8092e+07
1.80918e+07
1.80917e+07
1.80915e+07
1.80913e+07
1.80912e+07
1.80911e+07
1.80909e+07
1.80908e+07
1.80906e+07
1.80905e+07
1.80904e+07
1.80903e+07
1.80903e+07
1.80902e+07
1.809e+07
1.80899e+07
1.80898e+07
1.80897e+07
1.80897e+07
1.80897e+07
1.80897e+07
1.80897e+07
1.80897e+07
1.80897e+07
1.80898e+07
1.80898e+07
1.80898e+07
1.80898e+07
1.80898e+07
1.80897e+07
1.80896e+07
1.80895e+07
1.80894e+07
1.80892e+07
1.8089e+07
1.80888e+07
1.80885e+07
1.80883e+07
1.80881e+07
1.80878e+07
1.80875e+07
1.80873e+07
1.8087e+07
1.80868e+07
1.80865e+07
1.80863e+07
1.8086e+07
1.80858e+07
1.80856e+07
1.80853e+07
1.80851e+07
1.80849e+07
1.80847e+07
1.80845e+07
1.80843e+07
1.80841e+07
1.8084e+07
1.80838e+07
1.80836e+07
1.80835e+07
1.80833e+07
1.80832e+07
1.80831e+07
1.80829e+07
1.80828e+07
1.80827e+07
1.80826e+07
1.80824e+07
1.80823e+07
1.80822e+07
1.8082e+07
1.80819e+07
1.80818e+07
1.80816e+07
1.80814e+07
1.80813e+07
1.80811e+07
1.80809e+07
1.80807e+07
1.80805e+07
1.80804e+07
1.80801e+07
1.80799e+07
1.80797e+07
1.80795e+07
1.80793e+07
1.80791e+07
1.80789e+07
1.80786e+07
1.80784e+07
1.80782e+07
1.8078e+07
1.80778e+07
1.80776e+07
1.80774e+07
1.80772e+07
1.8077e+07
1.80769e+07
1.80767e+07
1.80766e+07
1.80764e+07
1.80763e+07
1.80762e+07
1.80762e+07
1.80761e+07
1.80761e+07
1.8076e+07
1.8076e+07
1.8076e+07
1.80761e+07
1.80761e+07
1.80761e+07
1.80762e+07
1.80762e+07
1.80763e+07
1.80764e+07
1.80765e+07
1.80765e+07
1.80766e+07
1.80767e+07
1.80767e+07
1.80768e+07
1.80768e+07
1.80769e+07
1.80769e+07
1.80769e+07
1.80769e+07
1.80769e+07
1.80769e+07
1.80769e+07
1.80768e+07
1.80768e+07
1.80767e+07
1.80766e+07
1.80765e+07
1.80764e+07
1.80763e+07
1.80762e+07
1.80761e+07
1.8076e+07
1.80759e+07
1.80757e+07
1.80756e+07
1.80755e+07
1.80754e+07
1.80753e+07
1.80752e+07
1.80751e+07
1.8075e+07
1.80749e+07
1.80748e+07
1.80748e+07
1.80748e+07
1.80747e+07
1.80748e+07
1.80748e+07
1.80748e+07
1.80749e+07
1.80749e+07
1.8075e+07
1.80751e+07
1.80753e+07
1.80754e+07
1.80755e+07
1.80756e+07
1.80757e+07
1.80759e+07
1.8076e+07
1.80761e+07
1.80761e+07
1.80762e+07
1.80762e+07
1.80759e+07
1.80749e+07
1.80999e+07
1.81006e+07
1.81027e+07
1.80998e+07
1.80978e+07
1.80971e+07
1.80971e+07
1.80968e+07
1.80963e+07
1.8096e+07
1.80957e+07
1.80955e+07
1.80952e+07
1.80949e+07
1.80946e+07
1.80944e+07
1.80941e+07
1.80939e+07
1.80936e+07
1.80933e+07
1.80931e+07
1.80928e+07
1.80926e+07
1.80924e+07
1.80922e+07
1.8092e+07
1.80918e+07
1.80917e+07
1.80915e+07
1.80913e+07
1.80912e+07
1.80911e+07
1.80909e+07
1.80908e+07
1.80906e+07
1.80905e+07
1.80904e+07
1.80903e+07
1.80903e+07
1.80902e+07
1.809e+07
1.80898e+07
1.80898e+07
1.80897e+07
1.80897e+07
1.80896e+07
1.80896e+07
1.80897e+07
1.80897e+07
1.80897e+07
1.80898e+07
1.80898e+07
1.80898e+07
1.80898e+07
1.80898e+07
1.80897e+07
1.80896e+07
1.80895e+07
1.80894e+07
1.80892e+07
1.8089e+07
1.80888e+07
1.80885e+07
1.80883e+07
1.8088e+07
1.80878e+07
1.80875e+07
1.80873e+07
1.8087e+07
1.80868e+07
1.80865e+07
1.80863e+07
1.8086e+07
1.80858e+07
1.80856e+07
1.80853e+07
1.80851e+07
1.80849e+07
1.80847e+07
1.80845e+07
1.80843e+07
1.80841e+07
1.8084e+07
1.80838e+07
1.80836e+07
1.80835e+07
1.80833e+07
1.80832e+07
1.80831e+07
1.80829e+07
1.80828e+07
1.80827e+07
1.80826e+07
1.80824e+07
1.80823e+07
1.80822e+07
1.8082e+07
1.80819e+07
1.80818e+07
1.80816e+07
1.80814e+07
1.80813e+07
1.80811e+07
1.80809e+07
1.80807e+07
1.80805e+07
1.80804e+07
1.80801e+07
1.80799e+07
1.80797e+07
1.80795e+07
1.80793e+07
1.80791e+07
1.80789e+07
1.80786e+07
1.80784e+07
1.80782e+07
1.8078e+07
1.80778e+07
1.80776e+07
1.80774e+07
1.80772e+07
1.8077e+07
1.80769e+07
1.80767e+07
1.80766e+07
1.80764e+07
1.80763e+07
1.80762e+07
1.80762e+07
1.80761e+07
1.80761e+07
1.8076e+07
1.8076e+07
1.8076e+07
1.80761e+07
1.80761e+07
1.80761e+07
1.80762e+07
1.80762e+07
1.80763e+07
1.80764e+07
1.80765e+07
1.80765e+07
1.80766e+07
1.80767e+07
1.80767e+07
1.80768e+07
1.80768e+07
1.80769e+07
1.80769e+07
1.80769e+07
1.80769e+07
1.80769e+07
1.80769e+07
1.80769e+07
1.80768e+07
1.80768e+07
1.80767e+07
1.80766e+07
1.80765e+07
1.80764e+07
1.80763e+07
1.80762e+07
1.80761e+07
1.8076e+07
1.80759e+07
1.80757e+07
1.80756e+07
1.80755e+07
1.80754e+07
1.80753e+07
1.80752e+07
1.80751e+07
1.8075e+07
1.80749e+07
1.80748e+07
1.80748e+07
1.80748e+07
1.80747e+07
1.80748e+07
1.80748e+07
1.80748e+07
1.80749e+07
1.80749e+07
1.8075e+07
1.80751e+07
1.80753e+07
1.80754e+07
1.80755e+07
1.80756e+07
1.80757e+07
1.80759e+07
1.8076e+07
1.80761e+07
1.80761e+07
1.80762e+07
1.80762e+07
1.80759e+07
1.80749e+07
1.80909e+07
1.80949e+07
1.80975e+07
1.80977e+07
1.80973e+07
1.80969e+07
1.80967e+07
1.80964e+07
1.80962e+07
1.80959e+07
1.80957e+07
1.80954e+07
1.80952e+07
1.80949e+07
1.80946e+07
1.80944e+07
1.80941e+07
1.80938e+07
1.80936e+07
1.80933e+07
1.80931e+07
1.80928e+07
1.80926e+07
1.80924e+07
1.80922e+07
1.8092e+07
1.80918e+07
1.80917e+07
1.80915e+07
1.80913e+07
1.80912e+07
1.80911e+07
1.80909e+07
1.80908e+07
1.80907e+07
1.80906e+07
1.80905e+07
1.80904e+07
1.80903e+07
1.80901e+07
1.809e+07
1.809e+07
1.80899e+07
1.80899e+07
1.80898e+07
1.80898e+07
1.80898e+07
1.80898e+07
1.80899e+07
1.80899e+07
1.80899e+07
1.80899e+07
1.80899e+07
1.80899e+07
1.80898e+07
1.80897e+07
1.80896e+07
1.80895e+07
1.80894e+07
1.80892e+07
1.8089e+07
1.80888e+07
1.80885e+07
1.80883e+07
1.8088e+07
1.80878e+07
1.80875e+07
1.80873e+07
1.8087e+07
1.80868e+07
1.80865e+07
1.80863e+07
1.8086e+07
1.80858e+07
1.80856e+07
1.80853e+07
1.80851e+07
1.80849e+07
1.80847e+07
1.80845e+07
1.80843e+07
1.80841e+07
1.8084e+07
1.80838e+07
1.80836e+07
1.80835e+07
1.80833e+07
1.80832e+07
1.80831e+07
1.80829e+07
1.80828e+07
1.80827e+07
1.80826e+07
1.80824e+07
1.80823e+07
1.80822e+07
1.8082e+07
1.80819e+07
1.80818e+07
1.80816e+07
1.80814e+07
1.80813e+07
1.80811e+07
1.80809e+07
1.80807e+07
1.80805e+07
1.80804e+07
1.80801e+07
1.80799e+07
1.80797e+07
1.80795e+07
1.80793e+07
1.80791e+07
1.80789e+07
1.80786e+07
1.80784e+07
1.80782e+07
1.8078e+07
1.80778e+07
1.80776e+07
1.80774e+07
1.80772e+07
1.8077e+07
1.80769e+07
1.80767e+07
1.80766e+07
1.80764e+07
1.80763e+07
1.80762e+07
1.80762e+07
1.80761e+07
1.80761e+07
1.8076e+07
1.8076e+07
1.8076e+07
1.80761e+07
1.80761e+07
1.80761e+07
1.80762e+07
1.80762e+07
1.80763e+07
1.80764e+07
1.80765e+07
1.80765e+07
1.80766e+07
1.80767e+07
1.80767e+07
1.80768e+07
1.80768e+07
1.80769e+07
1.80769e+07
1.80769e+07
1.80769e+07
1.80769e+07
1.80769e+07
1.80769e+07
1.80768e+07
1.80768e+07
1.80767e+07
1.80766e+07
1.80765e+07
1.80764e+07
1.80763e+07
1.80762e+07
1.80761e+07
1.8076e+07
1.80759e+07
1.80757e+07
1.80756e+07
1.80755e+07
1.80754e+07
1.80753e+07
1.80752e+07
1.80751e+07
1.8075e+07
1.80749e+07
1.80748e+07
1.80748e+07
1.80748e+07
1.80747e+07
1.80748e+07
1.80748e+07
1.80748e+07
1.80749e+07
1.80749e+07
1.8075e+07
1.80751e+07
1.80753e+07
1.80754e+07
1.80755e+07
1.80756e+07
1.80757e+07
1.80759e+07
1.8076e+07
1.80761e+07
1.80761e+07
1.80762e+07
1.80763e+07
1.80763e+07
1.80764e+07
1.81008e+07
1.81e+07
1.8099e+07
1.80982e+07
1.80975e+07
1.80971e+07
1.80968e+07
1.80965e+07
1.80962e+07
1.8096e+07
1.80957e+07
1.80954e+07
1.80952e+07
1.80949e+07
1.80946e+07
1.80944e+07
1.80941e+07
1.80938e+07
1.80936e+07
1.80933e+07
1.80931e+07
1.80928e+07
1.80926e+07
1.80924e+07
1.80922e+07
1.8092e+07
1.80918e+07
1.80917e+07
1.80915e+07
1.80913e+07
1.80912e+07
1.80911e+07
1.80909e+07
1.80908e+07
1.80907e+07
1.80906e+07
1.80905e+07
1.80904e+07
1.80903e+07
1.80902e+07
1.80901e+07
1.80901e+07
1.809e+07
1.809e+07
1.809e+07
1.809e+07
1.809e+07
1.809e+07
1.809e+07
1.809e+07
1.809e+07
1.809e+07
1.809e+07
1.80899e+07
1.80899e+07
1.80898e+07
1.80897e+07
1.80895e+07
1.80894e+07
1.80892e+07
1.8089e+07
1.80888e+07
1.80885e+07
1.80883e+07
1.80881e+07
1.80878e+07
1.80875e+07
1.80873e+07
1.8087e+07
1.80868e+07
1.80865e+07
1.80863e+07
1.8086e+07
1.80858e+07
1.80856e+07
1.80853e+07
1.80851e+07
1.80849e+07
1.80847e+07
1.80845e+07
1.80843e+07
1.80841e+07
1.8084e+07
1.80838e+07
1.80836e+07
1.80835e+07
1.80833e+07
1.80832e+07
1.80831e+07
1.80829e+07
1.80828e+07
1.80827e+07
1.80826e+07
1.80824e+07
1.80823e+07
1.80822e+07
1.8082e+07
1.80819e+07
1.80818e+07
1.80816e+07
1.80814e+07
1.80813e+07
1.80811e+07
1.80809e+07
1.80807e+07
1.80805e+07
1.80804e+07
1.80801e+07
1.80799e+07
1.80797e+07
1.80795e+07
1.80793e+07
1.80791e+07
1.80789e+07
1.80786e+07
1.80784e+07
1.80782e+07
1.8078e+07
1.80778e+07
1.80776e+07
1.80774e+07
1.80772e+07
1.8077e+07
1.80769e+07
1.80767e+07
1.80766e+07
1.80764e+07
1.80763e+07
1.80762e+07
1.80762e+07
1.80761e+07
1.80761e+07
1.8076e+07
1.8076e+07
1.8076e+07
1.80761e+07
1.80761e+07
1.80761e+07
1.80762e+07
1.80762e+07
1.80763e+07
1.80764e+07
1.80765e+07
1.80765e+07
1.80766e+07
1.80767e+07
1.80767e+07
1.80768e+07
1.80768e+07
1.80769e+07
1.80769e+07
1.80769e+07
1.80769e+07
1.80769e+07
1.80769e+07
1.80769e+07
1.80768e+07
1.80768e+07
1.80767e+07
1.80766e+07
1.80765e+07
1.80764e+07
1.80763e+07
1.80762e+07
1.80761e+07
1.8076e+07
1.80759e+07
1.80757e+07
1.80756e+07
1.80755e+07
1.80754e+07
1.80753e+07
1.80752e+07
1.80751e+07
1.8075e+07
1.80749e+07
1.80748e+07
1.80748e+07
1.80748e+07
1.80747e+07
1.80748e+07
1.80748e+07
1.80748e+07
1.80749e+07
1.80749e+07
1.8075e+07
1.80751e+07
1.80753e+07
1.80754e+07
1.80755e+07
1.80756e+07
1.80757e+07
1.80759e+07
1.8076e+07
1.80761e+07
1.80761e+07
1.80762e+07
1.80763e+07
1.80765e+07
1.80773e+07
1.80982e+07
1.80996e+07
1.80989e+07
1.80982e+07
1.80975e+07
1.80971e+07
1.80968e+07
1.80965e+07
1.80962e+07
1.8096e+07
1.80957e+07
1.80954e+07
1.80952e+07
1.80949e+07
1.80946e+07
1.80944e+07
1.80941e+07
1.80938e+07
1.80936e+07
1.80933e+07
1.80931e+07
1.80928e+07
1.80926e+07
1.80924e+07
1.80922e+07
1.8092e+07
1.80918e+07
1.80917e+07
1.80915e+07
1.80913e+07
1.80912e+07
1.80911e+07
1.80909e+07
1.80908e+07
1.80907e+07
1.80906e+07
1.80905e+07
1.80904e+07
1.80903e+07
1.80902e+07
1.80901e+07
1.80901e+07
1.809e+07
1.809e+07
1.809e+07
1.809e+07
1.809e+07
1.809e+07
1.809e+07
1.809e+07
1.809e+07
1.809e+07
1.809e+07
1.80899e+07
1.80899e+07
1.80898e+07
1.80897e+07
1.80895e+07
1.80894e+07
1.80892e+07
1.8089e+07
1.80888e+07
1.80885e+07
1.80883e+07
1.80881e+07
1.80878e+07
1.80875e+07
1.80873e+07
1.8087e+07
1.80868e+07
1.80865e+07
1.80863e+07
1.8086e+07
1.80858e+07
1.80856e+07
1.80853e+07
1.80851e+07
1.80849e+07
1.80847e+07
1.80845e+07
1.80843e+07
1.80841e+07
1.8084e+07
1.80838e+07
1.80836e+07
1.80835e+07
1.80833e+07
1.80832e+07
1.80831e+07
1.80829e+07
1.80828e+07
1.80827e+07
1.80826e+07
1.80824e+07
1.80823e+07
1.80822e+07
1.8082e+07
1.80819e+07
1.80818e+07
1.80816e+07
1.80814e+07
1.80813e+07
1.80811e+07
1.80809e+07
1.80807e+07
1.80805e+07
1.80804e+07
1.80801e+07
1.80799e+07
1.80797e+07
1.80795e+07
1.80793e+07
1.80791e+07
1.80789e+07
1.80786e+07
1.80784e+07
1.80782e+07
1.8078e+07
1.80778e+07
1.80776e+07
1.80774e+07
1.80772e+07
1.8077e+07
1.80769e+07
1.80767e+07
1.80766e+07
1.80764e+07
1.80763e+07
1.80762e+07
1.80762e+07
1.80761e+07
1.80761e+07
1.8076e+07
1.8076e+07
1.8076e+07
1.80761e+07
1.80761e+07
1.80761e+07
1.80762e+07
1.80762e+07
1.80763e+07
1.80764e+07
1.80765e+07
1.80765e+07
1.80766e+07
1.80767e+07
1.80767e+07
1.80768e+07
1.80768e+07
1.80769e+07
1.80769e+07
1.80769e+07
1.80769e+07
1.80769e+07
1.80769e+07
1.80769e+07
1.80768e+07
1.80768e+07
1.80767e+07
1.80766e+07
1.80765e+07
1.80764e+07
1.80763e+07
1.80762e+07
1.80761e+07
1.8076e+07
1.80759e+07
1.80757e+07
1.80756e+07
1.80755e+07
1.80754e+07
1.80753e+07
1.80752e+07
1.80751e+07
1.8075e+07
1.80749e+07
1.80748e+07
1.80748e+07
1.80748e+07
1.80747e+07
1.80748e+07
1.80748e+07
1.80748e+07
1.80749e+07
1.80749e+07
1.8075e+07
1.80751e+07
1.80753e+07
1.80754e+07
1.80755e+07
1.80756e+07
1.80757e+07
1.80759e+07
1.8076e+07
1.80761e+07
1.80761e+07
1.80762e+07
1.80763e+07
1.80765e+07
1.80773e+07
1.80637e+07
1.80588e+07
1.80571e+07
1.80567e+07
1.80559e+07
1.8054e+07
1.80514e+07
1.80487e+07
1.80455e+07
1.80425e+07
1.80393e+07
1.80362e+07
1.80332e+07
1.80302e+07
1.80275e+07
1.8025e+07
1.80228e+07
1.80211e+07
1.80201e+07
1.80201e+07
1.80678e+07
1.80667e+07
1.8067e+07
1.80674e+07
1.80668e+07
1.80652e+07
1.80627e+07
1.80605e+07
1.80575e+07
1.80551e+07
1.80522e+07
1.80495e+07
1.80468e+07
1.80443e+07
1.80418e+07
1.80396e+07
1.80376e+07
1.8036e+07
1.80348e+07
1.80339e+07
1.80766e+07
1.80766e+07
1.80762e+07
1.80754e+07
1.80743e+07
1.8073e+07
1.80714e+07
1.80696e+07
1.80675e+07
1.8065e+07
1.80621e+07
1.80589e+07
1.80556e+07
1.80524e+07
1.80494e+07
1.80466e+07
1.80434e+07
1.80397e+07
1.80357e+07
1.80314e+07
1.80811e+07
1.80824e+07
1.80824e+07
1.80818e+07
1.80812e+07
1.80806e+07
1.80798e+07
1.80782e+07
1.80767e+07
1.80757e+07
1.80755e+07
1.80763e+07
1.80778e+07
1.80773e+07
1.80728e+07
1.8065e+07
1.80592e+07
1.80561e+07
1.80535e+07
1.80514e+07
1.80826e+07
1.80852e+07
1.80855e+07
1.80849e+07
1.80844e+07
1.80838e+07
1.8083e+07
1.80816e+07
1.80801e+07
1.8079e+07
1.80787e+07
1.80795e+07
1.8081e+07
1.80809e+07
1.80771e+07
1.80701e+07
1.80645e+07
1.80611e+07
1.80581e+07
1.80551e+07
1.80286e+07
1.80296e+07
1.8029e+07
1.80285e+07
1.80281e+07
1.80278e+07
1.80277e+07
1.80276e+07
1.80275e+07
1.80274e+07
1.80273e+07
1.80273e+07
1.80272e+07
1.80271e+07
1.8027e+07
1.8027e+07
1.80269e+07
1.80268e+07
1.80268e+07
1.80267e+07
1.80267e+07
1.80266e+07
1.80266e+07
1.80265e+07
1.80265e+07
1.80264e+07
1.80264e+07
1.80263e+07
1.80263e+07
1.80262e+07
1.80262e+07
1.80261e+07
1.80261e+07
1.80261e+07
1.8026e+07
1.8026e+07
1.80259e+07
1.80259e+07
1.80258e+07
1.80257e+07
1.80256e+07
1.80256e+07
1.80256e+07
1.80255e+07
1.80255e+07
1.80255e+07
1.80255e+07
1.80255e+07
1.80255e+07
1.80255e+07
1.80255e+07
1.80255e+07
1.80255e+07
1.80254e+07
1.80254e+07
1.80253e+07
1.80252e+07
1.80251e+07
1.80249e+07
1.80248e+07
1.80246e+07
1.80244e+07
1.80241e+07
1.80239e+07
1.80237e+07
1.80235e+07
1.80233e+07
1.8023e+07
1.80228e+07
1.80226e+07
1.80224e+07
1.80222e+07
1.8022e+07
1.80219e+07
1.80217e+07
1.80215e+07
1.80214e+07
1.80213e+07
1.80211e+07
1.8021e+07
1.80209e+07
1.80209e+07
1.80208e+07
1.80207e+07
1.80207e+07
1.80206e+07
1.80205e+07
1.80205e+07
1.80204e+07
1.80204e+07
1.80203e+07
1.80202e+07
1.80201e+07
1.802e+07
1.80199e+07
1.80198e+07
1.80196e+07
1.80194e+07
1.80189e+07
1.80176e+07
1.80312e+07
1.80299e+07
1.80291e+07
1.80285e+07
1.80281e+07
1.80278e+07
1.80277e+07
1.80276e+07
1.80275e+07
1.80274e+07
1.80273e+07
1.80273e+07
1.80272e+07
1.80271e+07
1.8027e+07
1.8027e+07
1.80269e+07
1.80268e+07
1.80268e+07
1.80267e+07
1.80267e+07
1.80266e+07
1.80266e+07
1.80265e+07
1.80265e+07
1.80264e+07
1.80264e+07
1.80263e+07
1.80263e+07
1.80262e+07
1.80262e+07
1.80261e+07
1.80261e+07
1.80261e+07
1.8026e+07
1.8026e+07
1.80259e+07
1.80259e+07
1.80258e+07
1.80257e+07
1.80256e+07
1.80256e+07
1.80256e+07
1.80255e+07
1.80255e+07
1.80255e+07
1.80255e+07
1.80255e+07
1.80255e+07
1.80255e+07
1.80255e+07
1.80255e+07
1.80255e+07
1.80254e+07
1.80254e+07
1.80253e+07
1.80252e+07
1.80251e+07
1.80249e+07
1.80248e+07
1.80246e+07
1.80244e+07
1.80241e+07
1.80239e+07
1.80237e+07
1.80235e+07
1.80233e+07
1.8023e+07
1.80228e+07
1.80226e+07
1.80224e+07
1.80222e+07
1.8022e+07
1.80219e+07
1.80217e+07
1.80215e+07
1.80214e+07
1.80213e+07
1.80211e+07
1.8021e+07
1.80209e+07
1.80209e+07
1.80208e+07
1.80207e+07
1.80207e+07
1.80206e+07
1.80205e+07
1.80205e+07
1.80204e+07
1.80204e+07
1.80203e+07
1.80202e+07
1.80201e+07
1.802e+07
1.80199e+07
1.80198e+07
1.80196e+07
1.80194e+07
1.80189e+07
1.80177e+07
1.80201e+07
1.80243e+07
1.80276e+07
1.80282e+07
1.8028e+07
1.80277e+07
1.80276e+07
1.80275e+07
1.80275e+07
1.80274e+07
1.80273e+07
1.80272e+07
1.80272e+07
1.80271e+07
1.8027e+07
1.80269e+07
1.80269e+07
1.80268e+07
1.80268e+07
1.80267e+07
1.80267e+07
1.80266e+07
1.80266e+07
1.80265e+07
1.80265e+07
1.80264e+07
1.80264e+07
1.80263e+07
1.80263e+07
1.80262e+07
1.80262e+07
1.80261e+07
1.80261e+07
1.8026e+07
1.8026e+07
1.80259e+07
1.80259e+07
1.80258e+07
1.80257e+07
1.80256e+07
1.80255e+07
1.80255e+07
1.80254e+07
1.80254e+07
1.80254e+07
1.80254e+07
1.80254e+07
1.80254e+07
1.80254e+07
1.80254e+07
1.80254e+07
1.80254e+07
1.80254e+07
1.80253e+07
1.80253e+07
1.80252e+07
1.80251e+07
1.8025e+07
1.80249e+07
1.80247e+07
1.80246e+07
1.80244e+07
1.80241e+07
1.80239e+07
1.80237e+07
1.80235e+07
1.80233e+07
1.8023e+07
1.80228e+07
1.80226e+07
1.80224e+07
1.80222e+07
1.8022e+07
1.80219e+07
1.80217e+07
1.80215e+07
1.80214e+07
1.80213e+07
1.80211e+07
1.8021e+07
1.80209e+07
1.80209e+07
1.80208e+07
1.80207e+07
1.80207e+07
1.80206e+07
1.80205e+07
1.80205e+07
1.80204e+07
1.80204e+07
1.80203e+07
1.80202e+07
1.80201e+07
1.802e+07
1.80199e+07
1.80198e+07
1.80196e+07
1.80195e+07
1.80193e+07
1.80192e+07
1.80437e+07
1.80356e+07
1.80309e+07
1.80291e+07
1.80285e+07
1.80286e+07
1.80283e+07
1.80278e+07
1.80275e+07
1.80274e+07
1.80273e+07
1.80273e+07
1.80272e+07
1.80271e+07
1.8027e+07
1.8027e+07
1.80269e+07
1.80268e+07
1.80268e+07
1.80267e+07
1.80267e+07
1.80266e+07
1.80266e+07
1.80265e+07
1.80265e+07
1.80264e+07
1.80264e+07
1.80263e+07
1.80263e+07
1.80262e+07
1.80262e+07
1.80261e+07
1.80261e+07
1.8026e+07
1.8026e+07
1.80259e+07
1.80258e+07
1.80258e+07
1.80259e+07
1.80258e+07
1.80256e+07
1.80254e+07
1.80253e+07
1.80253e+07
1.80252e+07
1.80252e+07
1.80252e+07
1.80252e+07
1.80252e+07
1.80252e+07
1.80252e+07
1.80253e+07
1.80253e+07
1.80253e+07
1.80252e+07
1.80252e+07
1.80251e+07
1.8025e+07
1.80249e+07
1.80247e+07
1.80246e+07
1.80244e+07
1.80241e+07
1.80239e+07
1.80237e+07
1.80235e+07
1.80233e+07
1.8023e+07
1.80228e+07
1.80226e+07
1.80224e+07
1.80222e+07
1.8022e+07
1.80219e+07
1.80217e+07
1.80215e+07
1.80214e+07
1.80213e+07
1.80211e+07
1.8021e+07
1.80209e+07
1.80209e+07
1.80208e+07
1.80207e+07
1.80207e+07
1.80206e+07
1.80205e+07
1.80205e+07
1.80204e+07
1.80204e+07
1.80203e+07
1.80202e+07
1.80201e+07
1.802e+07
1.80199e+07
1.80198e+07
1.80197e+07
1.80195e+07
1.80196e+07
1.80201e+07
1.80448e+07
1.80358e+07
1.80308e+07
1.8029e+07
1.80285e+07
1.80286e+07
1.80283e+07
1.80278e+07
1.80275e+07
1.80274e+07
1.80273e+07
1.80273e+07
1.80272e+07
1.80271e+07
1.8027e+07
1.8027e+07
1.80269e+07
1.80268e+07
1.80268e+07
1.80267e+07
1.80267e+07
1.80266e+07
1.80266e+07
1.80265e+07
1.80265e+07
1.80264e+07
1.80264e+07
1.80263e+07
1.80263e+07
1.80262e+07
1.80262e+07
1.80261e+07
1.80261e+07
1.8026e+07
1.8026e+07
1.80259e+07
1.80258e+07
1.80258e+07
1.80259e+07
1.80258e+07
1.80256e+07
1.80254e+07
1.80253e+07
1.80253e+07
1.80252e+07
1.80252e+07
1.80252e+07
1.80252e+07
1.80252e+07
1.80252e+07
1.80253e+07
1.80253e+07
1.80253e+07
1.80253e+07
1.80252e+07
1.80252e+07
1.80251e+07
1.8025e+07
1.80249e+07
1.80247e+07
1.80246e+07
1.80244e+07
1.80241e+07
1.80239e+07
1.80237e+07
1.80235e+07
1.80233e+07
1.8023e+07
1.80228e+07
1.80226e+07
1.80224e+07
1.80222e+07
1.8022e+07
1.80219e+07
1.80217e+07
1.80215e+07
1.80214e+07
1.80213e+07
1.80211e+07
1.8021e+07
1.80209e+07
1.80209e+07
1.80208e+07
1.80207e+07
1.80207e+07
1.80206e+07
1.80205e+07
1.80205e+07
1.80204e+07
1.80204e+07
1.80203e+07
1.80202e+07
1.80201e+07
1.802e+07
1.80199e+07
1.80198e+07
1.80197e+07
1.80195e+07
1.80196e+07
1.80201e+07
1.80066e+07
1.80017e+07
1.79999e+07
1.79996e+07
1.79987e+07
1.79968e+07
1.79941e+07
1.79915e+07
1.79882e+07
1.79853e+07
1.79821e+07
1.7979e+07
1.7976e+07
1.7973e+07
1.79703e+07
1.79677e+07
1.79656e+07
1.79638e+07
1.79627e+07
1.79627e+07
1.80106e+07
1.80095e+07
1.80097e+07
1.801e+07
1.80094e+07
1.80078e+07
1.80053e+07
1.80031e+07
1.8e+07
1.79976e+07
1.79947e+07
1.79921e+07
1.79894e+07
1.79868e+07
1.79844e+07
1.79821e+07
1.79801e+07
1.79785e+07
1.79772e+07
1.79763e+07
1.80193e+07
1.80192e+07
1.80187e+07
1.80179e+07
1.80168e+07
1.80154e+07
1.80139e+07
1.8012e+07
1.80099e+07
1.80074e+07
1.80045e+07
1.80013e+07
1.7998e+07
1.79949e+07
1.79919e+07
1.79891e+07
1.79859e+07
1.79822e+07
1.79782e+07
1.79739e+07
1.80237e+07
1.80249e+07
1.80248e+07
1.80242e+07
1.80235e+07
1.8023e+07
1.80221e+07
1.80205e+07
1.80189e+07
1.80178e+07
1.80176e+07
1.80185e+07
1.802e+07
1.80192e+07
1.80145e+07
1.80069e+07
1.80014e+07
1.79983e+07
1.79958e+07
1.79938e+07
1.80251e+07
1.80277e+07
1.80279e+07
1.80273e+07
1.80267e+07
1.80261e+07
1.80252e+07
1.80238e+07
1.80223e+07
1.80211e+07
1.80208e+07
1.80217e+07
1.80231e+07
1.80228e+07
1.80189e+07
1.80119e+07
1.80065e+07
1.80032e+07
1.80003e+07
1.79973e+07
1.79709e+07
1.79716e+07
1.79709e+07
1.79703e+07
1.79697e+07
1.79693e+07
1.79689e+07
1.79687e+07
1.79685e+07
1.79682e+07
1.7968e+07
1.79678e+07
1.79676e+07
1.79674e+07
1.79672e+07
1.7967e+07
1.79668e+07
1.79667e+07
1.79665e+07
1.79664e+07
1.79662e+07
1.79661e+07
1.7966e+07
1.79659e+07
1.79657e+07
1.79656e+07
1.79655e+07
1.79654e+07
1.79653e+07
1.79652e+07
1.7965e+07
1.79649e+07
1.79648e+07
1.79647e+07
1.79646e+07
1.79645e+07
1.79643e+07
1.79642e+07
1.79641e+07
1.7964e+07
1.79638e+07
1.79637e+07
1.79637e+07
1.79636e+07
1.79636e+07
1.79636e+07
1.79636e+07
1.79636e+07
1.79636e+07
1.79637e+07
1.79637e+07
1.79637e+07
1.79637e+07
1.79637e+07
1.79637e+07
1.79636e+07
1.79636e+07
1.79635e+07
1.79634e+07
1.79634e+07
1.79633e+07
1.79632e+07
1.79631e+07
1.7963e+07
1.79629e+07
1.79629e+07
1.79628e+07
1.79628e+07
1.79628e+07
1.79627e+07
1.79627e+07
1.79627e+07
1.79628e+07
1.79628e+07
1.79628e+07
1.79629e+07
1.79629e+07
1.7963e+07
1.7963e+07
1.79631e+07
1.79631e+07
1.79632e+07
1.79633e+07
1.79633e+07
1.79634e+07
1.79634e+07
1.79635e+07
1.79635e+07
1.79636e+07
1.79636e+07
1.79636e+07
1.79636e+07
1.79636e+07
1.79636e+07
1.79636e+07
1.79636e+07
1.79636e+07
1.79635e+07
1.79635e+07
1.79634e+07
1.79634e+07
1.79633e+07
1.79633e+07
1.79632e+07
1.79631e+07
1.7963e+07
1.79629e+07
1.79629e+07
1.79628e+07
1.79627e+07
1.79626e+07
1.79626e+07
1.79625e+07
1.79624e+07
1.79624e+07
1.79623e+07
1.79623e+07
1.79622e+07
1.79622e+07
1.79622e+07
1.79622e+07
1.79622e+07
1.79622e+07
1.79623e+07
1.79623e+07
1.79623e+07
1.79624e+07
1.79625e+07
1.79625e+07
1.79626e+07
1.79627e+07
1.79628e+07
1.79629e+07
1.7963e+07
1.79631e+07
1.79632e+07
1.79632e+07
1.79633e+07
1.79634e+07
1.79634e+07
1.79635e+07
1.79635e+07
1.79636e+07
1.79636e+07
1.79636e+07
1.79636e+07
1.79636e+07
1.79635e+07
1.79635e+07
1.79634e+07
1.79634e+07
1.79633e+07
1.79632e+07
1.79632e+07
1.79631e+07
1.7963e+07
1.79629e+07
1.79628e+07
1.79627e+07
1.79626e+07
1.79626e+07
1.79625e+07
1.79624e+07
1.79623e+07
1.79622e+07
1.79622e+07
1.79621e+07
1.79621e+07
1.7962e+07
1.7962e+07
1.7962e+07
1.7962e+07
1.7962e+07
1.7962e+07
1.79621e+07
1.79621e+07
1.79622e+07
1.79623e+07
1.79624e+07
1.79625e+07
1.79626e+07
1.79627e+07
1.79628e+07
1.79629e+07
1.79631e+07
1.79632e+07
1.79633e+07
1.79634e+07
1.79635e+07
1.79636e+07
1.79636e+07
1.79637e+07
1.79637e+07
1.79638e+07
1.79638e+07
1.79638e+07
1.79638e+07
1.79638e+07
1.7964e+07
1.79647e+07
1.79734e+07
1.79719e+07
1.7971e+07
1.79703e+07
1.79697e+07
1.79693e+07
1.79689e+07
1.79687e+07
1.79685e+07
1.79682e+07
1.7968e+07
1.79678e+07
1.79676e+07
1.79674e+07
1.79672e+07
1.7967e+07
1.79668e+07
1.79667e+07
1.79665e+07
1.79664e+07
1.79662e+07
1.79661e+07
1.7966e+07
1.79659e+07
1.79657e+07
1.79656e+07
1.79655e+07
1.79654e+07
1.79653e+07
1.79652e+07
1.7965e+07
1.79649e+07
1.79648e+07
1.79647e+07
1.79646e+07
1.79645e+07
1.79644e+07
1.79642e+07
1.79641e+07
1.7964e+07
1.79638e+07
1.79638e+07
1.79637e+07
1.79636e+07
1.79636e+07
1.79636e+07
1.79636e+07
1.79636e+07
1.79636e+07
1.79637e+07
1.79637e+07
1.79637e+07
1.79637e+07
1.79637e+07
1.79637e+07
1.79636e+07
1.79636e+07
1.79635e+07
1.79634e+07
1.79634e+07
1.79633e+07
1.79632e+07
1.79631e+07
1.7963e+07
1.79629e+07
1.79629e+07
1.79628e+07
1.79628e+07
1.79628e+07
1.79627e+07
1.79627e+07
1.79627e+07
1.79628e+07
1.79628e+07
1.79628e+07
1.79629e+07
1.79629e+07
1.7963e+07
1.7963e+07
1.79631e+07
1.79631e+07
1.79632e+07
1.79633e+07
1.79633e+07
1.79634e+07
1.79634e+07
1.79635e+07
1.79635e+07
1.79636e+07
1.79636e+07
1.79636e+07
1.79636e+07
1.79636e+07
1.79636e+07
1.79636e+07
1.79636e+07
1.79636e+07
1.79635e+07
1.79635e+07
1.79634e+07
1.79634e+07
1.79633e+07
1.79633e+07
1.79632e+07
1.79631e+07
1.7963e+07
1.79629e+07
1.79629e+07
1.79628e+07
1.79627e+07
1.79626e+07
1.79626e+07
1.79625e+07
1.79624e+07
1.79624e+07
1.79623e+07
1.79623e+07
1.79622e+07
1.79622e+07
1.79622e+07
1.79622e+07
1.79622e+07
1.79622e+07
1.79623e+07
1.79623e+07
1.79623e+07
1.79624e+07
1.79625e+07
1.79625e+07
1.79626e+07
1.79627e+07
1.79628e+07
1.79629e+07
1.7963e+07
1.79631e+07
1.79632e+07
1.79632e+07
1.79633e+07
1.79634e+07
1.79634e+07
1.79635e+07
1.79635e+07
1.79636e+07
1.79636e+07
1.79636e+07
1.79636e+07
1.79636e+07
1.79635e+07
1.79635e+07
1.79634e+07
1.79634e+07
1.79633e+07
1.79632e+07
1.79632e+07
1.79631e+07
1.7963e+07
1.79629e+07
1.79628e+07
1.79627e+07
1.79626e+07
1.79626e+07
1.79625e+07
1.79624e+07
1.79623e+07
1.79622e+07
1.79622e+07
1.79621e+07
1.79621e+07
1.7962e+07
1.7962e+07
1.7962e+07
1.7962e+07
1.7962e+07
1.7962e+07
1.79621e+07
1.79621e+07
1.79622e+07
1.79623e+07
1.79624e+07
1.79625e+07
1.79626e+07
1.79627e+07
1.79628e+07
1.79629e+07
1.79631e+07
1.79632e+07
1.79633e+07
1.79634e+07
1.79635e+07
1.79636e+07
1.79636e+07
1.79637e+07
1.79637e+07
1.79638e+07
1.79638e+07
1.79638e+07
1.79638e+07
1.79638e+07
1.7964e+07
1.79647e+07
1.79624e+07
1.79666e+07
1.79697e+07
1.79701e+07
1.79697e+07
1.79692e+07
1.79689e+07
1.79686e+07
1.79684e+07
1.79682e+07
1.7968e+07
1.79678e+07
1.79676e+07
1.79674e+07
1.79672e+07
1.7967e+07
1.79668e+07
1.79667e+07
1.79665e+07
1.79664e+07
1.79662e+07
1.79661e+07
1.7966e+07
1.79659e+07
1.79657e+07
1.79656e+07
1.79655e+07
1.79654e+07
1.79653e+07
1.79651e+07
1.7965e+07
1.79649e+07
1.79648e+07
1.79647e+07
1.79645e+07
1.79644e+07
1.79643e+07
1.79641e+07
1.7964e+07
1.79638e+07
1.79637e+07
1.79636e+07
1.79636e+07
1.79635e+07
1.79635e+07
1.79635e+07
1.79635e+07
1.79635e+07
1.79635e+07
1.79636e+07
1.79636e+07
1.79636e+07
1.79636e+07
1.79636e+07
1.79636e+07
1.79636e+07
1.79636e+07
1.79635e+07
1.79634e+07
1.79633e+07
1.79633e+07
1.79632e+07
1.79631e+07
1.7963e+07
1.79629e+07
1.79629e+07
1.79628e+07
1.79628e+07
1.79628e+07
1.79627e+07
1.79627e+07
1.79627e+07
1.79628e+07
1.79628e+07
1.79628e+07
1.79629e+07
1.79629e+07
1.7963e+07
1.7963e+07
1.79631e+07
1.79631e+07
1.79632e+07
1.79633e+07
1.79633e+07
1.79634e+07
1.79634e+07
1.79635e+07
1.79635e+07
1.79636e+07
1.79636e+07
1.79636e+07
1.79636e+07
1.79636e+07
1.79636e+07
1.79636e+07
1.79636e+07
1.79636e+07
1.79635e+07
1.79635e+07
1.79634e+07
1.79634e+07
1.79633e+07
1.79633e+07
1.79632e+07
1.79631e+07
1.7963e+07
1.79629e+07
1.79629e+07
1.79628e+07
1.79627e+07
1.79626e+07
1.79626e+07
1.79625e+07
1.79624e+07
1.79624e+07
1.79623e+07
1.79623e+07
1.79622e+07
1.79622e+07
1.79622e+07
1.79622e+07
1.79622e+07
1.79622e+07
1.79623e+07
1.79623e+07
1.79623e+07
1.79624e+07
1.79625e+07
1.79625e+07
1.79626e+07
1.79627e+07
1.79628e+07
1.79629e+07
1.7963e+07
1.79631e+07
1.79632e+07
1.79632e+07
1.79633e+07
1.79634e+07
1.79634e+07
1.79635e+07
1.79635e+07
1.79636e+07
1.79636e+07
1.79636e+07
1.79636e+07
1.79636e+07
1.79635e+07
1.79635e+07
1.79634e+07
1.79634e+07
1.79633e+07
1.79632e+07
1.79632e+07
1.79631e+07
1.7963e+07
1.79629e+07
1.79628e+07
1.79627e+07
1.79626e+07
1.79626e+07
1.79625e+07
1.79624e+07
1.79623e+07
1.79622e+07
1.79622e+07
1.79621e+07
1.79621e+07
1.7962e+07
1.7962e+07
1.7962e+07
1.7962e+07
1.7962e+07
1.7962e+07
1.79621e+07
1.79621e+07
1.79622e+07
1.79623e+07
1.79624e+07
1.79625e+07
1.79626e+07
1.79627e+07
1.79628e+07
1.79629e+07
1.79631e+07
1.79632e+07
1.79633e+07
1.79634e+07
1.79635e+07
1.79636e+07
1.79636e+07
1.79637e+07
1.79637e+07
1.79638e+07
1.79638e+07
1.79638e+07
1.79638e+07
1.79638e+07
1.79638e+07
1.79638e+07
1.79856e+07
1.79772e+07
1.79727e+07
1.79709e+07
1.79702e+07
1.79701e+07
1.79695e+07
1.79689e+07
1.79685e+07
1.79683e+07
1.7968e+07
1.79678e+07
1.79676e+07
1.79674e+07
1.79672e+07
1.7967e+07
1.79668e+07
1.79667e+07
1.79665e+07
1.79664e+07
1.79662e+07
1.79661e+07
1.7966e+07
1.79659e+07
1.79657e+07
1.79656e+07
1.79655e+07
1.79654e+07
1.79653e+07
1.79651e+07
1.7965e+07
1.79649e+07
1.79648e+07
1.79646e+07
1.79645e+07
1.79644e+07
1.79642e+07
1.79642e+07
1.79642e+07
1.7964e+07
1.79637e+07
1.79635e+07
1.79634e+07
1.79634e+07
1.79633e+07
1.79633e+07
1.79633e+07
1.79633e+07
1.79634e+07
1.79634e+07
1.79635e+07
1.79635e+07
1.79635e+07
1.79636e+07
1.79636e+07
1.79636e+07
1.79635e+07
1.79635e+07
1.79634e+07
1.79633e+07
1.79633e+07
1.79632e+07
1.79631e+07
1.7963e+07
1.79629e+07
1.79629e+07
1.79628e+07
1.79628e+07
1.79628e+07
1.79627e+07
1.79627e+07
1.79627e+07
1.79628e+07
1.79628e+07
1.79628e+07
1.79629e+07
1.79629e+07
1.7963e+07
1.7963e+07
1.79631e+07
1.79631e+07
1.79632e+07
1.79633e+07
1.79633e+07
1.79634e+07
1.79634e+07
1.79635e+07
1.79635e+07
1.79636e+07
1.79636e+07
1.79636e+07
1.79636e+07
1.79636e+07
1.79636e+07
1.79636e+07
1.79636e+07
1.79636e+07
1.79635e+07
1.79635e+07
1.79634e+07
1.79634e+07
1.79633e+07
1.79633e+07
1.79632e+07
1.79631e+07
1.7963e+07
1.79629e+07
1.79629e+07
1.79628e+07
1.79627e+07
1.79626e+07
1.79626e+07
1.79625e+07
1.79624e+07
1.79624e+07
1.79623e+07
1.79623e+07
1.79622e+07
1.79622e+07
1.79622e+07
1.79622e+07
1.79622e+07
1.79622e+07
1.79623e+07
1.79623e+07
1.79623e+07
1.79624e+07
1.79625e+07
1.79625e+07
1.79626e+07
1.79627e+07
1.79628e+07
1.79629e+07
1.7963e+07
1.79631e+07
1.79632e+07
1.79632e+07
1.79633e+07
1.79634e+07
1.79634e+07
1.79635e+07
1.79635e+07
1.79636e+07
1.79636e+07
1.79636e+07
1.79636e+07
1.79636e+07
1.79635e+07
1.79635e+07
1.79634e+07
1.79634e+07
1.79633e+07
1.79632e+07
1.79632e+07
1.79631e+07
1.7963e+07
1.79629e+07
1.79628e+07
1.79627e+07
1.79626e+07
1.79626e+07
1.79625e+07
1.79624e+07
1.79623e+07
1.79622e+07
1.79622e+07
1.79621e+07
1.79621e+07
1.7962e+07
1.7962e+07
1.7962e+07
1.7962e+07
1.7962e+07
1.7962e+07
1.79621e+07
1.79621e+07
1.79622e+07
1.79623e+07
1.79624e+07
1.79625e+07
1.79626e+07
1.79627e+07
1.79628e+07
1.79629e+07
1.79631e+07
1.79632e+07
1.79633e+07
1.79634e+07
1.79635e+07
1.79636e+07
1.79636e+07
1.79637e+07
1.79637e+07
1.79638e+07
1.79638e+07
1.79638e+07
1.79638e+07
1.79637e+07
1.79634e+07
1.79624e+07
1.79866e+07
1.79774e+07
1.79726e+07
1.79709e+07
1.79702e+07
1.79701e+07
1.79695e+07
1.79689e+07
1.79685e+07
1.79683e+07
1.7968e+07
1.79678e+07
1.79676e+07
1.79674e+07
1.79672e+07
1.7967e+07
1.79668e+07
1.79667e+07
1.79665e+07
1.79664e+07
1.79662e+07
1.79661e+07
1.7966e+07
1.79659e+07
1.79657e+07
1.79656e+07
1.79655e+07
1.79654e+07
1.79653e+07
1.79651e+07
1.7965e+07
1.79649e+07
1.79648e+07
1.79646e+07
1.79645e+07
1.79644e+07
1.79642e+07
1.79642e+07
1.79642e+07
1.7964e+07
1.79637e+07
1.79635e+07
1.79634e+07
1.79634e+07
1.79633e+07
1.79633e+07
1.79633e+07
1.79633e+07
1.79634e+07
1.79634e+07
1.79635e+07
1.79635e+07
1.79635e+07
1.79636e+07
1.79636e+07
1.79636e+07
1.79635e+07
1.79635e+07
1.79634e+07
1.79633e+07
1.79633e+07
1.79632e+07
1.79631e+07
1.7963e+07
1.79629e+07
1.79629e+07
1.79628e+07
1.79628e+07
1.79628e+07
1.79627e+07
1.79627e+07
1.79627e+07
1.79628e+07
1.79628e+07
1.79628e+07
1.79629e+07
1.79629e+07
1.7963e+07
1.7963e+07
1.79631e+07
1.79631e+07
1.79632e+07
1.79633e+07
1.79633e+07
1.79634e+07
1.79634e+07
1.79635e+07
1.79635e+07
1.79636e+07
1.79636e+07
1.79636e+07
1.79636e+07
1.79636e+07
1.79636e+07
1.79636e+07
1.79636e+07
1.79636e+07
1.79635e+07
1.79635e+07
1.79634e+07
1.79634e+07
1.79633e+07
1.79633e+07
1.79632e+07
1.79631e+07
1.7963e+07
1.79629e+07
1.79629e+07
1.79628e+07
1.79627e+07
1.79626e+07
1.79626e+07
1.79625e+07
1.79624e+07
1.79624e+07
1.79623e+07
1.79623e+07
1.79622e+07
1.79622e+07
1.79622e+07
1.79622e+07
1.79622e+07
1.79622e+07
1.79623e+07
1.79623e+07
1.79623e+07
1.79624e+07
1.79625e+07
1.79625e+07
1.79626e+07
1.79627e+07
1.79628e+07
1.79629e+07
1.7963e+07
1.79631e+07
1.79632e+07
1.79632e+07
1.79633e+07
1.79634e+07
1.79634e+07
1.79635e+07
1.79635e+07
1.79636e+07
1.79636e+07
1.79636e+07
1.79636e+07
1.79636e+07
1.79635e+07
1.79635e+07
1.79634e+07
1.79634e+07
1.79633e+07
1.79632e+07
1.79632e+07
1.79631e+07
1.7963e+07
1.79629e+07
1.79628e+07
1.79627e+07
1.79626e+07
1.79626e+07
1.79625e+07
1.79624e+07
1.79623e+07
1.79622e+07
1.79622e+07
1.79621e+07
1.79621e+07
1.7962e+07
1.7962e+07
1.7962e+07
1.7962e+07
1.7962e+07
1.7962e+07
1.79621e+07
1.79621e+07
1.79622e+07
1.79623e+07
1.79624e+07
1.79625e+07
1.79626e+07
1.79627e+07
1.79628e+07
1.79629e+07
1.79631e+07
1.79632e+07
1.79633e+07
1.79634e+07
1.79635e+07
1.79636e+07
1.79636e+07
1.79637e+07
1.79637e+07
1.79638e+07
1.79638e+07
1.79638e+07
1.79638e+07
1.79637e+07
1.79634e+07
1.79624e+07
1.79698e+07
1.79724e+07
1.79726e+07
1.79721e+07
1.79716e+07
1.79712e+07
1.79707e+07
1.79696e+07
1.79676e+07
1.79659e+07
1.79647e+07
1.7964e+07
1.79646e+07
1.79665e+07
1.79675e+07
1.7965e+07
1.79586e+07
1.79508e+07
1.79459e+07
1.79416e+07
1.79684e+07
1.79696e+07
1.79696e+07
1.7969e+07
1.79685e+07
1.79681e+07
1.79676e+07
1.79664e+07
1.79643e+07
1.79625e+07
1.79614e+07
1.79609e+07
1.79614e+07
1.79635e+07
1.7964e+07
1.79608e+07
1.79534e+07
1.79453e+07
1.79407e+07
1.7937e+07
1.7964e+07
1.7964e+07
1.79636e+07
1.79628e+07
1.79618e+07
1.79605e+07
1.7959e+07
1.79572e+07
1.79552e+07
1.79529e+07
1.79503e+07
1.79473e+07
1.7944e+07
1.79405e+07
1.79371e+07
1.79341e+07
1.79312e+07
1.79283e+07
1.79248e+07
1.7921e+07
1.79555e+07
1.79545e+07
1.79548e+07
1.79551e+07
1.79545e+07
1.79529e+07
1.79504e+07
1.79483e+07
1.79454e+07
1.79431e+07
1.79402e+07
1.79376e+07
1.7935e+07
1.79325e+07
1.79302e+07
1.79279e+07
1.79258e+07
1.79241e+07
1.79228e+07
1.79218e+07
1.79515e+07
1.79468e+07
1.79451e+07
1.79448e+07
1.79439e+07
1.79421e+07
1.79395e+07
1.79369e+07
1.79338e+07
1.79309e+07
1.79277e+07
1.79247e+07
1.79217e+07
1.79189e+07
1.79162e+07
1.79136e+07
1.79114e+07
1.79095e+07
1.79083e+07
1.7908e+07
1.79223e+07
1.79206e+07
1.79207e+07
1.79191e+07
1.79182e+07
1.79181e+07
1.79181e+07
1.7918e+07
1.79181e+07
1.79182e+07
1.79183e+07
1.79184e+07
1.79186e+07
1.79188e+07
1.7919e+07
1.79193e+07
1.79196e+07
1.79199e+07
1.79203e+07
1.79207e+07
1.79211e+07
1.79214e+07
1.79218e+07
1.79222e+07
1.79226e+07
1.7923e+07
1.79235e+07
1.7924e+07
1.79245e+07
1.7925e+07
1.79255e+07
1.7926e+07
1.79266e+07
1.79273e+07
1.79279e+07
1.79286e+07
1.79294e+07
1.79302e+07
1.7931e+07
1.79318e+07
1.79327e+07
1.79335e+07
1.79344e+07
1.79352e+07
1.79361e+07
1.79369e+07
1.79377e+07
1.79385e+07
1.79393e+07
1.79402e+07
1.79411e+07
1.79419e+07
1.79429e+07
1.79438e+07
1.79448e+07
1.79458e+07
1.79469e+07
1.7948e+07
1.79491e+07
1.79503e+07
1.79515e+07
1.79527e+07
1.79539e+07
1.79552e+07
1.79565e+07
1.79578e+07
1.79592e+07
1.79606e+07
1.7962e+07
1.79634e+07
1.79648e+07
1.79663e+07
1.79678e+07
1.79692e+07
1.79708e+07
1.79723e+07
1.79738e+07
1.79754e+07
1.7977e+07
1.79786e+07
1.79802e+07
1.79818e+07
1.79835e+07
1.79852e+07
1.79869e+07
1.79886e+07
1.79904e+07
1.79921e+07
1.7994e+07
1.79958e+07
1.79977e+07
1.79995e+07
1.80015e+07
1.80034e+07
1.80054e+07
1.80074e+07
1.80095e+07
1.80116e+07
1.80137e+07
1.80159e+07
1.80181e+07
1.80203e+07
1.80225e+07
1.80248e+07
1.80271e+07
1.80295e+07
1.80318e+07
1.80342e+07
1.80367e+07
1.80391e+07
1.80416e+07
1.80441e+07
1.80466e+07
1.80492e+07
1.80517e+07
1.80543e+07
1.80569e+07
1.80595e+07
1.80622e+07
1.80649e+07
1.80676e+07
1.80703e+07
1.8073e+07
1.80758e+07
1.80785e+07
1.80813e+07
1.80842e+07
1.8087e+07
1.80899e+07
1.80928e+07
1.80957e+07
1.80986e+07
1.81016e+07
1.81046e+07
1.81077e+07
1.81107e+07
1.81138e+07
1.8117e+07
1.81201e+07
1.81233e+07
1.81265e+07
1.81298e+07
1.8133e+07
1.81363e+07
1.81397e+07
1.8143e+07
1.81464e+07
1.81498e+07
1.81533e+07
1.81567e+07
1.81602e+07
1.81638e+07
1.81673e+07
1.81709e+07
1.81744e+07
1.8178e+07
1.81817e+07
1.81853e+07
1.8189e+07
1.81927e+07
1.81964e+07
1.82001e+07
1.82038e+07
1.82076e+07
1.82114e+07
1.82152e+07
1.8219e+07
1.82228e+07
1.82267e+07
1.82306e+07
1.82345e+07
1.82384e+07
1.82423e+07
1.82463e+07
1.82503e+07
1.82543e+07
1.82583e+07
1.82624e+07
1.82665e+07
1.82706e+07
1.82747e+07
1.82789e+07
1.8283e+07
1.82872e+07
1.82915e+07
1.82957e+07
1.83e+07
1.83043e+07
1.83086e+07
1.83129e+07
1.83173e+07
1.83217e+07
1.83261e+07
1.83305e+07
1.83349e+07
1.83394e+07
1.83438e+07
1.83483e+07
1.83528e+07
1.83573e+07
1.83619e+07
1.83664e+07
1.8371e+07
1.83756e+07
1.83802e+07
1.83848e+07
1.83895e+07
1.83941e+07
1.83988e+07
1.84035e+07
1.84082e+07
1.84129e+07
1.84177e+07
1.84224e+07
1.84272e+07
1.8432e+07
1.84368e+07
1.84416e+07
1.84465e+07
1.84514e+07
1.84562e+07
1.84611e+07
1.84661e+07
1.8471e+07
1.8476e+07
1.84809e+07
1.84859e+07
1.84909e+07
1.84959e+07
1.85009e+07
1.8506e+07
1.8511e+07
1.85161e+07
1.85212e+07
1.85262e+07
1.85313e+07
1.85364e+07
1.85415e+07
1.85466e+07
1.85517e+07
1.85569e+07
1.8562e+07
1.85671e+07
1.85722e+07
1.85773e+07
1.85825e+07
1.85876e+07
1.85927e+07
1.85979e+07
1.8603e+07
1.86082e+07
1.86133e+07
1.86184e+07
1.86236e+07
1.86287e+07
1.86339e+07
1.86391e+07
1.86442e+07
1.86494e+07
1.86546e+07
1.86597e+07
1.86649e+07
1.86701e+07
1.86753e+07
1.86805e+07
1.86857e+07
1.86909e+07
1.86961e+07
1.87013e+07
1.87066e+07
1.87118e+07
1.8717e+07
1.87222e+07
1.87274e+07
1.87327e+07
1.87379e+07
1.87431e+07
1.87483e+07
1.87535e+07
1.87588e+07
1.8764e+07
1.87691e+07
1.87743e+07
1.87795e+07
1.87847e+07
1.87898e+07
1.8795e+07
1.88001e+07
1.88052e+07
1.88104e+07
1.88155e+07
1.88205e+07
1.88256e+07
1.88306e+07
1.88357e+07
1.88407e+07
1.88457e+07
1.88507e+07
1.88557e+07
1.88606e+07
1.88656e+07
1.88705e+07
1.88754e+07
1.88803e+07
1.88851e+07
1.889e+07
1.88948e+07
1.88997e+07
1.89045e+07
1.89092e+07
1.8914e+07
1.89188e+07
1.89235e+07
1.89282e+07
1.89329e+07
1.89376e+07
1.89423e+07
1.89469e+07
1.89516e+07
1.89562e+07
1.89608e+07
1.89653e+07
1.89699e+07
1.89744e+07
1.8979e+07
1.89835e+07
1.89879e+07
1.89924e+07
1.89968e+07
1.90013e+07
1.90057e+07
1.901e+07
1.90144e+07
1.90188e+07
1.90231e+07
1.90274e+07
1.90317e+07
1.90359e+07
1.90402e+07
1.90444e+07
1.90486e+07
1.90528e+07
1.9057e+07
1.90612e+07
1.90653e+07
1.90694e+07
1.90735e+07
1.90776e+07
1.90817e+07
1.90857e+07
1.90897e+07
1.90938e+07
1.90977e+07
1.91017e+07
1.91057e+07
1.91096e+07
1.91136e+07
1.91175e+07
1.91213e+07
1.91252e+07
1.91291e+07
1.91329e+07
1.91367e+07
1.91405e+07
1.91443e+07
1.91481e+07
1.91518e+07
1.91555e+07
1.91592e+07
1.91629e+07
1.91666e+07
1.91702e+07
1.91739e+07
1.91775e+07
1.91811e+07
1.91846e+07
1.91882e+07
1.91917e+07
1.91952e+07
1.91987e+07
1.92022e+07
1.92056e+07
1.9209e+07
1.92124e+07
1.92158e+07
1.92192e+07
1.92225e+07
1.92258e+07
1.92291e+07
1.92324e+07
1.92356e+07
1.92388e+07
1.9242e+07
1.92452e+07
1.92483e+07
1.92515e+07
1.92545e+07
1.92576e+07
1.92606e+07
1.92636e+07
1.92666e+07
1.92696e+07
1.92725e+07
1.92754e+07
1.92783e+07
1.92811e+07
1.9284e+07
1.92867e+07
1.92895e+07
1.92923e+07
1.9295e+07
1.92977e+07
1.93003e+07
1.93029e+07
1.93056e+07
1.93081e+07
1.93107e+07
1.93132e+07
1.93157e+07
1.93182e+07
1.93207e+07
1.93231e+07
1.93256e+07
1.93279e+07
1.93303e+07
1.93327e+07
1.9335e+07
1.93373e+07
1.93396e+07
1.93418e+07
1.9344e+07
1.93462e+07
1.93484e+07
1.93506e+07
1.93527e+07
1.93548e+07
1.93569e+07
1.9359e+07
1.9361e+07
1.9363e+07
1.9365e+07
1.93669e+07
1.93688e+07
1.93707e+07
1.93726e+07
1.93744e+07
1.93762e+07
1.9378e+07
1.93798e+07
1.93815e+07
1.93832e+07
1.93848e+07
1.93864e+07
1.9388e+07
1.93896e+07
1.93911e+07
1.93926e+07
1.93941e+07
1.93955e+07
1.93969e+07
1.93983e+07
1.93996e+07
1.94009e+07
1.94022e+07
1.94034e+07
1.94046e+07
1.94058e+07
1.94069e+07
1.9408e+07
1.94091e+07
1.94101e+07
1.94111e+07
1.94121e+07
1.9413e+07
1.94139e+07
1.94148e+07
1.94156e+07
1.94165e+07
1.94172e+07
1.9418e+07
1.94187e+07
1.94194e+07
1.94201e+07
1.94207e+07
1.94213e+07
1.94219e+07
1.94225e+07
1.9423e+07
1.94235e+07
1.9424e+07
1.94245e+07
1.94249e+07
1.94254e+07
1.94258e+07
1.94262e+07
1.94266e+07
1.94271e+07
1.94274e+07
1.94278e+07
1.94282e+07
1.94286e+07
1.9429e+07
1.94294e+07
1.94298e+07
1.94302e+07
1.94306e+07
1.9431e+07
1.94315e+07
1.94319e+07
1.94324e+07
1.94328e+07
1.94333e+07
1.94337e+07
1.94342e+07
1.94347e+07
1.94352e+07
1.94357e+07
1.94362e+07
1.94367e+07
1.94372e+07
1.94377e+07
1.94382e+07
1.94387e+07
1.94392e+07
1.94398e+07
1.94403e+07
1.94408e+07
1.94413e+07
1.94418e+07
1.94423e+07
1.94428e+07
1.94432e+07
1.94437e+07
1.94442e+07
1.94446e+07
1.94451e+07
1.94455e+07
1.94459e+07
1.94463e+07
1.94467e+07
1.94471e+07
1.94475e+07
1.94479e+07
1.94482e+07
1.94486e+07
1.94489e+07
1.94492e+07
1.94495e+07
1.94498e+07
1.94501e+07
1.94504e+07
1.94507e+07
1.9451e+07
1.94512e+07
1.94515e+07
1.94518e+07
1.9452e+07
1.94523e+07
1.94525e+07
1.94527e+07
1.9453e+07
1.94532e+07
1.94534e+07
1.94536e+07
1.94539e+07
1.94541e+07
1.94543e+07
1.94545e+07
1.94548e+07
1.9455e+07
1.94552e+07
1.94554e+07
1.94556e+07
1.94559e+07
1.94561e+07
1.94563e+07
1.94565e+07
1.94567e+07
1.9457e+07
1.94572e+07
1.94574e+07
1.94576e+07
1.94579e+07
1.94581e+07
1.94583e+07
1.94585e+07
1.94587e+07
1.94589e+07
1.94592e+07
1.94594e+07
1.94596e+07
1.94598e+07
1.946e+07
1.94602e+07
1.94604e+07
1.94607e+07
1.94609e+07
1.94611e+07
1.94613e+07
1.94615e+07
1.79215e+07
1.79206e+07
1.79207e+07
1.79191e+07
1.79182e+07
1.79181e+07
1.79181e+07
1.7918e+07
1.79181e+07
1.79182e+07
1.79183e+07
1.79184e+07
1.79186e+07
1.79188e+07
1.7919e+07
1.79193e+07
1.79196e+07
1.79199e+07
1.79203e+07
1.79207e+07
1.79211e+07
1.79214e+07
1.79218e+07
1.79222e+07
1.79226e+07
1.7923e+07
1.79235e+07
1.7924e+07
1.79245e+07
1.7925e+07
1.79255e+07
1.7926e+07
1.79266e+07
1.79273e+07
1.79279e+07
1.79286e+07
1.79294e+07
1.79302e+07
1.7931e+07
1.79318e+07
1.79327e+07
1.79335e+07
1.79344e+07
1.79352e+07
1.79361e+07
1.79369e+07
1.79377e+07
1.79385e+07
1.79393e+07
1.79402e+07
1.79411e+07
1.79419e+07
1.79429e+07
1.79438e+07
1.79448e+07
1.79458e+07
1.79469e+07
1.7948e+07
1.79491e+07
1.79503e+07
1.79515e+07
1.79527e+07
1.79539e+07
1.79552e+07
1.79565e+07
1.79578e+07
1.79592e+07
1.79606e+07
1.7962e+07
1.79634e+07
1.79648e+07
1.79663e+07
1.79678e+07
1.79692e+07
1.79708e+07
1.79723e+07
1.79738e+07
1.79754e+07
1.7977e+07
1.79786e+07
1.79802e+07
1.79818e+07
1.79835e+07
1.79852e+07
1.79869e+07
1.79886e+07
1.79904e+07
1.79921e+07
1.7994e+07
1.79958e+07
1.79977e+07
1.79995e+07
1.80015e+07
1.80034e+07
1.80054e+07
1.80074e+07
1.80095e+07
1.80116e+07
1.80137e+07
1.80159e+07
1.80181e+07
1.80203e+07
1.80225e+07
1.80248e+07
1.80271e+07
1.80295e+07
1.80318e+07
1.80342e+07
1.80367e+07
1.80391e+07
1.80416e+07
1.80441e+07
1.80466e+07
1.80492e+07
1.80517e+07
1.80543e+07
1.80569e+07
1.80595e+07
1.80622e+07
1.80649e+07
1.80676e+07
1.80703e+07
1.8073e+07
1.80758e+07
1.80785e+07
1.80813e+07
1.80842e+07
1.8087e+07
1.80899e+07
1.80928e+07
1.80957e+07
1.80986e+07
1.81016e+07
1.81046e+07
1.81077e+07
1.81107e+07
1.81138e+07
1.8117e+07
1.81201e+07
1.81233e+07
1.81265e+07
1.81298e+07
1.8133e+07
1.81363e+07
1.81397e+07
1.8143e+07
1.81464e+07
1.81498e+07
1.81533e+07
1.81567e+07
1.81602e+07
1.81638e+07
1.81673e+07
1.81709e+07
1.81744e+07
1.8178e+07
1.81817e+07
1.81853e+07
1.8189e+07
1.81927e+07
1.81964e+07
1.82001e+07
1.82038e+07
1.82076e+07
1.82114e+07
1.82152e+07
1.8219e+07
1.82228e+07
1.82267e+07
1.82306e+07
1.82345e+07
1.82384e+07
1.82423e+07
1.82463e+07
1.82503e+07
1.82543e+07
1.82583e+07
1.82624e+07
1.82665e+07
1.82706e+07
1.82747e+07
1.82789e+07
1.8283e+07
1.82872e+07
1.82915e+07
1.82957e+07
1.83e+07
1.83043e+07
1.83086e+07
1.83129e+07
1.83173e+07
1.83217e+07
1.83261e+07
1.83305e+07
1.83349e+07
1.83394e+07
1.83438e+07
1.83483e+07
1.83528e+07
1.83573e+07
1.83619e+07
1.83664e+07
1.8371e+07
1.83756e+07
1.83802e+07
1.83848e+07
1.83895e+07
1.83941e+07
1.83988e+07
1.84035e+07
1.84082e+07
1.84129e+07
1.84177e+07
1.84224e+07
1.84272e+07
1.8432e+07
1.84368e+07
1.84416e+07
1.84465e+07
1.84514e+07
1.84562e+07
1.84611e+07
1.84661e+07
1.8471e+07
1.8476e+07
1.84809e+07
1.84859e+07
1.84909e+07
1.84959e+07
1.85009e+07
1.8506e+07
1.8511e+07
1.85161e+07
1.85212e+07
1.85262e+07
1.85313e+07
1.85364e+07
1.85415e+07
1.85466e+07
1.85517e+07
1.85569e+07
1.8562e+07
1.85671e+07
1.85722e+07
1.85773e+07
1.85825e+07
1.85876e+07
1.85927e+07
1.85979e+07
1.8603e+07
1.86082e+07
1.86133e+07
1.86184e+07
1.86236e+07
1.86287e+07
1.86339e+07
1.86391e+07
1.86442e+07
1.86494e+07
1.86546e+07
1.86597e+07
1.86649e+07
1.86701e+07
1.86753e+07
1.86805e+07
1.86857e+07
1.86909e+07
1.86961e+07
1.87013e+07
1.87066e+07
1.87118e+07
1.8717e+07
1.87222e+07
1.87274e+07
1.87327e+07
1.87379e+07
1.87431e+07
1.87483e+07
1.87535e+07
1.87588e+07
1.8764e+07
1.87691e+07
1.87743e+07
1.87795e+07
1.87847e+07
1.87898e+07
1.8795e+07
1.88001e+07
1.88052e+07
1.88104e+07
1.88155e+07
1.88205e+07
1.88256e+07
1.88306e+07
1.88357e+07
1.88407e+07
1.88457e+07
1.88507e+07
1.88557e+07
1.88606e+07
1.88656e+07
1.88705e+07
1.88754e+07
1.88803e+07
1.88851e+07
1.889e+07
1.88948e+07
1.88997e+07
1.89045e+07
1.89092e+07
1.8914e+07
1.89188e+07
1.89235e+07
1.89282e+07
1.89329e+07
1.89376e+07
1.89423e+07
1.89469e+07
1.89516e+07
1.89562e+07
1.89608e+07
1.89653e+07
1.89699e+07
1.89744e+07
1.8979e+07
1.89835e+07
1.89879e+07
1.89924e+07
1.89968e+07
1.90013e+07
1.90057e+07
1.901e+07
1.90144e+07
1.90188e+07
1.90231e+07
1.90274e+07
1.90317e+07
1.90359e+07
1.90402e+07
1.90444e+07
1.90486e+07
1.90528e+07
1.9057e+07
1.90612e+07
1.90653e+07
1.90694e+07
1.90735e+07
1.90776e+07
1.90817e+07
1.90857e+07
1.90897e+07
1.90938e+07
1.90977e+07
1.91017e+07
1.91057e+07
1.91096e+07
1.91136e+07
1.91175e+07
1.91213e+07
1.91252e+07
1.91291e+07
1.91329e+07
1.91367e+07
1.91405e+07
1.91443e+07
1.91481e+07
1.91518e+07
1.91555e+07
1.91592e+07
1.91629e+07
1.91666e+07
1.91702e+07
1.91739e+07
1.91775e+07
1.91811e+07
1.91846e+07
1.91882e+07
1.91917e+07
1.91952e+07
1.91987e+07
1.92022e+07
1.92056e+07
1.9209e+07
1.92124e+07
1.92158e+07
1.92192e+07
1.92225e+07
1.92258e+07
1.92291e+07
1.92324e+07
1.92356e+07
1.92388e+07
1.9242e+07
1.92452e+07
1.92483e+07
1.92515e+07
1.92545e+07
1.92576e+07
1.92606e+07
1.92636e+07
1.92666e+07
1.92696e+07
1.92725e+07
1.92754e+07
1.92783e+07
1.92811e+07
1.9284e+07
1.92867e+07
1.92895e+07
1.92923e+07
1.9295e+07
1.92977e+07
1.93003e+07
1.93029e+07
1.93056e+07
1.93081e+07
1.93107e+07
1.93132e+07
1.93157e+07
1.93182e+07
1.93207e+07
1.93231e+07
1.93256e+07
1.93279e+07
1.93303e+07
1.93327e+07
1.9335e+07
1.93373e+07
1.93396e+07
1.93418e+07
1.9344e+07
1.93462e+07
1.93484e+07
1.93506e+07
1.93527e+07
1.93548e+07
1.93569e+07
1.9359e+07
1.9361e+07
1.9363e+07
1.9365e+07
1.93669e+07
1.93688e+07
1.93707e+07
1.93726e+07
1.93744e+07
1.93762e+07
1.9378e+07
1.93798e+07
1.93815e+07
1.93832e+07
1.93848e+07
1.93864e+07
1.9388e+07
1.93896e+07
1.93911e+07
1.93926e+07
1.93941e+07
1.93955e+07
1.93969e+07
1.93983e+07
1.93996e+07
1.94009e+07
1.94022e+07
1.94034e+07
1.94046e+07
1.94058e+07
1.94069e+07
1.9408e+07
1.94091e+07
1.94101e+07
1.94111e+07
1.94121e+07
1.9413e+07
1.94139e+07
1.94148e+07
1.94156e+07
1.94165e+07
1.94172e+07
1.9418e+07
1.94187e+07
1.94194e+07
1.94201e+07
1.94207e+07
1.94213e+07
1.94219e+07
1.94225e+07
1.9423e+07
1.94235e+07
1.9424e+07
1.94245e+07
1.94249e+07
1.94254e+07
1.94258e+07
1.94262e+07
1.94266e+07
1.94271e+07
1.94274e+07
1.94278e+07
1.94282e+07
1.94286e+07
1.9429e+07
1.94294e+07
1.94298e+07
1.94302e+07
1.94306e+07
1.9431e+07
1.94315e+07
1.94319e+07
1.94324e+07
1.94328e+07
1.94333e+07
1.94337e+07
1.94342e+07
1.94347e+07
1.94352e+07
1.94357e+07
1.94362e+07
1.94367e+07
1.94372e+07
1.94377e+07
1.94382e+07
1.94387e+07
1.94392e+07
1.94398e+07
1.94403e+07
1.94408e+07
1.94413e+07
1.94418e+07
1.94423e+07
1.94428e+07
1.94432e+07
1.94437e+07
1.94442e+07
1.94446e+07
1.94451e+07
1.94455e+07
1.94459e+07
1.94463e+07
1.94467e+07
1.94471e+07
1.94475e+07
1.94479e+07
1.94482e+07
1.94486e+07
1.94489e+07
1.94492e+07
1.94495e+07
1.94498e+07
1.94501e+07
1.94504e+07
1.94507e+07
1.9451e+07
1.94512e+07
1.94515e+07
1.94518e+07
1.9452e+07
1.94523e+07
1.94525e+07
1.94527e+07
1.9453e+07
1.94532e+07
1.94534e+07
1.94536e+07
1.94539e+07
1.94541e+07
1.94543e+07
1.94545e+07
1.94548e+07
1.9455e+07
1.94552e+07
1.94554e+07
1.94556e+07
1.94559e+07
1.94561e+07
1.94563e+07
1.94565e+07
1.94567e+07
1.9457e+07
1.94572e+07
1.94574e+07
1.94576e+07
1.94579e+07
1.94581e+07
1.94583e+07
1.94585e+07
1.94587e+07
1.94589e+07
1.94592e+07
1.94594e+07
1.94596e+07
1.94598e+07
1.946e+07
1.94602e+07
1.94604e+07
1.94607e+07
1.94609e+07
1.94611e+07
1.94613e+07
1.94615e+07
1.79082e+07
1.79147e+07
1.79182e+07
1.79184e+07
1.7918e+07
1.79179e+07
1.79179e+07
1.7918e+07
1.79181e+07
1.79182e+07
1.79183e+07
1.79184e+07
1.79186e+07
1.79188e+07
1.7919e+07
1.79193e+07
1.79196e+07
1.79199e+07
1.79202e+07
1.79205e+07
1.79209e+07
1.79213e+07
1.79217e+07
1.79221e+07
1.79226e+07
1.79231e+07
1.79235e+07
1.7924e+07
1.79245e+07
1.7925e+07
1.79256e+07
1.79262e+07
1.79268e+07
1.79274e+07
1.79281e+07
1.79288e+07
1.79296e+07
1.79303e+07
1.79311e+07
1.79319e+07
1.79328e+07
1.79336e+07
1.79344e+07
1.79353e+07
1.79361e+07
1.79369e+07
1.79377e+07
1.79385e+07
1.79393e+07
1.79402e+07
1.79411e+07
1.79419e+07
1.79429e+07
1.79438e+07
1.79448e+07
1.79458e+07
1.79469e+07
1.7948e+07
1.79491e+07
1.79503e+07
1.79515e+07
1.79527e+07
1.79539e+07
1.79552e+07
1.79565e+07
1.79578e+07
1.79592e+07
1.79606e+07
1.7962e+07
1.79634e+07
1.79648e+07
1.79663e+07
1.79678e+07
1.79692e+07
1.79708e+07
1.79723e+07
1.79738e+07
1.79754e+07
1.7977e+07
1.79786e+07
1.79802e+07
1.79818e+07
1.79835e+07
1.79852e+07
1.79869e+07
1.79886e+07
1.79904e+07
1.79921e+07
1.7994e+07
1.79958e+07
1.79977e+07
1.79995e+07
1.80015e+07
1.80034e+07
1.80054e+07
1.80074e+07
1.80095e+07
1.80116e+07
1.80137e+07
1.80159e+07
1.80181e+07
1.80203e+07
1.80225e+07
1.80248e+07
1.80271e+07
1.80295e+07
1.80318e+07
1.80342e+07
1.80367e+07
1.80391e+07
1.80416e+07
1.80441e+07
1.80466e+07
1.80492e+07
1.80517e+07
1.80543e+07
1.80569e+07
1.80595e+07
1.80622e+07
1.80649e+07
1.80676e+07
1.80703e+07
1.8073e+07
1.80758e+07
1.80785e+07
1.80813e+07
1.80842e+07
1.8087e+07
1.80899e+07
1.80928e+07
1.80957e+07
1.80986e+07
1.81016e+07
1.81046e+07
1.81077e+07
1.81107e+07
1.81138e+07
1.8117e+07
1.81201e+07
1.81233e+07
1.81265e+07
1.81298e+07
1.8133e+07
1.81363e+07
1.81397e+07
1.8143e+07
1.81464e+07
1.81498e+07
1.81533e+07
1.81567e+07
1.81602e+07
1.81638e+07
1.81673e+07
1.81709e+07
1.81744e+07
1.8178e+07
1.81817e+07
1.81853e+07
1.8189e+07
1.81927e+07
1.81964e+07
1.82001e+07
1.82038e+07
1.82076e+07
1.82114e+07
1.82152e+07
1.8219e+07
1.82228e+07
1.82267e+07
1.82306e+07
1.82345e+07
1.82384e+07
1.82423e+07
1.82463e+07
1.82503e+07
1.82543e+07
1.82583e+07
1.82624e+07
1.82665e+07
1.82706e+07
1.82747e+07
1.82789e+07
1.8283e+07
1.82872e+07
1.82915e+07
1.82957e+07
1.83e+07
1.83043e+07
1.83086e+07
1.83129e+07
1.83173e+07
1.83217e+07
1.83261e+07
1.83305e+07
1.83349e+07
1.83394e+07
1.83438e+07
1.83483e+07
1.83528e+07
1.83573e+07
1.83619e+07
1.83664e+07
1.8371e+07
1.83756e+07
1.83802e+07
1.83848e+07
1.83895e+07
1.83941e+07
1.83988e+07
1.84035e+07
1.84082e+07
1.84129e+07
1.84177e+07
1.84224e+07
1.84272e+07
1.8432e+07
1.84368e+07
1.84416e+07
1.84465e+07
1.84514e+07
1.84562e+07
1.84611e+07
1.84661e+07
1.8471e+07
1.8476e+07
1.84809e+07
1.84859e+07
1.84909e+07
1.84959e+07
1.85009e+07
1.8506e+07
1.8511e+07
1.85161e+07
1.85212e+07
1.85262e+07
1.85313e+07
1.85364e+07
1.85415e+07
1.85466e+07
1.85517e+07
1.85569e+07
1.8562e+07
1.85671e+07
1.85722e+07
1.85773e+07
1.85825e+07
1.85876e+07
1.85927e+07
1.85979e+07
1.8603e+07
1.86082e+07
1.86133e+07
1.86184e+07
1.86236e+07
1.86287e+07
1.86339e+07
1.86391e+07
1.86442e+07
1.86494e+07
1.86546e+07
1.86597e+07
1.86649e+07
1.86701e+07
1.86753e+07
1.86805e+07
1.86857e+07
1.86909e+07
1.86961e+07
1.87013e+07
1.87066e+07
1.87118e+07
1.8717e+07
1.87222e+07
1.87274e+07
1.87327e+07
1.87379e+07
1.87431e+07
1.87483e+07
1.87535e+07
1.87588e+07
1.8764e+07
1.87691e+07
1.87743e+07
1.87795e+07
1.87847e+07
1.87898e+07
1.8795e+07
1.88001e+07
1.88052e+07
1.88104e+07
1.88155e+07
1.88205e+07
1.88256e+07
1.88306e+07
1.88357e+07
1.88407e+07
1.88457e+07
1.88507e+07
1.88557e+07
1.88606e+07
1.88656e+07
1.88705e+07
1.88754e+07
1.88803e+07
1.88851e+07
1.889e+07
1.88948e+07
1.88997e+07
1.89045e+07
1.89092e+07
1.8914e+07
1.89188e+07
1.89235e+07
1.89282e+07
1.89329e+07
1.89376e+07
1.89423e+07
1.89469e+07
1.89516e+07
1.89562e+07
1.89608e+07
1.89653e+07
1.89699e+07
1.89744e+07
1.8979e+07
1.89835e+07
1.89879e+07
1.89924e+07
1.89968e+07
1.90013e+07
1.90057e+07
1.901e+07
1.90144e+07
1.90188e+07
1.90231e+07
1.90274e+07
1.90317e+07
1.90359e+07
1.90402e+07
1.90444e+07
1.90486e+07
1.90528e+07
1.9057e+07
1.90612e+07
1.90653e+07
1.90694e+07
1.90735e+07
1.90776e+07
1.90817e+07
1.90857e+07
1.90897e+07
1.90938e+07
1.90977e+07
1.91017e+07
1.91057e+07
1.91096e+07
1.91136e+07
1.91175e+07
1.91213e+07
1.91252e+07
1.91291e+07
1.91329e+07
1.91367e+07
1.91405e+07
1.91443e+07
1.91481e+07
1.91518e+07
1.91555e+07
1.91592e+07
1.91629e+07
1.91666e+07
1.91702e+07
1.91739e+07
1.91775e+07
1.91811e+07
1.91846e+07
1.91882e+07
1.91917e+07
1.91952e+07
1.91987e+07
1.92022e+07
1.92056e+07
1.9209e+07
1.92124e+07
1.92158e+07
1.92192e+07
1.92225e+07
1.92258e+07
1.92291e+07
1.92324e+07
1.92356e+07
1.92388e+07
1.9242e+07
1.92452e+07
1.92483e+07
1.92515e+07
1.92545e+07
1.92576e+07
1.92606e+07
1.92636e+07
1.92666e+07
1.92696e+07
1.92725e+07
1.92754e+07
1.92783e+07
1.92811e+07
1.9284e+07
1.92867e+07
1.92895e+07
1.92923e+07
1.9295e+07
1.92977e+07
1.93003e+07
1.93029e+07
1.93056e+07
1.93081e+07
1.93107e+07
1.93132e+07
1.93157e+07
1.93182e+07
1.93207e+07
1.93231e+07
1.93256e+07
1.93279e+07
1.93303e+07
1.93327e+07
1.9335e+07
1.93373e+07
1.93396e+07
1.93418e+07
1.9344e+07
1.93462e+07
1.93484e+07
1.93506e+07
1.93527e+07
1.93548e+07
1.93569e+07
1.9359e+07
1.9361e+07
1.9363e+07
1.9365e+07
1.93669e+07
1.93688e+07
1.93707e+07
1.93726e+07
1.93744e+07
1.93762e+07
1.9378e+07
1.93798e+07
1.93815e+07
1.93832e+07
1.93848e+07
1.93864e+07
1.9388e+07
1.93896e+07
1.93911e+07
1.93926e+07
1.93941e+07
1.93955e+07
1.93969e+07
1.93983e+07
1.93996e+07
1.94009e+07
1.94022e+07
1.94034e+07
1.94046e+07
1.94058e+07
1.94069e+07
1.9408e+07
1.94091e+07
1.94101e+07
1.94111e+07
1.94121e+07
1.9413e+07
1.94139e+07
1.94148e+07
1.94156e+07
1.94165e+07
1.94172e+07
1.9418e+07
1.94187e+07
1.94194e+07
1.94201e+07
1.94207e+07
1.94213e+07
1.94219e+07
1.94225e+07
1.9423e+07
1.94235e+07
1.9424e+07
1.94245e+07
1.94249e+07
1.94254e+07
1.94258e+07
1.94262e+07
1.94266e+07
1.94271e+07
1.94274e+07
1.94278e+07
1.94282e+07
1.94286e+07
1.9429e+07
1.94294e+07
1.94298e+07
1.94302e+07
1.94306e+07
1.9431e+07
1.94315e+07
1.94319e+07
1.94324e+07
1.94328e+07
1.94333e+07
1.94337e+07
1.94342e+07
1.94347e+07
1.94352e+07
1.94357e+07
1.94362e+07
1.94367e+07
1.94372e+07
1.94377e+07
1.94382e+07
1.94387e+07
1.94392e+07
1.94398e+07
1.94403e+07
1.94408e+07
1.94413e+07
1.94418e+07
1.94423e+07
1.94428e+07
1.94432e+07
1.94437e+07
1.94442e+07
1.94446e+07
1.94451e+07
1.94455e+07
1.94459e+07
1.94463e+07
1.94467e+07
1.94471e+07
1.94475e+07
1.94479e+07
1.94482e+07
1.94486e+07
1.94489e+07
1.94492e+07
1.94495e+07
1.94498e+07
1.94501e+07
1.94504e+07
1.94507e+07
1.9451e+07
1.94512e+07
1.94515e+07
1.94518e+07
1.9452e+07
1.94523e+07
1.94525e+07
1.94527e+07
1.9453e+07
1.94532e+07
1.94534e+07
1.94536e+07
1.94539e+07
1.94541e+07
1.94543e+07
1.94545e+07
1.94548e+07
1.9455e+07
1.94552e+07
1.94554e+07
1.94556e+07
1.94559e+07
1.94561e+07
1.94563e+07
1.94565e+07
1.94567e+07
1.9457e+07
1.94572e+07
1.94574e+07
1.94576e+07
1.94579e+07
1.94581e+07
1.94583e+07
1.94585e+07
1.94587e+07
1.94589e+07
1.94592e+07
1.94594e+07
1.94596e+07
1.94598e+07
1.946e+07
1.94602e+07
1.94604e+07
1.94607e+07
1.94609e+07
1.94611e+07
1.94613e+07
1.94615e+07
1.79179e+07
1.79182e+07
1.79188e+07
1.79185e+07
1.79181e+07
1.79179e+07
1.79179e+07
1.7918e+07
1.79181e+07
1.79182e+07
1.79183e+07
1.79184e+07
1.79186e+07
1.79188e+07
1.7919e+07
1.79193e+07
1.79195e+07
1.79198e+07
1.79202e+07
1.79205e+07
1.79209e+07
1.79213e+07
1.79217e+07
1.79222e+07
1.79226e+07
1.79231e+07
1.79236e+07
1.79241e+07
1.79246e+07
1.79251e+07
1.79257e+07
1.79263e+07
1.79269e+07
1.79275e+07
1.79282e+07
1.79289e+07
1.79297e+07
1.79305e+07
1.79312e+07
1.7932e+07
1.79329e+07
1.79337e+07
1.79345e+07
1.79353e+07
1.79361e+07
1.79369e+07
1.79377e+07
1.79385e+07
1.79394e+07
1.79402e+07
1.79411e+07
1.79419e+07
1.79429e+07
1.79438e+07
1.79448e+07
1.79458e+07
1.79469e+07
1.7948e+07
1.79491e+07
1.79503e+07
1.79515e+07
1.79527e+07
1.79539e+07
1.79552e+07
1.79565e+07
1.79578e+07
1.79592e+07
1.79606e+07
1.7962e+07
1.79634e+07
1.79648e+07
1.79663e+07
1.79678e+07
1.79692e+07
1.79708e+07
1.79723e+07
1.79738e+07
1.79754e+07
1.7977e+07
1.79786e+07
1.79802e+07
1.79818e+07
1.79835e+07
1.79852e+07
1.79869e+07
1.79886e+07
1.79904e+07
1.79921e+07
1.7994e+07
1.79958e+07
1.79977e+07
1.79995e+07
1.80015e+07
1.80034e+07
1.80054e+07
1.80074e+07
1.80095e+07
1.80116e+07
1.80137e+07
1.80159e+07
1.80181e+07
1.80203e+07
1.80225e+07
1.80248e+07
1.80271e+07
1.80295e+07
1.80318e+07
1.80342e+07
1.80367e+07
1.80391e+07
1.80416e+07
1.80441e+07
1.80466e+07
1.80492e+07
1.80517e+07
1.80543e+07
1.80569e+07
1.80595e+07
1.80622e+07
1.80649e+07
1.80676e+07
1.80703e+07
1.8073e+07
1.80758e+07
1.80785e+07
1.80813e+07
1.80842e+07
1.8087e+07
1.80899e+07
1.80928e+07
1.80957e+07
1.80986e+07
1.81016e+07
1.81046e+07
1.81077e+07
1.81107e+07
1.81138e+07
1.8117e+07
1.81201e+07
1.81233e+07
1.81265e+07
1.81298e+07
1.8133e+07
1.81363e+07
1.81397e+07
1.8143e+07
1.81464e+07
1.81498e+07
1.81533e+07
1.81567e+07
1.81602e+07
1.81638e+07
1.81673e+07
1.81709e+07
1.81744e+07
1.8178e+07
1.81817e+07
1.81853e+07
1.8189e+07
1.81927e+07
1.81964e+07
1.82001e+07
1.82038e+07
1.82076e+07
1.82114e+07
1.82152e+07
1.8219e+07
1.82228e+07
1.82267e+07
1.82306e+07
1.82345e+07
1.82384e+07
1.82423e+07
1.82463e+07
1.82503e+07
1.82543e+07
1.82583e+07
1.82624e+07
1.82665e+07
1.82706e+07
1.82747e+07
1.82789e+07
1.8283e+07
1.82872e+07
1.82915e+07
1.82957e+07
1.83e+07
1.83043e+07
1.83086e+07
1.83129e+07
1.83173e+07
1.83217e+07
1.83261e+07
1.83305e+07
1.83349e+07
1.83394e+07
1.83438e+07
1.83483e+07
1.83528e+07
1.83573e+07
1.83619e+07
1.83664e+07
1.8371e+07
1.83756e+07
1.83802e+07
1.83848e+07
1.83895e+07
1.83941e+07
1.83988e+07
1.84035e+07
1.84082e+07
1.84129e+07
1.84177e+07
1.84224e+07
1.84272e+07
1.8432e+07
1.84368e+07
1.84416e+07
1.84465e+07
1.84514e+07
1.84562e+07
1.84611e+07
1.84661e+07
1.8471e+07
1.8476e+07
1.84809e+07
1.84859e+07
1.84909e+07
1.84959e+07
1.85009e+07
1.8506e+07
1.8511e+07
1.85161e+07
1.85212e+07
1.85262e+07
1.85313e+07
1.85364e+07
1.85415e+07
1.85466e+07
1.85517e+07
1.85569e+07
1.8562e+07
1.85671e+07
1.85722e+07
1.85773e+07
1.85825e+07
1.85876e+07
1.85927e+07
1.85979e+07
1.8603e+07
1.86082e+07
1.86133e+07
1.86184e+07
1.86236e+07
1.86287e+07
1.86339e+07
1.86391e+07
1.86442e+07
1.86494e+07
1.86546e+07
1.86597e+07
1.86649e+07
1.86701e+07
1.86753e+07
1.86805e+07
1.86857e+07
1.86909e+07
1.86961e+07
1.87013e+07
1.87066e+07
1.87118e+07
1.8717e+07
1.87222e+07
1.87274e+07
1.87327e+07
1.87379e+07
1.87431e+07
1.87483e+07
1.87535e+07
1.87588e+07
1.8764e+07
1.87691e+07
1.87743e+07
1.87795e+07
1.87847e+07
1.87898e+07
1.8795e+07
1.88001e+07
1.88052e+07
1.88104e+07
1.88155e+07
1.88205e+07
1.88256e+07
1.88306e+07
1.88357e+07
1.88407e+07
1.88457e+07
1.88507e+07
1.88557e+07
1.88606e+07
1.88656e+07
1.88705e+07
1.88754e+07
1.88803e+07
1.88851e+07
1.889e+07
1.88948e+07
1.88997e+07
1.89045e+07
1.89092e+07
1.8914e+07
1.89188e+07
1.89235e+07
1.89282e+07
1.89329e+07
1.89376e+07
1.89423e+07
1.89469e+07
1.89516e+07
1.89562e+07
1.89608e+07
1.89653e+07
1.89699e+07
1.89744e+07
1.8979e+07
1.89835e+07
1.89879e+07
1.89924e+07
1.89968e+07
1.90013e+07
1.90057e+07
1.901e+07
1.90144e+07
1.90188e+07
1.90231e+07
1.90274e+07
1.90317e+07
1.90359e+07
1.90402e+07
1.90444e+07
1.90486e+07
1.90528e+07
1.9057e+07
1.90612e+07
1.90653e+07
1.90694e+07
1.90735e+07
1.90776e+07
1.90817e+07
1.90857e+07
1.90897e+07
1.90938e+07
1.90977e+07
1.91017e+07
1.91057e+07
1.91096e+07
1.91136e+07
1.91175e+07
1.91213e+07
1.91252e+07
1.91291e+07
1.91329e+07
1.91367e+07
1.91405e+07
1.91443e+07
1.91481e+07
1.91518e+07
1.91555e+07
1.91592e+07
1.91629e+07
1.91666e+07
1.91702e+07
1.91739e+07
1.91775e+07
1.91811e+07
1.91846e+07
1.91882e+07
1.91917e+07
1.91952e+07
1.91987e+07
1.92022e+07
1.92056e+07
1.9209e+07
1.92124e+07
1.92158e+07
1.92192e+07
1.92225e+07
1.92258e+07
1.92291e+07
1.92324e+07
1.92356e+07
1.92388e+07
1.9242e+07
1.92452e+07
1.92483e+07
1.92515e+07
1.92545e+07
1.92576e+07
1.92606e+07
1.92636e+07
1.92666e+07
1.92696e+07
1.92725e+07
1.92754e+07
1.92783e+07
1.92811e+07
1.9284e+07
1.92867e+07
1.92895e+07
1.92923e+07
1.9295e+07
1.92977e+07
1.93003e+07
1.93029e+07
1.93056e+07
1.93081e+07
1.93107e+07
1.93132e+07
1.93157e+07
1.93182e+07
1.93207e+07
1.93231e+07
1.93256e+07
1.93279e+07
1.93303e+07
1.93327e+07
1.9335e+07
1.93373e+07
1.93396e+07
1.93418e+07
1.9344e+07
1.93462e+07
1.93484e+07
1.93506e+07
1.93527e+07
1.93548e+07
1.93569e+07
1.9359e+07
1.9361e+07
1.9363e+07
1.9365e+07
1.93669e+07
1.93688e+07
1.93707e+07
1.93726e+07
1.93744e+07
1.93762e+07
1.9378e+07
1.93798e+07
1.93815e+07
1.93832e+07
1.93848e+07
1.93864e+07
1.9388e+07
1.93896e+07
1.93911e+07
1.93926e+07
1.93941e+07
1.93955e+07
1.93969e+07
1.93983e+07
1.93996e+07
1.94009e+07
1.94022e+07
1.94034e+07
1.94046e+07
1.94058e+07
1.94069e+07
1.9408e+07
1.94091e+07
1.94101e+07
1.94111e+07
1.94121e+07
1.9413e+07
1.94139e+07
1.94148e+07
1.94156e+07
1.94165e+07
1.94172e+07
1.9418e+07
1.94187e+07
1.94194e+07
1.94201e+07
1.94207e+07
1.94213e+07
1.94219e+07
1.94225e+07
1.9423e+07
1.94235e+07
1.9424e+07
1.94245e+07
1.94249e+07
1.94254e+07
1.94258e+07
1.94262e+07
1.94266e+07
1.94271e+07
1.94274e+07
1.94278e+07
1.94282e+07
1.94286e+07
1.9429e+07
1.94294e+07
1.94298e+07
1.94302e+07
1.94306e+07
1.9431e+07
1.94315e+07
1.94319e+07
1.94324e+07
1.94328e+07
1.94333e+07
1.94337e+07
1.94342e+07
1.94347e+07
1.94352e+07
1.94357e+07
1.94362e+07
1.94367e+07
1.94372e+07
1.94377e+07
1.94382e+07
1.94387e+07
1.94392e+07
1.94398e+07
1.94403e+07
1.94408e+07
1.94413e+07
1.94418e+07
1.94423e+07
1.94428e+07
1.94432e+07
1.94437e+07
1.94442e+07
1.94446e+07
1.94451e+07
1.94455e+07
1.94459e+07
1.94463e+07
1.94467e+07
1.94471e+07
1.94475e+07
1.94479e+07
1.94482e+07
1.94486e+07
1.94489e+07
1.94492e+07
1.94495e+07
1.94498e+07
1.94501e+07
1.94504e+07
1.94507e+07
1.9451e+07
1.94512e+07
1.94515e+07
1.94518e+07
1.9452e+07
1.94523e+07
1.94525e+07
1.94527e+07
1.9453e+07
1.94532e+07
1.94534e+07
1.94536e+07
1.94539e+07
1.94541e+07
1.94543e+07
1.94545e+07
1.94548e+07
1.9455e+07
1.94552e+07
1.94554e+07
1.94556e+07
1.94559e+07
1.94561e+07
1.94563e+07
1.94565e+07
1.94567e+07
1.9457e+07
1.94572e+07
1.94574e+07
1.94576e+07
1.94579e+07
1.94581e+07
1.94583e+07
1.94585e+07
1.94587e+07
1.94589e+07
1.94592e+07
1.94594e+07
1.94596e+07
1.94598e+07
1.946e+07
1.94602e+07
1.94604e+07
1.94607e+07
1.94609e+07
1.94611e+07
1.94613e+07
1.94615e+07
1.7916e+07
1.79179e+07
1.79187e+07
1.79185e+07
1.79181e+07
1.79179e+07
1.79179e+07
1.7918e+07
1.79181e+07
1.79182e+07
1.79183e+07
1.79184e+07
1.79186e+07
1.79188e+07
1.7919e+07
1.79193e+07
1.79195e+07
1.79198e+07
1.79202e+07
1.79205e+07
1.79209e+07
1.79213e+07
1.79217e+07
1.79222e+07
1.79226e+07
1.79231e+07
1.79236e+07
1.79241e+07
1.79246e+07
1.79251e+07
1.79257e+07
1.79263e+07
1.79269e+07
1.79275e+07
1.79282e+07
1.79289e+07
1.79297e+07
1.79304e+07
1.79312e+07
1.7932e+07
1.79329e+07
1.79337e+07
1.79345e+07
1.79353e+07
1.79361e+07
1.79369e+07
1.79377e+07
1.79385e+07
1.79394e+07
1.79402e+07
1.79411e+07
1.79419e+07
1.79429e+07
1.79438e+07
1.79448e+07
1.79458e+07
1.79469e+07
1.7948e+07
1.79491e+07
1.79503e+07
1.79515e+07
1.79527e+07
1.79539e+07
1.79552e+07
1.79565e+07
1.79578e+07
1.79592e+07
1.79606e+07
1.7962e+07
1.79634e+07
1.79648e+07
1.79663e+07
1.79678e+07
1.79692e+07
1.79708e+07
1.79723e+07
1.79738e+07
1.79754e+07
1.7977e+07
1.79786e+07
1.79802e+07
1.79818e+07
1.79835e+07
1.79852e+07
1.79869e+07
1.79886e+07
1.79904e+07
1.79921e+07
1.7994e+07
1.79958e+07
1.79977e+07
1.79995e+07
1.80015e+07
1.80034e+07
1.80054e+07
1.80074e+07
1.80095e+07
1.80116e+07
1.80137e+07
1.80159e+07
1.80181e+07
1.80203e+07
1.80225e+07
1.80248e+07
1.80271e+07
1.80295e+07
1.80318e+07
1.80342e+07
1.80367e+07
1.80391e+07
1.80416e+07
1.80441e+07
1.80466e+07
1.80492e+07
1.80517e+07
1.80543e+07
1.80569e+07
1.80595e+07
1.80622e+07
1.80649e+07
1.80676e+07
1.80703e+07
1.8073e+07
1.80758e+07
1.80785e+07
1.80813e+07
1.80842e+07
1.8087e+07
1.80899e+07
1.80928e+07
1.80957e+07
1.80986e+07
1.81016e+07
1.81046e+07
1.81077e+07
1.81107e+07
1.81138e+07
1.8117e+07
1.81201e+07
1.81233e+07
1.81265e+07
1.81298e+07
1.8133e+07
1.81363e+07
1.81397e+07
1.8143e+07
1.81464e+07
1.81498e+07
1.81533e+07
1.81567e+07
1.81602e+07
1.81638e+07
1.81673e+07
1.81709e+07
1.81744e+07
1.8178e+07
1.81817e+07
1.81853e+07
1.8189e+07
1.81927e+07
1.81964e+07
1.82001e+07
1.82038e+07
1.82076e+07
1.82114e+07
1.82152e+07
1.8219e+07
1.82228e+07
1.82267e+07
1.82306e+07
1.82345e+07
1.82384e+07
1.82423e+07
1.82463e+07
1.82503e+07
1.82543e+07
1.82583e+07
1.82624e+07
1.82665e+07
1.82706e+07
1.82747e+07
1.82789e+07
1.8283e+07
1.82872e+07
1.82915e+07
1.82957e+07
1.83e+07
1.83043e+07
1.83086e+07
1.83129e+07
1.83173e+07
1.83217e+07
1.83261e+07
1.83305e+07
1.83349e+07
1.83394e+07
1.83438e+07
1.83483e+07
1.83528e+07
1.83573e+07
1.83619e+07
1.83664e+07
1.8371e+07
1.83756e+07
1.83802e+07
1.83848e+07
1.83895e+07
1.83941e+07
1.83988e+07
1.84035e+07
1.84082e+07
1.84129e+07
1.84177e+07
1.84224e+07
1.84272e+07
1.8432e+07
1.84368e+07
1.84416e+07
1.84465e+07
1.84514e+07
1.84562e+07
1.84611e+07
1.84661e+07
1.8471e+07
1.8476e+07
1.84809e+07
1.84859e+07
1.84909e+07
1.84959e+07
1.85009e+07
1.8506e+07
1.8511e+07
1.85161e+07
1.85212e+07
1.85262e+07
1.85313e+07
1.85364e+07
1.85415e+07
1.85466e+07
1.85517e+07
1.85569e+07
1.8562e+07
1.85671e+07
1.85722e+07
1.85773e+07
1.85825e+07
1.85876e+07
1.85927e+07
1.85979e+07
1.8603e+07
1.86082e+07
1.86133e+07
1.86184e+07
1.86236e+07
1.86287e+07
1.86339e+07
1.86391e+07
1.86442e+07
1.86494e+07
1.86546e+07
1.86597e+07
1.86649e+07
1.86701e+07
1.86753e+07
1.86805e+07
1.86857e+07
1.86909e+07
1.86961e+07
1.87013e+07
1.87066e+07
1.87118e+07
1.8717e+07
1.87222e+07
1.87274e+07
1.87327e+07
1.87379e+07
1.87431e+07
1.87483e+07
1.87535e+07
1.87588e+07
1.8764e+07
1.87691e+07
1.87743e+07
1.87795e+07
1.87847e+07
1.87898e+07
1.8795e+07
1.88001e+07
1.88052e+07
1.88104e+07
1.88155e+07
1.88205e+07
1.88256e+07
1.88306e+07
1.88357e+07
1.88407e+07
1.88457e+07
1.88507e+07
1.88557e+07
1.88606e+07
1.88656e+07
1.88705e+07
1.88754e+07
1.88803e+07
1.88851e+07
1.889e+07
1.88948e+07
1.88997e+07
1.89045e+07
1.89092e+07
1.8914e+07
1.89188e+07
1.89235e+07
1.89282e+07
1.89329e+07
1.89376e+07
1.89423e+07
1.89469e+07
1.89516e+07
1.89562e+07
1.89608e+07
1.89653e+07
1.89699e+07
1.89744e+07
1.8979e+07
1.89835e+07
1.89879e+07
1.89924e+07
1.89968e+07
1.90013e+07
1.90057e+07
1.901e+07
1.90144e+07
1.90188e+07
1.90231e+07
1.90274e+07
1.90317e+07
1.90359e+07
1.90402e+07
1.90444e+07
1.90486e+07
1.90528e+07
1.9057e+07
1.90612e+07
1.90653e+07
1.90694e+07
1.90735e+07
1.90776e+07
1.90817e+07
1.90857e+07
1.90897e+07
1.90938e+07
1.90977e+07
1.91017e+07
1.91057e+07
1.91096e+07
1.91136e+07
1.91175e+07
1.91213e+07
1.91252e+07
1.91291e+07
1.91329e+07
1.91367e+07
1.91405e+07
1.91443e+07
1.91481e+07
1.91518e+07
1.91555e+07
1.91592e+07
1.91629e+07
1.91666e+07
1.91702e+07
1.91739e+07
1.91775e+07
1.91811e+07
1.91846e+07
1.91882e+07
1.91917e+07
1.91952e+07
1.91987e+07
1.92022e+07
1.92056e+07
1.9209e+07
1.92124e+07
1.92158e+07
1.92192e+07
1.92225e+07
1.92258e+07
1.92291e+07
1.92324e+07
1.92356e+07
1.92388e+07
1.9242e+07
1.92452e+07
1.92483e+07
1.92515e+07
1.92545e+07
1.92576e+07
1.92606e+07
1.92636e+07
1.92666e+07
1.92696e+07
1.92725e+07
1.92754e+07
1.92783e+07
1.92811e+07
1.9284e+07
1.92867e+07
1.92895e+07
1.92923e+07
1.9295e+07
1.92977e+07
1.93003e+07
1.93029e+07
1.93056e+07
1.93081e+07
1.93107e+07
1.93132e+07
1.93157e+07
1.93182e+07
1.93207e+07
1.93231e+07
1.93256e+07
1.93279e+07
1.93303e+07
1.93327e+07
1.9335e+07
1.93373e+07
1.93396e+07
1.93418e+07
1.9344e+07
1.93462e+07
1.93484e+07
1.93506e+07
1.93527e+07
1.93548e+07
1.93569e+07
1.9359e+07
1.9361e+07
1.9363e+07
1.9365e+07
1.93669e+07
1.93688e+07
1.93707e+07
1.93726e+07
1.93744e+07
1.93762e+07
1.9378e+07
1.93798e+07
1.93815e+07
1.93832e+07
1.93848e+07
1.93864e+07
1.9388e+07
1.93896e+07
1.93911e+07
1.93926e+07
1.93941e+07
1.93955e+07
1.93969e+07
1.93983e+07
1.93996e+07
1.94009e+07
1.94022e+07
1.94034e+07
1.94046e+07
1.94058e+07
1.94069e+07
1.9408e+07
1.94091e+07
1.94101e+07
1.94111e+07
1.94121e+07
1.9413e+07
1.94139e+07
1.94148e+07
1.94156e+07
1.94165e+07
1.94172e+07
1.9418e+07
1.94187e+07
1.94194e+07
1.94201e+07
1.94207e+07
1.94213e+07
1.94219e+07
1.94225e+07
1.9423e+07
1.94235e+07
1.9424e+07
1.94245e+07
1.94249e+07
1.94254e+07
1.94258e+07
1.94262e+07
1.94266e+07
1.94271e+07
1.94274e+07
1.94278e+07
1.94282e+07
1.94286e+07
1.9429e+07
1.94294e+07
1.94298e+07
1.94302e+07
1.94306e+07
1.9431e+07
1.94315e+07
1.94319e+07
1.94324e+07
1.94328e+07
1.94333e+07
1.94337e+07
1.94342e+07
1.94347e+07
1.94352e+07
1.94357e+07
1.94362e+07
1.94367e+07
1.94372e+07
1.94377e+07
1.94382e+07
1.94387e+07
1.94392e+07
1.94398e+07
1.94403e+07
1.94408e+07
1.94413e+07
1.94418e+07
1.94423e+07
1.94428e+07
1.94432e+07
1.94437e+07
1.94442e+07
1.94446e+07
1.94451e+07
1.94455e+07
1.94459e+07
1.94463e+07
1.94467e+07
1.94471e+07
1.94475e+07
1.94479e+07
1.94482e+07
1.94486e+07
1.94489e+07
1.94492e+07
1.94495e+07
1.94498e+07
1.94501e+07
1.94504e+07
1.94507e+07
1.9451e+07
1.94512e+07
1.94515e+07
1.94518e+07
1.9452e+07
1.94523e+07
1.94525e+07
1.94527e+07
1.9453e+07
1.94532e+07
1.94534e+07
1.94536e+07
1.94539e+07
1.94541e+07
1.94543e+07
1.94545e+07
1.94548e+07
1.9455e+07
1.94552e+07
1.94554e+07
1.94556e+07
1.94559e+07
1.94561e+07
1.94563e+07
1.94565e+07
1.94567e+07
1.9457e+07
1.94572e+07
1.94574e+07
1.94576e+07
1.94579e+07
1.94581e+07
1.94583e+07
1.94585e+07
1.94587e+07
1.94589e+07
1.94592e+07
1.94594e+07
1.94596e+07
1.94598e+07
1.946e+07
1.94602e+07
1.94604e+07
1.94607e+07
1.94609e+07
1.94611e+07
1.94613e+07
1.94615e+07
)
;

boundaryField
{
    inlet
    {
        type            zeroGradient;
    }
    outlet
    {
        type            uniformTotalPressure;
        rho             none;
        psi             none;
        gamma           1.4364;
        pressure        tableFile;
        pressureCoeffs
        {
            fileName        "$FOAM_RUN/SH5_43mps_MFR_newBC/outlet0.2_42.7mps_fromCapture.dat";
        }
        value           nonuniform List<scalar> 5(1.94616e+07 1.94616e+07 1.94616e+07 1.94616e+07 1.94616e+07);
    }
    sides
    {
        type            empty;
    }
    walls
    {
        type            zeroGradient;
    }
}


// ************************************************************************* //
