/*--------------------------------*- C++ -*----------------------------------*\
| =========                 |                                                 |
| \\      /  F ield         | OpenFOAM: The Open Source CFD Toolbox           |
|  \\    /   O peration     | Version:  3.0.x                                 |
|   \\  /    A nd           | Web:      www.OpenFOAM.org                      |
|    \\/     M anipulation  |                                                 |
\*---------------------------------------------------------------------------*/
FoamFile
{
    version     2.0;
    format      ascii;
    class       volScalarField;
    location    "0.06";
    object      T;
}
// * * * * * * * * * * * * * * * * * * * * * * * * * * * * * * * * * * * * * //

dimensions      [0 0 0 1 0 0 0];

internalField   nonuniform List<scalar> 
6900
(
773.001
773.001
773.001
773.001
773.001
773.001
773.001
773.001
773.001
773.001
773.001
773.001
773.001
773.001
773.001
773.001
773.001
773.001
773.001
773.001
773.001
773.002
773.002
773.002
773.003
773.003
773.004
773.005
773.006
773.007
773.008
773.01
773.012
773.014
773.017
773.02
773.023
773.027
773.031
773.035
773.04
773.045
773.05
773.055
773.061
773.066
773.071
773.077
773.082
773.086
773.091
773.094
773.098
773.1
773.102
773.104
773.105
773.105
773.105
773.104
773.104
773.103
773.102
773.101
773.1
773.099
773.099
773.099
773.099
773.1
773.101
773.102
773.104
773.106
773.108
773.111
773.114
773.116
773.12
773.123
773.126
773.129
773.132
773.135
773.138
773.141
773.144
773.147
773.15
773.153
773.155
773.158
773.16
773.162
773.164
773.166
773.168
773.17
773.172
773.173
773.175
773.176
773.177
773.178
773.179
773.18
773.181
773.181
773.182
773.182
773.182
773.182
773.182
773.182
773.182
773.182
773.182
773.181
773.181
773.18
773.18
773.179
773.179
773.178
773.178
773.178
773.177
773.177
773.177
773.176
773.176
773.176
773.176
773.177
773.177
773.177
773.178
773.178
773.179
773.18
773.18
773.181
773.182
773.183
773.183
773.184
773.185
773.185
773.186
773.186
773.187
773.187
773.187
773.187
773.187
773.186
773.186
773.186
773.185
773.185
773.184
773.184
773.183
773.182
773.182
773.181
773.18
773.18
773.179
773.179
773.179
773.179
773.179
773.179
773.179
773.179
773.18
773.181
773.181
773.182
773.183
773.184
773.186
773.187
773.188
773.189
773.19
773.191
773.192
773.193
773.194
773.195
773.196
773.198
773.2
773.202
773.204
773.208
773.21
773.283
773
773
773
773
773
773
773
773
773
773
773
773
773
773
773
773
773.001
773.001
773.001
773.001
773.001
773.001
773.002
773.002
773.002
773.003
773.004
773.004
773.006
773.007
773.008
773.01
773.012
773.014
773.017
773.02
773.023
773.026
773.03
773.035
773.039
773.044
773.05
773.055
773.06
773.066
773.071
773.076
773.081
773.086
773.09
773.094
773.097
773.1
773.102
773.103
773.104
773.105
773.105
773.104
773.103
773.103
773.102
773.101
773.1
773.099
773.099
773.098
773.099
773.099
773.1
773.102
773.103
773.105
773.108
773.11
773.113
773.116
773.119
773.122
773.126
773.129
773.132
773.135
773.138
773.141
773.144
773.147
773.15
773.152
773.155
773.157
773.16
773.162
773.164
773.166
773.168
773.17
773.171
773.173
773.174
773.176
773.177
773.178
773.179
773.18
773.18
773.181
773.181
773.182
773.182
773.182
773.182
773.182
773.182
773.182
773.181
773.181
773.181
773.18
773.18
773.179
773.179
773.178
773.178
773.177
773.177
773.177
773.176
773.176
773.176
773.176
773.176
773.176
773.177
773.177
773.177
773.178
773.179
773.179
773.18
773.181
773.182
773.182
773.183
773.184
773.185
773.185
773.186
773.186
773.186
773.187
773.187
773.187
773.186
773.186
773.186
773.185
773.185
773.184
773.184
773.183
773.183
773.182
773.181
773.181
773.18
773.18
773.179
773.179
773.178
773.178
773.178
773.178
773.179
773.179
773.18
773.18
773.181
773.182
773.183
773.184
773.185
773.186
773.187
773.189
773.19
773.191
773.192
773.193
773.194
773.195
773.196
773.198
773.199
773.202
773.204
773.208
773.21
773.277
773
773
773
773
773
773
773
773
773
773
773
773
773
773
773
773
773.001
773.001
773.001
773.001
773.001
773.001
773.002
773.002
773.002
773.003
773.004
773.004
773.006
773.007
773.008
773.01
773.012
773.014
773.017
773.02
773.023
773.026
773.03
773.035
773.039
773.044
773.05
773.055
773.06
773.066
773.071
773.076
773.081
773.086
773.09
773.094
773.097
773.1
773.102
773.103
773.104
773.105
773.105
773.104
773.103
773.103
773.102
773.101
773.1
773.099
773.099
773.098
773.099
773.099
773.1
773.102
773.103
773.105
773.108
773.11
773.113
773.116
773.119
773.122
773.126
773.129
773.132
773.135
773.138
773.141
773.144
773.147
773.15
773.152
773.155
773.157
773.16
773.162
773.164
773.166
773.168
773.17
773.171
773.173
773.174
773.176
773.177
773.178
773.179
773.18
773.18
773.181
773.181
773.182
773.182
773.182
773.182
773.182
773.182
773.182
773.181
773.181
773.181
773.18
773.18
773.179
773.179
773.178
773.178
773.177
773.177
773.177
773.176
773.176
773.176
773.176
773.176
773.176
773.177
773.177
773.177
773.178
773.179
773.179
773.18
773.181
773.182
773.182
773.183
773.184
773.185
773.185
773.186
773.186
773.186
773.187
773.187
773.187
773.186
773.186
773.186
773.185
773.185
773.184
773.184
773.183
773.183
773.182
773.181
773.181
773.18
773.18
773.179
773.179
773.178
773.178
773.178
773.178
773.179
773.179
773.18
773.18
773.181
773.182
773.183
773.184
773.185
773.186
773.187
773.189
773.19
773.191
773.192
773.193
773.194
773.195
773.196
773.198
773.199
773.201
773.204
773.207
773.209
773.216
773
773
773
773
773
773
773
773
773
773
773
773
773
773
773
773
773.001
773.001
773.001
773.001
773.001
773.001
773.002
773.002
773.002
773.003
773.004
773.004
773.006
773.007
773.008
773.01
773.012
773.014
773.017
773.02
773.023
773.026
773.03
773.035
773.039
773.044
773.05
773.055
773.06
773.066
773.071
773.076
773.081
773.086
773.09
773.094
773.097
773.1
773.102
773.103
773.104
773.105
773.105
773.104
773.103
773.103
773.102
773.101
773.1
773.099
773.099
773.098
773.099
773.099
773.1
773.102
773.103
773.105
773.108
773.11
773.113
773.116
773.119
773.122
773.126
773.129
773.132
773.135
773.138
773.141
773.144
773.147
773.15
773.152
773.155
773.157
773.16
773.162
773.164
773.166
773.168
773.17
773.171
773.173
773.174
773.176
773.177
773.178
773.179
773.18
773.18
773.181
773.181
773.182
773.182
773.182
773.182
773.182
773.182
773.182
773.181
773.181
773.181
773.18
773.18
773.179
773.179
773.178
773.178
773.177
773.177
773.177
773.176
773.176
773.176
773.176
773.176
773.176
773.177
773.177
773.177
773.178
773.179
773.179
773.18
773.181
773.182
773.182
773.183
773.184
773.185
773.185
773.186
773.186
773.186
773.187
773.187
773.187
773.186
773.186
773.186
773.185
773.185
773.184
773.184
773.183
773.183
773.182
773.181
773.181
773.18
773.18
773.179
773.179
773.178
773.178
773.178
773.178
773.179
773.179
773.18
773.18
773.181
773.182
773.183
773.184
773.185
773.186
773.187
773.189
773.19
773.191
773.192
773.193
773.194
773.195
773.196
773.198
773.2
773.201
773.204
773.204
773.211
773.092
773.001
773.001
773.001
773.001
773.001
773.001
773.001
773.001
773.001
773.001
773.001
773.001
773.001
773.001
773.001
773.001
773.001
773.001
773.001
773.001
773.001
773.002
773.002
773.002
773.003
773.003
773.004
773.005
773.006
773.007
773.008
773.01
773.012
773.014
773.017
773.02
773.023
773.027
773.031
773.035
773.04
773.045
773.05
773.055
773.061
773.066
773.071
773.077
773.082
773.086
773.091
773.094
773.098
773.1
773.102
773.104
773.105
773.105
773.105
773.104
773.104
773.103
773.102
773.101
773.1
773.099
773.099
773.099
773.099
773.1
773.101
773.102
773.104
773.106
773.108
773.111
773.114
773.116
773.12
773.123
773.126
773.129
773.132
773.135
773.138
773.141
773.144
773.147
773.15
773.153
773.155
773.158
773.16
773.162
773.164
773.166
773.168
773.17
773.172
773.173
773.175
773.176
773.177
773.178
773.179
773.18
773.181
773.181
773.182
773.182
773.182
773.182
773.182
773.182
773.182
773.182
773.182
773.181
773.181
773.18
773.18
773.179
773.179
773.178
773.178
773.178
773.177
773.177
773.177
773.176
773.176
773.176
773.176
773.177
773.177
773.177
773.178
773.178
773.179
773.18
773.18
773.181
773.182
773.183
773.183
773.184
773.185
773.185
773.186
773.186
773.187
773.187
773.187
773.187
773.187
773.186
773.186
773.186
773.185
773.185
773.184
773.184
773.183
773.182
773.182
773.181
773.18
773.18
773.179
773.179
773.179
773.179
773.179
773.179
773.179
773.179
773.18
773.181
773.181
773.182
773.183
773.184
773.186
773.187
773.188
773.189
773.19
773.191
773.192
773.193
773.194
773.195
773.197
773.198
773.2
773.201
773.205
773.204
773.219
773.005
773.27
773.285
773.284
773.284
773.284
773.282
773.278
773.272
773.262
773.253
773.255
773.265
773.277
773.255
773.222
773.192
773.176
773.131
773.073
773.052
773.259
773.263
773.262
773.259
773.255
773.252
773.245
773.237
773.225
773.211
773.209
773.219
773.235
773.213
773.165
773.143
773.133
773.105
773.033
773
773.219
773.218
773.216
773.212
773.208
773.203
773.196
773.191
773.183
773.175
773.166
773.159
773.154
773.151
773.155
773.158
773.152
773.135
773.12
773.111
773.146
773.15
773.156
773.155
773.15
773.137
773.123
773.1
773.088
773.064
773.05
773.036
773.013
772.998
772.987
772.975
772.963
772.954
772.947
772.941
773.094
773.073
773.072
773.074
773.074
773.071
773.06
773.046
773.032
773.018
773.002
772.991
772.976
772.966
772.954
772.947
772.94
772.943
772.951
772.984
772.938
772.941
772.945
772.93
772.909
772.944
773.374
775.257
777.001
777.245
776.376
773.552
771.711
771.232
771.328
771.895
772.439
772.718
772.848
772.904
772.927
772.936
772.94
772.941
772.941
772.941
772.941
772.941
772.941
772.941
772.941
772.941
772.942
772.943
772.944
772.946
772.947
772.949
772.951
772.953
772.956
772.958
772.961
772.963
772.965
772.968
772.97
772.973
772.975
772.978
772.98
772.982
772.984
772.986
772.988
772.99
772.992
772.994
772.995
772.997
772.999
773
773.002
773.003
773.005
773.006
773.007
773.009
773.01
773.011
773.012
773.013
773.015
773.016
773.017
773.018
773.019
773.021
773.022
773.023
773.024
773.026
773.027
773.029
773.03
773.032
773.034
773.036
773.038
773.04
773.042
773.044
773.047
773.05
773.053
773.056
773.059
773.062
773.066
773.07
773.074
773.077
773.081
773.085
773.089
773.093
773.097
773.101
773.105
773.108
773.112
773.115
773.117
773.12
773.122
773.124
773.125
773.126
773.127
773.128
773.128
773.128
773.128
773.128
773.127
773.127
773.126
773.126
773.126
773.125
773.125
773.125
773.125
773.126
773.126
773.127
773.128
773.129
773.131
773.133
773.135
773.137
773.139
773.141
773.144
773.146
773.149
773.152
773.154
773.157
773.16
773.163
773.166
773.169
773.172
773.175
773.179
773.182
773.185
773.188
773.191
773.195
773.198
773.202
773.205
773.209
773.212
773.216
773.22
773.224
773.228
773.231
773.235
773.239
773.243
773.247
773.25
773.254
773.257
773.26
773.263
773.266
773.268
773.27
773.272
773.274
773.275
773.276
773.276
773.276
773.276
773.275
773.275
773.273
773.272
773.27
773.269
773.264
773.268
773.092
772.926
772.934
772.956
772.947
772.888
772.867
772.919
773.226
773.632
773.725
773.628
773.317
773.149
773.101
773.062
773.014
772.974
772.953
772.944
772.94
772.94
772.941
772.941
772.942
772.941
772.941
772.941
772.94
772.94
772.94
772.941
772.941
772.942
772.943
772.944
772.945
772.947
772.949
772.951
772.953
772.955
772.958
772.96
772.963
772.965
772.968
772.97
772.973
772.975
772.977
772.98
772.982
772.984
772.986
772.988
772.99
772.992
772.993
772.995
772.997
772.998
773
773.001
773.003
773.004
773.006
773.007
773.008
773.01
773.011
773.012
773.013
773.014
773.016
773.017
773.018
773.019
773.02
773.022
773.023
773.024
773.025
773.027
773.028
773.03
773.032
773.033
773.035
773.037
773.039
773.042
773.044
773.047
773.049
773.052
773.055
773.059
773.062
773.066
773.07
773.073
773.077
773.081
773.085
773.089
773.093
773.097
773.101
773.105
773.108
773.111
773.114
773.117
773.12
773.122
773.123
773.125
773.126
773.127
773.128
773.128
773.128
773.128
773.127
773.127
773.127
773.126
773.126
773.125
773.125
773.125
773.125
773.125
773.125
773.126
773.127
773.128
773.129
773.131
773.132
773.134
773.136
773.139
773.141
773.143
773.146
773.149
773.151
773.154
773.157
773.16
773.163
773.166
773.169
773.172
773.175
773.178
773.181
773.185
773.188
773.191
773.194
773.198
773.201
773.205
773.208
773.212
773.216
773.22
773.223
773.227
773.231
773.235
773.239
773.243
773.246
773.25
773.254
773.257
773.26
773.263
773.266
773.268
773.27
773.272
773.274
773.275
773.275
773.276
773.276
773.276
773.275
773.274
773.273
773.272
773.27
773.268
773.264
773.262
773.162
773.121
773.178
773.184
773.177
773.152
773.07
772.962
772.911
772.9
772.903
772.918
772.926
772.929
772.928
772.928
772.93
772.935
772.94
772.943
772.944
772.944
772.944
772.943
772.943
772.942
772.941
772.941
772.941
772.94
772.94
772.941
772.941
772.942
772.943
772.944
772.945
772.947
772.949
772.951
772.953
772.955
772.958
772.96
772.963
772.965
772.968
772.97
772.973
772.975
772.977
772.98
772.982
772.984
772.986
772.988
772.99
772.992
772.993
772.995
772.997
772.998
773
773.001
773.003
773.004
773.006
773.007
773.008
773.01
773.011
773.012
773.013
773.014
773.016
773.017
773.018
773.019
773.02
773.022
773.023
773.024
773.025
773.027
773.028
773.03
773.032
773.033
773.035
773.037
773.039
773.042
773.044
773.047
773.049
773.052
773.055
773.059
773.062
773.066
773.07
773.073
773.077
773.081
773.085
773.089
773.093
773.097
773.101
773.105
773.108
773.111
773.114
773.117
773.12
773.122
773.123
773.125
773.126
773.127
773.128
773.128
773.128
773.128
773.127
773.127
773.127
773.126
773.126
773.125
773.125
773.125
773.125
773.125
773.125
773.126
773.127
773.128
773.129
773.131
773.132
773.134
773.136
773.139
773.141
773.143
773.146
773.149
773.151
773.154
773.157
773.16
773.163
773.166
773.169
773.172
773.175
773.178
773.181
773.185
773.188
773.191
773.194
773.198
773.201
773.205
773.208
773.212
773.216
773.22
773.223
773.227
773.231
773.235
773.239
773.243
773.246
773.25
773.254
773.257
773.26
773.263
773.266
773.268
773.27
773.272
773.273
773.275
773.275
773.276
773.276
773.276
773.275
773.274
773.273
773.271
773.27
773.268
773.267
773.264
773.264
772.923
772.926
772.933
772.935
772.937
772.961
773.004
773.014
773.015
773.035
773.124
773.18
773.173
773.098
772.988
772.938
772.923
772.922
772.928
772.936
772.94
772.942
772.942
772.942
772.942
772.941
772.941
772.941
772.94
772.94
772.941
772.941
772.942
772.943
772.944
772.945
772.947
772.949
772.951
772.953
772.955
772.958
772.96
772.963
772.965
772.968
772.97
772.973
772.975
772.977
772.98
772.982
772.984
772.986
772.988
772.99
772.992
772.993
772.995
772.997
772.998
773
773.001
773.003
773.004
773.006
773.007
773.008
773.01
773.011
773.012
773.013
773.014
773.016
773.017
773.018
773.019
773.02
773.022
773.023
773.024
773.025
773.027
773.028
773.03
773.032
773.033
773.035
773.037
773.039
773.042
773.044
773.047
773.049
773.052
773.055
773.059
773.062
773.066
773.07
773.073
773.077
773.081
773.085
773.089
773.093
773.097
773.101
773.105
773.108
773.111
773.114
773.117
773.12
773.122
773.123
773.125
773.126
773.127
773.128
773.128
773.128
773.128
773.127
773.127
773.127
773.126
773.126
773.125
773.125
773.125
773.125
773.125
773.125
773.126
773.127
773.128
773.129
773.131
773.132
773.134
773.136
773.139
773.141
773.143
773.146
773.149
773.151
773.154
773.157
773.16
773.163
773.166
773.169
773.172
773.175
773.178
773.181
773.185
773.188
773.191
773.194
773.198
773.201
773.205
773.208
773.212
773.216
773.22
773.223
773.227
773.231
773.235
773.239
773.243
773.246
773.25
773.254
773.257
773.26
773.263
773.266
773.268
773.27
773.272
773.274
773.275
773.275
773.276
773.276
773.276
773.275
773.274
773.273
773.271
773.27
773.268
773.268
773.268
773.314
773.046
773.054
773.057
773.059
773.072
773.109
773.101
772.955
772.768
772.79
773.22
774.157
774.567
774.586
774.336
773.743
773.342
773.126
773.022
772.975
772.957
772.949
772.945
772.943
772.942
772.942
772.941
772.941
772.941
772.941
772.941
772.941
772.942
772.943
772.944
772.946
772.947
772.949
772.951
772.953
772.956
772.958
772.961
772.963
772.965
772.968
772.97
772.973
772.975
772.978
772.98
772.982
772.984
772.986
772.988
772.99
772.992
772.994
772.995
772.997
772.999
773
773.002
773.003
773.005
773.006
773.007
773.009
773.01
773.011
773.012
773.013
773.015
773.016
773.017
773.018
773.019
773.021
773.022
773.023
773.024
773.026
773.027
773.029
773.03
773.032
773.034
773.036
773.038
773.04
773.042
773.044
773.047
773.05
773.053
773.056
773.059
773.062
773.066
773.07
773.074
773.077
773.081
773.085
773.089
773.093
773.097
773.101
773.105
773.108
773.112
773.115
773.117
773.12
773.122
773.124
773.125
773.126
773.127
773.128
773.128
773.128
773.128
773.128
773.127
773.127
773.126
773.126
773.126
773.125
773.125
773.125
773.125
773.126
773.126
773.127
773.128
773.129
773.131
773.133
773.135
773.137
773.139
773.141
773.144
773.146
773.149
773.152
773.154
773.157
773.16
773.163
773.166
773.169
773.172
773.175
773.179
773.182
773.185
773.188
773.191
773.195
773.198
773.202
773.205
773.209
773.212
773.216
773.22
773.224
773.228
773.231
773.235
773.239
773.243
773.247
773.25
773.254
773.257
773.26
773.263
773.266
773.268
773.27
773.272
773.274
773.275
773.276
773.276
773.276
773.276
773.275
773.274
773.273
773.272
773.271
773.268
773.268
773.268
773.319
773.151
773.131
773.124
773.125
773.122
773.116
773.102
773.092
773.073
773.062
773.044
773.031
773.015
773.004
772.991
772.984
772.976
772.978
772.985
773.016
773.199
773.198
773.203
773.201
773.193
773.179
773.16
773.144
773.123
773.106
773.091
773.072
773.049
773.036
773.024
773.011
772.999
772.989
772.98
772.974
773.264
773.263
773.26
773.255
773.249
773.243
773.236
773.228
773.22
773.211
773.201
773.194
773.187
773.185
773.188
773.189
773.177
773.162
773.148
773.139
773.301
773.304
773.303
773.3
773.296
773.291
773.284
773.274
773.26
773.248
773.248
773.259
773.268
773.231
773.192
773.178
773.166
773.129
773.055
773.034
773.312
773.326
773.325
773.325
773.324
773.32
773.315
773.308
773.296
773.29
773.292
773.302
773.308
773.277
773.245
773.223
773.205
773.152
773.105
773.091
773.07
773.072
773.072
773.067
773.071
773.105
773.108
773.008
772.771
772.745
773.011
773.925
774.508
774.606
774.458
773.917
773.446
773.185
773.057
773.001
772.979
772.973
772.973
772.975
772.979
772.983
772.987
772.991
772.995
772.998
773.002
773.005
773.008
773.011
773.014
773.016
773.019
773.021
773.022
773.024
773.025
773.026
773.027
773.028
773.028
773.029
773.029
773.029
773.029
773.028
773.028
773.027
773.027
773.026
773.025
773.024
773.024
773.023
773.022
773.021
773.021
773.02
773.02
773.019
773.018
773.018
773.018
773.018
773.018
773.018
773.018
773.018
773.019
773.019
773.02
773.021
773.022
773.022
773.023
773.024
773.025
773.026
773.027
773.028
773.03
773.031
773.032
773.033
773.035
773.036
773.038
773.039
773.041
773.043
773.046
773.048
773.051
773.05
773.057
772.889
772.951
772.951
772.951
772.947
772.943
772.955
773.002
773.019
773.016
773.018
773.057
773.127
773.137
773.108
773.015
772.952
772.932
772.93
772.936
772.949
772.957
772.964
772.97
772.974
772.979
772.983
772.987
772.991
772.995
772.998
773.002
773.005
773.008
773.011
773.014
773.016
773.018
773.02
773.022
773.024
773.025
773.026
773.027
773.028
773.028
773.028
773.029
773.029
773.028
773.028
773.028
773.027
773.027
773.026
773.025
773.024
773.023
773.023
773.022
773.021
773.02
773.02
773.019
773.019
773.018
773.018
773.018
773.018
773.018
773.018
773.018
773.018
773.019
773.019
773.02
773.021
773.021
773.022
773.023
773.024
773.025
773.026
773.027
773.028
773.029
773.03
773.032
773.033
773.034
773.036
773.038
773.039
773.041
773.043
773.045
773.048
773.051
773.051
773.052
772.959
773.152
773.198
773.207
773.2
773.179
773.114
772.998
772.932
772.911
772.91
772.919
772.928
772.93
772.93
772.93
772.931
772.937
772.945
772.952
772.958
772.962
772.967
772.971
772.975
772.979
772.983
772.987
772.991
772.995
772.998
773.002
773.005
773.008
773.011
773.014
773.016
773.018
773.02
773.022
773.024
773.025
773.026
773.027
773.028
773.028
773.028
773.029
773.029
773.028
773.028
773.028
773.027
773.027
773.026
773.025
773.024
773.023
773.023
773.022
773.021
773.02
773.02
773.019
773.019
773.018
773.018
773.018
773.018
773.018
773.018
773.018
773.018
773.019
773.019
773.02
773.021
773.021
773.022
773.023
773.024
773.025
773.026
773.027
773.028
773.029
773.03
773.032
773.033
773.034
773.036
773.037
773.039
773.041
773.043
773.045
773.048
773.05
773.053
773.056
773.062
772.969
772.965
772.981
772.977
772.924
772.891
772.917
773.142
773.591
773.754
773.702
773.4
773.148
773.069
773.034
773.001
772.973
772.957
772.953
772.953
772.957
772.963
772.968
772.974
772.978
772.983
772.987
772.991
772.994
772.998
773.002
773.005
773.008
773.011
773.014
773.016
773.018
773.02
773.022
773.024
773.025
773.026
773.027
773.028
773.028
773.028
773.029
773.029
773.028
773.028
773.028
773.027
773.027
773.026
773.025
773.024
773.023
773.023
773.022
773.021
773.02
773.02
773.019
773.019
773.018
773.018
773.018
773.018
773.018
773.018
773.018
773.018
773.019
773.019
773.02
773.021
773.021
773.022
773.023
773.024
773.025
773.026
773.027
773.028
773.029
773.03
773.032
773.033
773.034
773.036
773.037
773.039
773.041
773.043
773.045
773.048
773.05
773.055
773.059
773.113
772.982
772.971
772.976
772.96
772.925
772.934
773.163
774.517
776.547
777.108
776.673
774.364
772.086
771.31
771.293
771.7
772.318
772.66
772.828
772.905
772.94
772.957
772.966
772.973
772.978
772.983
772.987
772.991
772.995
772.998
773.002
773.005
773.008
773.011
773.014
773.016
773.019
773.021
773.022
773.024
773.025
773.026
773.027
773.028
773.028
773.029
773.029
773.029
773.029
773.028
773.028
773.027
773.027
773.026
773.025
773.024
773.024
773.023
773.022
773.021
773.021
773.02
773.02
773.019
773.018
773.018
773.018
773.018
773.018
773.018
773.018
773.018
773.019
773.019
773.02
773.021
773.022
773.022
773.023
773.024
773.025
773.026
773.027
773.029
773.029
773.031
773.032
773.033
773.035
773.036
773.038
773.04
773.041
773.043
773.046
773.048
773.051
773.055
773.06
773.118
772.951
772.93
772.926
772.929
772.928
772.924
772.911
772.902
772.885
772.876
772.859
772.848
772.833
772.823
772.811
772.805
772.799
772.802
772.809
772.842
772.999
773.001
773.007
773.005
773
772.987
772.969
772.955
772.936
772.919
772.905
772.888
772.865
772.855
772.843
772.831
772.819
772.81
772.803
772.798
773.065
773.064
773.063
773.059
773.055
773.05
773.044
773.038
773.031
773.023
773.015
773.009
773.004
773.002
773.007
773.008
772.997
772.983
772.97
772.963
773.104
773.108
773.107
773.104
773.101
773.097
773.091
773.082
773.069
773.06
773.061
773.074
773.085
773.051
773.014
773
772.987
772.95
772.876
772.858
773.115
773.129
773.128
773.129
773.129
773.127
773.123
773.116
773.107
773.102
773.106
773.117
773.125
773.096
773.067
773.044
773.026
772.973
772.929
772.915
772.901
772.909
772.91
772.911
772.924
772.959
772.947
772.796
772.638
772.682
773.186
774.078
774.418
774.41
774.105
773.523
773.156
772.962
772.869
772.828
772.811
772.803
772.799
772.797
772.796
772.795
772.794
772.793
772.792
772.792
772.791
772.792
772.792
772.793
772.794
772.795
772.797
772.799
772.801
772.803
772.806
772.809
772.812
772.815
772.818
772.821
772.824
772.827
772.831
772.834
772.837
772.841
772.844
772.847
772.851
772.854
772.857
772.861
772.864
772.867
772.87
772.874
772.877
772.88
772.884
772.887
772.89
772.893
772.897
772.9
772.903
772.906
772.909
772.913
772.916
772.919
772.921
772.924
772.927
772.93
772.932
772.934
772.936
772.938
772.94
772.941
772.942
772.943
772.944
772.944
772.944
772.944
772.944
772.944
772.943
772.942
772.941
772.94
772.939
772.938
772.936
772.935
772.934
772.933
772.933
772.932
772.932
772.932
772.932
772.933
772.933
772.935
772.936
772.938
772.94
772.943
772.945
772.948
772.952
772.955
772.959
772.962
772.966
772.97
772.974
772.978
772.982
772.985
772.989
772.993
772.996
773
773.003
773.006
773.009
773.011
773.014
773.016
773.018
773.02
773.022
773.023
773.025
773.026
773.027
773.028
773.029
773.03
773.031
773.032
773.033
773.034
773.035
773.036
773.037
773.038
773.039
773.04
773.041
773.042
773.043
773.045
773.046
773.048
773.05
773.052
773.054
773.056
773.058
773.06
773.063
773.065
773.068
773.071
773.073
773.076
773.079
773.082
773.084
773.087
773.089
773.091
773.093
773.095
773.096
773.098
773.099
773.099
773.1
773.1
773.099
773.099
773.098
773.097
773.096
773.095
773.093
773.093
773.094
773.148
772.78
772.783
772.789
772.79
772.791
772.815
772.86
772.868
772.866
772.875
772.935
772.983
772.978
772.923
772.836
772.796
772.783
772.781
772.787
772.794
772.797
772.797
772.797
772.796
772.795
772.794
772.793
772.792
772.792
772.791
772.791
772.791
772.792
772.792
772.794
772.795
772.797
772.798
772.801
772.803
772.806
772.808
772.811
772.814
772.818
772.821
772.824
772.827
772.83
772.834
772.837
772.84
772.844
772.847
772.85
772.854
772.857
772.86
772.864
772.867
772.87
772.873
772.877
772.88
772.883
772.887
772.89
772.893
772.897
772.9
772.903
772.906
772.909
772.912
772.915
772.918
772.921
772.924
772.927
772.929
772.932
772.934
772.936
772.938
772.939
772.941
772.942
772.943
772.944
772.944
772.944
772.944
772.944
772.943
772.943
772.942
772.941
772.94
772.939
772.937
772.936
772.935
772.934
772.933
772.932
772.932
772.931
772.931
772.932
772.932
772.933
772.934
772.936
772.938
772.94
772.942
772.945
772.948
772.951
772.955
772.958
772.962
772.966
772.969
772.973
772.977
772.981
772.985
772.989
772.993
772.996
772.999
773.003
773.006
773.008
773.011
773.013
773.016
773.018
773.02
773.021
773.023
773.024
773.026
773.027
773.028
773.029
773.03
773.031
773.032
773.033
773.034
773.035
773.036
773.036
773.037
773.038
773.039
773.041
773.042
773.043
773.045
773.046
773.048
773.049
773.051
773.053
773.055
773.058
773.06
773.063
773.065
773.068
773.07
773.073
773.076
773.079
773.081
773.084
773.087
773.089
773.091
773.093
773.095
773.096
773.097
773.098
773.099
773.099
773.099
773.099
773.099
773.098
773.097
773.096
773.095
773.093
773.093
773.094
773.143
772.977
773.03
773.042
773.037
773.016
772.941
772.835
772.784
772.773
772.775
772.786
772.792
772.792
772.791
772.789
772.79
772.794
772.798
772.8
772.801
772.8
772.799
772.798
772.797
772.795
772.794
772.793
772.792
772.792
772.791
772.791
772.791
772.792
772.792
772.794
772.795
772.797
772.798
772.801
772.803
772.806
772.808
772.811
772.814
772.818
772.821
772.824
772.827
772.83
772.834
772.837
772.84
772.844
772.847
772.85
772.854
772.857
772.86
772.864
772.867
772.87
772.873
772.877
772.88
772.883
772.887
772.89
772.893
772.897
772.9
772.903
772.906
772.909
772.912
772.915
772.918
772.921
772.924
772.927
772.929
772.932
772.934
772.936
772.938
772.939
772.941
772.942
772.943
772.944
772.944
772.944
772.944
772.944
772.943
772.943
772.942
772.941
772.94
772.939
772.937
772.936
772.935
772.934
772.933
772.932
772.932
772.931
772.931
772.932
772.932
772.933
772.934
772.936
772.938
772.94
772.942
772.945
772.948
772.951
772.955
772.958
772.962
772.966
772.969
772.973
772.977
772.981
772.985
772.989
772.993
772.996
772.999
773.003
773.006
773.008
773.011
773.013
773.016
773.018
773.02
773.021
773.023
773.024
773.026
773.027
773.028
773.029
773.03
773.031
773.032
773.033
773.034
773.035
773.036
773.036
773.037
773.038
773.039
773.041
773.042
773.043
773.045
773.046
773.048
773.049
773.051
773.053
773.055
773.058
773.06
773.063
773.065
773.068
773.07
773.073
773.076
773.079
773.081
773.084
773.087
773.089
773.091
773.093
773.095
773.096
773.097
773.098
773.099
773.099
773.099
773.099
773.099
773.098
773.097
773.096
773.095
773.093
773.092
773.09
773.091
772.788
772.795
772.82
772.812
772.765
772.75
772.806
773.126
773.513
773.591
773.475
773.139
772.965
772.909
772.873
772.841
772.816
772.804
772.797
772.795
772.795
772.796
772.796
772.796
772.795
772.794
772.793
772.792
772.792
772.791
772.791
772.791
772.792
772.792
772.794
772.795
772.797
772.798
772.801
772.803
772.806
772.808
772.811
772.814
772.818
772.821
772.824
772.827
772.83
772.834
772.837
772.84
772.844
772.847
772.85
772.854
772.857
772.86
772.864
772.867
772.87
772.873
772.877
772.88
772.883
772.887
772.89
772.893
772.897
772.9
772.903
772.906
772.909
772.912
772.915
772.918
772.921
772.924
772.927
772.929
772.932
772.934
772.936
772.938
772.939
772.941
772.942
772.943
772.944
772.944
772.944
772.944
772.944
772.943
772.943
772.942
772.941
772.94
772.939
772.937
772.936
772.935
772.934
772.933
772.932
772.932
772.931
772.931
772.932
772.932
772.933
772.934
772.936
772.938
772.94
772.942
772.945
772.948
772.951
772.955
772.958
772.962
772.966
772.969
772.973
772.977
772.981
772.985
772.989
772.993
772.996
772.999
773.003
773.006
773.008
773.011
773.013
773.016
773.018
773.02
773.021
773.023
773.024
773.026
773.027
773.028
773.029
773.03
773.031
773.032
773.033
773.034
773.035
773.036
773.036
773.037
773.038
773.039
773.041
773.042
773.043
773.045
773.046
773.048
773.049
773.051
773.053
773.055
773.058
773.06
773.063
773.065
773.068
773.07
773.073
773.076
773.079
773.081
773.084
773.087
773.089
773.091
773.093
773.095
773.096
773.097
773.098
773.099
773.099
773.099
773.099
773.099
773.098
773.097
773.096
773.094
773.093
773.09
773.088
772.983
772.804
772.804
772.811
772.793
772.774
772.808
773.221
775.005
776.599
776.791
775.906
773.224
771.59
771.196
771.317
771.878
772.363
772.606
772.718
772.766
772.785
772.793
772.795
772.795
772.795
772.794
772.793
772.793
772.792
772.792
772.791
772.792
772.792
772.793
772.794
772.795
772.797
772.799
772.801
772.803
772.806
772.809
772.812
772.815
772.818
772.821
772.824
772.827
772.831
772.834
772.837
772.841
772.844
772.847
772.851
772.854
772.857
772.861
772.864
772.867
772.87
772.874
772.877
772.88
772.884
772.887
772.89
772.893
772.897
772.9
772.903
772.906
772.909
772.913
772.916
772.919
772.921
772.924
772.927
772.93
772.932
772.934
772.936
772.938
772.94
772.941
772.942
772.943
772.944
772.944
772.944
772.944
772.944
772.944
772.943
772.942
772.941
772.94
772.939
772.938
772.936
772.935
772.934
772.933
772.933
772.932
772.932
772.932
772.932
772.933
772.933
772.935
772.936
772.938
772.94
772.943
772.945
772.948
772.952
772.955
772.959
772.962
772.966
772.97
772.974
772.978
772.982
772.985
772.989
772.993
772.996
773
773.003
773.006
773.009
773.011
773.014
773.016
773.018
773.02
773.022
773.023
773.025
773.026
773.027
773.028
773.029
773.03
773.031
773.032
773.033
773.034
773.035
773.036
773.037
773.038
773.039
773.04
773.041
773.042
773.043
773.045
773.046
773.048
773.05
773.052
773.054
773.056
773.058
773.06
773.063
773.065
773.068
773.071
773.073
773.076
773.079
773.082
773.084
773.087
773.089
773.091
773.093
773.095
773.097
773.098
773.099
773.099
773.1
773.1
773.099
773.099
773.098
773.097
773.096
773.094
773.094
773.089
773.093
772.91
773.141
773.155
773.154
773.154
773.153
773.15
773.145
773.137
773.127
773.118
773.119
773.128
773.138
773.114
773.078
773.05
773.036
772.988
772.951
772.918
773.129
773.133
773.132
773.129
773.125
773.12
773.113
773.102
773.09
773.075
773.073
773.083
773.096
773.071
773.022
773.004
772.995
772.966
772.9
772.877
773.091
773.09
773.087
773.082
773.076
773.07
773.063
773.055
773.047
773.038
773.028
773.02
773.014
773.01
773.014
773.015
773.008
772.991
772.977
772.969
773.023
773.022
773.027
773.025
773.018
773.003
772.984
772.966
772.947
772.928
772.912
772.894
772.871
772.855
772.843
772.829
772.817
772.805
772.797
772.788
772.972
772.952
772.945
772.946
772.943
772.938
772.923
772.913
772.893
772.883
772.864
772.851
772.834
772.823
772.809
772.802
772.792
772.793
772.798
772.824
772.774
772.782
772.766
772.776
773.107
774.772
776.1
776.08
774.631
772.336
771.542
771.538
771.938
772.404
772.627
772.724
772.764
772.783
772.792
772.799
772.804
772.809
772.814
772.818
772.821
772.825
772.828
772.831
772.834
772.836
772.839
772.84
772.842
772.843
772.844
772.845
772.846
772.846
772.847
772.847
772.847
772.846
772.846
772.846
772.845
772.845
772.845
772.844
772.844
772.843
772.843
772.842
772.842
772.841
772.841
772.841
772.841
772.84
772.84
772.84
772.841
772.841
772.841
772.841
772.842
772.842
772.843
772.843
772.844
772.845
772.845
772.846
772.847
772.847
772.848
772.849
772.849
772.849
772.85
772.85
772.85
772.85
772.851
772.851
772.85
772.85
772.85
772.85
772.849
772.849
772.849
772.848
772.848
772.847
772.847
772.846
772.846
772.845
772.845
772.845
772.844
772.844
772.844
772.844
772.844
772.844
772.844
772.845
772.845
772.845
772.846
772.847
772.847
772.848
772.849
772.85
772.852
772.853
772.854
772.856
772.858
772.859
772.861
772.863
772.865
772.867
772.87
772.872
772.874
772.877
772.879
772.882
772.884
772.887
772.89
772.892
772.895
772.898
772.9
772.903
772.905
772.907
772.909
772.911
772.912
772.914
772.914
772.915
772.915
772.915
772.914
772.914
772.912
772.911
772.91
772.908
772.906
772.905
772.904
772.902
772.902
772.901
772.901
772.901
772.902
772.904
772.906
772.908
772.911
772.914
772.918
772.922
772.926
772.931
772.936
772.94
772.945
772.95
772.954
772.959
772.963
772.967
772.971
772.974
772.977
772.98
772.983
772.985
772.988
772.989
772.991
772.993
772.994
772.995
772.996
772.997
772.997
772.998
772.998
772.999
772.999
772.999
772.999
773
773
773
773
773
773
773
773
773
773
773
773
773
773
773
773
773
773
773
773
773
773
773
773
773
773
773
773
773
773
773
773
773
773
773
773
773
773
773
773
773
773
773
773
773
773
773
773
773
773
773
773
773
773
773
773
773
773
773
773
773
773
773
773
773
773
773
773
773
773
773
773
773
773
773
773
773
773
773
773
773
773
773
773
773
773
773
773
773
773
773
773
773
773
773
773
773
773
773
773
773
773
773
773
773
773
773
773
773
773
773
773
773
773
773
773
773
773
773
773
773
773
773
773
773
773
773
773
773
773
773
773
773
773
773
773
773
773
773
773
773
773
773
773
773
773
773
773
773
773
773
773
773
773
773
773
773
773
773
773
773
773
773
773
773
773
773
773
773
773
773
773
773
773
773
773
773
773
773
773
773
773
773
773
773
773
773
773
773
773
773
773
773
773
773
773
773
773
773
773
773
773
773
773
773
773
773
773
773
773
773
773
773
773
773
773
773
773
773
773
773
773
773
773
773
773
773
773
773
773
773
773
773
773
773
773.001
773.001
773.001
773.001
773.001
773.001
773.001
773.001
773.002
773.002
773.002
773.002
773.003
773.003
773.004
773.004
773.005
773.006
773.007
773.008
773.009
773.01
773.011
773.012
773.014
773.016
773.017
773.019
773.021
773.023
773.026
773.028
773.031
773.034
773.037
773.04
773.043
773.046
773.05
773.054
773.057
773.061
773.066
773.07
773.074
773.079
773.084
773.089
773.094
773.099
773.105
773.11
773.116
773.122
773.128
773.134
773.141
773.148
773.154
773.161
773.168
773.176
773.183
773.191
773.198
773.206
773.214
773.223
773.231
773.24
773.248
773.257
773.266
773.276
773.285
773.295
773.304
773.314
773.324
773.334
773.345
773.355
773.366
773.377
773.388
773.399
773.411
773.422
773.434
773.446
773.458
773.47
773.483
773.495
773.508
773.521
773.534
773.547
773.561
773.574
773.588
773.602
773.616
773.63
773.644
773.659
773.674
773.689
773.704
773.719
773.734
773.75
773.765
773.781
773.797
773.813
773.83
773.846
773.863
773.88
773.897
773.914
773.931
773.948
773.966
773.984
774.002
774.02
774.038
774.056
774.075
774.093
774.112
774.131
774.15
774.17
774.189
774.209
774.229
774.248
774.268
774.289
774.309
774.329
774.35
774.371
774.392
774.413
774.434
774.455
774.477
774.498
774.52
774.542
774.565
774.585
774.61
774.629
774.656
774.674
774.702
774.72
772.759
772.792
772.785
772.749
772.76
772.961
773.283
773.343
773.236
773.033
772.934
772.87
772.823
772.794
772.782
772.781
772.783
772.788
772.794
772.8
772.804
772.809
772.813
772.817
772.821
772.825
772.828
772.831
772.834
772.836
772.838
772.84
772.842
772.843
772.844
772.845
772.846
772.846
772.846
772.846
772.846
772.846
772.846
772.846
772.845
772.845
772.844
772.844
772.843
772.843
772.842
772.842
772.842
772.841
772.841
772.841
772.84
772.84
772.84
772.84
772.84
772.84
772.841
772.841
772.842
772.842
772.843
772.843
772.844
772.845
772.845
772.846
772.847
772.847
772.848
772.848
772.849
772.849
772.85
772.85
772.85
772.85
772.85
772.85
772.85
772.85
772.85
772.849
772.849
772.849
772.848
772.848
772.847
772.847
772.846
772.846
772.846
772.845
772.845
772.844
772.844
772.844
772.844
772.844
772.844
772.844
772.844
772.844
772.845
772.845
772.846
772.846
772.847
772.848
772.849
772.85
772.851
772.853
772.854
772.856
772.857
772.859
772.861
772.863
772.865
772.867
772.869
772.872
772.874
772.876
772.879
772.882
772.884
772.887
772.889
772.892
772.895
772.897
772.9
772.903
772.905
772.907
772.909
772.911
772.912
772.913
772.914
772.915
772.915
772.915
772.914
772.913
772.912
772.911
772.909
772.908
772.906
772.905
772.903
772.902
772.901
772.901
772.901
772.901
772.902
772.903
772.905
772.908
772.911
772.914
772.918
772.922
772.926
772.931
772.935
772.94
772.945
772.949
772.954
772.958
772.963
772.967
772.97
772.974
772.977
772.98
772.983
772.985
772.987
772.989
772.991
772.992
772.994
772.995
772.996
772.996
772.997
772.998
772.998
772.998
772.999
772.999
772.999
772.999
772.999
773
773
773
773
773
773
773
773
773
773
773
773
773
773
773
773
773
773
773
773
773
773
773
773
773
773
773
773
773
773
773
773
773
773
773
773
773
773
773
773
773
773
773
773
773
773
773
773
773
773
773
773
773
773
773
773
773
773
773
773
773
773
773
773
773
773
773
773
773
773
773
773
773
773
773
773
773
773
773
773
773
773
773
773
773
773
773
773
773
773
773
773
773
773
773
773
773
773
773
773
773
773
773
773
773
773
773
773
773
773
773
773
773
773
773
773
773
773
773
773
773
773
773
773
773
773
773
773
773
773
773
773
773
773
773
773
773
773
773
773
773
773
773
773
773
773
773
773
773
773
773
773
773
773
773
773
773
773
773
773
773
773
773
773
773
773
773
773
773
773
773
773
773
773
773
773
773
773
773
773
773
773
773
773
773
773
773
773
773
773
773
773
773
773
773
773
773
773
773
773
773
773
773
773
773
773
773
773
773
773
773
773
773
773
773
773
773
773
773
773
773
773
773
773
773
773
773
773
773
773
773
773
773
773
773
773
773
773.001
773.001
773.001
773.001
773.001
773.002
773.002
773.002
773.003
773.003
773.004
773.004
773.005
773.006
773.006
773.007
773.008
773.01
773.011
773.012
773.014
773.015
773.017
773.019
773.021
773.023
773.025
773.028
773.031
773.033
773.036
773.039
773.043
773.046
773.05
773.053
773.057
773.061
773.065
773.07
773.074
773.079
773.084
773.089
773.094
773.099
773.104
773.11
773.116
773.122
773.128
773.134
773.141
773.147
773.154
773.161
773.168
773.175
773.183
773.19
773.198
773.206
773.214
773.222
773.231
773.239
773.248
773.257
773.266
773.275
773.285
773.294
773.304
773.314
773.324
773.334
773.345
773.355
773.366
773.377
773.388
773.399
773.411
773.422
773.434
773.446
773.458
773.47
773.482
773.495
773.508
773.521
773.534
773.547
773.56
773.574
773.588
773.602
773.616
773.63
773.644
773.659
773.673
773.688
773.703
773.719
773.734
773.749
773.765
773.781
773.797
773.813
773.829
773.846
773.863
773.879
773.896
773.913
773.931
773.948
773.966
773.983
774.001
774.019
774.038
774.056
774.075
774.093
774.112
774.131
774.15
774.169
774.189
774.208
774.228
774.248
774.268
774.288
774.309
774.329
774.35
774.371
774.391
774.413
774.434
774.455
774.477
774.498
774.52
774.542
774.565
774.585
774.61
774.629
774.656
774.674
774.702
774.719
772.975
773.021
773.016
772.979
772.869
772.777
772.743
772.736
772.738
772.743
772.746
772.752
772.76
772.768
772.775
772.781
772.787
772.791
772.796
772.801
772.805
772.809
772.813
772.817
772.821
772.825
772.828
772.831
772.834
772.836
772.838
772.84
772.842
772.843
772.844
772.845
772.846
772.846
772.846
772.846
772.846
772.846
772.846
772.846
772.845
772.845
772.844
772.844
772.843
772.843
772.842
772.842
772.842
772.841
772.841
772.841
772.84
772.84
772.84
772.84
772.84
772.84
772.841
772.841
772.842
772.842
772.843
772.843
772.844
772.845
772.845
772.846
772.847
772.847
772.848
772.848
772.849
772.849
772.85
772.85
772.85
772.85
772.85
772.85
772.85
772.85
772.85
772.849
772.849
772.849
772.848
772.848
772.847
772.847
772.846
772.846
772.846
772.845
772.845
772.844
772.844
772.844
772.844
772.844
772.844
772.844
772.844
772.844
772.845
772.845
772.846
772.846
772.847
772.848
772.849
772.85
772.851
772.853
772.854
772.856
772.857
772.859
772.861
772.863
772.865
772.867
772.869
772.872
772.874
772.876
772.879
772.882
772.884
772.887
772.889
772.892
772.895
772.897
772.9
772.903
772.905
772.907
772.909
772.911
772.912
772.913
772.914
772.915
772.915
772.915
772.914
772.913
772.912
772.911
772.909
772.908
772.906
772.905
772.903
772.902
772.901
772.901
772.901
772.901
772.902
772.903
772.905
772.908
772.911
772.914
772.918
772.922
772.926
772.931
772.935
772.94
772.945
772.949
772.954
772.958
772.963
772.967
772.97
772.974
772.977
772.98
772.983
772.985
772.987
772.989
772.991
772.992
772.994
772.995
772.996
772.996
772.997
772.998
772.998
772.998
772.999
772.999
772.999
772.999
772.999
773
773
773
773
773
773
773
773
773
773
773
773
773
773
773
773
773
773
773
773
773
773
773
773
773
773
773
773
773
773
773
773
773
773
773
773
773
773
773
773
773
773
773
773
773
773
773
773
773
773
773
773
773
773
773
773
773
773
773
773
773
773
773
773
773
773
773
773
773
773
773
773
773
773
773
773
773
773
773
773
773
773
773
773
773
773
773
773
773
773
773
773
773
773
773
773
773
773
773
773
773
773
773
773
773
773
773
773
773
773
773
773
773
773
773
773
773
773
773
773
773
773
773
773
773
773
773
773
773
773
773
773
773
773
773
773
773
773
773
773
773
773
773
773
773
773
773
773
773
773
773
773
773
773
773
773
773
773
773
773
773
773
773
773
773
773
773
773
773
773
773
773
773
773
773
773
773
773
773
773
773
773
773
773
773
773
773
773
773
773
773
773
773
773
773
773
773
773
773
773
773
773
773
773
773
773
773
773
773
773
773
773
773
773
773
773
773
773
773
773
773
773
773
773
773
773
773
773
773
773
773
773
773
773
773
773
773
773.001
773.001
773.001
773.001
773.001
773.002
773.002
773.002
773.003
773.003
773.004
773.004
773.005
773.006
773.006
773.007
773.008
773.01
773.011
773.012
773.014
773.015
773.017
773.019
773.021
773.023
773.025
773.028
773.031
773.033
773.036
773.039
773.043
773.046
773.05
773.053
773.057
773.061
773.065
773.07
773.074
773.079
773.084
773.089
773.094
773.099
773.104
773.11
773.116
773.122
773.128
773.134
773.141
773.147
773.154
773.161
773.168
773.175
773.183
773.19
773.198
773.206
773.214
773.222
773.231
773.239
773.248
773.257
773.266
773.275
773.285
773.294
773.304
773.314
773.324
773.334
773.345
773.355
773.366
773.377
773.388
773.399
773.411
773.422
773.434
773.446
773.458
773.47
773.482
773.495
773.508
773.521
773.534
773.547
773.56
773.574
773.588
773.602
773.616
773.63
773.644
773.659
773.673
773.688
773.703
773.719
773.734
773.749
773.765
773.781
773.797
773.813
773.829
773.846
773.863
773.879
773.896
773.913
773.931
773.948
773.966
773.983
774.001
774.019
774.038
774.056
774.075
774.093
774.112
774.131
774.15
774.169
774.189
774.208
774.228
774.248
774.268
774.288
774.309
774.329
774.35
774.371
774.391
774.413
774.434
774.455
774.477
774.498
774.52
774.542
774.565
774.585
774.61
774.629
774.656
774.674
774.702
774.719
772.764
772.772
772.778
772.793
772.818
772.826
772.842
772.895
772.935
772.929
772.867
772.784
772.754
772.751
772.758
772.772
772.782
772.789
772.795
772.8
772.805
772.809
772.813
772.817
772.821
772.825
772.828
772.831
772.834
772.836
772.838
772.84
772.842
772.843
772.844
772.845
772.846
772.846
772.846
772.846
772.846
772.846
772.846
772.846
772.845
772.845
772.844
772.844
772.843
772.843
772.842
772.842
772.842
772.841
772.841
772.841
772.84
772.84
772.84
772.84
772.84
772.84
772.841
772.841
772.842
772.842
772.843
772.843
772.844
772.845
772.845
772.846
772.847
772.847
772.848
772.848
772.849
772.849
772.85
772.85
772.85
772.85
772.85
772.85
772.85
772.85
772.85
772.849
772.849
772.849
772.848
772.848
772.847
772.847
772.846
772.846
772.846
772.845
772.845
772.844
772.844
772.844
772.844
772.844
772.844
772.844
772.844
772.844
772.845
772.845
772.846
772.846
772.847
772.848
772.849
772.85
772.851
772.853
772.854
772.856
772.857
772.859
772.861
772.863
772.865
772.867
772.869
772.872
772.874
772.876
772.879
772.882
772.884
772.887
772.889
772.892
772.895
772.897
772.9
772.903
772.905
772.907
772.909
772.911
772.912
772.913
772.914
772.915
772.915
772.915
772.914
772.913
772.912
772.911
772.909
772.908
772.906
772.905
772.903
772.902
772.901
772.901
772.901
772.901
772.902
772.903
772.905
772.908
772.911
772.914
772.918
772.922
772.926
772.931
772.935
772.94
772.945
772.949
772.954
772.958
772.963
772.967
772.97
772.974
772.977
772.98
772.983
772.985
772.987
772.989
772.991
772.992
772.994
772.995
772.996
772.996
772.997
772.998
772.998
772.998
772.999
772.999
772.999
772.999
772.999
773
773
773
773
773
773
773
773
773
773
773
773
773
773
773
773
773
773
773
773
773
773
773
773
773
773
773
773
773
773
773
773
773
773
773
773
773
773
773
773
773
773
773
773
773
773
773
773
773
773
773
773
773
773
773
773
773
773
773
773
773
773
773
773
773
773
773
773
773
773
773
773
773
773
773
773
773
773
773
773
773
773
773
773
773
773
773
773
773
773
773
773
773
773
773
773
773
773
773
773
773
773
773
773
773
773
773
773
773
773
773
773
773
773
773
773
773
773
773
773
773
773
773
773
773
773
773
773
773
773
773
773
773
773
773
773
773
773
773
773
773
773
773
773
773
773
773
773
773
773
773
773
773
773
773
773
773
773
773
773
773
773
773
773
773
773
773
773
773
773
773
773
773
773
773
773
773
773
773
773
773
773
773
773
773
773
773
773
773
773
773
773
773
773
773
773
773
773
773
773
773
773
773
773
773
773
773
773
773
773
773
773
773
773
773
773
773
773
773
773
773
773
773
773
773
773
773
773
773
773
773
773
773
773
773
773
773
773.001
773.001
773.001
773.001
773.001
773.002
773.002
773.002
773.003
773.003
773.004
773.004
773.005
773.006
773.006
773.007
773.008
773.01
773.011
773.012
773.014
773.015
773.017
773.019
773.021
773.023
773.025
773.028
773.031
773.033
773.036
773.039
773.043
773.046
773.05
773.053
773.057
773.061
773.065
773.07
773.074
773.079
773.084
773.089
773.094
773.099
773.104
773.11
773.116
773.122
773.128
773.134
773.141
773.147
773.154
773.161
773.168
773.175
773.183
773.19
773.198
773.206
773.214
773.222
773.231
773.239
773.248
773.257
773.266
773.275
773.285
773.294
773.304
773.314
773.324
773.334
773.345
773.355
773.366
773.377
773.388
773.399
773.411
773.422
773.434
773.446
773.458
773.47
773.482
773.495
773.508
773.521
773.534
773.547
773.56
773.574
773.588
773.602
773.616
773.63
773.644
773.659
773.673
773.688
773.703
773.719
773.734
773.749
773.765
773.781
773.797
773.813
773.829
773.846
773.863
773.879
773.896
773.913
773.931
773.948
773.966
773.983
774.001
774.019
774.038
774.056
774.075
774.093
774.112
774.131
774.15
774.169
774.189
774.208
774.228
774.248
774.268
774.288
774.309
774.329
774.35
774.371
774.391
774.413
774.434
774.455
774.477
774.498
774.52
774.542
774.565
774.585
774.61
774.629
774.656
774.674
774.702
774.719
772.879
772.891
772.922
772.933
772.917
772.798
772.726
772.845
773.5
774.059
774.144
773.979
773.467
773.097
772.914
772.835
772.806
772.798
772.798
772.801
772.805
772.81
772.814
772.818
772.822
772.825
772.828
772.831
772.834
772.837
772.839
772.84
772.842
772.843
772.844
772.845
772.846
772.846
772.847
772.847
772.847
772.846
772.846
772.846
772.845
772.845
772.845
772.844
772.844
772.843
772.843
772.842
772.842
772.841
772.841
772.841
772.841
772.84
772.84
772.84
772.841
772.841
772.841
772.841
772.842
772.842
772.843
772.843
772.844
772.845
772.845
772.846
772.847
772.847
772.848
772.849
772.849
772.849
772.85
772.85
772.85
772.85
772.851
772.851
772.85
772.85
772.85
772.85
772.849
772.849
772.849
772.848
772.848
772.847
772.847
772.846
772.846
772.845
772.845
772.845
772.844
772.844
772.844
772.844
772.844
772.844
772.844
772.845
772.845
772.845
772.846
772.847
772.847
772.848
772.849
772.85
772.852
772.853
772.854
772.856
772.858
772.859
772.861
772.863
772.865
772.867
772.87
772.872
772.874
772.877
772.879
772.882
772.884
772.887
772.89
772.892
772.895
772.898
772.9
772.903
772.905
772.907
772.909
772.911
772.912
772.914
772.914
772.915
772.915
772.915
772.914
772.914
772.912
772.911
772.91
772.908
772.906
772.905
772.904
772.902
772.902
772.901
772.901
772.901
772.902
772.904
772.906
772.908
772.911
772.914
772.918
772.922
772.926
772.931
772.936
772.94
772.945
772.95
772.954
772.959
772.963
772.967
772.971
772.974
772.977
772.98
772.983
772.985
772.988
772.989
772.991
772.993
772.994
772.995
772.996
772.997
772.997
772.998
772.998
772.999
772.999
772.999
772.999
773
773
773
773
773
773
773
773
773
773
773
773
773
773
773
773
773
773
773
773
773
773
773
773
773
773
773
773
773
773
773
773
773
773
773
773
773
773
773
773
773
773
773
773
773
773
773
773
773
773
773
773
773
773
773
773
773
773
773
773
773
773
773
773
773
773
773
773
773
773
773
773
773
773
773
773
773
773
773
773
773
773
773
773
773
773
773
773
773
773
773
773
773
773
773
773
773
773
773
773
773
773
773
773
773
773
773
773
773
773
773
773
773
773
773
773
773
773
773
773
773
773
773
773
773
773
773
773
773
773
773
773
773
773
773
773
773
773
773
773
773
773
773
773
773
773
773
773
773
773
773
773
773
773
773
773
773
773
773
773
773
773
773
773
773
773
773
773
773
773
773
773
773
773
773
773
773
773
773
773
773
773
773
773
773
773
773
773
773
773
773
773
773
773
773
773
773
773
773
773
773
773
773
773
773
773
773
773
773
773
773
773
773
773
773
773
773
773
773
773
773
773
773
773
773
773
773
773
773
773
773
773
773
773
773
773.001
773.001
773.001
773.001
773.001
773.001
773.001
773.001
773.002
773.002
773.002
773.002
773.003
773.003
773.004
773.004
773.005
773.006
773.007
773.008
773.009
773.01
773.011
773.012
773.014
773.016
773.017
773.019
773.021
773.023
773.026
773.028
773.031
773.034
773.037
773.04
773.043
773.046
773.05
773.054
773.057
773.061
773.066
773.07
773.074
773.079
773.084
773.089
773.094
773.099
773.105
773.11
773.116
773.122
773.128
773.134
773.141
773.148
773.154
773.161
773.168
773.176
773.183
773.191
773.198
773.206
773.214
773.223
773.231
773.24
773.248
773.257
773.266
773.276
773.285
773.295
773.304
773.314
773.324
773.334
773.345
773.355
773.366
773.377
773.388
773.399
773.411
773.422
773.434
773.446
773.458
773.47
773.483
773.495
773.508
773.521
773.534
773.547
773.561
773.574
773.588
773.602
773.616
773.63
773.644
773.659
773.674
773.689
773.704
773.719
773.734
773.75
773.765
773.781
773.797
773.813
773.83
773.846
773.863
773.88
773.897
773.914
773.931
773.948
773.966
773.984
774.002
774.02
774.038
774.056
774.075
774.093
774.112
774.131
774.15
774.17
774.189
774.209
774.229
774.248
774.268
774.289
774.309
774.329
774.35
774.371
774.392
774.413
774.434
774.455
774.477
774.498
774.52
774.542
774.565
774.585
774.61
774.629
774.656
774.674
774.702
774.72
)
;

boundaryField
{
    inlet
    {
        type            zeroGradient;
    }
    outlet
    {
        type            zeroGradient;
    }
    sides
    {
        type            empty;
    }
    walls
    {
        type            zeroGradient;
    }
}


// ************************************************************************* //
