/*--------------------------------*- C++ -*----------------------------------*\
| =========                 |                                                 |
| \\      /  F ield         | OpenFOAM: The Open Source CFD Toolbox           |
|  \\    /   O peration     | Version:  3.0.x                                 |
|   \\  /    A nd           | Web:      www.OpenFOAM.org                      |
|    \\/     M anipulation  |                                                 |
\*---------------------------------------------------------------------------*/
FoamFile
{
    version     2.0;
    format      ascii;
    class       volScalarField;
    location    "0.07";
    object      rho;
}
// * * * * * * * * * * * * * * * * * * * * * * * * * * * * * * * * * * * * * //

dimensions      [1 -3 0 0 0 0 0];

internalField   nonuniform List<scalar> 
6900
(
50.4699
50.47
50.4702
50.4705
50.4708
50.4713
50.4718
50.4724
50.4731
50.4739
50.4748
50.4758
50.4769
50.4781
50.4794
50.4808
50.4823
50.4838
50.4853
50.4869
50.4884
50.49
50.4915
50.493
50.4943
50.4956
50.4967
50.4978
50.4986
50.4994
50.5
50.5004
50.5007
50.5009
50.501
50.501
50.501
50.5009
50.5008
50.5006
50.5006
50.5005
50.5006
50.5007
50.5009
50.5012
50.5015
50.502
50.5026
50.5032
50.504
50.5048
50.5056
50.5065
50.5074
50.5084
50.5094
50.5103
50.5113
50.5123
50.5132
50.5142
50.5151
50.516
50.5169
50.5177
50.5185
50.5192
50.52
50.5207
50.5213
50.522
50.5225
50.5231
50.5236
50.5241
50.5245
50.5249
50.5253
50.5256
50.5258
50.5261
50.5263
50.5264
50.5266
50.5267
50.5267
50.5268
50.5268
50.5267
50.5267
50.5266
50.5265
50.5264
50.5263
50.5262
50.5261
50.5259
50.5258
50.5257
50.5256
50.5255
50.5254
50.5253
50.5253
50.5253
50.5253
50.5253
50.5253
50.5254
50.5255
50.5256
50.5258
50.526
50.5261
50.5263
50.5265
50.5268
50.527
50.5272
50.5274
50.5276
50.5277
50.5279
50.528
50.5281
50.5281
50.5282
50.5282
50.5282
50.5281
50.528
50.5279
50.5278
50.5277
50.5275
50.5274
50.5272
50.527
50.5268
50.5267
50.5265
50.5264
50.5263
50.5262
50.5261
50.5261
50.5261
50.5261
50.5262
50.5263
50.5264
50.5266
50.5269
50.5271
50.5274
50.5277
50.528
50.5283
50.5287
50.529
50.5294
50.5298
50.5302
50.5306
50.531
50.5315
50.532
50.5325
50.5332
50.5339
50.5346
50.5355
50.5364
50.5374
50.5385
50.5397
50.5409
50.5422
50.5435
50.5449
50.5463
50.5477
50.5491
50.5505
50.5518
50.5531
50.5543
50.5554
50.5564
50.5574
50.5582
50.5589
50.5595
50.56
50.5603
50.5606
50.5607
50.5613
50.5585
50.47
50.4701
50.4703
50.4705
50.4709
50.4713
50.4718
50.4724
50.4731
50.4739
50.4748
50.4758
50.4769
50.4782
50.4794
50.4808
50.4823
50.4838
50.4853
50.4869
50.4885
50.49
50.4915
50.493
50.4943
50.4956
50.4968
50.4978
50.4987
50.4994
50.5
50.5004
50.5007
50.5009
50.501
50.501
50.501
50.5009
50.5008
50.5007
50.5006
50.5006
50.5006
50.5007
50.5009
50.5012
50.5016
50.502
50.5026
50.5032
50.504
50.5048
50.5056
50.5065
50.5075
50.5084
50.5094
50.5104
50.5113
50.5123
50.5133
50.5142
50.5151
50.516
50.5169
50.5177
50.5185
50.5193
50.52
50.5207
50.5214
50.522
50.5226
50.5231
50.5236
50.5241
50.5245
50.5249
50.5253
50.5256
50.5259
50.5261
50.5263
50.5265
50.5266
50.5267
50.5267
50.5268
50.5268
50.5268
50.5267
50.5266
50.5266
50.5265
50.5263
50.5262
50.5261
50.526
50.5258
50.5257
50.5256
50.5255
50.5254
50.5254
50.5253
50.5253
50.5253
50.5253
50.5254
50.5254
50.5255
50.5257
50.5258
50.526
50.5262
50.5264
50.5266
50.5268
50.527
50.5272
50.5274
50.5276
50.5277
50.5279
50.528
50.5281
50.5282
50.5282
50.5282
50.5282
50.5281
50.5281
50.528
50.5278
50.5277
50.5276
50.5274
50.5272
50.527
50.5269
50.5267
50.5265
50.5264
50.5263
50.5262
50.5261
50.5261
50.5261
50.5261
50.5262
50.5263
50.5265
50.5267
50.5269
50.5271
50.5274
50.5277
50.528
50.5283
50.5287
50.529
50.5294
50.5298
50.5302
50.5306
50.531
50.5315
50.532
50.5326
50.5332
50.5339
50.5346
50.5355
50.5364
50.5374
50.5385
50.5397
50.5409
50.5422
50.5435
50.5449
50.5463
50.5477
50.5491
50.5505
50.5518
50.5531
50.5543
50.5554
50.5565
50.5574
50.5582
50.5589
50.5595
50.56
50.5603
50.5606
50.5607
50.5613
50.5589
50.47
50.4701
50.4703
50.4705
50.4709
50.4713
50.4718
50.4724
50.4731
50.4739
50.4748
50.4758
50.4769
50.4782
50.4794
50.4808
50.4823
50.4838
50.4853
50.4869
50.4885
50.49
50.4915
50.493
50.4943
50.4956
50.4968
50.4978
50.4987
50.4994
50.5
50.5004
50.5007
50.5009
50.501
50.501
50.501
50.5009
50.5008
50.5007
50.5006
50.5006
50.5006
50.5007
50.5009
50.5012
50.5016
50.502
50.5026
50.5032
50.504
50.5048
50.5056
50.5065
50.5075
50.5084
50.5094
50.5104
50.5113
50.5123
50.5133
50.5142
50.5151
50.516
50.5169
50.5177
50.5185
50.5193
50.52
50.5207
50.5214
50.522
50.5226
50.5231
50.5236
50.5241
50.5245
50.5249
50.5253
50.5256
50.5259
50.5261
50.5263
50.5265
50.5266
50.5267
50.5267
50.5268
50.5268
50.5268
50.5267
50.5266
50.5266
50.5265
50.5263
50.5262
50.5261
50.526
50.5258
50.5257
50.5256
50.5255
50.5254
50.5254
50.5253
50.5253
50.5253
50.5253
50.5254
50.5254
50.5255
50.5257
50.5258
50.526
50.5262
50.5264
50.5266
50.5268
50.527
50.5272
50.5274
50.5276
50.5277
50.5279
50.528
50.5281
50.5282
50.5282
50.5282
50.5282
50.5281
50.5281
50.528
50.5278
50.5277
50.5276
50.5274
50.5272
50.527
50.5269
50.5267
50.5265
50.5264
50.5263
50.5262
50.5261
50.5261
50.5261
50.5261
50.5262
50.5263
50.5265
50.5267
50.5269
50.5271
50.5274
50.5277
50.528
50.5283
50.5287
50.529
50.5294
50.5298
50.5302
50.5306
50.531
50.5315
50.532
50.5326
50.5332
50.5339
50.5346
50.5355
50.5364
50.5374
50.5385
50.5397
50.5409
50.5422
50.5435
50.5449
50.5463
50.5477
50.5491
50.5505
50.5518
50.5531
50.5543
50.5554
50.5565
50.5574
50.5582
50.5589
50.5595
50.56
50.5603
50.5606
50.5608
50.5609
50.5609
50.47
50.4701
50.4703
50.4705
50.4709
50.4713
50.4718
50.4724
50.4731
50.4739
50.4748
50.4758
50.4769
50.4782
50.4794
50.4808
50.4823
50.4838
50.4853
50.4869
50.4885
50.49
50.4915
50.493
50.4943
50.4956
50.4968
50.4978
50.4987
50.4994
50.5
50.5004
50.5007
50.5009
50.501
50.501
50.501
50.5009
50.5008
50.5007
50.5006
50.5006
50.5006
50.5007
50.5009
50.5012
50.5016
50.502
50.5026
50.5032
50.504
50.5048
50.5056
50.5065
50.5075
50.5084
50.5094
50.5104
50.5113
50.5123
50.5133
50.5142
50.5151
50.516
50.5169
50.5177
50.5185
50.5193
50.52
50.5207
50.5214
50.522
50.5226
50.5231
50.5236
50.5241
50.5245
50.5249
50.5253
50.5256
50.5259
50.5261
50.5263
50.5265
50.5266
50.5267
50.5267
50.5268
50.5268
50.5268
50.5267
50.5266
50.5266
50.5265
50.5263
50.5262
50.5261
50.526
50.5258
50.5257
50.5256
50.5255
50.5254
50.5254
50.5253
50.5253
50.5253
50.5253
50.5254
50.5254
50.5255
50.5257
50.5258
50.526
50.5262
50.5264
50.5266
50.5268
50.527
50.5272
50.5274
50.5276
50.5277
50.5279
50.528
50.5281
50.5282
50.5282
50.5282
50.5282
50.5281
50.5281
50.528
50.5278
50.5277
50.5276
50.5274
50.5272
50.527
50.5269
50.5267
50.5265
50.5264
50.5263
50.5262
50.5261
50.5261
50.5261
50.5261
50.5262
50.5263
50.5265
50.5267
50.5269
50.5271
50.5274
50.5277
50.528
50.5283
50.5287
50.529
50.5294
50.5298
50.5302
50.5306
50.531
50.5315
50.532
50.5326
50.5332
50.5339
50.5346
50.5355
50.5364
50.5374
50.5385
50.5397
50.5409
50.5422
50.5435
50.5449
50.5463
50.5477
50.5491
50.5505
50.5518
50.5531
50.5543
50.5554
50.5565
50.5574
50.5582
50.5589
50.5595
50.5599
50.5604
50.5605
50.5608
50.56
50.5661
50.4699
50.47
50.4702
50.4705
50.4708
50.4713
50.4718
50.4724
50.4731
50.4739
50.4748
50.4758
50.4769
50.4781
50.4794
50.4808
50.4823
50.4838
50.4853
50.4869
50.4884
50.49
50.4915
50.493
50.4943
50.4956
50.4967
50.4978
50.4986
50.4994
50.5
50.5004
50.5007
50.5009
50.501
50.501
50.501
50.5009
50.5008
50.5006
50.5006
50.5005
50.5006
50.5007
50.5009
50.5012
50.5015
50.502
50.5026
50.5032
50.504
50.5048
50.5056
50.5065
50.5074
50.5084
50.5094
50.5103
50.5113
50.5123
50.5132
50.5142
50.5151
50.516
50.5169
50.5177
50.5185
50.5192
50.52
50.5207
50.5213
50.522
50.5225
50.5231
50.5236
50.5241
50.5245
50.5249
50.5253
50.5256
50.5258
50.5261
50.5263
50.5264
50.5266
50.5267
50.5267
50.5268
50.5268
50.5267
50.5267
50.5266
50.5265
50.5264
50.5263
50.5262
50.5261
50.5259
50.5258
50.5257
50.5256
50.5255
50.5254
50.5253
50.5253
50.5253
50.5253
50.5253
50.5253
50.5254
50.5255
50.5256
50.5258
50.526
50.5261
50.5263
50.5265
50.5268
50.527
50.5272
50.5274
50.5276
50.5277
50.5279
50.528
50.5281
50.5281
50.5282
50.5282
50.5282
50.5281
50.528
50.5279
50.5278
50.5277
50.5275
50.5274
50.5272
50.527
50.5268
50.5267
50.5265
50.5264
50.5263
50.5262
50.5261
50.5261
50.5261
50.5261
50.5262
50.5263
50.5264
50.5266
50.5269
50.5271
50.5274
50.5277
50.528
50.5283
50.5287
50.529
50.5294
50.5298
50.5302
50.5306
50.531
50.5315
50.532
50.5325
50.5332
50.5339
50.5346
50.5355
50.5364
50.5374
50.5385
50.5397
50.5409
50.5422
50.5435
50.5449
50.5463
50.5477
50.5491
50.5505
50.5518
50.5531
50.5543
50.5554
50.5564
50.5574
50.5582
50.5589
50.5595
50.5599
50.5604
50.5605
50.5608
50.5595
50.5716
50.5762
50.5827
50.5834
50.5815
50.5799
50.5783
50.5757
50.5722
50.5687
50.5667
50.5688
50.5747
50.5763
50.5692
50.5552
50.5396
50.529
50.5202
50.5115
50.5119
50.5727
50.5759
50.5757
50.574
50.5724
50.5708
50.5683
50.5648
50.5615
50.5597
50.5621
50.5686
50.5688
50.5596
50.5431
50.5285
50.519
50.5109
50.5037
50.5034
50.5616
50.5614
50.5604
50.5583
50.5556
50.5522
50.5481
50.5434
50.5375
50.5306
50.5225
50.5135
50.5047
50.4967
50.4892
50.481
50.4711
50.4601
50.4485
50.4354
50.5394
50.5365
50.5374
50.5387
50.5377
50.5339
50.5288
50.5217
50.5158
50.5085
50.5021
50.4948
50.4881
50.4817
50.4752
50.4697
50.4647
50.4609
50.4577
50.4554
50.53
50.5181
50.5137
50.513
50.5108
50.5059
50.4995
50.4914
50.484
50.4753
50.4675
50.459
50.451
50.4428
50.4356
50.4285
50.4228
50.4178
50.4142
50.4123
50.493
50.4599
50.4456
50.4451
50.4456
50.4454
50.4439
50.4427
50.4359
50.3869
50.2675
50.2131
50.2194
50.3034
50.4598
50.5339
50.5486
50.5387
50.5058
50.483
50.4721
50.4675
50.4659
50.4657
50.466
50.4665
50.4671
50.4677
50.4683
50.4689
50.4694
50.4699
50.4704
50.4708
50.4712
50.4716
50.472
50.4723
50.4727
50.473
50.4733
50.4736
50.4739
50.4741
50.4744
50.4747
50.475
50.4752
50.4755
50.4758
50.4762
50.4765
50.4769
50.4773
50.4777
50.4782
50.4787
50.4793
50.4799
50.4806
50.4814
50.4822
50.4831
50.484
50.485
50.486
50.4871
50.4883
50.4895
50.4907
50.492
50.4932
50.4945
50.4958
50.497
50.4983
50.4995
50.5006
50.5017
50.5027
50.5037
50.5045
50.5053
50.506
50.5066
50.5071
50.5075
50.5079
50.5081
50.5083
50.5085
50.5085
50.5085
50.5085
50.5085
50.5084
50.5084
50.5083
50.5083
50.5083
50.5083
50.5084
50.5085
50.5086
50.5088
50.5091
50.5094
50.5097
50.5101
50.5106
50.5111
50.5116
50.5121
50.5127
50.5134
50.514
50.5147
50.5154
50.5161
50.5168
50.5175
50.5182
50.5189
50.5197
50.5204
50.5211
50.5218
50.5225
50.5232
50.5239
50.5246
50.5252
50.5259
50.5266
50.5272
50.5278
50.5285
50.5291
50.5297
50.5302
50.5308
50.5313
50.5318
50.5323
50.5327
50.5331
50.5335
50.5338
50.5341
50.5343
50.5345
50.5346
50.5347
50.5347
50.5347
50.5347
50.5346
50.5344
50.5343
50.5341
50.5338
50.5336
50.5333
50.533
50.5328
50.5325
50.5322
50.5319
50.5316
50.5313
50.531
50.5308
50.5306
50.5304
50.5302
50.5301
50.53
50.5299
50.5299
50.5299
50.5301
50.5302
50.5305
50.5308
50.5311
50.5316
50.532
50.5326
50.5332
50.5339
50.5346
50.5354
50.5362
50.5371
50.5379
50.5388
50.5396
50.5406
50.5404
50.5496
50.4912
50.4587
50.4453
50.4443
50.4443
50.4441
50.4438
50.4448
50.4451
50.4384
50.4137
50.3986
50.3993
50.4114
50.434
50.4464
50.4527
50.4565
50.4591
50.461
50.4624
50.4635
50.4644
50.4651
50.4658
50.4665
50.4671
50.4677
50.4683
50.4689
50.4694
50.4699
50.4704
50.4709
50.4713
50.4716
50.472
50.4724
50.4727
50.473
50.4733
50.4736
50.4739
50.4741
50.4744
50.4747
50.475
50.4753
50.4756
50.4759
50.4762
50.4765
50.4769
50.4773
50.4777
50.4782
50.4787
50.4793
50.48
50.4806
50.4814
50.4822
50.4831
50.484
50.485
50.4861
50.4872
50.4883
50.4895
50.4907
50.492
50.4933
50.4945
50.4958
50.4971
50.4983
50.4995
50.5006
50.5017
50.5027
50.5037
50.5045
50.5053
50.506
50.5066
50.5071
50.5076
50.5079
50.5082
50.5083
50.5085
50.5085
50.5086
50.5086
50.5085
50.5085
50.5084
50.5084
50.5083
50.5083
50.5083
50.5084
50.5085
50.5086
50.5089
50.5091
50.5094
50.5097
50.5101
50.5106
50.5111
50.5116
50.5122
50.5128
50.5134
50.514
50.5147
50.5154
50.5161
50.5168
50.5175
50.5182
50.519
50.5197
50.5204
50.5211
50.5218
50.5225
50.5232
50.5239
50.5246
50.5253
50.5259
50.5266
50.5272
50.5279
50.5285
50.5291
50.5297
50.5303
50.5308
50.5313
50.5318
50.5323
50.5327
50.5331
50.5335
50.5338
50.5341
50.5343
50.5345
50.5346
50.5347
50.5347
50.5347
50.5347
50.5346
50.5345
50.5343
50.5341
50.5339
50.5336
50.5333
50.5331
50.5328
50.5325
50.5322
50.5319
50.5316
50.5313
50.5311
50.5308
50.5306
50.5304
50.5302
50.5301
50.53
50.5299
50.5299
50.53
50.5301
50.5303
50.5305
50.5308
50.5311
50.5316
50.5321
50.5326
50.5332
50.5339
50.5346
50.5354
50.5362
50.5371
50.5379
50.5388
50.5397
50.5406
50.5408
50.5451
50.4002
50.4136
50.4231
50.4249
50.4243
50.4242
50.4271
50.435
50.4419
50.4463
50.4486
50.4505
50.452
50.4537
50.4555
50.4573
50.4589
50.4601
50.461
50.4617
50.4625
50.4633
50.4641
50.4648
50.4656
50.4664
50.4671
50.4677
50.4683
50.4689
50.4694
50.4699
50.4704
50.4709
50.4713
50.4716
50.472
50.4724
50.4727
50.473
50.4733
50.4736
50.4739
50.4741
50.4744
50.4747
50.475
50.4753
50.4756
50.4759
50.4762
50.4765
50.4769
50.4773
50.4777
50.4782
50.4787
50.4793
50.48
50.4806
50.4814
50.4822
50.4831
50.484
50.485
50.4861
50.4872
50.4883
50.4895
50.4907
50.492
50.4933
50.4945
50.4958
50.4971
50.4983
50.4995
50.5006
50.5017
50.5027
50.5037
50.5045
50.5053
50.506
50.5066
50.5071
50.5076
50.5079
50.5082
50.5083
50.5085
50.5085
50.5086
50.5086
50.5085
50.5085
50.5084
50.5084
50.5083
50.5083
50.5083
50.5084
50.5085
50.5086
50.5089
50.5091
50.5094
50.5097
50.5101
50.5106
50.5111
50.5116
50.5122
50.5128
50.5134
50.514
50.5147
50.5154
50.5161
50.5168
50.5175
50.5182
50.519
50.5197
50.5204
50.5211
50.5218
50.5225
50.5232
50.5239
50.5246
50.5253
50.5259
50.5266
50.5272
50.5279
50.5285
50.5291
50.5297
50.5303
50.5308
50.5313
50.5318
50.5323
50.5327
50.5331
50.5335
50.5338
50.5341
50.5343
50.5345
50.5346
50.5347
50.5347
50.5347
50.5347
50.5346
50.5345
50.5343
50.5341
50.5339
50.5336
50.5333
50.5331
50.5328
50.5325
50.5322
50.5319
50.5316
50.5313
50.5311
50.5308
50.5306
50.5304
50.5302
50.5301
50.53
50.5299
50.5299
50.53
50.5301
50.5303
50.5305
50.5308
50.5311
50.5316
50.5321
50.5326
50.5332
50.5339
50.5346
50.5354
50.5362
50.5371
50.5379
50.5388
50.5397
50.5406
50.5416
50.5424
50.448
50.4445
50.4432
50.4425
50.4419
50.4415
50.4412
50.4411
50.4403
50.441
50.4426
50.4438
50.4419
50.4394
50.4407
50.4447
50.4528
50.4586
50.4614
50.4628
50.4636
50.464
50.4645
50.4651
50.4657
50.4664
50.4671
50.4677
50.4683
50.4689
50.4694
50.4699
50.4704
50.4709
50.4713
50.4716
50.472
50.4724
50.4727
50.473
50.4733
50.4736
50.4739
50.4741
50.4744
50.4747
50.475
50.4753
50.4756
50.4759
50.4762
50.4765
50.4769
50.4773
50.4777
50.4782
50.4787
50.4793
50.48
50.4806
50.4814
50.4822
50.4831
50.484
50.485
50.4861
50.4872
50.4883
50.4895
50.4907
50.492
50.4933
50.4945
50.4958
50.4971
50.4983
50.4995
50.5006
50.5017
50.5027
50.5037
50.5045
50.5053
50.506
50.5066
50.5071
50.5076
50.5079
50.5082
50.5083
50.5085
50.5085
50.5086
50.5086
50.5085
50.5085
50.5084
50.5084
50.5083
50.5083
50.5083
50.5084
50.5085
50.5086
50.5089
50.5091
50.5094
50.5097
50.5101
50.5106
50.5111
50.5116
50.5122
50.5128
50.5134
50.514
50.5147
50.5154
50.5161
50.5168
50.5175
50.5182
50.519
50.5197
50.5204
50.5211
50.5218
50.5225
50.5232
50.5239
50.5246
50.5253
50.5259
50.5266
50.5272
50.5279
50.5285
50.5291
50.5297
50.5303
50.5308
50.5313
50.5318
50.5323
50.5327
50.5331
50.5335
50.5338
50.5341
50.5343
50.5345
50.5346
50.5347
50.5347
50.5347
50.5347
50.5346
50.5345
50.5343
50.5341
50.5339
50.5336
50.5333
50.5331
50.5328
50.5325
50.5322
50.5319
50.5316
50.5313
50.5311
50.5308
50.5306
50.5304
50.5302
50.5301
50.53
50.5299
50.5299
50.53
50.5301
50.5303
50.5305
50.5308
50.5311
50.5316
50.5321
50.5326
50.5332
50.5339
50.5346
50.5354
50.5362
50.5371
50.5379
50.5388
50.5398
50.5407
50.542
50.5416
50.433
50.4354
50.4346
50.4342
50.4337
50.4333
50.4322
50.4321
50.4339
50.4421
50.4529
50.4542
50.4367
50.387
50.3609
50.3583
50.3685
50.4009
50.4295
50.4463
50.4555
50.4602
50.4628
50.4644
50.4654
50.4663
50.467
50.4677
50.4683
50.4689
50.4694
50.4699
50.4704
50.4708
50.4712
50.4716
50.472
50.4723
50.4727
50.473
50.4733
50.4736
50.4739
50.4741
50.4744
50.4747
50.475
50.4752
50.4755
50.4758
50.4762
50.4765
50.4769
50.4773
50.4777
50.4782
50.4787
50.4793
50.4799
50.4806
50.4814
50.4822
50.4831
50.484
50.485
50.486
50.4871
50.4883
50.4895
50.4907
50.492
50.4932
50.4945
50.4958
50.497
50.4983
50.4995
50.5006
50.5017
50.5027
50.5037
50.5045
50.5053
50.506
50.5066
50.5071
50.5075
50.5079
50.5081
50.5083
50.5085
50.5085
50.5085
50.5085
50.5085
50.5084
50.5084
50.5083
50.5083
50.5083
50.5083
50.5084
50.5085
50.5086
50.5088
50.5091
50.5094
50.5097
50.5101
50.5106
50.5111
50.5116
50.5121
50.5127
50.5134
50.514
50.5147
50.5154
50.5161
50.5168
50.5175
50.5182
50.5189
50.5197
50.5204
50.5211
50.5218
50.5225
50.5232
50.5239
50.5246
50.5252
50.5259
50.5266
50.5272
50.5278
50.5285
50.5291
50.5297
50.5302
50.5308
50.5313
50.5318
50.5323
50.5327
50.5331
50.5335
50.5338
50.5341
50.5343
50.5345
50.5346
50.5347
50.5347
50.5347
50.5347
50.5346
50.5344
50.5343
50.5341
50.5338
50.5336
50.5333
50.533
50.5328
50.5325
50.5322
50.5319
50.5316
50.5313
50.531
50.5308
50.5306
50.5304
50.5302
50.5301
50.53
50.5299
50.5299
50.5299
50.5301
50.5302
50.5305
50.5308
50.5311
50.5315
50.532
50.5326
50.5332
50.5339
50.5346
50.5354
50.5362
50.537
50.5379
50.5388
50.5397
50.5406
50.542
50.5414
50.515
50.5029
50.4986
50.4978
50.4957
50.491
50.4845
50.4778
50.4701
50.4626
50.4548
50.4468
50.4393
50.4316
50.4249
50.4184
50.4131
50.4085
50.4052
50.4036
50.5235
50.5206
50.5213
50.5226
50.5216
50.5181
50.5124
50.5074
50.5004
50.4949
50.488
50.4814
50.4753
50.4692
50.4632
50.4582
50.4537
50.4501
50.4471
50.4452
50.5436
50.5438
50.5429
50.5411
50.5387
50.5357
50.532
50.5274
50.522
50.5154
50.5077
50.4994
50.4916
50.4846
50.4776
50.4692
50.4595
50.449
50.4377
50.4248
50.5535
50.557
50.5571
50.5558
50.5544
50.5529
50.5507
50.5476
50.5449
50.544
50.5494
50.5538
50.5508
50.5388
50.5231
50.5125
50.5045
50.4973
50.4916
50.4958
50.5568
50.5636
50.5646
50.563
50.5616
50.56
50.5577
50.5546
50.5518
50.5508
50.5555
50.56
50.5586
50.5492
50.5341
50.5222
50.5136
50.5056
50.4987
50.5037
50.424
50.4267
50.4265
50.4265
50.4263
50.4263
50.4259
50.4254
50.4265
50.4318
50.4444
50.4479
50.4387
50.3938
50.3567
50.3479
50.3529
50.3782
50.4101
50.4295
50.44
50.4452
50.4475
50.4485
50.4488
50.4488
50.4487
50.4484
50.4482
50.4479
50.4476
50.4473
50.447
50.4467
50.4465
50.4463
50.4462
50.4461
50.4461
50.4462
50.4463
50.4466
50.4469
50.4473
50.4478
50.4484
50.449
50.4498
50.4506
50.4515
50.4525
50.4535
50.4546
50.4558
50.4571
50.4584
50.4597
50.4611
50.4626
50.4641
50.4657
50.4673
50.469
50.4707
50.4724
50.4742
50.476
50.4778
50.4797
50.4815
50.4833
50.4852
50.487
50.4888
50.4905
50.4922
50.4939
50.4955
50.4971
50.4985
50.4999
50.5012
50.5025
50.5036
50.5046
50.5056
50.5064
50.5072
50.5078
50.5084
50.5088
50.5092
50.5094
50.5096
50.5097
50.5098
50.5098
50.5097
50.5085
50.5164
50.4385
50.4355
50.4347
50.4344
50.434
50.4341
50.4343
50.4347
50.4337
50.4334
50.4346
50.436
50.4361
50.4334
50.4333
50.4352
50.4405
50.4463
50.4492
50.4502
50.4504
50.4502
50.4498
50.4495
50.4492
50.449
50.4487
50.4485
50.4482
50.4479
50.4476
50.4473
50.447
50.4467
50.4465
50.4463
50.4462
50.4461
50.4461
50.4462
50.4463
50.4466
50.4469
50.4473
50.4478
50.4484
50.449
50.4498
50.4506
50.4515
50.4525
50.4535
50.4547
50.4558
50.4571
50.4584
50.4598
50.4612
50.4626
50.4642
50.4657
50.4674
50.469
50.4707
50.4725
50.4742
50.476
50.4779
50.4797
50.4815
50.4834
50.4852
50.487
50.4888
50.4905
50.4923
50.4939
50.4955
50.4971
50.4986
50.5
50.5013
50.5025
50.5036
50.5047
50.5056
50.5065
50.5072
50.5078
50.5084
50.5088
50.5092
50.5095
50.5097
50.5098
50.5099
50.5098
50.5097
50.5089
50.5121
50.3926
50.4056
50.4151
50.4168
50.4163
50.4164
50.4186
50.4252
50.4326
50.4374
50.44
50.4416
50.4428
50.4442
50.4457
50.4471
50.4483
50.449
50.4493
50.4494
50.4494
50.4493
50.4493
50.4492
50.4491
50.4489
50.4487
50.4485
50.4482
50.4479
50.4476
50.4473
50.447
50.4467
50.4465
50.4463
50.4462
50.4461
50.4461
50.4462
50.4463
50.4466
50.4469
50.4473
50.4478
50.4484
50.449
50.4498
50.4506
50.4515
50.4525
50.4535
50.4547
50.4558
50.4571
50.4584
50.4598
50.4612
50.4626
50.4642
50.4657
50.4674
50.469
50.4707
50.4725
50.4742
50.476
50.4779
50.4797
50.4815
50.4834
50.4852
50.487
50.4888
50.4905
50.4923
50.4939
50.4955
50.4971
50.4986
50.5
50.5013
50.5025
50.5036
50.5047
50.5056
50.5065
50.5072
50.5078
50.5084
50.5088
50.5092
50.5095
50.5096
50.5098
50.5098
50.5099
50.5098
50.5097
50.5097
50.4845
50.4491
50.4356
50.4361
50.4367
50.4351
50.4348
50.4369
50.4378
50.4341
50.4129
50.3918
50.3884
50.3959
50.4191
50.436
50.4434
50.4466
50.4481
50.449
50.4495
50.4497
50.4497
50.4496
50.4493
50.4491
50.4488
50.4485
50.4482
50.4479
50.4476
50.4473
50.447
50.4467
50.4465
50.4463
50.4462
50.4461
50.4461
50.4462
50.4463
50.4466
50.4469
50.4473
50.4478
50.4484
50.449
50.4498
50.4506
50.4515
50.4525
50.4535
50.4547
50.4558
50.4571
50.4584
50.4598
50.4612
50.4626
50.4642
50.4657
50.4674
50.469
50.4707
50.4725
50.4742
50.476
50.4779
50.4797
50.4815
50.4834
50.4852
50.487
50.4888
50.4905
50.4923
50.4939
50.4955
50.4971
50.4986
50.5
50.5013
50.5025
50.5036
50.5047
50.5056
50.5065
50.5072
50.5078
50.5084
50.5088
50.5092
50.5095
50.5096
50.5098
50.5098
50.5099
50.5099
50.5102
50.5091
50.4863
50.4503
50.436
50.4368
50.4378
50.4364
50.4354
50.4355
50.4332
50.4063
50.3041
50.2236
50.2142
50.2585
50.405
50.5067
50.5357
50.5327
50.5056
50.4771
50.4621
50.455
50.4518
50.4503
50.4496
50.4492
50.4488
50.4485
50.4482
50.4479
50.4476
50.4473
50.447
50.4467
50.4465
50.4463
50.4462
50.4461
50.4461
50.4462
50.4463
50.4466
50.4469
50.4473
50.4478
50.4484
50.449
50.4498
50.4506
50.4515
50.4525
50.4535
50.4546
50.4558
50.4571
50.4584
50.4597
50.4611
50.4626
50.4641
50.4657
50.4673
50.469
50.4707
50.4724
50.4742
50.476
50.4778
50.4797
50.4815
50.4833
50.4852
50.487
50.4888
50.4905
50.4922
50.4939
50.4955
50.4971
50.4985
50.4999
50.5012
50.5025
50.5036
50.5047
50.5056
50.5064
50.5072
50.5078
50.5083
50.5088
50.5092
50.5094
50.5096
50.5098
50.5098
50.5099
50.5098
50.5102
50.5089
50.4812
50.4687
50.4641
50.4631
50.4608
50.4558
50.4491
50.4422
50.4342
50.4264
50.4184
50.4101
50.4024
50.3944
50.3874
50.3806
50.3751
50.3702
50.3666
50.3648
50.4897
50.4866
50.487
50.4881
50.4869
50.4831
50.4773
50.472
50.4648
50.4591
50.4519
50.445
50.4386
50.4323
50.4259
50.4207
50.4159
50.4121
50.4089
50.4067
50.5102
50.5101
50.5091
50.5071
50.5044
50.5011
50.4971
50.4923
50.4867
50.4798
50.4718
50.4633
50.4553
50.4479
50.4406
50.432
50.422
50.4112
50.3996
50.3865
50.5203
50.5236
50.5234
50.5218
50.5201
50.5184
50.5161
50.5127
50.5098
50.5087
50.5139
50.5181
50.5149
50.5028
50.4868
50.4758
50.4674
50.46
50.454
50.4577
50.5237
50.5302
50.5309
50.5291
50.5274
50.5256
50.5231
50.5198
50.5168
50.5155
50.5201
50.5244
50.5228
50.5132
50.4979
50.4855
50.4766
50.4683
50.461
50.4657
50.3848
50.3866
50.3859
50.3854
50.3849
50.3845
50.3837
50.3837
50.3856
50.3943
50.4033
50.4033
50.381
50.3324
50.3114
50.3112
50.3244
50.3584
50.3844
50.3995
50.4077
50.412
50.4144
50.416
50.4171
50.418
50.4188
50.4196
50.4203
50.421
50.4216
50.4222
50.4227
50.4232
50.4237
50.4241
50.4245
50.4248
50.4252
50.4255
50.4257
50.4259
50.4261
50.4263
50.4264
50.4265
50.4266
50.4267
50.4267
50.4267
50.4267
50.4267
50.4266
50.4266
50.4265
50.4264
50.4264
50.4263
50.4262
50.4261
50.4261
50.426
50.4259
50.4259
50.4259
50.4258
50.4258
50.4258
50.4259
50.4259
50.426
50.426
50.4261
50.4262
50.4264
50.4265
50.4267
50.4269
50.4271
50.4273
50.4275
50.4278
50.4281
50.4284
50.4288
50.4291
50.4295
50.43
50.4304
50.4309
50.4314
50.4319
50.4324
50.433
50.4335
50.4341
50.4347
50.4353
50.436
50.4366
50.4372
50.4379
50.4385
50.4391
50.4398
50.4404
50.441
50.4416
50.4421
50.4427
50.4432
50.4438
50.4442
50.4447
50.4452
50.4456
50.4459
50.4463
50.4466
50.4468
50.447
50.4472
50.4474
50.4475
50.4475
50.4476
50.4475
50.4475
50.4474
50.4474
50.4473
50.4472
50.4471
50.447
50.4469
50.4469
50.4468
50.4469
50.4469
50.447
50.4472
50.4474
50.4477
50.4481
50.4485
50.449
50.4495
50.4501
50.4507
50.4514
50.4521
50.4529
50.4537
50.4545
50.4553
50.4561
50.457
50.4578
50.4587
50.4595
50.4603
50.4611
50.4619
50.4627
50.4634
50.4641
50.4648
50.4655
50.4661
50.4668
50.4674
50.4679
50.4685
50.469
50.4695
50.47
50.4705
50.471
50.4714
50.4719
50.4724
50.4729
50.4734
50.474
50.4746
50.4752
50.4758
50.4764
50.4771
50.4779
50.4786
50.4794
50.4801
50.4809
50.4817
50.4825
50.4834
50.4842
50.4854
50.4846
50.3992
50.3954
50.3943
50.3936
50.3929
50.3926
50.3925
50.3925
50.3916
50.3922
50.3939
50.3954
50.3946
50.3932
50.3948
50.3984
50.4052
50.4101
50.4125
50.4138
50.4147
50.4152
50.4158
50.4166
50.4173
50.4181
50.4189
50.4196
50.4203
50.421
50.4216
50.4222
50.4227
50.4232
50.4237
50.4241
50.4245
50.4249
50.4252
50.4255
50.4257
50.426
50.4262
50.4263
50.4265
50.4266
50.4267
50.4267
50.4267
50.4267
50.4267
50.4267
50.4267
50.4266
50.4265
50.4265
50.4264
50.4263
50.4262
50.4261
50.4261
50.426
50.426
50.4259
50.4259
50.4259
50.4258
50.4259
50.4259
50.4259
50.426
50.4261
50.4261
50.4263
50.4264
50.4265
50.4267
50.4269
50.4271
50.4273
50.4276
50.4278
50.4281
50.4284
50.4288
50.4292
50.4296
50.43
50.4304
50.4309
50.4314
50.4319
50.4324
50.433
50.4336
50.4341
50.4347
50.4354
50.436
50.4366
50.4372
50.4379
50.4385
50.4392
50.4398
50.4404
50.441
50.4416
50.4422
50.4427
50.4433
50.4438
50.4443
50.4447
50.4452
50.4456
50.4459
50.4463
50.4466
50.4469
50.4471
50.4472
50.4474
50.4475
50.4476
50.4476
50.4476
50.4475
50.4475
50.4474
50.4473
50.4472
50.4471
50.447
50.4469
50.4469
50.4469
50.4469
50.4469
50.4471
50.4472
50.4475
50.4477
50.4481
50.4485
50.449
50.4495
50.4501
50.4507
50.4514
50.4521
50.4529
50.4537
50.4545
50.4553
50.4562
50.457
50.4578
50.4587
50.4595
50.4603
50.4611
50.4619
50.4627
50.4634
50.4641
50.4648
50.4655
50.4662
50.4668
50.4674
50.4679
50.4685
50.469
50.4695
50.47
50.4705
50.471
50.4715
50.4719
50.4724
50.4729
50.4735
50.474
50.4746
50.4752
50.4758
50.4765
50.4772
50.4779
50.4786
50.4794
50.4802
50.4809
50.4818
50.4825
50.4834
50.4842
50.4854
50.4849
50.353
50.3661
50.3751
50.3763
50.3754
50.3753
50.378
50.3854
50.3921
50.3963
50.3987
50.4006
50.4023
50.4042
50.4062
50.4081
50.4097
50.411
50.412
50.4128
50.4137
50.4146
50.4155
50.4164
50.4172
50.4181
50.4189
50.4196
50.4203
50.421
50.4216
50.4222
50.4227
50.4232
50.4237
50.4241
50.4245
50.4249
50.4252
50.4255
50.4257
50.426
50.4262
50.4263
50.4265
50.4266
50.4267
50.4267
50.4267
50.4267
50.4267
50.4267
50.4267
50.4266
50.4265
50.4265
50.4264
50.4263
50.4262
50.4261
50.4261
50.426
50.426
50.4259
50.4259
50.4259
50.4258
50.4259
50.4259
50.4259
50.426
50.4261
50.4261
50.4263
50.4264
50.4265
50.4267
50.4269
50.4271
50.4273
50.4276
50.4278
50.4281
50.4284
50.4288
50.4292
50.4296
50.43
50.4304
50.4309
50.4314
50.4319
50.4324
50.433
50.4336
50.4341
50.4347
50.4354
50.436
50.4366
50.4372
50.4379
50.4385
50.4392
50.4398
50.4404
50.441
50.4416
50.4422
50.4427
50.4433
50.4438
50.4443
50.4447
50.4452
50.4456
50.4459
50.4463
50.4466
50.4469
50.4471
50.4472
50.4474
50.4475
50.4476
50.4476
50.4476
50.4475
50.4475
50.4474
50.4473
50.4472
50.4471
50.447
50.4469
50.4469
50.4469
50.4469
50.4469
50.4471
50.4472
50.4475
50.4477
50.4481
50.4485
50.449
50.4495
50.4501
50.4507
50.4514
50.4521
50.4529
50.4537
50.4545
50.4553
50.4562
50.457
50.4578
50.4587
50.4595
50.4603
50.4611
50.4619
50.4627
50.4634
50.4641
50.4648
50.4655
50.4662
50.4668
50.4674
50.4679
50.4685
50.469
50.4695
50.47
50.4705
50.471
50.4715
50.4719
50.4724
50.4729
50.4735
50.474
50.4746
50.4752
50.4758
50.4765
50.4772
50.4779
50.4786
50.4794
50.4802
50.4809
50.4818
50.4825
50.4834
50.4841
50.4849
50.4856
50.444
50.4083
50.3953
50.3955
50.3954
50.394
50.3937
50.3948
50.3949
50.3869
50.3618
50.349
50.3508
50.3651
50.3884
50.4007
50.4065
50.4094
50.4112
50.4127
50.4139
50.415
50.4159
50.4167
50.4174
50.4182
50.4189
50.4196
50.4203
50.421
50.4216
50.4222
50.4227
50.4232
50.4237
50.4241
50.4245
50.4249
50.4252
50.4255
50.4257
50.426
50.4262
50.4263
50.4265
50.4266
50.4267
50.4267
50.4267
50.4267
50.4267
50.4267
50.4267
50.4266
50.4265
50.4265
50.4264
50.4263
50.4262
50.4261
50.4261
50.426
50.426
50.4259
50.4259
50.4259
50.4258
50.4259
50.4259
50.4259
50.426
50.4261
50.4261
50.4263
50.4264
50.4265
50.4267
50.4269
50.4271
50.4273
50.4276
50.4278
50.4281
50.4284
50.4288
50.4292
50.4296
50.43
50.4304
50.4309
50.4314
50.4319
50.4324
50.433
50.4336
50.4341
50.4347
50.4354
50.436
50.4366
50.4372
50.4379
50.4385
50.4392
50.4398
50.4404
50.441
50.4416
50.4422
50.4427
50.4433
50.4438
50.4443
50.4447
50.4452
50.4456
50.4459
50.4463
50.4466
50.4469
50.4471
50.4472
50.4474
50.4475
50.4476
50.4476
50.4476
50.4475
50.4475
50.4474
50.4473
50.4472
50.4471
50.447
50.4469
50.4469
50.4469
50.4469
50.4469
50.4471
50.4472
50.4475
50.4477
50.4481
50.4485
50.449
50.4495
50.4501
50.4507
50.4514
50.4521
50.4529
50.4537
50.4545
50.4553
50.4562
50.457
50.4578
50.4587
50.4595
50.4603
50.4611
50.4619
50.4627
50.4634
50.4641
50.4648
50.4655
50.4662
50.4668
50.4674
50.4679
50.4685
50.469
50.4695
50.47
50.4705
50.471
50.4715
50.4719
50.4724
50.4729
50.4735
50.474
50.4746
50.4752
50.4758
50.4765
50.4772
50.4779
50.4786
50.4794
50.4802
50.481
50.4817
50.4826
50.4833
50.4841
50.4841
50.4885
50.4459
50.4094
50.3956
50.3962
50.3965
50.3953
50.394
50.3933
50.3864
50.3364
50.2251
50.1797
50.1889
50.2773
50.4197
50.4827
50.4932
50.4816
50.4502
50.4309
50.4218
50.4181
50.417
50.4171
50.4176
50.4182
50.4189
50.4196
50.4203
50.421
50.4216
50.4222
50.4227
50.4232
50.4237
50.4241
50.4245
50.4248
50.4252
50.4255
50.4257
50.4259
50.4261
50.4263
50.4264
50.4265
50.4266
50.4267
50.4267
50.4267
50.4267
50.4267
50.4266
50.4266
50.4265
50.4264
50.4264
50.4263
50.4262
50.4261
50.4261
50.426
50.4259
50.4259
50.4259
50.4258
50.4258
50.4258
50.4259
50.4259
50.426
50.426
50.4261
50.4262
50.4264
50.4265
50.4267
50.4269
50.4271
50.4273
50.4275
50.4278
50.4281
50.4284
50.4288
50.4291
50.4295
50.43
50.4304
50.4309
50.4314
50.4319
50.4324
50.433
50.4335
50.4341
50.4347
50.4353
50.436
50.4366
50.4372
50.4379
50.4385
50.4391
50.4398
50.4404
50.441
50.4416
50.4421
50.4427
50.4432
50.4438
50.4442
50.4447
50.4452
50.4456
50.4459
50.4463
50.4466
50.4468
50.447
50.4472
50.4474
50.4475
50.4475
50.4476
50.4475
50.4475
50.4474
50.4474
50.4473
50.4472
50.4471
50.447
50.4469
50.4469
50.4468
50.4469
50.4469
50.447
50.4472
50.4474
50.4477
50.4481
50.4485
50.449
50.4495
50.4501
50.4507
50.4514
50.4521
50.4529
50.4537
50.4545
50.4553
50.4561
50.457
50.4578
50.4587
50.4595
50.4603
50.4611
50.4619
50.4627
50.4634
50.4641
50.4648
50.4655
50.4661
50.4668
50.4674
50.4679
50.4685
50.469
50.4695
50.47
50.4705
50.471
50.4714
50.4719
50.4724
50.4729
50.4734
50.474
50.4746
50.4752
50.4758
50.4764
50.4771
50.4779
50.4786
50.4794
50.4801
50.4809
50.4817
50.4826
50.4833
50.4841
50.4837
50.4932
50.5005
50.5075
50.5085
50.5069
50.5054
50.5039
50.5015
50.4981
50.4949
50.493
50.4957
50.5015
50.5028
50.4953
50.4809
50.4661
50.4563
50.4477
50.4398
50.4418
50.4971
50.5007
50.5008
50.4994
50.4979
50.4965
50.4942
50.4909
50.4878
50.486
50.4891
50.4954
50.4952
50.4855
50.469
50.4554
50.4464
50.4386
50.432
50.4334
50.4868
50.4869
50.486
50.4841
50.4816
50.4784
50.4746
50.4698
50.4643
50.4575
50.4496
50.4409
50.4324
50.4247
50.4175
50.4094
50.3996
50.389
50.3776
50.3647
50.4656
50.4625
50.4632
50.4646
50.4635
50.4599
50.454
50.4488
50.4414
50.4356
50.4285
50.4214
50.4148
50.4085
50.402
50.3965
50.3914
50.3875
50.384
50.3816
50.4569
50.4443
50.4397
50.4389
50.4367
50.4318
50.4251
50.4181
50.4099
50.4022
50.3939
50.3856
50.3776
50.3695
50.3622
50.3551
50.3493
50.344
50.3402
50.3381
50.4058
50.3775
50.3748
50.3778
50.3769
50.3729
50.351
50.2606
50.1956
50.1975
50.2687
50.3973
50.4487
50.4535
50.4376
50.4124
50.3997
50.3942
50.3919
50.391
50.3905
50.3901
50.3898
50.3894
50.3891
50.3888
50.3884
50.3882
50.3879
50.3878
50.3878
50.3878
50.388
50.3883
50.3887
50.3893
50.3899
50.3907
50.3916
50.3926
50.3937
50.3948
50.3961
50.3973
50.3986
50.4
50.4013
50.4026
50.4039
50.4052
50.4065
50.4077
50.4088
50.4099
50.4109
50.4118
50.4127
50.4135
50.4142
50.4148
50.4153
50.4158
50.4162
50.4165
50.4167
50.4169
50.4171
50.4172
50.4172
50.4172
50.4172
50.4171
50.4171
50.417
50.4169
50.4167
50.4166
50.4165
50.4164
50.4163
50.4162
50.4161
50.416
50.4159
50.4159
50.4159
50.4159
50.4159
50.4159
50.416
50.4161
50.4162
50.4163
50.4164
50.4166
50.4168
50.4169
50.4171
50.4173
50.4175
50.4176
50.4178
50.418
50.4181
50.4183
50.4184
50.4185
50.4186
50.4186
50.4187
50.4187
50.4187
50.4187
50.4186
50.4186
50.4185
50.4184
50.4183
50.4182
50.4181
50.4179
50.4178
50.4177
50.4176
50.4175
50.4174
50.4173
50.4172
50.4171
50.4171
50.417
50.417
50.4171
50.4171
50.4172
50.4173
50.4174
50.4176
50.4178
50.418
50.4183
50.4186
50.4189
50.4193
50.4197
50.4201
50.4206
50.4211
50.4216
50.4222
50.4227
50.4234
50.424
50.4247
50.4254
50.4261
50.4269
50.4277
50.4285
50.4293
50.4301
50.4309
50.4317
50.4325
50.4333
50.4341
50.4348
50.4355
50.4362
50.4368
50.4373
50.4378
50.4382
50.4385
50.4387
50.4389
50.4389
50.4389
50.4388
50.4386
50.4384
50.4381
50.4378
50.4375
50.4372
50.4369
50.4367
50.4366
50.4365
50.4365
50.4366
50.4369
50.4372
50.4377
50.4383
50.4391
50.4399
50.4409
50.442
50.4431
50.4444
50.4457
50.447
50.4483
50.4497
50.451
50.4524
50.4537
50.4549
50.4561
50.4573
50.4584
50.4594
50.4603
50.4612
50.462
50.4627
50.4634
50.4639
50.4645
50.4649
50.4653
50.4657
50.466
50.4663
50.4665
50.4667
50.4668
50.467
50.4671
50.4672
50.4673
50.4674
50.4674
50.4675
50.4675
50.4675
50.4676
50.4676
50.4676
50.4676
50.4676
50.4676
50.4676
50.4676
50.4676
50.4676
50.4676
50.4676
50.4676
50.4676
50.4676
50.4676
50.4676
50.4676
50.4676
50.4676
50.4676
50.4676
50.4676
50.4676
50.4676
50.4676
50.4676
50.4676
50.4676
50.4676
50.4676
50.4676
50.4676
50.4676
50.4676
50.4676
50.4676
50.4676
50.4676
50.4676
50.4676
50.4676
50.4676
50.4676
50.4676
50.4676
50.4676
50.4676
50.4676
50.4676
50.4676
50.4676
50.4676
50.4676
50.4676
50.4676
50.4676
50.4676
50.4676
50.4676
50.4676
50.4676
50.4676
50.4676
50.4676
50.4676
50.4676
50.4676
50.4676
50.4676
50.4676
50.4676
50.4676
50.4676
50.4676
50.4676
50.4676
50.4676
50.4676
50.4676
50.4676
50.4676
50.4676
50.4676
50.4676
50.4676
50.4676
50.4676
50.4676
50.4676
50.4676
50.4676
50.4676
50.4676
50.4676
50.4676
50.4676
50.4676
50.4676
50.4676
50.4676
50.4676
50.4676
50.4676
50.4676
50.4676
50.4676
50.4676
50.4676
50.4676
50.4676
50.4676
50.4676
50.4676
50.4676
50.4676
50.4676
50.4676
50.4676
50.4676
50.4676
50.4676
50.4676
50.4676
50.4676
50.4676
50.4676
50.4676
50.4676
50.4676
50.4676
50.4676
50.4676
50.4676
50.4676
50.4676
50.4676
50.4676
50.4676
50.4676
50.4676
50.4676
50.4676
50.4676
50.4676
50.4676
50.4676
50.4676
50.4676
50.4676
50.4676
50.4676
50.4676
50.4676
50.4676
50.4676
50.4676
50.4676
50.4676
50.4676
50.4676
50.4676
50.4676
50.4677
50.4677
50.4677
50.4677
50.4677
50.4677
50.4677
50.4677
50.4677
50.4677
50.4677
50.4677
50.4677
50.4677
50.4678
50.4678
50.4678
50.4679
50.4679
50.468
50.468
50.4681
50.4682
50.4683
50.4684
50.4686
50.4687
50.4689
50.4691
50.4693
50.4696
50.4699
50.4702
50.4705
50.4709
50.4713
50.4717
50.4722
50.4727
50.4733
50.4739
50.4746
50.4753
50.476
50.4768
50.4776
50.4785
50.4794
50.4804
50.4815
50.4825
50.4837
50.4849
50.4861
50.4874
50.4887
50.4901
50.4916
50.4931
50.4946
50.4962
50.4979
50.4996
50.5013
50.5031
50.505
50.5069
50.5089
50.5109
50.513
50.5151
50.5173
50.5196
50.5219
50.5242
50.5266
50.5291
50.5316
50.5341
50.5367
50.5394
50.5421
50.5449
50.5478
50.5506
50.5536
50.5566
50.5596
50.5627
50.5659
50.5691
50.5724
50.5757
50.5791
50.5825
50.586
50.5896
50.5932
50.5968
50.6005
50.6043
50.6081
50.612
50.6159
50.6199
50.6239
50.628
50.6322
50.6364
50.6406
50.6449
50.6493
50.6537
50.6582
50.6627
50.6673
50.6719
50.6766
50.6814
50.6862
50.691
50.6959
50.7009
50.7059
50.711
50.7161
50.7213
50.7265
50.7318
50.7371
50.7425
50.748
50.7535
50.759
50.7646
50.7703
50.776
50.7817
50.7875
50.7934
50.7993
50.8053
50.8113
50.8174
50.8235
50.8297
50.8359
50.8422
50.8485
50.8549
50.8613
50.8678
50.8743
50.8809
50.8875
50.8942
50.9009
50.9077
50.9145
50.9214
50.9283
50.9353
50.9423
50.9494
50.9565
50.9637
50.9709
50.9781
50.9854
50.9928
51.0002
51.0076
51.0151
51.0226
51.0302
51.0379
51.0455
51.0532
51.061
51.0688
51.0766
51.0845
51.0925
51.1004
51.1085
51.1165
51.1246
51.1328
51.141
51.1492
51.1574
51.1658
51.1741
51.1826
51.1908
51.1996
51.2077
51.2167
51.2248
51.2339
50.4037
50.377
50.3742
50.3762
50.3756
50.3741
50.3729
50.3606
50.3443
50.3428
50.3504
50.3675
50.3786
50.3844
50.3875
50.3892
50.3901
50.3905
50.3907
50.3906
50.3904
50.3901
50.3898
50.3895
50.3891
50.3888
50.3885
50.3882
50.388
50.3878
50.3878
50.3878
50.388
50.3883
50.3888
50.3893
50.39
50.3908
50.3916
50.3926
50.3937
50.3949
50.3961
50.3974
50.3987
50.4
50.4013
50.4026
50.404
50.4052
50.4065
50.4077
50.4088
50.4099
50.4109
50.4119
50.4127
50.4135
50.4142
50.4148
50.4153
50.4158
50.4162
50.4165
50.4168
50.4169
50.4171
50.4172
50.4172
50.4172
50.4172
50.4172
50.4171
50.417
50.4169
50.4168
50.4167
50.4165
50.4164
50.4163
50.4162
50.4161
50.416
50.416
50.4159
50.4159
50.4159
50.4159
50.4159
50.416
50.4161
50.4162
50.4163
50.4165
50.4166
50.4168
50.4169
50.4171
50.4173
50.4175
50.4177
50.4178
50.418
50.4181
50.4183
50.4184
50.4185
50.4186
50.4186
50.4187
50.4187
50.4187
50.4187
50.4186
50.4186
50.4185
50.4184
50.4183
50.4182
50.4181
50.418
50.4178
50.4177
50.4176
50.4175
50.4174
50.4173
50.4172
50.4171
50.4171
50.4171
50.4171
50.4171
50.4171
50.4172
50.4173
50.4174
50.4176
50.4178
50.418
50.4183
50.4186
50.4189
50.4193
50.4197
50.4201
50.4206
50.4211
50.4216
50.4222
50.4228
50.4234
50.424
50.4247
50.4254
50.4262
50.4269
50.4277
50.4285
50.4293
50.4301
50.4309
50.4317
50.4325
50.4333
50.4341
50.4348
50.4356
50.4362
50.4368
50.4373
50.4378
50.4382
50.4385
50.4387
50.4389
50.4389
50.4389
50.4388
50.4386
50.4384
50.4381
50.4378
50.4375
50.4372
50.437
50.4367
50.4366
50.4365
50.4365
50.4366
50.4369
50.4372
50.4377
50.4384
50.4391
50.44
50.4409
50.442
50.4432
50.4444
50.4457
50.447
50.4483
50.4497
50.4511
50.4524
50.4537
50.4549
50.4562
50.4573
50.4584
50.4594
50.4603
50.4612
50.462
50.4627
50.4634
50.464
50.4645
50.4649
50.4653
50.4657
50.466
50.4663
50.4665
50.4667
50.4669
50.467
50.4671
50.4672
50.4673
50.4674
50.4674
50.4675
50.4675
50.4675
50.4676
50.4676
50.4676
50.4676
50.4676
50.4676
50.4676
50.4677
50.4677
50.4677
50.4677
50.4677
50.4677
50.4677
50.4677
50.4677
50.4677
50.4677
50.4677
50.4677
50.4677
50.4677
50.4677
50.4677
50.4677
50.4677
50.4677
50.4677
50.4677
50.4677
50.4677
50.4677
50.4677
50.4677
50.4677
50.4677
50.4677
50.4677
50.4677
50.4677
50.4677
50.4677
50.4677
50.4677
50.4677
50.4677
50.4677
50.4677
50.4677
50.4677
50.4677
50.4677
50.4677
50.4677
50.4677
50.4677
50.4677
50.4677
50.4677
50.4677
50.4677
50.4677
50.4677
50.4677
50.4677
50.4677
50.4677
50.4677
50.4677
50.4677
50.4677
50.4677
50.4677
50.4677
50.4677
50.4677
50.4677
50.4677
50.4677
50.4677
50.4677
50.4677
50.4677
50.4677
50.4677
50.4677
50.4677
50.4677
50.4677
50.4677
50.4677
50.4677
50.4677
50.4677
50.4677
50.4677
50.4677
50.4677
50.4677
50.4677
50.4677
50.4677
50.4677
50.4677
50.4677
50.4677
50.4677
50.4677
50.4677
50.4677
50.4677
50.4677
50.4677
50.4677
50.4677
50.4677
50.4677
50.4677
50.4677
50.4677
50.4677
50.4677
50.4677
50.4677
50.4677
50.4677
50.4677
50.4677
50.4677
50.4677
50.4677
50.4677
50.4677
50.4677
50.4677
50.4677
50.4677
50.4677
50.4677
50.4677
50.4677
50.4677
50.4677
50.4677
50.4677
50.4677
50.4677
50.4677
50.4677
50.4677
50.4677
50.4677
50.4677
50.4677
50.4677
50.4677
50.4677
50.4677
50.4677
50.4677
50.4677
50.4677
50.4677
50.4677
50.4677
50.4677
50.4677
50.4677
50.4677
50.4677
50.4677
50.4677
50.4677
50.4677
50.4677
50.4678
50.4678
50.4678
50.4678
50.4679
50.4679
50.4679
50.468
50.4681
50.4681
50.4682
50.4683
50.4685
50.4686
50.4688
50.4689
50.4691
50.4694
50.4696
50.4699
50.4702
50.4705
50.4709
50.4713
50.4717
50.4722
50.4728
50.4733
50.4739
50.4746
50.4753
50.476
50.4768
50.4776
50.4785
50.4795
50.4804
50.4815
50.4826
50.4837
50.4849
50.4861
50.4874
50.4888
50.4901
50.4916
50.4931
50.4946
50.4962
50.4979
50.4996
50.5014
50.5032
50.505
50.507
50.5089
50.5109
50.513
50.5152
50.5173
50.5196
50.5219
50.5242
50.5266
50.5291
50.5316
50.5341
50.5368
50.5394
50.5422
50.5449
50.5478
50.5507
50.5536
50.5566
50.5597
50.5628
50.5659
50.5691
50.5724
50.5757
50.5791
50.5826
50.586
50.5896
50.5932
50.5968
50.6005
50.6043
50.6081
50.612
50.6159
50.6199
50.6239
50.628
50.6322
50.6364
50.6406
50.645
50.6493
50.6537
50.6582
50.6627
50.6673
50.672
50.6767
50.6814
50.6862
50.691
50.696
50.7009
50.7059
50.711
50.7161
50.7213
50.7265
50.7318
50.7372
50.7425
50.748
50.7535
50.759
50.7646
50.7703
50.776
50.7818
50.7876
50.7934
50.7993
50.8053
50.8113
50.8174
50.8235
50.8297
50.8359
50.8422
50.8485
50.8549
50.8613
50.8678
50.8743
50.8809
50.8876
50.8942
50.901
50.9077
50.9146
50.9214
50.9284
50.9353
50.9423
50.9494
50.9565
50.9637
50.9709
50.9782
50.9855
50.9928
51.0002
51.0076
51.0151
51.0227
51.0302
51.0379
51.0455
51.0533
51.061
51.0688
51.0767
51.0846
51.0925
51.1005
51.1085
51.1166
51.1247
51.1328
51.141
51.1492
51.1575
51.1658
51.1741
51.1826
51.1908
51.1996
51.2078
51.2167
51.2248
51.2339
50.3243
50.3449
50.3555
50.3571
50.3574
50.3629
50.3712
50.3769
50.3804
50.3829
50.3851
50.3869
50.3884
50.3892
50.3897
50.39
50.3902
50.3903
50.3904
50.3903
50.3902
50.39
50.3897
50.3894
50.3891
50.3888
50.3885
50.3882
50.388
50.3878
50.3878
50.3878
50.388
50.3883
50.3888
50.3893
50.39
50.3908
50.3916
50.3926
50.3937
50.3949
50.3961
50.3974
50.3987
50.4
50.4013
50.4026
50.404
50.4052
50.4065
50.4077
50.4088
50.4099
50.4109
50.4119
50.4127
50.4135
50.4142
50.4148
50.4153
50.4158
50.4162
50.4165
50.4168
50.4169
50.4171
50.4172
50.4172
50.4172
50.4172
50.4172
50.4171
50.417
50.4169
50.4168
50.4167
50.4165
50.4164
50.4163
50.4162
50.4161
50.416
50.416
50.4159
50.4159
50.4159
50.4159
50.4159
50.416
50.4161
50.4162
50.4163
50.4165
50.4166
50.4168
50.4169
50.4171
50.4173
50.4175
50.4177
50.4178
50.418
50.4181
50.4183
50.4184
50.4185
50.4186
50.4186
50.4187
50.4187
50.4187
50.4187
50.4186
50.4186
50.4185
50.4184
50.4183
50.4182
50.4181
50.418
50.4178
50.4177
50.4176
50.4175
50.4174
50.4173
50.4172
50.4171
50.4171
50.4171
50.4171
50.4171
50.4171
50.4172
50.4173
50.4174
50.4176
50.4178
50.418
50.4183
50.4186
50.4189
50.4193
50.4197
50.4201
50.4206
50.4211
50.4216
50.4222
50.4228
50.4234
50.424
50.4247
50.4254
50.4262
50.4269
50.4277
50.4285
50.4293
50.4301
50.4309
50.4317
50.4325
50.4333
50.4341
50.4348
50.4356
50.4362
50.4368
50.4373
50.4378
50.4382
50.4385
50.4387
50.4389
50.4389
50.4389
50.4388
50.4386
50.4384
50.4381
50.4378
50.4375
50.4372
50.437
50.4367
50.4366
50.4365
50.4365
50.4366
50.4369
50.4372
50.4377
50.4384
50.4391
50.44
50.4409
50.442
50.4432
50.4444
50.4457
50.447
50.4483
50.4497
50.4511
50.4524
50.4537
50.4549
50.4562
50.4573
50.4584
50.4594
50.4603
50.4612
50.462
50.4627
50.4634
50.464
50.4645
50.4649
50.4653
50.4657
50.466
50.4663
50.4665
50.4667
50.4669
50.467
50.4671
50.4672
50.4673
50.4674
50.4674
50.4675
50.4675
50.4675
50.4676
50.4676
50.4676
50.4676
50.4676
50.4676
50.4676
50.4677
50.4677
50.4677
50.4677
50.4677
50.4677
50.4677
50.4677
50.4677
50.4677
50.4677
50.4677
50.4677
50.4677
50.4677
50.4677
50.4677
50.4677
50.4677
50.4677
50.4677
50.4677
50.4677
50.4677
50.4677
50.4677
50.4677
50.4677
50.4677
50.4677
50.4677
50.4677
50.4677
50.4677
50.4677
50.4677
50.4677
50.4677
50.4677
50.4677
50.4677
50.4677
50.4677
50.4677
50.4677
50.4677
50.4677
50.4677
50.4677
50.4677
50.4677
50.4677
50.4677
50.4677
50.4677
50.4677
50.4677
50.4677
50.4677
50.4677
50.4677
50.4677
50.4677
50.4677
50.4677
50.4677
50.4677
50.4677
50.4677
50.4677
50.4677
50.4677
50.4677
50.4677
50.4677
50.4677
50.4677
50.4677
50.4677
50.4677
50.4677
50.4677
50.4677
50.4677
50.4677
50.4677
50.4677
50.4677
50.4677
50.4677
50.4677
50.4677
50.4677
50.4677
50.4677
50.4677
50.4677
50.4677
50.4677
50.4677
50.4677
50.4677
50.4677
50.4677
50.4677
50.4677
50.4677
50.4677
50.4677
50.4677
50.4677
50.4677
50.4677
50.4677
50.4677
50.4677
50.4677
50.4677
50.4677
50.4677
50.4677
50.4677
50.4677
50.4677
50.4677
50.4677
50.4677
50.4677
50.4677
50.4677
50.4677
50.4677
50.4677
50.4677
50.4677
50.4677
50.4677
50.4677
50.4677
50.4677
50.4677
50.4677
50.4677
50.4677
50.4677
50.4677
50.4677
50.4677
50.4677
50.4677
50.4677
50.4677
50.4677
50.4677
50.4677
50.4677
50.4677
50.4677
50.4677
50.4677
50.4677
50.4677
50.4677
50.4677
50.4677
50.4677
50.4677
50.4677
50.4678
50.4678
50.4678
50.4678
50.4679
50.4679
50.4679
50.468
50.4681
50.4681
50.4682
50.4683
50.4685
50.4686
50.4688
50.4689
50.4691
50.4694
50.4696
50.4699
50.4702
50.4705
50.4709
50.4713
50.4717
50.4722
50.4728
50.4733
50.4739
50.4746
50.4753
50.476
50.4768
50.4776
50.4785
50.4795
50.4804
50.4815
50.4826
50.4837
50.4849
50.4861
50.4874
50.4888
50.4901
50.4916
50.4931
50.4946
50.4962
50.4979
50.4996
50.5014
50.5032
50.505
50.507
50.5089
50.5109
50.513
50.5152
50.5173
50.5196
50.5219
50.5242
50.5266
50.5291
50.5316
50.5341
50.5368
50.5394
50.5422
50.5449
50.5478
50.5507
50.5536
50.5566
50.5597
50.5628
50.5659
50.5691
50.5724
50.5757
50.5791
50.5826
50.586
50.5896
50.5932
50.5968
50.6005
50.6043
50.6081
50.612
50.6159
50.6199
50.6239
50.628
50.6322
50.6364
50.6406
50.645
50.6493
50.6537
50.6582
50.6627
50.6673
50.672
50.6767
50.6814
50.6862
50.691
50.696
50.7009
50.7059
50.711
50.7161
50.7213
50.7265
50.7318
50.7372
50.7425
50.748
50.7535
50.759
50.7646
50.7703
50.776
50.7818
50.7876
50.7934
50.7993
50.8053
50.8113
50.8174
50.8235
50.8297
50.8359
50.8422
50.8485
50.8549
50.8613
50.8678
50.8743
50.8809
50.8876
50.8942
50.901
50.9077
50.9146
50.9214
50.9284
50.9353
50.9423
50.9494
50.9565
50.9637
50.9709
50.9782
50.9855
50.9928
51.0002
51.0076
51.0151
51.0227
51.0302
51.0379
51.0455
51.0533
51.061
51.0688
51.0767
51.0846
51.0925
51.1005
51.1085
51.1166
51.1247
51.1328
51.141
51.1492
51.1575
51.1658
51.1741
51.1826
51.1908
51.1996
51.2078
51.2167
51.2248
51.2339
50.3706
50.3702
50.3736
50.3745
50.3732
50.3711
50.3718
50.3735
50.3743
50.3729
50.3734
50.3759
50.3818
50.3876
50.3903
50.3912
50.3913
50.391
50.3907
50.3905
50.3903
50.39
50.3898
50.3894
50.3891
50.3888
50.3885
50.3882
50.388
50.3878
50.3878
50.3878
50.388
50.3883
50.3888
50.3893
50.39
50.3908
50.3916
50.3926
50.3937
50.3949
50.3961
50.3974
50.3987
50.4
50.4013
50.4026
50.404
50.4052
50.4065
50.4077
50.4088
50.4099
50.4109
50.4119
50.4127
50.4135
50.4142
50.4148
50.4153
50.4158
50.4162
50.4165
50.4168
50.4169
50.4171
50.4172
50.4172
50.4172
50.4172
50.4172
50.4171
50.417
50.4169
50.4168
50.4167
50.4165
50.4164
50.4163
50.4162
50.4161
50.416
50.416
50.4159
50.4159
50.4159
50.4159
50.4159
50.416
50.4161
50.4162
50.4163
50.4165
50.4166
50.4168
50.4169
50.4171
50.4173
50.4175
50.4177
50.4178
50.418
50.4181
50.4183
50.4184
50.4185
50.4186
50.4186
50.4187
50.4187
50.4187
50.4187
50.4186
50.4186
50.4185
50.4184
50.4183
50.4182
50.4181
50.418
50.4178
50.4177
50.4176
50.4175
50.4174
50.4173
50.4172
50.4171
50.4171
50.4171
50.4171
50.4171
50.4171
50.4172
50.4173
50.4174
50.4176
50.4178
50.418
50.4183
50.4186
50.4189
50.4193
50.4197
50.4201
50.4206
50.4211
50.4216
50.4222
50.4228
50.4234
50.424
50.4247
50.4254
50.4262
50.4269
50.4277
50.4285
50.4293
50.4301
50.4309
50.4317
50.4325
50.4333
50.4341
50.4348
50.4356
50.4362
50.4368
50.4373
50.4378
50.4382
50.4385
50.4387
50.4389
50.4389
50.4389
50.4388
50.4386
50.4384
50.4381
50.4378
50.4375
50.4372
50.437
50.4367
50.4366
50.4365
50.4365
50.4366
50.4369
50.4372
50.4377
50.4384
50.4391
50.44
50.4409
50.442
50.4432
50.4444
50.4457
50.447
50.4483
50.4497
50.4511
50.4524
50.4537
50.4549
50.4562
50.4573
50.4584
50.4594
50.4603
50.4612
50.462
50.4627
50.4634
50.464
50.4645
50.4649
50.4653
50.4657
50.466
50.4663
50.4665
50.4667
50.4669
50.467
50.4671
50.4672
50.4673
50.4674
50.4674
50.4675
50.4675
50.4675
50.4676
50.4676
50.4676
50.4676
50.4676
50.4676
50.4676
50.4677
50.4677
50.4677
50.4677
50.4677
50.4677
50.4677
50.4677
50.4677
50.4677
50.4677
50.4677
50.4677
50.4677
50.4677
50.4677
50.4677
50.4677
50.4677
50.4677
50.4677
50.4677
50.4677
50.4677
50.4677
50.4677
50.4677
50.4677
50.4677
50.4677
50.4677
50.4677
50.4677
50.4677
50.4677
50.4677
50.4677
50.4677
50.4677
50.4677
50.4677
50.4677
50.4677
50.4677
50.4677
50.4677
50.4677
50.4677
50.4677
50.4677
50.4677
50.4677
50.4677
50.4677
50.4677
50.4677
50.4677
50.4677
50.4677
50.4677
50.4677
50.4677
50.4677
50.4677
50.4677
50.4677
50.4677
50.4677
50.4677
50.4677
50.4677
50.4677
50.4677
50.4677
50.4677
50.4677
50.4677
50.4677
50.4677
50.4677
50.4677
50.4677
50.4677
50.4677
50.4677
50.4677
50.4677
50.4677
50.4677
50.4677
50.4677
50.4677
50.4677
50.4677
50.4677
50.4677
50.4677
50.4677
50.4677
50.4677
50.4677
50.4677
50.4677
50.4677
50.4677
50.4677
50.4677
50.4677
50.4677
50.4677
50.4677
50.4677
50.4677
50.4677
50.4677
50.4677
50.4677
50.4677
50.4677
50.4677
50.4677
50.4677
50.4677
50.4677
50.4677
50.4677
50.4677
50.4677
50.4677
50.4677
50.4677
50.4677
50.4677
50.4677
50.4677
50.4677
50.4677
50.4677
50.4677
50.4677
50.4677
50.4677
50.4677
50.4677
50.4677
50.4677
50.4677
50.4677
50.4677
50.4677
50.4677
50.4677
50.4677
50.4677
50.4677
50.4677
50.4677
50.4677
50.4677
50.4677
50.4677
50.4677
50.4677
50.4677
50.4677
50.4677
50.4677
50.4677
50.4678
50.4678
50.4678
50.4678
50.4679
50.4679
50.4679
50.468
50.4681
50.4681
50.4682
50.4683
50.4685
50.4686
50.4688
50.4689
50.4691
50.4694
50.4696
50.4699
50.4702
50.4705
50.4709
50.4713
50.4717
50.4722
50.4728
50.4733
50.4739
50.4746
50.4753
50.476
50.4768
50.4776
50.4785
50.4795
50.4804
50.4815
50.4826
50.4837
50.4849
50.4861
50.4874
50.4888
50.4901
50.4916
50.4931
50.4946
50.4962
50.4979
50.4996
50.5014
50.5032
50.505
50.507
50.5089
50.5109
50.513
50.5152
50.5173
50.5196
50.5219
50.5242
50.5266
50.5291
50.5316
50.5341
50.5368
50.5394
50.5422
50.5449
50.5478
50.5507
50.5536
50.5566
50.5597
50.5628
50.5659
50.5691
50.5724
50.5757
50.5791
50.5826
50.586
50.5896
50.5932
50.5968
50.6005
50.6043
50.6081
50.612
50.6159
50.6199
50.6239
50.628
50.6322
50.6364
50.6406
50.645
50.6493
50.6537
50.6582
50.6627
50.6673
50.672
50.6767
50.6814
50.6862
50.691
50.696
50.7009
50.7059
50.711
50.7161
50.7213
50.7265
50.7318
50.7372
50.7425
50.748
50.7535
50.759
50.7646
50.7703
50.776
50.7818
50.7876
50.7934
50.7993
50.8053
50.8113
50.8174
50.8235
50.8297
50.8359
50.8422
50.8485
50.8549
50.8613
50.8678
50.8743
50.8809
50.8876
50.8942
50.901
50.9077
50.9146
50.9214
50.9284
50.9353
50.9423
50.9494
50.9565
50.9637
50.9709
50.9782
50.9855
50.9928
51.0002
51.0076
51.0151
51.0227
51.0302
51.0379
51.0455
51.0533
51.061
51.0688
51.0767
51.0846
51.0925
51.1005
51.1085
51.1166
51.1247
51.1328
51.141
51.1492
51.1575
51.1658
51.1741
51.1826
51.1908
51.1996
51.2078
51.2167
51.2248
51.2339
50.3569
50.3621
50.3657
50.366
50.3634
50.363
50.3673
50.376
50.3782
50.3652
50.3244
50.3055
50.3061
50.3211
50.3523
50.3721
50.3824
50.3872
50.3891
50.3899
50.3901
50.39
50.3897
50.3894
50.3891
50.3888
50.3884
50.3882
50.3879
50.3878
50.3878
50.3878
50.388
50.3883
50.3887
50.3893
50.3899
50.3907
50.3916
50.3926
50.3937
50.3948
50.3961
50.3973
50.3986
50.4
50.4013
50.4026
50.4039
50.4052
50.4065
50.4077
50.4088
50.4099
50.4109
50.4118
50.4127
50.4135
50.4142
50.4148
50.4153
50.4158
50.4162
50.4165
50.4167
50.4169
50.4171
50.4172
50.4172
50.4172
50.4172
50.4171
50.4171
50.417
50.4169
50.4167
50.4166
50.4165
50.4164
50.4163
50.4162
50.4161
50.416
50.4159
50.4159
50.4159
50.4159
50.4159
50.4159
50.416
50.4161
50.4162
50.4163
50.4164
50.4166
50.4168
50.4169
50.4171
50.4173
50.4175
50.4176
50.4178
50.418
50.4181
50.4183
50.4184
50.4185
50.4186
50.4186
50.4187
50.4187
50.4187
50.4187
50.4186
50.4186
50.4185
50.4184
50.4183
50.4182
50.4181
50.4179
50.4178
50.4177
50.4176
50.4175
50.4174
50.4173
50.4172
50.4171
50.4171
50.417
50.417
50.4171
50.4171
50.4172
50.4173
50.4174
50.4176
50.4178
50.418
50.4183
50.4186
50.4189
50.4193
50.4197
50.4201
50.4206
50.4211
50.4216
50.4222
50.4227
50.4234
50.424
50.4247
50.4254
50.4261
50.4269
50.4277
50.4285
50.4293
50.4301
50.4309
50.4317
50.4325
50.4333
50.4341
50.4348
50.4355
50.4362
50.4368
50.4373
50.4378
50.4382
50.4385
50.4387
50.4389
50.4389
50.4389
50.4388
50.4386
50.4384
50.4381
50.4378
50.4375
50.4372
50.4369
50.4367
50.4366
50.4365
50.4365
50.4366
50.4369
50.4372
50.4377
50.4383
50.4391
50.4399
50.4409
50.442
50.4431
50.4444
50.4457
50.447
50.4483
50.4497
50.451
50.4524
50.4537
50.4549
50.4561
50.4573
50.4584
50.4594
50.4603
50.4612
50.462
50.4627
50.4634
50.4639
50.4645
50.4649
50.4653
50.4657
50.466
50.4663
50.4665
50.4667
50.4668
50.467
50.4671
50.4672
50.4673
50.4674
50.4674
50.4675
50.4675
50.4675
50.4676
50.4676
50.4676
50.4676
50.4676
50.4676
50.4676
50.4676
50.4676
50.4676
50.4676
50.4676
50.4676
50.4676
50.4676
50.4676
50.4676
50.4676
50.4676
50.4676
50.4676
50.4676
50.4676
50.4676
50.4676
50.4676
50.4676
50.4676
50.4676
50.4676
50.4676
50.4676
50.4676
50.4676
50.4676
50.4676
50.4676
50.4676
50.4676
50.4676
50.4676
50.4676
50.4676
50.4676
50.4676
50.4676
50.4676
50.4676
50.4676
50.4676
50.4676
50.4676
50.4676
50.4676
50.4676
50.4676
50.4676
50.4676
50.4676
50.4676
50.4676
50.4676
50.4676
50.4676
50.4676
50.4676
50.4676
50.4676
50.4676
50.4676
50.4676
50.4676
50.4676
50.4676
50.4676
50.4676
50.4676
50.4676
50.4676
50.4676
50.4676
50.4676
50.4676
50.4676
50.4676
50.4676
50.4676
50.4676
50.4676
50.4676
50.4676
50.4676
50.4676
50.4676
50.4676
50.4676
50.4676
50.4676
50.4676
50.4676
50.4676
50.4676
50.4676
50.4676
50.4676
50.4676
50.4676
50.4676
50.4676
50.4676
50.4676
50.4676
50.4676
50.4676
50.4676
50.4676
50.4676
50.4676
50.4676
50.4676
50.4676
50.4676
50.4676
50.4676
50.4676
50.4676
50.4676
50.4676
50.4676
50.4676
50.4676
50.4676
50.4676
50.4676
50.4676
50.4676
50.4676
50.4676
50.4676
50.4676
50.4676
50.4676
50.4676
50.4676
50.4676
50.4676
50.4676
50.4676
50.4676
50.4676
50.4676
50.4676
50.4676
50.4676
50.4676
50.4676
50.4676
50.4676
50.4676
50.4676
50.4676
50.4676
50.4676
50.4677
50.4677
50.4677
50.4677
50.4677
50.4677
50.4677
50.4677
50.4677
50.4677
50.4677
50.4677
50.4677
50.4677
50.4678
50.4678
50.4678
50.4679
50.4679
50.468
50.468
50.4681
50.4682
50.4683
50.4684
50.4686
50.4687
50.4689
50.4691
50.4693
50.4696
50.4699
50.4702
50.4705
50.4709
50.4713
50.4717
50.4722
50.4727
50.4733
50.4739
50.4746
50.4753
50.476
50.4768
50.4776
50.4785
50.4794
50.4804
50.4815
50.4825
50.4837
50.4849
50.4861
50.4874
50.4887
50.4901
50.4916
50.4931
50.4946
50.4962
50.4979
50.4996
50.5013
50.5031
50.505
50.5069
50.5089
50.5109
50.513
50.5151
50.5173
50.5196
50.5219
50.5242
50.5266
50.5291
50.5316
50.5341
50.5367
50.5394
50.5421
50.5449
50.5478
50.5506
50.5536
50.5566
50.5596
50.5627
50.5659
50.5691
50.5724
50.5757
50.5791
50.5825
50.586
50.5896
50.5932
50.5968
50.6005
50.6043
50.6081
50.612
50.6159
50.6199
50.6239
50.628
50.6322
50.6364
50.6406
50.6449
50.6493
50.6537
50.6582
50.6627
50.6673
50.6719
50.6766
50.6814
50.6862
50.691
50.6959
50.7009
50.7059
50.711
50.7161
50.7213
50.7265
50.7318
50.7371
50.7425
50.748
50.7535
50.759
50.7646
50.7703
50.776
50.7817
50.7875
50.7934
50.7993
50.8053
50.8113
50.8174
50.8235
50.8297
50.8359
50.8422
50.8485
50.8549
50.8613
50.8678
50.8743
50.8809
50.8875
50.8942
50.9009
50.9077
50.9145
50.9214
50.9283
50.9353
50.9423
50.9494
50.9565
50.9637
50.9709
50.9781
50.9854
50.9928
51.0002
51.0076
51.0151
51.0226
51.0302
51.0379
51.0455
51.0532
51.061
51.0688
51.0766
51.0845
51.0925
51.1004
51.1085
51.1165
51.1246
51.1328
51.141
51.1492
51.1574
51.1658
51.1741
51.1826
51.1908
51.1996
51.2077
51.2167
51.2248
51.2339
)
;

boundaryField
{
    inlet
    {
        type            calculated;
        value           nonuniform List<scalar> 5(50.4699 50.47 50.47 50.47 50.4699);
    }
    outlet
    {
        type            calculated;
        value           nonuniform List<scalar> 5(51.2394 51.2394 51.2394 51.2394 51.2394);
    }
    sides
    {
        type            empty;
    }
    walls
    {
        type            calculated;
        value           nonuniform List<scalar> 
2760
(
50.4699
50.47
50.4702
50.4705
50.4708
50.4713
50.4718
50.4724
50.4731
50.4739
50.4748
50.4758
50.4769
50.4781
50.4794
50.4808
50.4823
50.4838
50.4853
50.4869
50.4884
50.49
50.4915
50.493
50.4943
50.4956
50.4967
50.4978
50.4986
50.4994
50.5
50.5004
50.5007
50.5009
50.501
50.501
50.501
50.5009
50.5008
50.5006
50.5006
50.5005
50.5006
50.5007
50.5009
50.5012
50.5015
50.502
50.5026
50.5032
50.504
50.5048
50.5056
50.5065
50.5074
50.5084
50.5094
50.5103
50.5113
50.5123
50.5132
50.5142
50.5151
50.516
50.5169
50.5177
50.5185
50.5192
50.52
50.5207
50.5213
50.522
50.5225
50.5231
50.5236
50.5241
50.5245
50.5249
50.5253
50.5256
50.5258
50.5261
50.5263
50.5264
50.5266
50.5267
50.5267
50.5268
50.5268
50.5267
50.5267
50.5266
50.5265
50.5264
50.5263
50.5262
50.5261
50.5259
50.5258
50.5257
50.5256
50.5255
50.5254
50.5253
50.5253
50.5253
50.5253
50.5253
50.5253
50.5254
50.5255
50.5256
50.5258
50.526
50.5261
50.5263
50.5265
50.5268
50.527
50.5272
50.5274
50.5276
50.5277
50.5279
50.528
50.5281
50.5281
50.5282
50.5282
50.5282
50.5281
50.528
50.5279
50.5278
50.5277
50.5275
50.5274
50.5272
50.527
50.5268
50.5267
50.5265
50.5264
50.5263
50.5262
50.5261
50.5261
50.5261
50.5261
50.5262
50.5263
50.5264
50.5266
50.5269
50.5271
50.5274
50.5277
50.528
50.5283
50.5287
50.529
50.5294
50.5298
50.5302
50.5306
50.531
50.5315
50.532
50.5325
50.5332
50.5339
50.5346
50.5355
50.5364
50.5374
50.5385
50.5397
50.5409
50.5422
50.5435
50.5449
50.5463
50.5477
50.5491
50.5505
50.5518
50.5531
50.5543
50.5554
50.5564
50.5574
50.5582
50.5589
50.5595
50.56
50.5603
50.5606
50.5607
50.5613
50.5585
50.4699
50.47
50.4702
50.4705
50.4708
50.4713
50.4718
50.4724
50.4731
50.4739
50.4748
50.4758
50.4769
50.4781
50.4794
50.4808
50.4823
50.4838
50.4853
50.4869
50.4884
50.49
50.4915
50.493
50.4943
50.4956
50.4967
50.4978
50.4986
50.4994
50.5
50.5004
50.5007
50.5009
50.501
50.501
50.501
50.5009
50.5008
50.5006
50.5006
50.5005
50.5006
50.5007
50.5009
50.5012
50.5015
50.502
50.5026
50.5032
50.504
50.5048
50.5056
50.5065
50.5074
50.5084
50.5094
50.5103
50.5113
50.5123
50.5132
50.5142
50.5151
50.516
50.5169
50.5177
50.5185
50.5192
50.52
50.5207
50.5213
50.522
50.5225
50.5231
50.5236
50.5241
50.5245
50.5249
50.5253
50.5256
50.5258
50.5261
50.5263
50.5264
50.5266
50.5267
50.5267
50.5268
50.5268
50.5267
50.5267
50.5266
50.5265
50.5264
50.5263
50.5262
50.5261
50.5259
50.5258
50.5257
50.5256
50.5255
50.5254
50.5253
50.5253
50.5253
50.5253
50.5253
50.5253
50.5254
50.5255
50.5256
50.5258
50.526
50.5261
50.5263
50.5265
50.5268
50.527
50.5272
50.5274
50.5276
50.5277
50.5279
50.528
50.5281
50.5281
50.5282
50.5282
50.5282
50.5281
50.528
50.5279
50.5278
50.5277
50.5275
50.5274
50.5272
50.527
50.5268
50.5267
50.5265
50.5264
50.5263
50.5262
50.5261
50.5261
50.5261
50.5261
50.5262
50.5263
50.5264
50.5266
50.5269
50.5271
50.5274
50.5277
50.528
50.5283
50.5287
50.529
50.5294
50.5298
50.5302
50.5306
50.531
50.5315
50.532
50.5325
50.5332
50.5339
50.5346
50.5355
50.5364
50.5374
50.5385
50.5397
50.5409
50.5422
50.5435
50.5449
50.5463
50.5477
50.5491
50.5505
50.5518
50.5531
50.5543
50.5554
50.5564
50.5574
50.5582
50.5589
50.5595
50.5599
50.5604
50.5605
50.5608
50.5595
50.5716
50.5762
50.5827
50.5834
50.5815
50.5799
50.5783
50.5757
50.5722
50.5687
50.5667
50.5688
50.5747
50.5763
50.5692
50.5552
50.5396
50.529
50.5202
50.5115
50.5119
50.53
50.5181
50.5137
50.513
50.5108
50.5059
50.4995
50.4914
50.484
50.4753
50.4675
50.459
50.451
50.4428
50.4356
50.4285
50.4228
50.4178
50.4142
50.4123
50.493
50.4599
50.4456
50.4451
50.4456
50.4454
50.4439
50.4427
50.4359
50.3869
50.2675
50.2131
50.2194
50.3034
50.4598
50.5339
50.5486
50.5387
50.5058
50.483
50.4721
50.4675
50.4659
50.4657
50.466
50.4665
50.4671
50.4677
50.4683
50.4689
50.4694
50.4699
50.4704
50.4708
50.4712
50.4716
50.472
50.4723
50.4727
50.473
50.4733
50.4736
50.4739
50.4741
50.4744
50.4747
50.475
50.4752
50.4755
50.4758
50.4762
50.4765
50.4769
50.4773
50.4777
50.4782
50.4787
50.4793
50.4799
50.4806
50.4814
50.4822
50.4831
50.484
50.485
50.486
50.4871
50.4883
50.4895
50.4907
50.492
50.4932
50.4945
50.4958
50.497
50.4983
50.4995
50.5006
50.5017
50.5027
50.5037
50.5045
50.5053
50.506
50.5066
50.5071
50.5075
50.5079
50.5081
50.5083
50.5085
50.5085
50.5085
50.5085
50.5085
50.5084
50.5084
50.5083
50.5083
50.5083
50.5083
50.5084
50.5085
50.5086
50.5088
50.5091
50.5094
50.5097
50.5101
50.5106
50.5111
50.5116
50.5121
50.5127
50.5134
50.514
50.5147
50.5154
50.5161
50.5168
50.5175
50.5182
50.5189
50.5197
50.5204
50.5211
50.5218
50.5225
50.5232
50.5239
50.5246
50.5252
50.5259
50.5266
50.5272
50.5278
50.5285
50.5291
50.5297
50.5302
50.5308
50.5313
50.5318
50.5323
50.5327
50.5331
50.5335
50.5338
50.5341
50.5343
50.5345
50.5346
50.5347
50.5347
50.5347
50.5347
50.5346
50.5344
50.5343
50.5341
50.5338
50.5336
50.5333
50.533
50.5328
50.5325
50.5322
50.5319
50.5316
50.5313
50.531
50.5308
50.5306
50.5304
50.5302
50.5301
50.53
50.5299
50.5299
50.5299
50.5301
50.5302
50.5305
50.5308
50.5311
50.5316
50.532
50.5326
50.5332
50.5339
50.5346
50.5354
50.5362
50.5371
50.5379
50.5388
50.5396
50.5406
50.5404
50.5496
50.433
50.4354
50.4346
50.4342
50.4337
50.4333
50.4322
50.4321
50.4339
50.4421
50.4529
50.4542
50.4367
50.387
50.3609
50.3583
50.3685
50.4009
50.4295
50.4463
50.4555
50.4602
50.4628
50.4644
50.4654
50.4663
50.467
50.4677
50.4683
50.4689
50.4694
50.4699
50.4704
50.4708
50.4712
50.4716
50.472
50.4723
50.4727
50.473
50.4733
50.4736
50.4739
50.4741
50.4744
50.4747
50.475
50.4752
50.4755
50.4758
50.4762
50.4765
50.4769
50.4773
50.4777
50.4782
50.4787
50.4793
50.4799
50.4806
50.4814
50.4822
50.4831
50.484
50.485
50.486
50.4871
50.4883
50.4895
50.4907
50.492
50.4932
50.4945
50.4958
50.497
50.4983
50.4995
50.5006
50.5017
50.5027
50.5037
50.5045
50.5053
50.506
50.5066
50.5071
50.5075
50.5079
50.5081
50.5083
50.5085
50.5085
50.5085
50.5085
50.5085
50.5084
50.5084
50.5083
50.5083
50.5083
50.5083
50.5084
50.5085
50.5086
50.5088
50.5091
50.5094
50.5097
50.5101
50.5106
50.5111
50.5116
50.5121
50.5127
50.5134
50.514
50.5147
50.5154
50.5161
50.5168
50.5175
50.5182
50.5189
50.5197
50.5204
50.5211
50.5218
50.5225
50.5232
50.5239
50.5246
50.5252
50.5259
50.5266
50.5272
50.5278
50.5285
50.5291
50.5297
50.5302
50.5308
50.5313
50.5318
50.5323
50.5327
50.5331
50.5335
50.5338
50.5341
50.5343
50.5345
50.5346
50.5347
50.5347
50.5347
50.5347
50.5346
50.5344
50.5343
50.5341
50.5338
50.5336
50.5333
50.533
50.5328
50.5325
50.5322
50.5319
50.5316
50.5313
50.531
50.5308
50.5306
50.5304
50.5302
50.5301
50.53
50.5299
50.5299
50.5299
50.5301
50.5302
50.5305
50.5308
50.5311
50.5315
50.532
50.5326
50.5332
50.5339
50.5346
50.5354
50.5362
50.537
50.5379
50.5388
50.5397
50.5406
50.542
50.5414
50.515
50.5029
50.4986
50.4978
50.4957
50.491
50.4845
50.4778
50.4701
50.4626
50.4548
50.4468
50.4393
50.4316
50.4249
50.4184
50.4131
50.4085
50.4052
50.4036
50.5568
50.5636
50.5646
50.563
50.5616
50.56
50.5577
50.5546
50.5518
50.5508
50.5555
50.56
50.5586
50.5492
50.5341
50.5222
50.5136
50.5056
50.4987
50.5037
50.424
50.4267
50.4265
50.4265
50.4263
50.4263
50.4259
50.4254
50.4265
50.4318
50.4444
50.4479
50.4387
50.3938
50.3567
50.3479
50.3529
50.3782
50.4101
50.4295
50.44
50.4452
50.4475
50.4485
50.4488
50.4488
50.4487
50.4484
50.4482
50.4479
50.4476
50.4473
50.447
50.4467
50.4465
50.4463
50.4462
50.4461
50.4461
50.4462
50.4463
50.4466
50.4469
50.4473
50.4478
50.4484
50.449
50.4498
50.4506
50.4515
50.4525
50.4535
50.4546
50.4558
50.4571
50.4584
50.4597
50.4611
50.4626
50.4641
50.4657
50.4673
50.469
50.4707
50.4724
50.4742
50.476
50.4778
50.4797
50.4815
50.4833
50.4852
50.487
50.4888
50.4905
50.4922
50.4939
50.4955
50.4971
50.4985
50.4999
50.5012
50.5025
50.5036
50.5046
50.5056
50.5064
50.5072
50.5078
50.5084
50.5088
50.5092
50.5094
50.5096
50.5097
50.5098
50.5098
50.5097
50.5085
50.5164
50.4863
50.4503
50.436
50.4368
50.4378
50.4364
50.4354
50.4355
50.4332
50.4063
50.3041
50.2236
50.2142
50.2585
50.405
50.5067
50.5357
50.5327
50.5056
50.4771
50.4621
50.455
50.4518
50.4503
50.4496
50.4492
50.4488
50.4485
50.4482
50.4479
50.4476
50.4473
50.447
50.4467
50.4465
50.4463
50.4462
50.4461
50.4461
50.4462
50.4463
50.4466
50.4469
50.4473
50.4478
50.4484
50.449
50.4498
50.4506
50.4515
50.4525
50.4535
50.4546
50.4558
50.4571
50.4584
50.4597
50.4611
50.4626
50.4641
50.4657
50.4673
50.469
50.4707
50.4724
50.4742
50.476
50.4778
50.4797
50.4815
50.4833
50.4852
50.487
50.4888
50.4905
50.4922
50.4939
50.4955
50.4971
50.4985
50.4999
50.5012
50.5025
50.5036
50.5047
50.5056
50.5064
50.5072
50.5078
50.5083
50.5088
50.5092
50.5094
50.5096
50.5098
50.5098
50.5099
50.5098
50.5102
50.5089
50.4812
50.4687
50.4641
50.4631
50.4608
50.4558
50.4491
50.4422
50.4342
50.4264
50.4184
50.4101
50.4024
50.3944
50.3874
50.3806
50.3751
50.3702
50.3666
50.3648
50.5237
50.5302
50.5309
50.5291
50.5274
50.5256
50.5231
50.5198
50.5168
50.5155
50.5201
50.5244
50.5228
50.5132
50.4979
50.4855
50.4766
50.4683
50.461
50.4657
50.3848
50.3866
50.3859
50.3854
50.3849
50.3845
50.3837
50.3837
50.3856
50.3943
50.4033
50.4033
50.381
50.3324
50.3114
50.3112
50.3244
50.3584
50.3844
50.3995
50.4077
50.412
50.4144
50.416
50.4171
50.418
50.4188
50.4196
50.4203
50.421
50.4216
50.4222
50.4227
50.4232
50.4237
50.4241
50.4245
50.4248
50.4252
50.4255
50.4257
50.4259
50.4261
50.4263
50.4264
50.4265
50.4266
50.4267
50.4267
50.4267
50.4267
50.4267
50.4266
50.4266
50.4265
50.4264
50.4264
50.4263
50.4262
50.4261
50.4261
50.426
50.4259
50.4259
50.4259
50.4258
50.4258
50.4258
50.4259
50.4259
50.426
50.426
50.4261
50.4262
50.4264
50.4265
50.4267
50.4269
50.4271
50.4273
50.4275
50.4278
50.4281
50.4284
50.4288
50.4291
50.4295
50.43
50.4304
50.4309
50.4314
50.4319
50.4324
50.433
50.4335
50.4341
50.4347
50.4353
50.436
50.4366
50.4372
50.4379
50.4385
50.4391
50.4398
50.4404
50.441
50.4416
50.4421
50.4427
50.4432
50.4438
50.4442
50.4447
50.4452
50.4456
50.4459
50.4463
50.4466
50.4468
50.447
50.4472
50.4474
50.4475
50.4475
50.4476
50.4475
50.4475
50.4474
50.4474
50.4473
50.4472
50.4471
50.447
50.4469
50.4469
50.4468
50.4469
50.4469
50.447
50.4472
50.4474
50.4477
50.4481
50.4485
50.449
50.4495
50.4501
50.4507
50.4514
50.4521
50.4529
50.4537
50.4545
50.4553
50.4561
50.457
50.4578
50.4587
50.4595
50.4603
50.4611
50.4619
50.4627
50.4634
50.4641
50.4648
50.4655
50.4661
50.4668
50.4674
50.4679
50.4685
50.469
50.4695
50.47
50.4705
50.471
50.4714
50.4719
50.4724
50.4729
50.4734
50.474
50.4746
50.4752
50.4758
50.4764
50.4771
50.4779
50.4786
50.4794
50.4801
50.4809
50.4817
50.4825
50.4834
50.4842
50.4854
50.4846
50.4459
50.4094
50.3956
50.3962
50.3965
50.3953
50.394
50.3933
50.3864
50.3364
50.2251
50.1797
50.1889
50.2773
50.4197
50.4827
50.4932
50.4816
50.4502
50.4309
50.4218
50.4181
50.417
50.4171
50.4176
50.4182
50.4189
50.4196
50.4203
50.421
50.4216
50.4222
50.4227
50.4232
50.4237
50.4241
50.4245
50.4248
50.4252
50.4255
50.4257
50.4259
50.4261
50.4263
50.4264
50.4265
50.4266
50.4267
50.4267
50.4267
50.4267
50.4267
50.4266
50.4266
50.4265
50.4264
50.4264
50.4263
50.4262
50.4261
50.4261
50.426
50.4259
50.4259
50.4259
50.4258
50.4258
50.4258
50.4259
50.4259
50.426
50.426
50.4261
50.4262
50.4264
50.4265
50.4267
50.4269
50.4271
50.4273
50.4275
50.4278
50.4281
50.4284
50.4288
50.4291
50.4295
50.43
50.4304
50.4309
50.4314
50.4319
50.4324
50.433
50.4335
50.4341
50.4347
50.4353
50.436
50.4366
50.4372
50.4379
50.4385
50.4391
50.4398
50.4404
50.441
50.4416
50.4421
50.4427
50.4432
50.4438
50.4442
50.4447
50.4452
50.4456
50.4459
50.4463
50.4466
50.4468
50.447
50.4472
50.4474
50.4475
50.4475
50.4476
50.4475
50.4475
50.4474
50.4474
50.4473
50.4472
50.4471
50.447
50.4469
50.4469
50.4468
50.4469
50.4469
50.447
50.4472
50.4474
50.4477
50.4481
50.4485
50.449
50.4495
50.4501
50.4507
50.4514
50.4521
50.4529
50.4537
50.4545
50.4553
50.4561
50.457
50.4578
50.4587
50.4595
50.4603
50.4611
50.4619
50.4627
50.4634
50.4641
50.4648
50.4655
50.4661
50.4668
50.4674
50.4679
50.4685
50.469
50.4695
50.47
50.4705
50.471
50.4714
50.4719
50.4724
50.4729
50.4734
50.474
50.4746
50.4752
50.4758
50.4764
50.4771
50.4779
50.4786
50.4794
50.4801
50.4809
50.4817
50.4826
50.4833
50.4841
50.4837
50.4932
50.5005
50.5075
50.5085
50.5069
50.5054
50.5039
50.5015
50.4981
50.4949
50.493
50.4957
50.5015
50.5028
50.4953
50.4809
50.4661
50.4563
50.4477
50.4398
50.4418
50.4569
50.4443
50.4397
50.4389
50.4367
50.4318
50.4251
50.4181
50.4099
50.4022
50.3939
50.3856
50.3776
50.3695
50.3622
50.3551
50.3493
50.344
50.3402
50.3381
50.4058
50.3775
50.3748
50.3778
50.3769
50.3729
50.351
50.2606
50.1956
50.1975
50.2687
50.3973
50.4487
50.4535
50.4376
50.4124
50.3997
50.3942
50.3919
50.391
50.3905
50.3901
50.3898
50.3894
50.3891
50.3888
50.3884
50.3882
50.3879
50.3878
50.3878
50.3878
50.388
50.3883
50.3887
50.3893
50.3899
50.3907
50.3916
50.3926
50.3937
50.3948
50.3961
50.3973
50.3986
50.4
50.4013
50.4026
50.4039
50.4052
50.4065
50.4077
50.4088
50.4099
50.4109
50.4118
50.4127
50.4135
50.4142
50.4148
50.4153
50.4158
50.4162
50.4165
50.4167
50.4169
50.4171
50.4172
50.4172
50.4172
50.4172
50.4171
50.4171
50.417
50.4169
50.4167
50.4166
50.4165
50.4164
50.4163
50.4162
50.4161
50.416
50.4159
50.4159
50.4159
50.4159
50.4159
50.4159
50.416
50.4161
50.4162
50.4163
50.4164
50.4166
50.4168
50.4169
50.4171
50.4173
50.4175
50.4176
50.4178
50.418
50.4181
50.4183
50.4184
50.4185
50.4186
50.4186
50.4187
50.4187
50.4187
50.4187
50.4186
50.4186
50.4185
50.4184
50.4183
50.4182
50.4181
50.4179
50.4178
50.4177
50.4176
50.4175
50.4174
50.4173
50.4172
50.4171
50.4171
50.417
50.417
50.4171
50.4171
50.4172
50.4173
50.4174
50.4176
50.4178
50.418
50.4183
50.4186
50.4189
50.4193
50.4197
50.4201
50.4206
50.4211
50.4216
50.4222
50.4227
50.4234
50.424
50.4247
50.4254
50.4261
50.4269
50.4277
50.4285
50.4293
50.4301
50.4309
50.4317
50.4325
50.4333
50.4341
50.4348
50.4355
50.4362
50.4368
50.4373
50.4378
50.4382
50.4385
50.4387
50.4389
50.4389
50.4389
50.4388
50.4386
50.4384
50.4381
50.4378
50.4375
50.4372
50.4369
50.4367
50.4366
50.4365
50.4365
50.4366
50.4369
50.4372
50.4377
50.4383
50.4391
50.4399
50.4409
50.442
50.4431
50.4444
50.4457
50.447
50.4483
50.4497
50.451
50.4524
50.4537
50.4549
50.4561
50.4573
50.4584
50.4594
50.4603
50.4612
50.462
50.4627
50.4634
50.4639
50.4645
50.4649
50.4653
50.4657
50.466
50.4663
50.4665
50.4667
50.4668
50.467
50.4671
50.4672
50.4673
50.4674
50.4674
50.4675
50.4675
50.4675
50.4676
50.4676
50.4676
50.4676
50.4676
50.4676
50.4676
50.4676
50.4676
50.4676
50.4676
50.4676
50.4676
50.4676
50.4676
50.4676
50.4676
50.4676
50.4676
50.4676
50.4676
50.4676
50.4676
50.4676
50.4676
50.4676
50.4676
50.4676
50.4676
50.4676
50.4676
50.4676
50.4676
50.4676
50.4676
50.4676
50.4676
50.4676
50.4676
50.4676
50.4676
50.4676
50.4676
50.4676
50.4676
50.4676
50.4676
50.4676
50.4676
50.4676
50.4676
50.4676
50.4676
50.4676
50.4676
50.4676
50.4676
50.4676
50.4676
50.4676
50.4676
50.4676
50.4676
50.4676
50.4676
50.4676
50.4676
50.4676
50.4676
50.4676
50.4676
50.4676
50.4676
50.4676
50.4676
50.4676
50.4676
50.4676
50.4676
50.4676
50.4676
50.4676
50.4676
50.4676
50.4676
50.4676
50.4676
50.4676
50.4676
50.4676
50.4676
50.4676
50.4676
50.4676
50.4676
50.4676
50.4676
50.4676
50.4676
50.4676
50.4676
50.4676
50.4676
50.4676
50.4676
50.4676
50.4676
50.4676
50.4676
50.4676
50.4676
50.4676
50.4676
50.4676
50.4676
50.4676
50.4676
50.4676
50.4676
50.4676
50.4676
50.4676
50.4676
50.4676
50.4676
50.4676
50.4676
50.4676
50.4676
50.4676
50.4676
50.4676
50.4676
50.4676
50.4676
50.4676
50.4676
50.4676
50.4676
50.4676
50.4676
50.4676
50.4676
50.4676
50.4676
50.4676
50.4676
50.4676
50.4676
50.4676
50.4676
50.4676
50.4676
50.4676
50.4676
50.4676
50.4676
50.4676
50.4676
50.4676
50.4676
50.4676
50.4676
50.4677
50.4677
50.4677
50.4677
50.4677
50.4677
50.4677
50.4677
50.4677
50.4677
50.4677
50.4677
50.4677
50.4677
50.4678
50.4678
50.4678
50.4679
50.4679
50.468
50.468
50.4681
50.4682
50.4683
50.4684
50.4686
50.4687
50.4689
50.4691
50.4693
50.4696
50.4699
50.4702
50.4705
50.4709
50.4713
50.4717
50.4722
50.4727
50.4733
50.4739
50.4746
50.4753
50.476
50.4768
50.4776
50.4785
50.4794
50.4804
50.4815
50.4825
50.4837
50.4849
50.4861
50.4874
50.4887
50.4901
50.4916
50.4931
50.4946
50.4962
50.4979
50.4996
50.5013
50.5031
50.505
50.5069
50.5089
50.5109
50.513
50.5151
50.5173
50.5196
50.5219
50.5242
50.5266
50.5291
50.5316
50.5341
50.5367
50.5394
50.5421
50.5449
50.5478
50.5506
50.5536
50.5566
50.5596
50.5627
50.5659
50.5691
50.5724
50.5757
50.5791
50.5825
50.586
50.5896
50.5932
50.5968
50.6005
50.6043
50.6081
50.612
50.6159
50.6199
50.6239
50.628
50.6322
50.6364
50.6406
50.6449
50.6493
50.6537
50.6582
50.6627
50.6673
50.6719
50.6766
50.6814
50.6862
50.691
50.6959
50.7009
50.7059
50.711
50.7161
50.7213
50.7265
50.7318
50.7371
50.7425
50.748
50.7535
50.759
50.7646
50.7703
50.776
50.7817
50.7875
50.7934
50.7993
50.8053
50.8113
50.8174
50.8235
50.8297
50.8359
50.8422
50.8485
50.8549
50.8613
50.8678
50.8743
50.8809
50.8875
50.8942
50.9009
50.9077
50.9145
50.9214
50.9283
50.9353
50.9423
50.9494
50.9565
50.9637
50.9709
50.9781
50.9854
50.9928
51.0002
51.0076
51.0151
51.0226
51.0302
51.0379
51.0455
51.0532
51.061
51.0688
51.0766
51.0845
51.0925
51.1004
51.1085
51.1165
51.1246
51.1328
51.141
51.1492
51.1574
51.1658
51.1741
51.1826
51.1908
51.1996
51.2077
51.2167
51.2248
51.2339
50.3569
50.3621
50.3657
50.366
50.3634
50.363
50.3673
50.376
50.3782
50.3652
50.3244
50.3055
50.3061
50.3211
50.3523
50.3721
50.3824
50.3872
50.3891
50.3899
50.3901
50.39
50.3897
50.3894
50.3891
50.3888
50.3884
50.3882
50.3879
50.3878
50.3878
50.3878
50.388
50.3883
50.3887
50.3893
50.3899
50.3907
50.3916
50.3926
50.3937
50.3948
50.3961
50.3973
50.3986
50.4
50.4013
50.4026
50.4039
50.4052
50.4065
50.4077
50.4088
50.4099
50.4109
50.4118
50.4127
50.4135
50.4142
50.4148
50.4153
50.4158
50.4162
50.4165
50.4167
50.4169
50.4171
50.4172
50.4172
50.4172
50.4172
50.4171
50.4171
50.417
50.4169
50.4167
50.4166
50.4165
50.4164
50.4163
50.4162
50.4161
50.416
50.4159
50.4159
50.4159
50.4159
50.4159
50.4159
50.416
50.4161
50.4162
50.4163
50.4164
50.4166
50.4168
50.4169
50.4171
50.4173
50.4175
50.4176
50.4178
50.418
50.4181
50.4183
50.4184
50.4185
50.4186
50.4186
50.4187
50.4187
50.4187
50.4187
50.4186
50.4186
50.4185
50.4184
50.4183
50.4182
50.4181
50.4179
50.4178
50.4177
50.4176
50.4175
50.4174
50.4173
50.4172
50.4171
50.4171
50.417
50.417
50.4171
50.4171
50.4172
50.4173
50.4174
50.4176
50.4178
50.418
50.4183
50.4186
50.4189
50.4193
50.4197
50.4201
50.4206
50.4211
50.4216
50.4222
50.4227
50.4234
50.424
50.4247
50.4254
50.4261
50.4269
50.4277
50.4285
50.4293
50.4301
50.4309
50.4317
50.4325
50.4333
50.4341
50.4348
50.4355
50.4362
50.4368
50.4373
50.4378
50.4382
50.4385
50.4387
50.4389
50.4389
50.4389
50.4388
50.4386
50.4384
50.4381
50.4378
50.4375
50.4372
50.4369
50.4367
50.4366
50.4365
50.4365
50.4366
50.4369
50.4372
50.4377
50.4383
50.4391
50.4399
50.4409
50.442
50.4431
50.4444
50.4457
50.447
50.4483
50.4497
50.451
50.4524
50.4537
50.4549
50.4561
50.4573
50.4584
50.4594
50.4603
50.4612
50.462
50.4627
50.4634
50.4639
50.4645
50.4649
50.4653
50.4657
50.466
50.4663
50.4665
50.4667
50.4668
50.467
50.4671
50.4672
50.4673
50.4674
50.4674
50.4675
50.4675
50.4675
50.4676
50.4676
50.4676
50.4676
50.4676
50.4676
50.4676
50.4676
50.4676
50.4676
50.4676
50.4676
50.4676
50.4676
50.4676
50.4676
50.4676
50.4676
50.4676
50.4676
50.4676
50.4676
50.4676
50.4676
50.4676
50.4676
50.4676
50.4676
50.4676
50.4676
50.4676
50.4676
50.4676
50.4676
50.4676
50.4676
50.4676
50.4676
50.4676
50.4676
50.4676
50.4676
50.4676
50.4676
50.4676
50.4676
50.4676
50.4676
50.4676
50.4676
50.4676
50.4676
50.4676
50.4676
50.4676
50.4676
50.4676
50.4676
50.4676
50.4676
50.4676
50.4676
50.4676
50.4676
50.4676
50.4676
50.4676
50.4676
50.4676
50.4676
50.4676
50.4676
50.4676
50.4676
50.4676
50.4676
50.4676
50.4676
50.4676
50.4676
50.4676
50.4676
50.4676
50.4676
50.4676
50.4676
50.4676
50.4676
50.4676
50.4676
50.4676
50.4676
50.4676
50.4676
50.4676
50.4676
50.4676
50.4676
50.4676
50.4676
50.4676
50.4676
50.4676
50.4676
50.4676
50.4676
50.4676
50.4676
50.4676
50.4676
50.4676
50.4676
50.4676
50.4676
50.4676
50.4676
50.4676
50.4676
50.4676
50.4676
50.4676
50.4676
50.4676
50.4676
50.4676
50.4676
50.4676
50.4676
50.4676
50.4676
50.4676
50.4676
50.4676
50.4676
50.4676
50.4676
50.4676
50.4676
50.4676
50.4676
50.4676
50.4676
50.4676
50.4676
50.4676
50.4676
50.4676
50.4676
50.4676
50.4676
50.4676
50.4676
50.4676
50.4676
50.4676
50.4676
50.4676
50.4676
50.4676
50.4676
50.4676
50.4676
50.4676
50.4677
50.4677
50.4677
50.4677
50.4677
50.4677
50.4677
50.4677
50.4677
50.4677
50.4677
50.4677
50.4677
50.4677
50.4678
50.4678
50.4678
50.4679
50.4679
50.468
50.468
50.4681
50.4682
50.4683
50.4684
50.4686
50.4687
50.4689
50.4691
50.4693
50.4696
50.4699
50.4702
50.4705
50.4709
50.4713
50.4717
50.4722
50.4727
50.4733
50.4739
50.4746
50.4753
50.476
50.4768
50.4776
50.4785
50.4794
50.4804
50.4815
50.4825
50.4837
50.4849
50.4861
50.4874
50.4887
50.4901
50.4916
50.4931
50.4946
50.4962
50.4979
50.4996
50.5013
50.5031
50.505
50.5069
50.5089
50.5109
50.513
50.5151
50.5173
50.5196
50.5219
50.5242
50.5266
50.5291
50.5316
50.5341
50.5367
50.5394
50.5421
50.5449
50.5478
50.5506
50.5536
50.5566
50.5596
50.5627
50.5659
50.5691
50.5724
50.5757
50.5791
50.5825
50.586
50.5896
50.5932
50.5968
50.6005
50.6043
50.6081
50.612
50.6159
50.6199
50.6239
50.628
50.6322
50.6364
50.6406
50.6449
50.6493
50.6537
50.6582
50.6627
50.6673
50.6719
50.6766
50.6814
50.6862
50.691
50.6959
50.7009
50.7059
50.711
50.7161
50.7213
50.7265
50.7318
50.7371
50.7425
50.748
50.7535
50.759
50.7646
50.7703
50.776
50.7817
50.7875
50.7934
50.7993
50.8053
50.8113
50.8174
50.8235
50.8297
50.8359
50.8422
50.8485
50.8549
50.8613
50.8678
50.8743
50.8809
50.8875
50.8942
50.9009
50.9077
50.9145
50.9214
50.9283
50.9353
50.9423
50.9494
50.9565
50.9637
50.9709
50.9781
50.9854
50.9928
51.0002
51.0076
51.0151
51.0226
51.0302
51.0379
51.0455
51.0532
51.061
51.0688
51.0766
51.0845
51.0925
51.1004
51.1085
51.1165
51.1246
51.1328
51.141
51.1492
51.1574
51.1658
51.1741
51.1826
51.1908
51.1996
51.2077
51.2167
51.2248
51.2339
)
;
    }
}


// ************************************************************************* //
