/*--------------------------------*- C++ -*----------------------------------*\
| =========                 |                                                 |
| \\      /  F ield         | OpenFOAM: The Open Source CFD Toolbox           |
|  \\    /   O peration     | Version:  3.0.x                                 |
|   \\  /    A nd           | Web:      www.OpenFOAM.org                      |
|    \\/     M anipulation  |                                                 |
\*---------------------------------------------------------------------------*/
FoamFile
{
    version     2.0;
    format      ascii;
    class       volScalarField;
    location    "0.6";
    object      T;
}
// * * * * * * * * * * * * * * * * * * * * * * * * * * * * * * * * * * * * * //

dimensions      [0 0 0 1 0 0 0];

internalField   nonuniform List<scalar> 
6900
(
788.98
788.951
788.897
788.84
788.78
788.721
788.662
788.605
788.552
788.505
788.462
788.423
788.389
788.361
788.339
788.322
788.308
788.296
788.287
788.28
788.274
788.27
788.265
788.261
788.256
788.25
788.245
788.239
788.232
788.225
788.218
788.211
788.203
788.195
788.186
788.178
788.169
788.159
788.149
788.139
788.129
788.118
788.107
788.096
788.084
788.072
788.06
788.047
788.034
788.022
788.009
787.996
787.981
787.966
787.949
787.931
787.914
787.896
787.879
787.862
787.845
787.828
787.811
787.793
787.774
787.755
787.734
787.713
787.69
787.668
787.645
787.623
787.602
787.581
787.561
787.54
787.518
787.496
787.474
787.451
787.427
787.404
787.38
787.356
787.333
787.31
787.287
787.264
787.242
787.219
787.196
787.173
787.15
787.127
787.104
787.081
787.057
787.034
787.01
786.987
786.963
786.939
786.915
786.891
786.867
786.843
786.819
786.794
786.77
786.746
786.721
786.697
786.672
786.648
786.623
786.599
786.574
786.549
786.525
786.5
786.476
786.451
786.426
786.402
786.377
786.352
786.327
786.303
786.278
786.253
786.229
786.204
786.179
786.155
786.13
786.106
786.081
786.057
786.032
786.008
785.984
785.959
785.935
785.911
785.887
785.863
785.84
785.816
785.793
785.77
785.746
785.723
785.701
785.678
785.655
785.633
785.611
785.589
785.567
785.545
785.524
785.503
785.481
785.46
785.439
785.419
785.398
785.378
785.357
785.337
785.317
785.298
785.278
785.258
785.239
785.22
785.201
785.182
785.163
785.145
785.126
785.11
785.09
785.075
785.055
785.04
785.02
785.007
784.987
784.974
784.954
784.941
784.922
784.909
784.891
784.875
784.863
784.844
784.832
784.819
788.975
788.946
788.893
788.835
788.776
788.716
788.658
788.601
788.548
788.501
788.458
788.419
788.385
788.356
788.335
788.317
788.304
788.292
788.283
788.276
788.27
788.266
788.261
788.257
788.252
788.246
788.241
788.235
788.228
788.221
788.214
788.207
788.199
788.191
788.183
788.174
788.165
788.156
788.146
788.136
788.125
788.115
788.104
788.092
788.081
788.069
788.056
788.044
788.031
788.018
788.006
787.992
787.978
787.962
787.946
787.928
787.911
787.893
787.876
787.859
787.842
787.825
787.807
787.79
787.771
787.752
787.731
787.71
787.688
787.665
787.643
787.621
787.599
787.578
787.558
787.537
787.516
787.494
787.471
787.448
787.425
787.401
787.378
787.354
787.331
787.308
787.285
787.262
787.239
787.216
787.193
787.171
787.148
787.125
787.102
787.078
787.055
787.031
787.008
786.984
786.96
786.937
786.913
786.889
786.865
786.84
786.816
786.792
786.767
786.743
786.719
786.694
786.67
786.645
786.621
786.596
786.572
786.547
786.522
786.498
786.473
786.448
786.424
786.399
786.374
786.35
786.325
786.3
786.276
786.251
786.226
786.202
786.177
786.152
786.128
786.103
786.079
786.054
786.03
786.005
785.981
785.957
785.933
785.909
785.885
785.861
785.837
785.814
785.79
785.767
785.744
785.721
785.698
785.676
785.653
785.631
785.609
785.587
785.565
785.543
785.522
785.5
785.479
785.458
785.437
785.416
785.396
785.375
785.355
785.335
785.315
785.295
785.275
785.256
785.237
785.218
785.198
785.18
785.161
785.143
785.124
785.107
785.088
785.072
785.052
785.038
785.018
785.004
784.984
784.971
784.952
784.939
784.919
784.907
784.888
784.876
784.857
784.846
784.828
784.814
788.975
788.946
788.893
788.836
788.776
788.717
788.658
788.601
788.548
788.501
788.458
788.419
788.385
788.357
788.335
788.318
788.304
788.292
788.283
788.276
788.27
788.266
788.261
788.257
788.252
788.246
788.241
788.235
788.228
788.221
788.214
788.207
788.199
788.191
788.183
788.174
788.165
788.156
788.146
788.136
788.125
788.115
788.104
788.092
788.081
788.069
788.057
788.044
788.031
788.018
788.006
787.992
787.978
787.962
787.946
787.928
787.911
787.893
787.876
787.859
787.842
787.825
787.808
787.79
787.771
787.752
787.731
787.71
787.688
787.665
787.643
787.621
787.599
787.578
787.558
787.537
787.516
787.494
787.471
787.448
787.425
787.401
787.378
787.354
787.331
787.308
787.285
787.262
787.239
787.216
787.193
787.171
787.148
787.125
787.102
787.078
787.055
787.031
787.008
786.984
786.96
786.937
786.913
786.889
786.865
786.84
786.816
786.792
786.767
786.743
786.719
786.694
786.67
786.645
786.621
786.596
786.572
786.547
786.522
786.498
786.473
786.448
786.424
786.399
786.374
786.35
786.325
786.3
786.276
786.251
786.226
786.202
786.177
786.152
786.128
786.103
786.079
786.054
786.03
786.005
785.981
785.957
785.933
785.909
785.885
785.861
785.837
785.814
785.79
785.767
785.744
785.721
785.698
785.676
785.653
785.631
785.609
785.587
785.565
785.543
785.522
785.5
785.479
785.458
785.437
785.416
785.396
785.375
785.355
785.335
785.315
785.295
785.276
785.256
785.237
785.218
785.199
785.18
785.161
785.143
785.124
785.107
785.088
785.072
785.053
785.037
785.019
785.003
784.986
784.97
784.953
784.938
784.92
784.906
784.89
784.873
784.859
784.845
784.828
784.814
788.975
788.946
788.893
788.835
788.776
788.716
788.658
788.601
788.548
788.501
788.458
788.419
788.385
788.356
788.335
788.317
788.304
788.292
788.283
788.276
788.27
788.266
788.261
788.257
788.252
788.246
788.241
788.235
788.228
788.221
788.214
788.207
788.199
788.191
788.183
788.174
788.165
788.156
788.146
788.136
788.125
788.115
788.104
788.092
788.081
788.069
788.056
788.044
788.031
788.018
788.006
787.992
787.978
787.962
787.946
787.928
787.911
787.893
787.876
787.859
787.842
787.825
787.807
787.79
787.771
787.752
787.731
787.71
787.688
787.665
787.643
787.621
787.599
787.578
787.558
787.537
787.516
787.494
787.471
787.448
787.425
787.401
787.378
787.354
787.331
787.308
787.285
787.262
787.239
787.216
787.193
787.171
787.148
787.125
787.102
787.078
787.055
787.031
787.008
786.984
786.96
786.937
786.913
786.889
786.865
786.84
786.816
786.792
786.767
786.743
786.719
786.694
786.67
786.645
786.621
786.596
786.572
786.547
786.522
786.498
786.473
786.448
786.424
786.399
786.374
786.35
786.325
786.3
786.276
786.251
786.226
786.202
786.177
786.152
786.128
786.103
786.079
786.054
786.03
786.005
785.981
785.957
785.933
785.909
785.885
785.861
785.837
785.814
785.79
785.767
785.744
785.721
785.698
785.676
785.653
785.631
785.609
785.587
785.565
785.543
785.522
785.5
785.479
785.458
785.437
785.416
785.396
785.375
785.355
785.335
785.315
785.295
785.276
785.256
785.237
785.217
785.199
785.18
785.162
785.142
785.125
785.106
785.09
785.07
785.055
785.035
785.021
785.001
784.988
784.968
784.955
784.936
784.923
784.904
784.892
784.873
784.861
784.844
784.825
784.816
788.98
788.951
788.897
788.84
788.78
788.721
788.662
788.605
788.552
788.505
788.462
788.423
788.389
788.361
788.339
788.322
788.308
788.296
788.287
788.28
788.274
788.27
788.265
788.261
788.256
788.25
788.245
788.239
788.232
788.225
788.218
788.211
788.203
788.195
788.186
788.178
788.169
788.159
788.149
788.139
788.129
788.118
788.107
788.096
788.084
788.072
788.06
788.047
788.034
788.022
788.009
787.996
787.981
787.966
787.949
787.931
787.914
787.896
787.879
787.862
787.845
787.828
787.811
787.793
787.774
787.755
787.734
787.713
787.69
787.668
787.645
787.623
787.602
787.581
787.561
787.54
787.518
787.496
787.474
787.451
787.427
787.404
787.38
787.356
787.333
787.31
787.287
787.264
787.242
787.219
787.196
787.173
787.15
787.127
787.104
787.081
787.057
787.034
787.01
786.987
786.963
786.939
786.915
786.891
786.867
786.843
786.819
786.794
786.77
786.746
786.721
786.697
786.672
786.648
786.623
786.599
786.574
786.549
786.525
786.5
786.476
786.451
786.426
786.402
786.377
786.352
786.327
786.303
786.278
786.253
786.229
786.204
786.179
786.155
786.13
786.106
786.081
786.057
786.032
786.008
785.984
785.959
785.935
785.911
785.887
785.863
785.84
785.816
785.793
785.77
785.746
785.723
785.701
785.678
785.655
785.633
785.611
785.589
785.567
785.545
785.524
785.503
785.481
785.46
785.439
785.419
785.398
785.378
785.357
785.337
785.317
785.297
785.278
785.258
785.239
785.22
785.201
785.182
785.164
785.145
785.128
785.108
785.092
785.072
785.057
785.037
785.023
785.003
784.99
784.97
784.957
784.938
784.925
784.906
784.894
784.875
784.862
784.848
784.825
784.818
784.811
784.809
784.806
784.802
784.8
784.798
784.796
784.796
784.796
784.796
784.793
784.79
784.787
784.784
784.782
784.786
784.8
784.803
784.799
784.785
784.808
784.806
784.804
784.802
784.8
784.798
784.797
784.797
784.797
784.796
784.791
784.787
784.784
784.783
784.782
784.782
784.788
784.792
784.789
784.783
784.806
784.803
784.8
784.797
784.795
784.793
784.79
784.788
784.787
784.784
784.783
784.781
784.779
784.778
784.778
784.78
784.782
784.783
784.784
784.786
784.81
784.808
784.807
784.803
784.798
784.794
784.79
784.786
784.783
784.779
784.774
784.769
784.766
784.762
784.757
784.754
784.751
784.747
784.744
784.74
784.812
784.811
784.809
784.807
784.804
784.802
784.799
784.796
784.792
784.788
784.784
784.779
784.775
784.77
784.765
784.76
784.756
784.751
784.746
784.741
784.772
784.769
784.764
784.758
784.754
784.757
784.759
784.751
784.734
784.711
784.704
784.694
784.696
784.693
784.684
784.666
784.655
784.645
784.646
784.656
784.669
784.646
784.621
784.59
784.593
784.611
784.617
784.615
784.596
784.541
784.516
784.527
784.524
784.539
784.5
784.45
784.418
784.409
784.408
784.411
784.422
784.427
784.427
784.444
784.446
784.442
784.454
784.41
784.359
784.332
784.325
784.322
784.319
784.315
784.31
784.304
784.298
784.292
784.286
784.281
784.275
784.27
784.265
784.261
784.256
784.252
784.248
784.244
784.239
784.235
784.231
784.226
784.222
784.217
784.212
784.207
784.202
784.198
784.193
784.189
784.185
784.181
784.177
784.173
784.169
784.166
784.163
784.16
784.159
784.157
784.157
784.157
784.156
784.157
784.159
784.159
784.155
784.151
784.163
784.163
784.153
784.141
784.132
784.128
784.127
784.128
784.131
784.131
784.129
784.128
784.131
784.139
784.14
784.138
784.139
784.164
784.231
784.252
784.233
784.144
784.077
784.059
784.06
784.067
784.071
784.074
784.075
784.075
784.075
784.075
784.075
784.074
784.074
784.074
784.073
784.073
784.073
784.072
784.072
784.072
784.072
784.072
784.072
784.072
784.072
784.072
784.072
784.072
784.072
784.072
784.072
784.072
784.072
784.072
784.073
784.073
784.073
784.074
784.074
784.074
784.075
784.075
784.076
784.076
784.077
784.077
784.078
784.078
784.079
784.079
784.08
784.081
784.082
784.082
784.083
784.084
784.085
784.086
784.087
784.087
784.089
784.089
784.091
784.091
784.093
784.093
784.095
784.095
784.096
784.097
784.098
784.098
784.1
784.1
784.102
784.102
784.103
784.105
784.104
784.105
784.793
784.805
784.785
784.78
784.822
784.871
784.857
784.795
784.804
784.866
784.846
784.777
784.784
784.871
784.879
784.807
784.718
784.739
784.839
784.859
784.851
784.735
784.658
784.705
784.792
784.804
784.793
784.731
784.614
784.613
784.687
784.717
784.702
784.692
784.571
784.477
784.441
784.431
784.428
784.426
784.426
784.454
784.565
784.62
784.609
784.593
784.585
784.465
784.381
784.352
784.344
784.34
784.336
784.331
784.325
784.319
784.313
784.307
784.301
784.296
784.291
784.286
784.281
784.277
784.273
784.268
784.264
784.259
784.254
784.25
784.245
784.239
784.234
784.229
784.224
784.22
784.215
784.211
784.206
784.202
784.198
784.194
784.191
784.187
784.185
784.183
784.181
784.178
784.175
784.173
784.171
784.172
784.177
784.189
784.19
784.186
784.181
784.181
784.19
784.189
784.171
784.159
784.155
784.154
784.154
784.152
784.152
784.159
784.166
784.166
784.163
784.161
784.171
784.22
784.266
784.279
784.273
784.223
784.139
784.084
784.064
784.062
784.066
784.071
784.073
784.074
784.074
784.074
784.074
784.073
784.073
784.073
784.072
784.072
784.071
784.071
784.071
784.07
784.07
784.07
784.07
784.07
784.07
784.07
784.07
784.07
784.07
784.07
784.07
784.07
784.07
784.07
784.07
784.071
784.071
784.071
784.071
784.072
784.072
784.072
784.073
784.073
784.074
784.074
784.075
784.075
784.076
784.076
784.077
784.078
784.078
784.079
784.08
784.08
784.081
784.082
784.083
784.084
784.085
784.085
784.087
784.087
784.089
784.089
784.091
784.091
784.093
784.093
784.094
784.095
784.096
784.097
784.098
784.098
784.1
784.1
784.102
784.103
784.102
784.104
784.808
784.855
784.886
784.914
784.945
784.968
784.983
784.997
785.017
785.022
785.014
785.012
785.022
785.024
785
784.976
784.975
784.988
784.993
784.971
784.931
784.915
784.924
784.944
784.948
784.928
784.883
784.854
784.858
784.877
784.886
784.87
784.825
784.763
784.731
784.717
784.709
784.703
784.702
784.711
784.731
784.761
784.786
784.783
784.76
784.709
784.649
784.617
784.607
784.6
784.594
784.587
784.58
784.573
784.568
784.562
784.556
784.551
784.546
784.541
784.535
784.53
784.524
784.52
784.515
784.511
784.508
784.504
784.5
784.497
784.495
784.494
784.493
784.492
784.491
784.49
784.49
784.491
784.491
784.487
784.475
784.451
784.421
784.382
784.334
784.292
784.257
784.227
784.202
784.187
784.18
784.18
784.182
784.184
784.185
784.186
784.183
784.176
784.166
784.158
784.155
784.153
784.153
784.151
784.149
784.147
784.144
784.139
784.134
784.13
784.125
784.121
784.116
784.112
784.106
784.101
784.096
784.092
784.088
784.086
784.084
784.083
784.082
784.081
784.08
784.079
784.077
784.076
784.075
784.075
784.074
784.073
784.073
784.072
784.072
784.071
784.071
784.07
784.07
784.07
784.07
784.07
784.07
784.07
784.07
784.07
784.07
784.07
784.07
784.07
784.07
784.07
784.07
784.071
784.071
784.071
784.071
784.072
784.072
784.072
784.073
784.073
784.074
784.074
784.075
784.075
784.076
784.076
784.077
784.078
784.078
784.079
784.08
784.081
784.081
784.082
784.083
784.084
784.085
784.086
784.086
784.087
784.088
784.089
784.09
784.091
784.092
784.093
784.094
784.095
784.096
784.097
784.098
784.098
784.099
784.101
784.101
784.102
784.103
784.105
784.736
784.737
784.743
784.763
784.771
784.766
784.747
784.746
784.758
784.756
784.736
784.728
784.737
784.737
784.717
784.682
784.677
784.695
784.709
784.7
784.657
784.621
784.618
784.643
784.665
784.661
784.628
784.575
784.557
784.572
784.589
784.587
784.556
784.509
784.482
784.47
784.464
784.459
784.452
784.442
784.439
784.442
784.464
784.473
784.47
784.445
784.399
784.367
784.358
784.355
784.352
784.347
784.341
784.334
784.326
784.319
784.312
784.305
784.299
784.293
784.286
784.281
784.275
784.27
784.265
784.26
784.255
784.251
784.246
784.242
784.238
784.234
784.229
784.225
784.221
784.217
784.213
784.209
784.205
784.201
784.197
784.193
784.189
784.186
784.182
784.179
784.176
784.173
784.172
784.17
784.167
784.163
784.161
784.157
784.154
784.153
784.156
784.169
784.176
784.174
784.167
784.166
784.17
784.175
784.185
784.211
784.229
784.23
784.231
784.245
784.272
784.281
784.278
784.248
784.169
784.105
784.072
784.062
784.063
784.068
784.072
784.074
784.075
784.076
784.076
784.076
784.075
784.075
784.074
784.074
784.073
784.073
784.072
784.072
784.071
784.071
784.071
784.07
784.07
784.07
784.07
784.07
784.07
784.07
784.07
784.07
784.07
784.07
784.07
784.07
784.07
784.07
784.07
784.071
784.071
784.071
784.071
784.072
784.072
784.072
784.073
784.073
784.074
784.074
784.075
784.075
784.076
784.076
784.077
784.078
784.078
784.079
784.08
784.081
784.081
784.082
784.083
784.084
784.085
784.086
784.086
784.088
784.088
784.09
784.09
784.092
784.092
784.094
784.094
784.095
784.096
784.097
784.097
784.099
784.099
784.101
784.101
784.103
784.103
784.104
784.726
784.706
784.692
784.684
784.68
784.675
784.664
784.657
784.657
784.661
784.659
784.654
784.653
784.66
784.663
784.659
784.651
784.649
784.657
784.664
784.664
784.651
784.639
784.638
784.648
784.655
784.655
784.636
784.614
784.609
784.614
784.617
784.611
784.587
784.572
784.566
784.563
784.558
784.554
784.55
784.535
784.522
784.52
784.525
784.527
784.522
784.496
784.481
784.477
784.474
784.47
784.465
784.459
784.453
784.447
784.441
784.434
784.428
784.423
784.417
784.412
784.407
784.402
784.397
784.392
784.388
784.383
784.378
784.373
784.368
784.363
784.358
784.353
784.348
784.343
784.338
784.333
784.328
784.323
784.318
784.314
784.309
784.304
784.3
784.297
784.294
784.291
784.288
784.286
784.285
784.284
784.283
784.278
784.27
784.267
784.269
784.276
784.277
784.267
784.261
784.265
784.267
784.263
784.268
784.328
784.38
784.367
784.283
784.209
784.163
784.14
784.123
784.112
784.105
784.099
784.094
784.091
784.089
784.088
784.087
784.086
784.085
784.084
784.083
784.081
784.08
784.079
784.078
784.077
784.077
784.076
784.075
784.075
784.074
784.074
784.073
784.073
784.072
784.072
784.072
784.072
784.072
784.072
784.072
784.072
784.072
784.072
784.072
784.072
784.072
784.072
784.072
784.072
784.072
784.073
784.073
784.073
784.074
784.074
784.074
784.075
784.075
784.075
784.076
784.077
784.077
784.078
784.078
784.079
784.08
784.08
784.081
784.082
784.083
784.083
784.084
784.085
784.086
784.086
784.088
784.088
784.09
784.09
784.092
784.092
784.094
784.094
784.095
784.096
784.097
784.097
784.099
784.099
784.1
784.102
784.102
784.104
784.105
784.105
784.106
784.105
784.106
784.106
784.107
784.109
784.11
784.11
784.111
784.111
784.111
784.11
784.11
784.11
784.109
784.108
784.107
784.106
784.104
784.104
784.103
784.106
784.107
784.107
784.107
784.107
784.107
784.107
784.106
784.105
784.104
784.104
784.103
784.102
784.101
784.101
784.102
784.104
784.104
784.105
784.105
784.106
784.106
784.106
784.106
784.106
784.106
784.106
784.106
784.107
784.109
784.111
784.112
784.114
784.116
784.118
784.122
784.131
784.137
784.143
784.146
784.105
784.105
784.107
784.108
784.108
784.109
784.109
784.11
784.112
784.117
784.122
784.123
784.121
784.12
784.12
784.121
784.126
784.131
784.134
784.132
784.107
784.108
784.11
784.111
784.112
784.112
784.113
784.114
784.116
784.121
784.124
784.124
784.123
784.122
784.121
784.12
784.121
784.123
784.124
784.123
784.099
784.1
784.1
784.098
784.098
784.101
784.117
784.128
784.128
784.126
784.128
784.135
784.149
784.156
784.16
784.165
784.174
784.191
784.203
784.207
784.209
784.213
784.223
784.248
784.257
784.258
784.254
784.254
784.261
784.286
784.301
784.299
784.285
784.277
784.279
784.292
784.311
784.322
784.326
784.328
784.32
784.304
784.292
784.286
784.288
784.293
784.298
784.301
784.303
784.304
784.305
784.305
784.305
784.306
784.306
784.307
784.307
784.308
784.309
784.31
784.311
784.312
784.313
784.314
784.315
784.316
784.317
784.318
784.318
784.319
784.322
784.324
784.325
784.318
784.304
784.299
784.3
784.305
784.323
784.339
784.345
784.342
784.332
784.325
784.323
784.326
784.333
784.336
784.338
784.339
784.346
784.351
784.355
784.405
784.505
784.468
784.376
784.347
784.346
784.336
784.111
784.144
784.161
784.164
784.172
784.205
784.252
784.266
784.254
784.242
784.256
784.291
784.289
784.268
784.265
784.29
784.319
784.314
784.277
784.259
784.268
784.313
784.331
784.325
784.288
784.261
784.262
784.298
784.336
784.34
784.327
784.284
784.263
784.266
784.3
784.346
784.369
784.376
784.373
784.348
784.29
784.249
784.219
784.205
784.208
784.221
784.229
784.232
784.233
784.231
784.228
784.225
784.221
784.218
784.215
784.213
784.211
784.209
784.207
784.205
784.204
784.203
784.202
784.201
784.2
784.2
784.2
784.2
784.202
784.205
784.21
784.216
784.219
784.22
784.223
784.229
784.243
784.258
784.269
784.28
784.286
784.285
784.276
784.244
784.221
784.217
784.218
784.222
784.23
784.239
784.243
784.252
784.264
784.276
784.308
784.324
784.331
784.334
784.346
784.344
784.162
784.223
784.274
784.312
784.345
784.38
784.421
784.45
784.466
784.48
784.499
784.515
784.513
784.512
784.521
784.535
784.532
784.522
784.52
784.529
784.537
784.53
784.519
784.515
784.52
784.528
784.531
784.524
784.515
784.511
784.514
784.521
784.531
784.541
784.545
784.545
784.543
784.539
784.534
784.528
784.515
784.487
784.451
784.43
784.428
784.431
784.434
784.436
784.437
784.437
784.437
784.437
784.437
784.437
784.438
784.44
784.442
784.444
784.445
784.446
784.449
784.452
784.455
784.457
784.46
784.465
784.473
784.478
784.472
784.462
784.451
784.443
784.433
784.422
784.41
784.386
784.351
784.318
784.296
784.283
784.272
784.256
784.239
784.224
784.219
784.223
784.227
784.232
784.236
784.24
784.242
784.246
784.246
784.248
784.248
784.242
784.238
784.233
784.227
784.221
784.138
784.19
784.243
784.259
784.23
784.206
784.265
784.383
784.396
784.325
784.293
784.388
784.448
784.398
784.317
784.375
784.481
784.486
784.426
784.34
784.382
784.469
784.49
784.484
784.395
784.343
784.388
784.457
784.482
784.483
784.45
784.352
784.328
784.357
784.394
784.414
784.419
784.417
784.415
784.411
784.409
784.408
784.414
784.318
784.215
784.172
784.166
784.17
784.177
784.181
784.184
784.186
784.187
784.188
784.189
784.19
784.191
784.193
784.194
784.195
784.197
784.198
784.2
784.201
784.203
784.204
784.207
784.222
784.213
784.207
784.206
784.207
784.211
784.217
784.242
784.277
784.271
784.259
784.243
784.231
784.222
784.231
784.262
784.285
784.264
784.235
784.222
784.222
784.225
784.231
784.234
784.238
784.243
784.248
784.251
784.252
784.254
784.262
784.272
784.274
784.136
784.157
784.184
784.19
784.184
784.173
784.173
784.21
784.246
784.24
784.222
784.223
784.258
784.257
784.238
784.223
784.249
784.311
784.312
784.295
784.251
784.25
784.322
784.353
784.35
784.33
784.269
784.266
784.336
784.37
784.371
784.363
784.326
784.254
784.255
784.285
784.302
784.309
784.314
784.318
784.321
784.327
784.363
784.345
784.275
784.187
784.158
784.154
784.158
784.165
784.169
784.171
784.173
784.174
784.175
784.176
784.177
784.178
784.179
784.18
784.181
784.183
784.184
784.185
784.187
784.188
784.194
784.192
784.193
784.192
784.193
784.195
784.201
784.217
784.221
784.22
784.223
784.223
784.219
784.213
784.211
784.217
784.249
784.278
784.267
784.235
784.206
784.201
784.204
784.211
784.216
784.22
784.224
784.225
784.227
784.23
784.234
784.236
784.238
784.237
784.34
784.339
784.34
784.34
784.341
784.34
784.336
784.327
784.262
784.219
784.249
784.254
784.244
784.218
784.207
784.2
784.196
784.194
784.194
784.195
784.348
784.351
784.355
784.359
784.363
784.368
784.37
784.371
784.363
784.335
784.329
784.325
784.299
784.262
784.24
784.222
784.206
784.198
784.198
784.201
784.228
784.243
784.25
784.254
784.256
784.257
784.258
784.257
784.256
784.252
784.248
784.244
784.241
784.242
784.247
784.254
784.263
784.272
784.278
784.28
784.273
784.273
784.272
784.272
784.273
784.274
784.274
784.274
784.273
784.274
784.281
784.3
784.323
784.344
784.364
784.376
784.389
784.402
784.407
784.429
784.238
784.238
784.238
784.239
784.242
784.246
784.249
784.252
784.256
784.259
784.261
784.261
784.26
784.259
784.256
784.252
784.244
784.254
784.256
784.326
784.21
784.208
784.201
784.2
784.206
784.224
784.229
784.227
784.225
784.228
784.241
784.25
784.251
784.251
784.255
784.267
784.283
784.292
784.296
784.297
784.298
784.3
784.31
784.329
784.346
784.357
784.357
784.352
784.347
784.347
784.355
784.376
784.392
784.401
784.403
784.403
784.401
784.395
784.381
784.371
784.36
784.354
784.355
784.359
784.363
784.366
784.368
784.37
784.372
784.372
784.37
784.373
784.378
784.375
784.365
784.364
784.365
784.36
784.347
784.335
784.329
784.328
784.331
784.343
784.367
784.369
784.363
784.347
784.342
784.346
784.361
784.372
784.376
784.371
784.359
784.352
784.351
784.352
784.356
784.357
784.359
784.363
784.365
784.406
784.54
784.418
784.321
784.297
784.272
784.254
784.241
784.232
784.226
784.221
784.219
784.219
784.22
784.221
784.221
784.221
784.221
784.221
784.22
784.22
784.22
784.22
784.22
784.219
784.219
784.219
784.219
784.218
784.218
784.218
784.218
784.218
784.218
784.218
784.217
784.217
784.217
784.217
784.217
784.217
784.217
784.217
784.217
784.217
784.217
784.217
784.217
784.217
784.217
784.217
784.217
784.218
784.218
784.218
784.218
784.218
784.218
784.219
784.219
784.219
784.22
784.22
784.22
784.221
784.221
784.221
784.222
784.222
784.223
784.223
784.224
784.224
784.225
784.225
784.226
784.226
784.227
784.227
784.228
784.228
784.229
784.229
784.23
784.23
784.231
784.231
784.232
784.232
784.233
784.233
784.234
784.235
784.235
784.236
784.236
784.237
784.236
784.238
784.237
784.239
784.238
784.24
784.239
784.242
784.24
784.243
784.241
784.244
784.243
784.244
784.245
784.244
784.248
784.246
784.246
784.248
784.241
784.266
784.267
784.273
784.307
784.351
784.358
784.347
784.343
784.37
784.406
784.401
784.372
784.363
784.38
784.431
784.445
784.433
784.381
784.35
784.351
784.385
784.442
784.461
784.459
784.426
784.368
784.346
784.349
784.385
784.44
784.472
784.487
784.491
784.489
784.476
784.437
784.389
784.347
784.323
784.303
784.297
784.302
784.313
784.318
784.319
784.318
784.313
784.305
784.303
784.309
784.315
784.312
784.297
784.28
784.273
784.271
784.271
784.273
784.28
784.286
784.305
784.341
784.353
784.355
784.353
784.338
784.32
784.314
784.315
784.321
784.329
784.333
784.33
784.311
784.276
784.251
784.242
784.242
784.247
784.256
784.266
784.276
784.288
784.327
784.351
784.358
784.36
784.362
784.374
784.405
784.412
784.376
784.26
784.206
784.199
784.203
784.209
784.213
784.215
784.216
784.217
784.217
784.217
784.218
784.218
784.218
784.217
784.217
784.217
784.217
784.217
784.217
784.217
784.216
784.216
784.216
784.216
784.216
784.216
784.216
784.216
784.216
784.215
784.215
784.215
784.215
784.215
784.215
784.216
784.216
784.216
784.216
784.216
784.216
784.216
784.216
784.216
784.217
784.217
784.217
784.217
784.217
784.218
784.218
784.218
784.219
784.219
784.22
784.22
784.22
784.221
784.221
784.222
784.222
784.223
784.223
784.224
784.224
784.225
784.225
784.226
784.226
784.227
784.227
784.228
784.228
784.229
784.229
784.23
784.23
784.231
784.231
784.232
784.232
784.233
784.233
784.234
784.234
784.235
784.235
784.236
784.236
784.238
784.237
784.239
784.238
784.24
784.239
784.241
784.24
784.243
784.241
784.244
784.242
784.245
784.244
784.246
784.245
784.246
784.29
784.34
784.386
784.423
784.458
784.499
784.531
784.551
784.569
784.589
784.601
784.6
784.6
784.608
784.617
784.613
784.605
784.602
784.607
784.61
784.613
784.608
784.6
784.598
784.601
784.603
784.603
784.609
784.615
784.619
784.619
784.618
784.617
784.615
784.613
784.611
784.608
784.602
784.591
784.567
784.534
784.513
784.509
784.51
784.511
784.512
784.511
784.509
784.509
784.517
784.549
784.574
784.56
784.521
784.504
784.514
784.543
784.58
784.612
784.631
784.623
784.597
784.562
784.523
784.479
784.436
784.403
784.369
784.341
784.323
784.313
784.303
784.293
784.283
784.271
784.258
784.25
784.25
784.253
784.256
784.259
784.261
784.263
784.263
784.264
784.259
784.254
784.251
784.25
784.248
784.246
784.243
784.237
784.233
784.23
784.226
784.222
784.219
784.219
784.22
784.22
784.219
784.219
784.219
784.219
784.218
784.218
784.218
784.218
784.217
784.217
784.217
784.217
784.217
784.216
784.216
784.216
784.216
784.216
784.216
784.216
784.216
784.216
784.215
784.215
784.215
784.215
784.215
784.215
784.216
784.216
784.216
784.216
784.216
784.216
784.216
784.216
784.216
784.217
784.217
784.217
784.217
784.217
784.218
784.218
784.218
784.219
784.219
784.22
784.22
784.22
784.221
784.221
784.222
784.222
784.223
784.223
784.224
784.224
784.225
784.225
784.226
784.226
784.227
784.227
784.228
784.228
784.229
784.229
784.23
784.23
784.231
784.231
784.232
784.232
784.233
784.233
784.234
784.234
784.235
784.235
784.236
784.236
784.237
784.238
784.238
784.239
784.239
784.239
784.241
784.24
784.242
784.242
784.242
784.244
784.244
784.244
784.245
784.246
784.247
784.386
784.32
784.338
784.325
784.299
784.35
784.463
784.465
784.393
784.392
784.514
784.554
784.503
784.419
784.466
784.559
784.584
784.58
784.504
784.437
784.464
784.528
784.571
784.579
784.578
784.526
784.437
784.425
784.445
784.476
784.496
784.502
784.502
784.501
784.499
784.498
784.497
784.494
784.492
784.491
784.493
784.395
784.29
784.246
784.237
784.239
784.245
784.25
784.252
784.256
784.271
784.35
784.421
784.418
784.33
784.273
784.255
784.251
784.293
784.479
784.565
784.573
784.554
784.539
784.493
784.392
784.333
784.304
784.288
784.271
784.254
784.247
784.251
784.265
784.286
784.31
784.302
784.268
784.247
784.242
784.244
784.248
784.253
784.258
784.261
784.261
784.262
784.264
784.273
784.282
784.284
784.286
784.296
784.348
784.397
784.399
784.349
784.252
784.211
784.207
784.212
784.215
784.216
784.217
784.217
784.217
784.217
784.217
784.217
784.217
784.217
784.217
784.217
784.217
784.216
784.216
784.216
784.216
784.216
784.216
784.216
784.216
784.216
784.215
784.215
784.215
784.215
784.215
784.215
784.216
784.216
784.216
784.216
784.216
784.216
784.216
784.216
784.216
784.217
784.217
784.217
784.217
784.217
784.218
784.218
784.218
784.219
784.219
784.22
784.22
784.22
784.221
784.221
784.222
784.222
784.223
784.223
784.224
784.224
784.225
784.225
784.226
784.226
784.227
784.227
784.228
784.228
784.229
784.229
784.23
784.23
784.231
784.231
784.232
784.233
784.233
784.234
784.234
784.235
784.235
784.236
784.235
784.237
784.236
784.238
784.237
784.24
784.238
784.241
784.239
784.242
784.241
784.243
784.242
784.244
784.243
784.245
784.246
784.243
784.248
784.395
784.322
784.287
784.272
784.257
784.256
784.295
784.325
784.319
784.307
784.314
784.37
784.373
784.355
784.324
784.327
784.411
784.455
784.452
784.437
784.378
784.357
784.412
784.481
784.493
784.487
784.478
784.445
784.371
784.36
784.382
784.395
784.401
784.405
784.408
784.411
784.414
784.416
784.418
784.424
784.464
784.454
784.395
784.285
784.236
784.225
784.226
784.231
784.237
784.246
784.27
784.263
784.263
784.273
784.251
784.248
784.242
784.248
784.252
784.294
784.438
784.493
784.497
784.492
784.481
784.467
784.425
784.32
784.274
784.261
784.252
784.247
784.246
784.252
784.277
784.319
784.319
784.299
784.249
784.227
784.224
784.227
784.234
784.237
784.239
784.241
784.244
784.246
784.247
784.247
784.247
784.249
784.256
784.259
784.264
784.299
784.362
784.346
784.248
784.208
784.209
784.214
784.217
784.218
784.218
784.219
784.219
784.219
784.219
784.219
784.219
784.218
784.218
784.218
784.218
784.218
784.218
784.218
784.217
784.217
784.217
784.217
784.217
784.217
784.217
784.217
784.217
784.217
784.217
784.217
784.217
784.217
784.217
784.217
784.217
784.218
784.218
784.218
784.218
784.218
784.218
784.219
784.219
784.219
784.22
784.22
784.22
784.221
784.221
784.221
784.222
784.222
784.223
784.223
784.224
784.224
784.225
784.225
784.226
784.226
784.227
784.227
784.228
784.228
784.229
784.229
784.23
784.23
784.231
784.231
784.232
784.232
784.233
784.233
784.234
784.234
784.235
784.235
784.236
784.236
784.238
784.237
784.239
784.238
784.24
784.239
784.241
784.24
784.242
784.241
784.244
784.242
784.245
784.243
784.246
784.244
784.246
784.248
784.244
784.247
784.25
784.251
784.252
784.253
784.253
784.253
784.253
784.254
784.258
784.266
784.263
784.263
784.264
784.271
784.279
784.282
784.284
784.285
784.29
784.291
784.247
784.249
784.249
784.25
784.25
784.251
784.251
784.252
784.255
784.263
784.263
784.263
784.267
784.276
784.283
784.286
784.29
784.292
784.299
784.303
784.248
784.248
784.247
784.247
784.247
784.247
784.248
784.249
784.253
784.258
784.258
784.259
784.26
784.262
784.266
784.276
784.288
784.294
784.302
784.307
784.249
784.248
784.247
784.246
784.245
784.245
784.245
784.244
784.244
784.243
784.242
784.241
784.242
784.242
784.244
784.249
784.258
784.261
784.263
784.264
784.251
784.252
784.252
784.252
784.252
784.251
784.251
784.25
784.249
784.248
784.247
784.245
784.244
784.242
784.241
784.242
784.243
784.243
784.244
784.243
784.285
784.289
784.324
784.386
784.412
784.406
784.376
784.339
784.33
784.361
784.467
784.498
784.49
784.465
784.397
784.374
784.412
784.436
784.437
784.413
784.395
784.426
784.442
784.441
784.426
784.386
784.395
784.44
784.468
784.482
784.491
784.497
784.509
784.511
784.507
784.465
784.4
784.423
784.445
784.438
784.42
784.408
784.403
784.419
784.445
784.44
784.394
784.322
784.297
784.292
784.292
784.295
784.303
784.316
784.328
784.336
784.345
784.346
784.341
784.321
784.306
784.3
784.3
784.336
784.412
784.37
784.271
784.261
784.265
784.266
784.267
784.268
784.268
784.268
784.268
784.267
784.267
784.267
784.267
784.267
784.266
784.266
784.266
784.265
784.265
784.265
784.265
784.264
784.264
784.264
784.263
784.263
784.262
784.262
784.262
784.261
784.261
784.261
784.26
784.26
784.26
784.259
784.259
784.258
784.258
784.258
784.257
784.257
784.256
784.256
784.256
784.255
784.255
784.254
784.254
784.253
784.253
784.253
784.252
784.252
784.251
784.251
784.25
784.25
784.249
784.249
784.248
784.248
784.247
784.247
784.246
784.246
784.245
784.245
784.244
784.244
784.243
784.243
784.242
784.242
784.241
784.241
784.24
784.24
784.239
784.239
784.238
784.238
784.237
784.236
784.236
784.235
784.235
784.234
784.234
784.233
784.233
784.232
784.231
784.231
784.23
784.23
784.229
784.228
784.228
784.227
784.227
784.226
784.226
784.225
784.224
784.224
784.223
784.223
784.222
784.221
784.221
784.22
784.22
784.219
784.218
784.218
784.217
784.216
784.216
784.215
784.214
784.214
784.213
784.212
784.212
784.211
784.21
784.209
784.209
784.208
784.207
784.206
784.205
784.205
784.204
784.203
784.202
784.201
784.201
784.2
784.199
784.198
784.197
784.196
784.196
784.195
784.194
784.193
784.192
784.191
784.19
784.19
784.189
784.188
784.187
784.186
784.185
784.184
784.183
784.182
784.182
784.181
784.18
784.179
784.178
784.177
784.176
784.175
784.175
784.174
784.173
784.172
784.171
784.17
784.169
784.168
784.167
784.166
784.166
784.165
784.164
784.163
784.162
784.161
784.16
784.159
784.158
784.157
784.156
784.155
784.154
784.153
784.152
784.151
784.15
784.148
784.147
784.146
784.145
784.144
784.143
784.142
784.14
784.139
784.138
784.137
784.135
784.134
784.133
784.132
784.13
784.129
784.128
784.126
784.125
784.124
784.122
784.121
784.12
784.118
784.117
784.116
784.114
784.113
784.111
784.11
784.108
784.107
784.105
784.104
784.102
784.101
784.099
784.098
784.096
784.094
784.093
784.091
784.089
784.088
784.086
784.084
784.082
784.08
784.078
784.077
784.075
784.073
784.071
784.069
784.067
784.064
784.062
784.06
784.058
784.056
784.053
784.051
784.049
784.046
784.044
784.042
784.039
784.037
784.034
784.031
784.029
784.026
784.023
784.02
784.018
784.015
784.012
784.009
784.006
784.003
784
783.997
783.994
783.99
783.987
783.984
783.981
783.977
783.974
783.97
783.967
783.963
783.96
783.956
783.953
783.949
783.945
783.942
783.938
783.934
783.93
783.927
783.923
783.919
783.915
783.911
783.907
783.903
783.899
783.895
783.891
783.887
783.883
783.879
783.875
783.871
783.867
783.863
783.859
783.855
783.851
783.847
783.843
783.839
783.835
783.831
783.827
783.823
783.819
783.815
783.811
783.807
783.803
783.799
783.795
783.791
783.787
783.783
783.779
783.775
783.771
783.767
783.764
783.76
783.756
783.752
783.749
783.745
783.741
783.738
783.734
783.73
783.727
783.723
783.72
783.716
783.713
783.71
783.706
783.703
783.7
783.696
783.693
783.69
783.687
783.684
783.681
783.678
783.675
783.672
783.669
783.666
783.663
783.66
783.657
783.655
783.652
783.649
783.647
783.644
783.641
783.639
783.636
783.634
783.631
783.629
783.626
783.624
783.621
783.619
783.617
783.614
783.612
783.61
783.607
783.605
783.603
783.601
783.598
783.596
783.594
783.592
783.589
783.587
783.585
783.583
783.581
783.579
783.576
783.574
783.572
783.57
783.568
783.566
783.563
783.561
783.559
783.557
783.555
783.553
783.55
783.548
783.546
783.544
783.542
783.539
783.537
783.535
783.533
783.53
783.528
783.526
783.524
783.521
783.519
783.517
783.514
783.512
783.509
783.507
783.504
783.502
783.499
783.497
783.494
783.492
783.489
783.486
783.484
783.481
783.478
783.476
783.473
783.47
783.467
783.464
783.461
783.459
783.456
783.453
783.45
783.447
783.443
783.44
783.437
783.434
783.431
783.428
783.424
783.421
783.418
783.414
783.411
783.407
783.404
783.4
783.397
783.393
783.39
783.386
783.382
783.379
783.375
783.371
783.367
783.364
783.36
783.356
783.352
783.348
783.344
783.34
783.336
783.332
783.328
783.324
783.32
783.316
783.312
783.308
783.304
783.3
783.296
783.292
783.288
783.283
783.279
783.275
783.271
783.267
783.263
783.259
783.254
783.25
783.246
783.242
783.238
783.234
783.23
783.225
783.221
783.217
783.213
783.209
783.205
783.201
783.196
783.192
783.188
783.184
783.179
783.173
783.167
783.159
783.153
783.148
783.146
783.144
784.3
784.339
784.431
784.485
784.51
784.491
784.407
784.427
784.519
784.58
784.603
784.601
784.533
784.458
784.516
784.595
784.603
784.531
784.496
784.55
784.6
784.605
784.543
784.468
784.473
784.5
784.535
784.562
784.575
784.578
784.58
784.586
784.593
784.551
784.455
784.461
784.509
784.527
784.503
784.464
784.429
784.411
784.395
784.399
784.407
784.38
784.332
784.308
784.308
784.313
784.32
784.325
784.329
784.332
784.334
784.332
784.331
784.33
784.326
784.322
784.321
784.33
784.401
784.45
784.409
784.29
784.259
784.262
784.265
784.266
784.266
784.267
784.267
784.267
784.266
784.266
784.266
784.266
784.266
784.265
784.265
784.265
784.264
784.264
784.264
784.264
784.263
784.263
784.263
784.262
784.262
784.262
784.261
784.261
784.261
784.26
784.26
784.259
784.259
784.259
784.258
784.258
784.258
784.257
784.257
784.256
784.256
784.256
784.255
784.255
784.254
784.254
784.254
784.253
784.253
784.252
784.252
784.251
784.251
784.25
784.25
784.249
784.249
784.249
784.248
784.248
784.247
784.247
784.246
784.246
784.245
784.245
784.244
784.244
784.243
784.243
784.242
784.242
784.241
784.241
784.24
784.24
784.239
784.239
784.238
784.237
784.237
784.236
784.236
784.235
784.235
784.234
784.234
784.233
784.232
784.232
784.231
784.231
784.23
784.23
784.229
784.228
784.228
784.227
784.227
784.226
784.226
784.225
784.224
784.224
784.223
784.223
784.222
784.222
784.221
784.22
784.22
784.219
784.218
784.218
784.217
784.217
784.216
784.215
784.215
784.214
784.213
784.213
784.212
784.211
784.21
784.21
784.209
784.208
784.207
784.207
784.206
784.205
784.204
784.204
784.203
784.202
784.201
784.2
784.2
784.199
784.198
784.197
784.196
784.195
784.194
784.194
784.193
784.192
784.191
784.19
784.189
784.188
784.188
784.187
784.186
784.185
784.184
784.183
784.182
784.181
784.18
784.18
784.179
784.178
784.177
784.176
784.175
784.174
784.173
784.173
784.172
784.171
784.17
784.169
784.168
784.167
784.166
784.165
784.165
784.164
784.163
784.162
784.161
784.16
784.159
784.158
784.157
784.156
784.155
784.154
784.153
784.152
784.151
784.15
784.149
784.147
784.146
784.145
784.144
784.143
784.142
784.141
784.139
784.138
784.137
784.136
784.134
784.133
784.132
784.131
784.129
784.128
784.127
784.125
784.124
784.123
784.121
784.12
784.119
784.117
784.116
784.115
784.113
784.112
784.11
784.109
784.107
784.106
784.104
784.103
784.101
784.1
784.098
784.097
784.095
784.093
784.092
784.09
784.088
784.087
784.085
784.083
784.081
784.079
784.078
784.076
784.074
784.072
784.07
784.068
784.066
784.064
784.061
784.059
784.057
784.055
784.053
784.05
784.048
784.046
784.043
784.041
784.038
784.036
784.033
784.03
784.028
784.025
784.022
784.02
784.017
784.014
784.011
784.008
784.005
784.002
783.999
783.996
783.993
783.99
783.986
783.983
783.98
783.976
783.973
783.97
783.966
783.963
783.959
783.955
783.952
783.948
783.945
783.941
783.937
783.933
783.93
783.926
783.922
783.918
783.914
783.91
783.906
783.902
783.898
783.894
783.89
783.886
783.882
783.878
783.874
783.87
783.866
783.862
783.858
783.854
783.85
783.846
783.842
783.838
783.834
783.83
783.826
783.822
783.818
783.814
783.81
783.806
783.802
783.798
783.794
783.79
783.786
783.782
783.778
783.774
783.77
783.767
783.763
783.759
783.755
783.751
783.748
783.744
783.74
783.737
783.733
783.73
783.726
783.723
783.719
783.716
783.712
783.709
783.705
783.702
783.699
783.696
783.692
783.689
783.686
783.683
783.68
783.677
783.674
783.671
783.668
783.665
783.662
783.66
783.657
783.654
783.651
783.649
783.646
783.643
783.641
783.638
783.636
783.633
783.631
783.628
783.626
783.623
783.621
783.618
783.616
783.614
783.611
783.609
783.607
783.604
783.602
783.6
783.598
783.595
783.593
783.591
783.589
783.587
783.584
783.582
783.58
783.578
783.576
783.574
783.571
783.569
783.567
783.565
783.563
783.561
783.558
783.556
783.554
783.552
783.55
783.548
783.545
783.543
783.541
783.539
783.537
783.534
783.532
783.53
783.528
783.525
783.523
783.521
783.518
783.516
783.514
783.511
783.509
783.506
783.504
783.501
783.499
783.496
783.494
783.491
783.489
783.486
783.483
783.481
783.478
783.475
783.472
783.469
783.467
783.464
783.461
783.458
783.455
783.452
783.449
783.446
783.443
783.44
783.437
783.433
783.43
783.427
783.424
783.42
783.417
783.414
783.41
783.407
783.403
783.4
783.396
783.393
783.389
783.386
783.382
783.378
783.375
783.371
783.367
783.363
783.359
783.356
783.352
783.348
783.344
783.34
783.336
783.332
783.328
783.324
783.32
783.316
783.312
783.308
783.304
783.3
783.295
783.291
783.287
783.283
783.279
783.275
783.271
783.266
783.262
783.258
783.254
783.25
783.246
783.242
783.237
783.233
783.229
783.225
783.221
783.217
783.213
783.208
783.204
783.2
783.196
783.192
783.188
783.183
783.179
783.173
783.166
783.159
783.152
783.148
783.145
783.144
784.367
784.435
784.479
784.523
784.558
784.583
784.601
784.62
784.633
784.634
784.628
784.624
784.623
784.627
784.633
784.632
784.63
784.628
784.629
784.632
784.633
784.635
784.639
784.643
784.651
784.656
784.658
784.654
784.645
784.636
784.626
784.623
784.631
784.651
784.662
784.667
784.655
784.616
784.558
784.495
784.438
784.396
784.366
784.344
784.332
784.328
784.326
784.326
784.327
784.327
784.325
784.324
784.323
784.324
784.323
784.311
784.304
784.301
784.299
784.296
784.291
784.284
784.28
784.276
784.27
784.268
784.268
784.268
784.268
784.268
784.268
784.267
784.267
784.267
784.267
784.266
784.266
784.266
784.266
784.265
784.265
784.265
784.264
784.264
784.264
784.264
784.263
784.263
784.263
784.262
784.262
784.262
784.261
784.261
784.261
784.26
784.26
784.259
784.259
784.259
784.258
784.258
784.258
784.257
784.257
784.256
784.256
784.256
784.255
784.255
784.254
784.254
784.254
784.253
784.253
784.252
784.252
784.251
784.251
784.25
784.25
784.249
784.249
784.249
784.248
784.248
784.247
784.247
784.246
784.246
784.245
784.245
784.244
784.244
784.243
784.243
784.242
784.242
784.241
784.241
784.24
784.24
784.239
784.239
784.238
784.237
784.237
784.236
784.236
784.235
784.235
784.234
784.234
784.233
784.232
784.232
784.231
784.231
784.23
784.23
784.229
784.228
784.228
784.227
784.227
784.226
784.226
784.225
784.224
784.224
784.223
784.223
784.222
784.222
784.221
784.22
784.22
784.219
784.218
784.218
784.217
784.217
784.216
784.215
784.215
784.214
784.213
784.213
784.212
784.211
784.21
784.21
784.209
784.208
784.207
784.207
784.206
784.205
784.204
784.204
784.203
784.202
784.201
784.2
784.2
784.199
784.198
784.197
784.196
784.195
784.194
784.194
784.193
784.192
784.191
784.19
784.189
784.188
784.188
784.187
784.186
784.185
784.184
784.183
784.182
784.181
784.18
784.18
784.179
784.178
784.177
784.176
784.175
784.174
784.173
784.173
784.172
784.171
784.17
784.169
784.168
784.167
784.166
784.165
784.165
784.164
784.163
784.162
784.161
784.16
784.159
784.158
784.157
784.156
784.155
784.154
784.153
784.152
784.151
784.15
784.149
784.147
784.146
784.145
784.144
784.143
784.142
784.141
784.139
784.138
784.137
784.136
784.134
784.133
784.132
784.131
784.129
784.128
784.127
784.125
784.124
784.123
784.121
784.12
784.119
784.117
784.116
784.115
784.113
784.112
784.11
784.109
784.107
784.106
784.104
784.103
784.101
784.1
784.098
784.097
784.095
784.093
784.092
784.09
784.088
784.087
784.085
784.083
784.081
784.079
784.078
784.076
784.074
784.072
784.07
784.068
784.066
784.064
784.061
784.059
784.057
784.055
784.053
784.05
784.048
784.046
784.043
784.041
784.038
784.036
784.033
784.03
784.028
784.025
784.022
784.02
784.017
784.014
784.011
784.008
784.005
784.002
783.999
783.996
783.993
783.99
783.986
783.983
783.98
783.976
783.973
783.97
783.966
783.963
783.959
783.955
783.952
783.948
783.945
783.941
783.937
783.933
783.93
783.926
783.922
783.918
783.914
783.91
783.906
783.902
783.898
783.894
783.89
783.886
783.882
783.878
783.874
783.87
783.866
783.862
783.858
783.854
783.85
783.846
783.842
783.838
783.834
783.83
783.826
783.822
783.818
783.814
783.81
783.806
783.802
783.798
783.794
783.79
783.786
783.782
783.778
783.774
783.77
783.767
783.763
783.759
783.755
783.751
783.748
783.744
783.74
783.737
783.733
783.73
783.726
783.723
783.719
783.716
783.712
783.709
783.705
783.702
783.699
783.696
783.692
783.689
783.686
783.683
783.68
783.677
783.674
783.671
783.668
783.665
783.662
783.66
783.657
783.654
783.651
783.649
783.646
783.643
783.641
783.638
783.636
783.633
783.631
783.628
783.626
783.623
783.621
783.618
783.616
783.614
783.611
783.609
783.607
783.604
783.602
783.6
783.598
783.595
783.593
783.591
783.589
783.587
783.584
783.582
783.58
783.578
783.576
783.574
783.571
783.569
783.567
783.565
783.563
783.561
783.558
783.556
783.554
783.552
783.55
783.548
783.545
783.543
783.541
783.539
783.537
783.534
783.532
783.53
783.528
783.525
783.523
783.521
783.518
783.516
783.514
783.511
783.509
783.506
783.504
783.501
783.499
783.496
783.494
783.491
783.489
783.486
783.483
783.481
783.478
783.475
783.472
783.469
783.467
783.464
783.461
783.458
783.455
783.452
783.449
783.446
783.443
783.44
783.437
783.433
783.43
783.427
783.424
783.42
783.417
783.414
783.41
783.407
783.403
783.4
783.396
783.393
783.389
783.386
783.382
783.378
783.375
783.371
783.367
783.363
783.359
783.356
783.352
783.348
783.344
783.34
783.336
783.332
783.328
783.324
783.32
783.316
783.312
783.308
783.304
783.3
783.295
783.291
783.287
783.283
783.279
783.275
783.271
783.266
783.262
783.258
783.254
783.25
783.246
783.242
783.237
783.233
783.229
783.225
783.221
783.217
783.213
783.208
783.204
783.2
783.196
783.192
783.188
783.183
783.179
783.173
783.166
783.159
783.152
783.148
783.145
783.144
784.287
784.354
784.384
784.406
784.4
784.386
784.392
784.435
784.477
784.499
784.499
784.465
784.406
784.398
784.434
784.485
784.487
784.456
784.426
784.431
784.462
784.47
784.458
784.419
784.401
784.404
784.438
784.487
784.512
784.519
784.516
784.488
784.431
784.377
784.349
784.363
784.44
784.491
784.501
784.497
784.485
784.449
784.406
784.369
784.337
784.315
784.307
784.307
784.31
784.311
784.311
784.313
784.324
784.346
784.419
784.451
784.442
784.428
784.429
784.454
784.464
784.396
784.269
784.246
784.253
784.26
784.263
784.265
784.266
784.266
784.267
784.267
784.267
784.267
784.266
784.266
784.266
784.266
784.266
784.265
784.265
784.265
784.264
784.264
784.264
784.264
784.263
784.263
784.263
784.262
784.262
784.262
784.261
784.261
784.261
784.26
784.26
784.259
784.259
784.259
784.258
784.258
784.258
784.257
784.257
784.256
784.256
784.256
784.255
784.255
784.254
784.254
784.254
784.253
784.253
784.252
784.252
784.251
784.251
784.25
784.25
784.249
784.249
784.249
784.248
784.248
784.247
784.247
784.246
784.246
784.245
784.245
784.244
784.244
784.243
784.243
784.242
784.242
784.241
784.241
784.24
784.24
784.239
784.239
784.238
784.237
784.237
784.236
784.236
784.235
784.235
784.234
784.234
784.233
784.232
784.232
784.231
784.231
784.23
784.23
784.229
784.228
784.228
784.227
784.227
784.226
784.226
784.225
784.224
784.224
784.223
784.223
784.222
784.222
784.221
784.22
784.22
784.219
784.218
784.218
784.217
784.217
784.216
784.215
784.215
784.214
784.213
784.213
784.212
784.211
784.21
784.21
784.209
784.208
784.207
784.207
784.206
784.205
784.204
784.204
784.203
784.202
784.201
784.2
784.2
784.199
784.198
784.197
784.196
784.195
784.194
784.194
784.193
784.192
784.191
784.19
784.189
784.188
784.188
784.187
784.186
784.185
784.184
784.183
784.182
784.181
784.18
784.18
784.179
784.178
784.177
784.176
784.175
784.174
784.173
784.173
784.172
784.171
784.17
784.169
784.168
784.167
784.166
784.165
784.165
784.164
784.163
784.162
784.161
784.16
784.159
784.158
784.157
784.156
784.155
784.154
784.153
784.152
784.151
784.15
784.149
784.147
784.146
784.145
784.144
784.143
784.142
784.141
784.139
784.138
784.137
784.136
784.134
784.133
784.132
784.131
784.129
784.128
784.127
784.125
784.124
784.123
784.121
784.12
784.119
784.117
784.116
784.115
784.113
784.112
784.11
784.109
784.107
784.106
784.104
784.103
784.101
784.1
784.098
784.097
784.095
784.093
784.092
784.09
784.088
784.087
784.085
784.083
784.081
784.079
784.078
784.076
784.074
784.072
784.07
784.068
784.066
784.064
784.061
784.059
784.057
784.055
784.053
784.05
784.048
784.046
784.043
784.041
784.038
784.036
784.033
784.03
784.028
784.025
784.022
784.02
784.017
784.014
784.011
784.008
784.005
784.002
783.999
783.996
783.993
783.99
783.986
783.983
783.98
783.976
783.973
783.97
783.966
783.963
783.959
783.955
783.952
783.948
783.945
783.941
783.937
783.933
783.93
783.926
783.922
783.918
783.914
783.91
783.906
783.902
783.898
783.894
783.89
783.886
783.882
783.878
783.874
783.87
783.866
783.862
783.858
783.854
783.85
783.846
783.842
783.838
783.834
783.83
783.826
783.822
783.818
783.814
783.81
783.806
783.802
783.798
783.794
783.79
783.786
783.782
783.778
783.774
783.77
783.767
783.763
783.759
783.755
783.751
783.748
783.744
783.74
783.737
783.733
783.73
783.726
783.723
783.719
783.716
783.712
783.709
783.705
783.702
783.699
783.696
783.692
783.689
783.686
783.683
783.68
783.677
783.674
783.671
783.668
783.665
783.662
783.66
783.657
783.654
783.651
783.649
783.646
783.643
783.641
783.638
783.636
783.633
783.631
783.628
783.626
783.623
783.621
783.618
783.616
783.614
783.611
783.609
783.607
783.604
783.602
783.6
783.598
783.595
783.593
783.591
783.589
783.587
783.584
783.582
783.58
783.578
783.576
783.574
783.571
783.569
783.567
783.565
783.563
783.561
783.558
783.556
783.554
783.552
783.55
783.548
783.545
783.543
783.541
783.539
783.537
783.534
783.532
783.53
783.528
783.525
783.523
783.521
783.518
783.516
783.514
783.511
783.509
783.506
783.504
783.501
783.499
783.496
783.494
783.491
783.489
783.486
783.483
783.481
783.478
783.475
783.472
783.469
783.467
783.464
783.461
783.458
783.455
783.452
783.449
783.446
783.443
783.44
783.437
783.433
783.43
783.427
783.424
783.42
783.417
783.414
783.41
783.407
783.403
783.4
783.396
783.393
783.389
783.386
783.382
783.378
783.375
783.371
783.367
783.363
783.359
783.356
783.352
783.348
783.344
783.34
783.336
783.332
783.328
783.324
783.32
783.316
783.312
783.308
783.304
783.3
783.295
783.291
783.287
783.283
783.279
783.275
783.271
783.266
783.262
783.258
783.254
783.25
783.246
783.242
783.237
783.233
783.229
783.225
783.221
783.217
783.213
783.208
783.204
783.2
783.196
783.192
783.188
783.183
783.179
783.173
783.166
783.159
783.152
783.148
783.145
783.144
784.245
784.268
784.279
784.284
784.279
784.266
784.264
784.269
784.292
784.316
784.322
784.316
784.301
784.298
784.301
784.321
784.34
784.347
784.35
784.351
784.354
784.36
784.375
784.384
784.386
784.386
784.387
784.396
784.413
784.423
784.425
784.43
784.429
784.409
784.386
784.382
784.388
784.407
784.422
784.428
784.428
784.428
784.421
784.408
784.402
784.397
784.385
784.374
784.371
784.371
784.376
784.397
784.42
784.425
784.536
784.53
784.392
784.358
784.328
784.303
784.281
784.27
784.265
784.266
784.268
784.269
784.269
784.269
784.269
784.269
784.269
784.269
784.268
784.268
784.268
784.268
784.267
784.267
784.267
784.267
784.266
784.266
784.266
784.265
784.265
784.265
784.265
784.264
784.264
784.264
784.263
784.263
784.262
784.262
784.262
784.261
784.261
784.261
784.26
784.26
784.26
784.259
784.259
784.258
784.258
784.258
784.257
784.257
784.256
784.256
784.256
784.255
784.255
784.254
784.254
784.253
784.253
784.253
784.252
784.252
784.251
784.251
784.25
784.25
784.249
784.249
784.248
784.248
784.247
784.247
784.246
784.246
784.245
784.245
784.244
784.244
784.243
784.243
784.242
784.242
784.241
784.241
784.24
784.24
784.239
784.239
784.238
784.238
784.237
784.236
784.236
784.235
784.235
784.234
784.234
784.233
784.233
784.232
784.231
784.231
784.23
784.23
784.229
784.228
784.228
784.227
784.227
784.226
784.226
784.225
784.224
784.224
784.223
784.223
784.222
784.221
784.221
784.22
784.22
784.219
784.218
784.218
784.217
784.216
784.216
784.215
784.214
784.214
784.213
784.212
784.212
784.211
784.21
784.209
784.209
784.208
784.207
784.206
784.205
784.205
784.204
784.203
784.202
784.201
784.201
784.2
784.199
784.198
784.197
784.196
784.196
784.195
784.194
784.193
784.192
784.191
784.19
784.19
784.189
784.188
784.187
784.186
784.185
784.184
784.183
784.182
784.182
784.181
784.18
784.179
784.178
784.177
784.176
784.175
784.175
784.174
784.173
784.172
784.171
784.17
784.169
784.168
784.167
784.166
784.166
784.165
784.164
784.163
784.162
784.161
784.16
784.159
784.158
784.157
784.156
784.155
784.154
784.153
784.152
784.151
784.15
784.148
784.147
784.146
784.145
784.144
784.143
784.142
784.14
784.139
784.138
784.137
784.135
784.134
784.133
784.132
784.13
784.129
784.128
784.126
784.125
784.124
784.122
784.121
784.12
784.118
784.117
784.116
784.114
784.113
784.111
784.11
784.108
784.107
784.105
784.104
784.102
784.101
784.099
784.098
784.096
784.094
784.093
784.091
784.089
784.088
784.086
784.084
784.082
784.08
784.078
784.077
784.075
784.073
784.071
784.069
784.067
784.064
784.062
784.06
784.058
784.056
784.053
784.051
784.049
784.046
784.044
784.042
784.039
784.037
784.034
784.031
784.029
784.026
784.023
784.02
784.018
784.015
784.012
784.009
784.006
784.003
784
783.997
783.994
783.99
783.987
783.984
783.981
783.977
783.974
783.97
783.967
783.963
783.96
783.956
783.953
783.949
783.945
783.942
783.938
783.934
783.93
783.927
783.923
783.919
783.915
783.911
783.907
783.903
783.899
783.895
783.891
783.887
783.883
783.879
783.875
783.871
783.867
783.863
783.859
783.855
783.851
783.847
783.843
783.839
783.835
783.831
783.827
783.823
783.819
783.815
783.811
783.807
783.803
783.799
783.795
783.791
783.787
783.783
783.779
783.775
783.771
783.767
783.764
783.76
783.756
783.752
783.749
783.745
783.741
783.738
783.734
783.73
783.727
783.723
783.72
783.716
783.713
783.71
783.706
783.703
783.7
783.696
783.693
783.69
783.687
783.684
783.681
783.678
783.675
783.672
783.669
783.666
783.663
783.66
783.657
783.655
783.652
783.649
783.647
783.644
783.641
783.639
783.636
783.634
783.631
783.629
783.626
783.624
783.621
783.619
783.617
783.614
783.612
783.61
783.607
783.605
783.603
783.601
783.598
783.596
783.594
783.592
783.589
783.587
783.585
783.583
783.581
783.579
783.576
783.574
783.572
783.57
783.568
783.566
783.563
783.561
783.559
783.557
783.555
783.553
783.55
783.548
783.546
783.544
783.542
783.539
783.537
783.535
783.533
783.53
783.528
783.526
783.524
783.521
783.519
783.517
783.514
783.512
783.509
783.507
783.504
783.502
783.499
783.497
783.494
783.492
783.489
783.486
783.484
783.481
783.478
783.476
783.473
783.47
783.467
783.464
783.461
783.459
783.456
783.453
783.45
783.447
783.443
783.44
783.437
783.434
783.431
783.428
783.424
783.421
783.418
783.414
783.411
783.407
783.404
783.4
783.397
783.393
783.39
783.386
783.382
783.379
783.375
783.371
783.367
783.364
783.36
783.356
783.352
783.348
783.344
783.34
783.336
783.332
783.328
783.324
783.32
783.316
783.312
783.308
783.304
783.3
783.296
783.292
783.288
783.283
783.279
783.275
783.271
783.267
783.263
783.259
783.254
783.25
783.246
783.242
783.238
783.234
783.23
783.225
783.221
783.217
783.213
783.209
783.205
783.201
783.196
783.192
783.188
783.184
783.179
783.173
783.167
783.159
783.153
783.148
783.146
783.144
)
;

boundaryField
{
    inlet
    {
        type            zeroGradient;
    }
    outlet
    {
        type            zeroGradient;
    }
    sides
    {
        type            empty;
    }
    walls
    {
        type            zeroGradient;
    }
}


// ************************************************************************* //
