/*--------------------------------*- C++ -*----------------------------------*\
| =========                 |                                                 |
| \\      /  F ield         | OpenFOAM: The Open Source CFD Toolbox           |
|  \\    /   O peration     | Version:  3.0.x                                 |
|   \\  /    A nd           | Web:      www.OpenFOAM.org                      |
|    \\/     M anipulation  |                                                 |
\*---------------------------------------------------------------------------*/
FoamFile
{
    version     2.0;
    format      ascii;
    class       volScalarField;
    location    "0.6";
    object      p;
}
// * * * * * * * * * * * * * * * * * * * * * * * * * * * * * * * * * * * * * //

dimensions      [1 -1 -2 0 0 0 0];

internalField   nonuniform List<scalar> 
6900
(
2.02234e+07
2.02239e+07
2.02245e+07
2.02251e+07
2.02255e+07
2.02259e+07
2.02262e+07
2.02264e+07
2.02266e+07
2.02268e+07
2.02268e+07
2.02269e+07
2.02268e+07
2.02267e+07
2.02266e+07
2.02263e+07
2.02261e+07
2.02257e+07
2.02254e+07
2.02249e+07
2.02244e+07
2.02238e+07
2.02232e+07
2.02225e+07
2.02218e+07
2.0221e+07
2.02202e+07
2.02193e+07
2.02183e+07
2.02173e+07
2.02163e+07
2.02151e+07
2.0214e+07
2.02127e+07
2.02115e+07
2.02101e+07
2.02088e+07
2.02073e+07
2.02058e+07
2.02043e+07
2.02027e+07
2.02011e+07
2.01994e+07
2.01977e+07
2.01959e+07
2.01941e+07
2.01922e+07
2.01903e+07
2.01883e+07
2.01863e+07
2.01843e+07
2.01822e+07
2.018e+07
2.01779e+07
2.01756e+07
2.01734e+07
2.01711e+07
2.01687e+07
2.01663e+07
2.01639e+07
2.01614e+07
2.01589e+07
2.01564e+07
2.01538e+07
2.01511e+07
2.01485e+07
2.01458e+07
2.0143e+07
2.01403e+07
2.01375e+07
2.01346e+07
2.01317e+07
2.01288e+07
2.01259e+07
2.01229e+07
2.01199e+07
2.01168e+07
2.01137e+07
2.01106e+07
2.01075e+07
2.01043e+07
2.01011e+07
2.00979e+07
2.00946e+07
2.00913e+07
2.0088e+07
2.00847e+07
2.00813e+07
2.00779e+07
2.00745e+07
2.00711e+07
2.00676e+07
2.00641e+07
2.00606e+07
2.00571e+07
2.00535e+07
2.005e+07
2.00464e+07
2.00428e+07
2.00392e+07
2.00356e+07
2.00319e+07
2.00283e+07
2.00246e+07
2.0021e+07
2.00173e+07
2.00136e+07
2.00099e+07
2.00062e+07
2.00025e+07
1.99988e+07
1.9995e+07
1.99913e+07
1.99876e+07
1.99839e+07
1.99801e+07
1.99764e+07
1.99726e+07
1.99689e+07
1.99652e+07
1.99614e+07
1.99577e+07
1.99539e+07
1.99502e+07
1.99464e+07
1.99427e+07
1.99389e+07
1.99352e+07
1.99314e+07
1.99277e+07
1.9924e+07
1.99202e+07
1.99165e+07
1.99127e+07
1.9909e+07
1.99053e+07
1.99016e+07
1.98979e+07
1.98942e+07
1.98905e+07
1.98868e+07
1.98831e+07
1.98795e+07
1.98758e+07
1.98722e+07
1.98686e+07
1.9865e+07
1.98615e+07
1.98579e+07
1.98544e+07
1.98509e+07
1.98474e+07
1.9844e+07
1.98406e+07
1.98372e+07
1.98338e+07
1.98304e+07
1.98271e+07
1.98238e+07
1.98205e+07
1.98173e+07
1.98141e+07
1.98109e+07
1.98077e+07
1.98046e+07
1.98014e+07
1.97983e+07
1.97952e+07
1.97922e+07
1.97891e+07
1.97861e+07
1.97831e+07
1.97802e+07
1.97772e+07
1.97743e+07
1.97714e+07
1.97686e+07
1.97657e+07
1.97629e+07
1.97602e+07
1.97574e+07
1.97547e+07
1.9752e+07
1.97494e+07
1.97468e+07
1.97442e+07
1.97416e+07
1.97391e+07
1.97366e+07
1.97341e+07
1.97316e+07
1.97292e+07
1.97268e+07
1.97244e+07
1.97221e+07
1.97198e+07
1.97175e+07
1.97152e+07
1.9713e+07
1.97108e+07
2.02234e+07
2.02239e+07
2.02245e+07
2.02251e+07
2.02255e+07
2.02259e+07
2.02262e+07
2.02264e+07
2.02266e+07
2.02268e+07
2.02268e+07
2.02269e+07
2.02268e+07
2.02267e+07
2.02266e+07
2.02263e+07
2.02261e+07
2.02257e+07
2.02254e+07
2.02249e+07
2.02244e+07
2.02238e+07
2.02232e+07
2.02225e+07
2.02218e+07
2.0221e+07
2.02202e+07
2.02193e+07
2.02183e+07
2.02173e+07
2.02163e+07
2.02151e+07
2.0214e+07
2.02127e+07
2.02115e+07
2.02101e+07
2.02088e+07
2.02073e+07
2.02058e+07
2.02043e+07
2.02027e+07
2.02011e+07
2.01994e+07
2.01977e+07
2.01959e+07
2.01941e+07
2.01922e+07
2.01903e+07
2.01883e+07
2.01863e+07
2.01843e+07
2.01822e+07
2.018e+07
2.01779e+07
2.01756e+07
2.01734e+07
2.01711e+07
2.01687e+07
2.01663e+07
2.01639e+07
2.01614e+07
2.01589e+07
2.01564e+07
2.01538e+07
2.01511e+07
2.01485e+07
2.01458e+07
2.0143e+07
2.01403e+07
2.01375e+07
2.01346e+07
2.01317e+07
2.01288e+07
2.01259e+07
2.01229e+07
2.01199e+07
2.01168e+07
2.01137e+07
2.01106e+07
2.01075e+07
2.01043e+07
2.01011e+07
2.00979e+07
2.00946e+07
2.00913e+07
2.0088e+07
2.00847e+07
2.00813e+07
2.00779e+07
2.00745e+07
2.00711e+07
2.00676e+07
2.00641e+07
2.00606e+07
2.00571e+07
2.00535e+07
2.005e+07
2.00464e+07
2.00428e+07
2.00392e+07
2.00356e+07
2.00319e+07
2.00283e+07
2.00246e+07
2.0021e+07
2.00173e+07
2.00136e+07
2.00099e+07
2.00062e+07
2.00025e+07
1.99988e+07
1.9995e+07
1.99913e+07
1.99876e+07
1.99839e+07
1.99801e+07
1.99764e+07
1.99726e+07
1.99689e+07
1.99652e+07
1.99614e+07
1.99577e+07
1.99539e+07
1.99502e+07
1.99464e+07
1.99427e+07
1.99389e+07
1.99352e+07
1.99314e+07
1.99277e+07
1.9924e+07
1.99202e+07
1.99165e+07
1.99127e+07
1.9909e+07
1.99053e+07
1.99016e+07
1.98979e+07
1.98942e+07
1.98905e+07
1.98868e+07
1.98831e+07
1.98795e+07
1.98758e+07
1.98722e+07
1.98686e+07
1.9865e+07
1.98615e+07
1.98579e+07
1.98544e+07
1.98509e+07
1.98474e+07
1.9844e+07
1.98406e+07
1.98372e+07
1.98338e+07
1.98304e+07
1.98271e+07
1.98238e+07
1.98205e+07
1.98173e+07
1.98141e+07
1.98109e+07
1.98077e+07
1.98046e+07
1.98014e+07
1.97983e+07
1.97952e+07
1.97922e+07
1.97891e+07
1.97861e+07
1.97831e+07
1.97802e+07
1.97772e+07
1.97743e+07
1.97714e+07
1.97686e+07
1.97657e+07
1.97629e+07
1.97602e+07
1.97574e+07
1.97547e+07
1.9752e+07
1.97494e+07
1.97468e+07
1.97442e+07
1.97416e+07
1.97391e+07
1.97366e+07
1.97341e+07
1.97316e+07
1.97292e+07
1.97268e+07
1.97244e+07
1.97221e+07
1.97198e+07
1.97175e+07
1.97152e+07
1.9713e+07
1.97108e+07
2.02234e+07
2.02239e+07
2.02245e+07
2.02251e+07
2.02255e+07
2.02259e+07
2.02262e+07
2.02264e+07
2.02266e+07
2.02268e+07
2.02268e+07
2.02269e+07
2.02268e+07
2.02267e+07
2.02266e+07
2.02263e+07
2.02261e+07
2.02257e+07
2.02254e+07
2.02249e+07
2.02244e+07
2.02238e+07
2.02232e+07
2.02225e+07
2.02218e+07
2.0221e+07
2.02202e+07
2.02193e+07
2.02183e+07
2.02173e+07
2.02163e+07
2.02151e+07
2.0214e+07
2.02127e+07
2.02115e+07
2.02101e+07
2.02088e+07
2.02073e+07
2.02058e+07
2.02043e+07
2.02027e+07
2.02011e+07
2.01994e+07
2.01977e+07
2.01959e+07
2.01941e+07
2.01922e+07
2.01903e+07
2.01883e+07
2.01863e+07
2.01843e+07
2.01822e+07
2.018e+07
2.01779e+07
2.01756e+07
2.01734e+07
2.01711e+07
2.01687e+07
2.01663e+07
2.01639e+07
2.01614e+07
2.01589e+07
2.01564e+07
2.01538e+07
2.01511e+07
2.01485e+07
2.01458e+07
2.0143e+07
2.01403e+07
2.01375e+07
2.01346e+07
2.01317e+07
2.01288e+07
2.01259e+07
2.01229e+07
2.01199e+07
2.01168e+07
2.01137e+07
2.01106e+07
2.01075e+07
2.01043e+07
2.01011e+07
2.00979e+07
2.00946e+07
2.00913e+07
2.0088e+07
2.00847e+07
2.00813e+07
2.00779e+07
2.00745e+07
2.00711e+07
2.00676e+07
2.00641e+07
2.00606e+07
2.00571e+07
2.00535e+07
2.005e+07
2.00464e+07
2.00428e+07
2.00392e+07
2.00356e+07
2.00319e+07
2.00283e+07
2.00246e+07
2.0021e+07
2.00173e+07
2.00136e+07
2.00099e+07
2.00062e+07
2.00025e+07
1.99988e+07
1.9995e+07
1.99913e+07
1.99876e+07
1.99839e+07
1.99801e+07
1.99764e+07
1.99726e+07
1.99689e+07
1.99652e+07
1.99614e+07
1.99577e+07
1.99539e+07
1.99502e+07
1.99464e+07
1.99427e+07
1.99389e+07
1.99352e+07
1.99314e+07
1.99277e+07
1.9924e+07
1.99202e+07
1.99165e+07
1.99127e+07
1.9909e+07
1.99053e+07
1.99016e+07
1.98979e+07
1.98942e+07
1.98905e+07
1.98868e+07
1.98831e+07
1.98795e+07
1.98758e+07
1.98722e+07
1.98686e+07
1.9865e+07
1.98615e+07
1.98579e+07
1.98544e+07
1.98509e+07
1.98474e+07
1.9844e+07
1.98406e+07
1.98372e+07
1.98338e+07
1.98304e+07
1.98271e+07
1.98238e+07
1.98205e+07
1.98173e+07
1.98141e+07
1.98109e+07
1.98077e+07
1.98046e+07
1.98014e+07
1.97983e+07
1.97952e+07
1.97922e+07
1.97891e+07
1.97861e+07
1.97831e+07
1.97802e+07
1.97772e+07
1.97743e+07
1.97714e+07
1.97686e+07
1.97657e+07
1.97629e+07
1.97602e+07
1.97574e+07
1.97547e+07
1.9752e+07
1.97494e+07
1.97468e+07
1.97442e+07
1.97416e+07
1.97391e+07
1.97366e+07
1.97341e+07
1.97316e+07
1.97292e+07
1.97268e+07
1.97244e+07
1.97221e+07
1.97198e+07
1.97175e+07
1.97152e+07
1.9713e+07
1.97108e+07
2.02234e+07
2.02239e+07
2.02245e+07
2.02251e+07
2.02255e+07
2.02259e+07
2.02262e+07
2.02264e+07
2.02266e+07
2.02268e+07
2.02268e+07
2.02269e+07
2.02268e+07
2.02267e+07
2.02266e+07
2.02263e+07
2.02261e+07
2.02257e+07
2.02254e+07
2.02249e+07
2.02244e+07
2.02238e+07
2.02232e+07
2.02225e+07
2.02218e+07
2.0221e+07
2.02202e+07
2.02193e+07
2.02183e+07
2.02173e+07
2.02163e+07
2.02151e+07
2.0214e+07
2.02127e+07
2.02115e+07
2.02101e+07
2.02088e+07
2.02073e+07
2.02058e+07
2.02043e+07
2.02027e+07
2.02011e+07
2.01994e+07
2.01977e+07
2.01959e+07
2.01941e+07
2.01922e+07
2.01903e+07
2.01883e+07
2.01863e+07
2.01843e+07
2.01822e+07
2.018e+07
2.01779e+07
2.01756e+07
2.01734e+07
2.01711e+07
2.01687e+07
2.01663e+07
2.01639e+07
2.01614e+07
2.01589e+07
2.01564e+07
2.01538e+07
2.01511e+07
2.01485e+07
2.01458e+07
2.0143e+07
2.01403e+07
2.01375e+07
2.01346e+07
2.01317e+07
2.01288e+07
2.01259e+07
2.01229e+07
2.01199e+07
2.01168e+07
2.01137e+07
2.01106e+07
2.01075e+07
2.01043e+07
2.01011e+07
2.00979e+07
2.00946e+07
2.00913e+07
2.0088e+07
2.00847e+07
2.00813e+07
2.00779e+07
2.00745e+07
2.00711e+07
2.00676e+07
2.00641e+07
2.00606e+07
2.00571e+07
2.00535e+07
2.005e+07
2.00464e+07
2.00428e+07
2.00392e+07
2.00356e+07
2.00319e+07
2.00283e+07
2.00246e+07
2.0021e+07
2.00173e+07
2.00136e+07
2.00099e+07
2.00062e+07
2.00025e+07
1.99988e+07
1.9995e+07
1.99913e+07
1.99876e+07
1.99839e+07
1.99801e+07
1.99764e+07
1.99726e+07
1.99689e+07
1.99652e+07
1.99614e+07
1.99577e+07
1.99539e+07
1.99502e+07
1.99464e+07
1.99427e+07
1.99389e+07
1.99352e+07
1.99314e+07
1.99277e+07
1.9924e+07
1.99202e+07
1.99165e+07
1.99127e+07
1.9909e+07
1.99053e+07
1.99016e+07
1.98979e+07
1.98942e+07
1.98905e+07
1.98868e+07
1.98831e+07
1.98795e+07
1.98758e+07
1.98722e+07
1.98686e+07
1.9865e+07
1.98615e+07
1.98579e+07
1.98544e+07
1.98509e+07
1.98474e+07
1.9844e+07
1.98406e+07
1.98372e+07
1.98338e+07
1.98304e+07
1.98271e+07
1.98238e+07
1.98205e+07
1.98173e+07
1.98141e+07
1.98109e+07
1.98077e+07
1.98046e+07
1.98014e+07
1.97983e+07
1.97952e+07
1.97922e+07
1.97891e+07
1.97861e+07
1.97831e+07
1.97802e+07
1.97772e+07
1.97743e+07
1.97714e+07
1.97686e+07
1.97657e+07
1.97629e+07
1.97602e+07
1.97574e+07
1.97547e+07
1.9752e+07
1.97494e+07
1.97468e+07
1.97442e+07
1.97416e+07
1.97391e+07
1.97366e+07
1.97341e+07
1.97316e+07
1.97292e+07
1.97268e+07
1.97244e+07
1.97221e+07
1.97198e+07
1.97175e+07
1.97152e+07
1.9713e+07
1.97107e+07
2.02234e+07
2.02239e+07
2.02245e+07
2.02251e+07
2.02255e+07
2.02259e+07
2.02262e+07
2.02264e+07
2.02266e+07
2.02268e+07
2.02268e+07
2.02269e+07
2.02268e+07
2.02267e+07
2.02266e+07
2.02263e+07
2.02261e+07
2.02257e+07
2.02254e+07
2.02249e+07
2.02244e+07
2.02238e+07
2.02232e+07
2.02225e+07
2.02218e+07
2.0221e+07
2.02202e+07
2.02193e+07
2.02183e+07
2.02173e+07
2.02163e+07
2.02151e+07
2.0214e+07
2.02127e+07
2.02115e+07
2.02101e+07
2.02088e+07
2.02073e+07
2.02058e+07
2.02043e+07
2.02027e+07
2.02011e+07
2.01994e+07
2.01977e+07
2.01959e+07
2.01941e+07
2.01922e+07
2.01903e+07
2.01883e+07
2.01863e+07
2.01843e+07
2.01822e+07
2.018e+07
2.01779e+07
2.01756e+07
2.01734e+07
2.01711e+07
2.01687e+07
2.01663e+07
2.01639e+07
2.01614e+07
2.01589e+07
2.01564e+07
2.01538e+07
2.01511e+07
2.01485e+07
2.01458e+07
2.0143e+07
2.01403e+07
2.01375e+07
2.01346e+07
2.01317e+07
2.01288e+07
2.01259e+07
2.01229e+07
2.01199e+07
2.01168e+07
2.01137e+07
2.01106e+07
2.01075e+07
2.01043e+07
2.01011e+07
2.00979e+07
2.00946e+07
2.00913e+07
2.0088e+07
2.00847e+07
2.00813e+07
2.00779e+07
2.00745e+07
2.00711e+07
2.00676e+07
2.00641e+07
2.00606e+07
2.00571e+07
2.00535e+07
2.005e+07
2.00464e+07
2.00428e+07
2.00392e+07
2.00356e+07
2.00319e+07
2.00283e+07
2.00246e+07
2.0021e+07
2.00173e+07
2.00136e+07
2.00099e+07
2.00062e+07
2.00025e+07
1.99988e+07
1.9995e+07
1.99913e+07
1.99876e+07
1.99839e+07
1.99801e+07
1.99764e+07
1.99726e+07
1.99689e+07
1.99652e+07
1.99614e+07
1.99577e+07
1.99539e+07
1.99502e+07
1.99464e+07
1.99427e+07
1.99389e+07
1.99352e+07
1.99314e+07
1.99277e+07
1.9924e+07
1.99202e+07
1.99165e+07
1.99127e+07
1.9909e+07
1.99053e+07
1.99016e+07
1.98979e+07
1.98942e+07
1.98905e+07
1.98868e+07
1.98831e+07
1.98795e+07
1.98758e+07
1.98722e+07
1.98686e+07
1.9865e+07
1.98615e+07
1.98579e+07
1.98544e+07
1.98509e+07
1.98474e+07
1.9844e+07
1.98406e+07
1.98372e+07
1.98338e+07
1.98304e+07
1.98271e+07
1.98238e+07
1.98205e+07
1.98173e+07
1.98141e+07
1.98109e+07
1.98077e+07
1.98046e+07
1.98014e+07
1.97983e+07
1.97952e+07
1.97922e+07
1.97891e+07
1.97861e+07
1.97831e+07
1.97802e+07
1.97772e+07
1.97743e+07
1.97714e+07
1.97686e+07
1.97657e+07
1.97629e+07
1.97602e+07
1.97574e+07
1.97547e+07
1.9752e+07
1.97494e+07
1.97468e+07
1.97442e+07
1.97416e+07
1.97391e+07
1.97366e+07
1.97341e+07
1.97316e+07
1.97292e+07
1.97268e+07
1.97244e+07
1.97221e+07
1.97198e+07
1.97175e+07
1.97152e+07
1.9713e+07
1.97107e+07
1.97098e+07
1.97094e+07
1.97089e+07
1.97085e+07
1.97081e+07
1.97077e+07
1.97072e+07
1.97068e+07
1.97064e+07
1.9706e+07
1.97057e+07
1.97055e+07
1.97051e+07
1.97046e+07
1.97039e+07
1.97034e+07
1.97029e+07
1.97024e+07
1.97019e+07
1.97013e+07
1.97097e+07
1.97093e+07
1.97089e+07
1.97084e+07
1.9708e+07
1.97076e+07
1.97072e+07
1.97068e+07
1.97064e+07
1.9706e+07
1.97057e+07
1.97054e+07
1.9705e+07
1.97044e+07
1.97037e+07
1.97032e+07
1.97028e+07
1.97023e+07
1.97018e+07
1.97013e+07
1.97095e+07
1.97091e+07
1.97086e+07
1.97082e+07
1.97078e+07
1.97074e+07
1.97069e+07
1.97065e+07
1.9706e+07
1.97055e+07
1.9705e+07
1.97046e+07
1.97041e+07
1.97037e+07
1.97032e+07
1.97027e+07
1.97023e+07
1.97018e+07
1.97013e+07
1.97008e+07
1.97091e+07
1.97087e+07
1.97084e+07
1.9708e+07
1.97076e+07
1.97071e+07
1.97067e+07
1.97063e+07
1.97058e+07
1.97054e+07
1.9705e+07
1.97045e+07
1.97041e+07
1.97036e+07
1.97032e+07
1.97028e+07
1.97023e+07
1.97019e+07
1.97015e+07
1.97011e+07
1.9709e+07
1.97085e+07
1.97081e+07
1.97077e+07
1.97073e+07
1.97068e+07
1.97064e+07
1.9706e+07
1.97055e+07
1.97051e+07
1.97046e+07
1.97042e+07
1.97037e+07
1.97032e+07
1.97028e+07
1.97024e+07
1.97019e+07
1.97015e+07
1.97011e+07
1.97007e+07
1.97005e+07
1.9699e+07
1.96967e+07
1.96948e+07
1.96934e+07
1.96929e+07
1.96911e+07
1.96886e+07
1.96871e+07
1.96873e+07
1.96847e+07
1.96822e+07
1.96812e+07
1.96819e+07
1.96818e+07
1.96767e+07
1.96746e+07
1.96739e+07
1.96733e+07
1.9676e+07
1.96739e+07
1.96681e+07
1.96666e+07
1.96662e+07
1.96658e+07
1.96686e+07
1.9669e+07
1.96611e+07
1.96584e+07
1.96584e+07
1.96584e+07
1.96629e+07
1.96664e+07
1.96616e+07
1.96523e+07
1.96491e+07
1.96479e+07
1.96469e+07
1.96459e+07
1.9645e+07
1.96447e+07
1.9645e+07
1.96447e+07
1.96464e+07
1.96499e+07
1.96533e+07
1.96472e+07
1.96383e+07
1.96357e+07
1.96348e+07
1.9634e+07
1.96331e+07
1.96323e+07
1.96314e+07
1.96305e+07
1.96296e+07
1.96287e+07
1.96279e+07
1.96271e+07
1.96262e+07
1.96255e+07
1.96247e+07
1.9624e+07
1.96232e+07
1.96225e+07
1.96218e+07
1.96211e+07
1.96205e+07
1.96198e+07
1.96191e+07
1.96184e+07
1.96178e+07
1.96171e+07
1.96165e+07
1.96158e+07
1.96152e+07
1.96146e+07
1.96139e+07
1.96133e+07
1.96127e+07
1.96122e+07
1.96116e+07
1.96111e+07
1.96105e+07
1.961e+07
1.96095e+07
1.9609e+07
1.96086e+07
1.96081e+07
1.96077e+07
1.96073e+07
1.9607e+07
1.96068e+07
1.96068e+07
1.96069e+07
1.96069e+07
1.96078e+07
1.96084e+07
1.96078e+07
1.96058e+07
1.9604e+07
1.96035e+07
1.96034e+07
1.96033e+07
1.96032e+07
1.96031e+07
1.9603e+07
1.96029e+07
1.96027e+07
1.96026e+07
1.96024e+07
1.96023e+07
1.96022e+07
1.9602e+07
1.96019e+07
1.96018e+07
1.96017e+07
1.96016e+07
1.96014e+07
1.96013e+07
1.96011e+07
1.9601e+07
1.96008e+07
1.96006e+07
1.96004e+07
1.96003e+07
1.96001e+07
1.96e+07
1.95999e+07
1.95998e+07
1.95997e+07
1.95996e+07
1.95995e+07
1.95994e+07
1.95993e+07
1.95993e+07
1.95992e+07
1.95992e+07
1.95991e+07
1.95991e+07
1.95991e+07
1.95991e+07
1.9599e+07
1.9599e+07
1.9599e+07
1.9599e+07
1.9599e+07
1.9599e+07
1.95991e+07
1.95991e+07
1.95991e+07
1.95991e+07
1.95991e+07
1.95992e+07
1.95992e+07
1.95993e+07
1.95993e+07
1.95993e+07
1.95994e+07
1.95994e+07
1.95995e+07
1.95996e+07
1.95996e+07
1.95997e+07
1.95998e+07
1.95999e+07
1.96e+07
1.96e+07
1.96001e+07
1.96002e+07
1.96003e+07
1.96005e+07
1.96006e+07
1.96007e+07
1.96008e+07
1.96009e+07
1.9601e+07
1.96012e+07
1.96013e+07
1.96014e+07
1.96016e+07
1.96017e+07
1.96018e+07
1.9602e+07
1.96021e+07
1.96023e+07
1.96024e+07
1.96026e+07
1.96027e+07
1.96028e+07
1.9603e+07
1.96031e+07
1.96033e+07
1.96034e+07
1.96035e+07
1.96037e+07
1.96038e+07
1.9604e+07
1.96041e+07
1.96043e+07
1.97004e+07
1.9699e+07
1.96967e+07
1.96948e+07
1.96934e+07
1.96929e+07
1.96911e+07
1.96886e+07
1.96871e+07
1.96873e+07
1.96847e+07
1.96823e+07
1.96812e+07
1.96819e+07
1.96818e+07
1.96767e+07
1.96746e+07
1.96739e+07
1.96733e+07
1.96759e+07
1.96739e+07
1.96682e+07
1.96666e+07
1.96662e+07
1.96657e+07
1.96685e+07
1.96689e+07
1.96611e+07
1.96584e+07
1.96584e+07
1.96583e+07
1.96628e+07
1.96662e+07
1.96615e+07
1.96524e+07
1.96491e+07
1.96479e+07
1.96469e+07
1.96458e+07
1.9645e+07
1.96446e+07
1.9645e+07
1.96447e+07
1.96464e+07
1.96499e+07
1.96531e+07
1.96472e+07
1.96384e+07
1.96357e+07
1.96348e+07
1.9634e+07
1.96331e+07
1.96323e+07
1.96314e+07
1.96305e+07
1.96296e+07
1.96287e+07
1.96279e+07
1.96271e+07
1.96262e+07
1.96255e+07
1.96247e+07
1.9624e+07
1.96232e+07
1.96225e+07
1.96218e+07
1.96211e+07
1.96205e+07
1.96198e+07
1.96191e+07
1.96184e+07
1.96178e+07
1.96171e+07
1.96165e+07
1.96158e+07
1.96152e+07
1.96146e+07
1.96139e+07
1.96133e+07
1.96127e+07
1.96122e+07
1.96116e+07
1.96111e+07
1.96105e+07
1.961e+07
1.96095e+07
1.9609e+07
1.96086e+07
1.96081e+07
1.96077e+07
1.96073e+07
1.9607e+07
1.96068e+07
1.96068e+07
1.96068e+07
1.96069e+07
1.96078e+07
1.96084e+07
1.96078e+07
1.96058e+07
1.9604e+07
1.96035e+07
1.96034e+07
1.96033e+07
1.96032e+07
1.96031e+07
1.9603e+07
1.96029e+07
1.96027e+07
1.96026e+07
1.96024e+07
1.96023e+07
1.96022e+07
1.9602e+07
1.96019e+07
1.96018e+07
1.96017e+07
1.96016e+07
1.96014e+07
1.96013e+07
1.96011e+07
1.9601e+07
1.96008e+07
1.96006e+07
1.96004e+07
1.96003e+07
1.96001e+07
1.96e+07
1.95999e+07
1.95998e+07
1.95997e+07
1.95996e+07
1.95995e+07
1.95994e+07
1.95993e+07
1.95993e+07
1.95992e+07
1.95992e+07
1.95991e+07
1.95991e+07
1.95991e+07
1.95991e+07
1.9599e+07
1.9599e+07
1.9599e+07
1.9599e+07
1.9599e+07
1.9599e+07
1.95991e+07
1.95991e+07
1.95991e+07
1.95991e+07
1.95991e+07
1.95992e+07
1.95992e+07
1.95993e+07
1.95993e+07
1.95993e+07
1.95994e+07
1.95994e+07
1.95995e+07
1.95996e+07
1.95996e+07
1.95997e+07
1.95998e+07
1.95999e+07
1.96e+07
1.96e+07
1.96001e+07
1.96002e+07
1.96003e+07
1.96005e+07
1.96006e+07
1.96007e+07
1.96008e+07
1.96009e+07
1.9601e+07
1.96012e+07
1.96013e+07
1.96014e+07
1.96016e+07
1.96017e+07
1.96018e+07
1.9602e+07
1.96021e+07
1.96023e+07
1.96024e+07
1.96026e+07
1.96027e+07
1.96028e+07
1.9603e+07
1.96031e+07
1.96033e+07
1.96034e+07
1.96035e+07
1.96037e+07
1.96038e+07
1.9604e+07
1.96041e+07
1.96043e+07
1.96995e+07
1.96979e+07
1.96963e+07
1.96947e+07
1.96932e+07
1.96915e+07
1.96898e+07
1.96882e+07
1.96868e+07
1.96851e+07
1.96834e+07
1.96819e+07
1.96807e+07
1.96792e+07
1.96771e+07
1.96755e+07
1.96743e+07
1.96734e+07
1.96722e+07
1.96703e+07
1.96682e+07
1.96668e+07
1.9666e+07
1.96654e+07
1.96644e+07
1.96626e+07
1.96602e+07
1.96585e+07
1.96577e+07
1.96575e+07
1.96567e+07
1.96548e+07
1.9652e+07
1.96495e+07
1.96489e+07
1.96482e+07
1.96475e+07
1.96467e+07
1.96459e+07
1.9645e+07
1.96445e+07
1.96443e+07
1.96436e+07
1.96423e+07
1.96406e+07
1.96379e+07
1.9636e+07
1.96352e+07
1.96348e+07
1.96344e+07
1.96338e+07
1.9633e+07
1.96322e+07
1.96314e+07
1.96305e+07
1.96296e+07
1.96287e+07
1.96279e+07
1.96271e+07
1.96263e+07
1.96255e+07
1.96247e+07
1.9624e+07
1.96232e+07
1.96225e+07
1.96218e+07
1.96211e+07
1.96205e+07
1.96198e+07
1.96191e+07
1.96184e+07
1.96178e+07
1.96171e+07
1.96165e+07
1.96158e+07
1.96152e+07
1.96146e+07
1.9614e+07
1.96134e+07
1.96128e+07
1.96122e+07
1.96116e+07
1.96111e+07
1.96106e+07
1.96101e+07
1.96096e+07
1.96091e+07
1.96087e+07
1.96083e+07
1.96079e+07
1.96075e+07
1.96072e+07
1.9607e+07
1.96068e+07
1.96068e+07
1.96066e+07
1.96061e+07
1.96053e+07
1.96045e+07
1.96039e+07
1.96036e+07
1.96035e+07
1.96034e+07
1.96034e+07
1.96033e+07
1.96032e+07
1.96031e+07
1.9603e+07
1.96028e+07
1.96026e+07
1.96025e+07
1.96023e+07
1.96022e+07
1.96021e+07
1.96019e+07
1.96018e+07
1.96017e+07
1.96015e+07
1.96014e+07
1.96013e+07
1.96011e+07
1.96009e+07
1.96008e+07
1.96006e+07
1.96004e+07
1.96003e+07
1.96001e+07
1.96e+07
1.95999e+07
1.95998e+07
1.95997e+07
1.95996e+07
1.95995e+07
1.95994e+07
1.95993e+07
1.95993e+07
1.95992e+07
1.95992e+07
1.95991e+07
1.95991e+07
1.95991e+07
1.95991e+07
1.9599e+07
1.9599e+07
1.9599e+07
1.9599e+07
1.9599e+07
1.9599e+07
1.95991e+07
1.95991e+07
1.95991e+07
1.95991e+07
1.95991e+07
1.95992e+07
1.95992e+07
1.95993e+07
1.95993e+07
1.95993e+07
1.95994e+07
1.95994e+07
1.95995e+07
1.95996e+07
1.95996e+07
1.95997e+07
1.95998e+07
1.95999e+07
1.96e+07
1.96e+07
1.96001e+07
1.96002e+07
1.96003e+07
1.96005e+07
1.96006e+07
1.96007e+07
1.96008e+07
1.96009e+07
1.9601e+07
1.96012e+07
1.96013e+07
1.96014e+07
1.96016e+07
1.96017e+07
1.96018e+07
1.9602e+07
1.96021e+07
1.96023e+07
1.96024e+07
1.96026e+07
1.96027e+07
1.96028e+07
1.9603e+07
1.96031e+07
1.96033e+07
1.96034e+07
1.96035e+07
1.96037e+07
1.96038e+07
1.9604e+07
1.96041e+07
1.96042e+07
1.96997e+07
1.96978e+07
1.96961e+07
1.96944e+07
1.96928e+07
1.96911e+07
1.96893e+07
1.96877e+07
1.96862e+07
1.96846e+07
1.9683e+07
1.96816e+07
1.96803e+07
1.96787e+07
1.9677e+07
1.96755e+07
1.96744e+07
1.96732e+07
1.96718e+07
1.967e+07
1.96683e+07
1.96671e+07
1.96664e+07
1.96653e+07
1.96639e+07
1.96621e+07
1.96603e+07
1.96587e+07
1.96582e+07
1.96574e+07
1.9656e+07
1.96541e+07
1.96519e+07
1.96497e+07
1.96487e+07
1.96481e+07
1.96475e+07
1.96468e+07
1.96462e+07
1.96457e+07
1.96452e+07
1.96445e+07
1.96434e+07
1.96419e+07
1.964e+07
1.96382e+07
1.9636e+07
1.96351e+07
1.96347e+07
1.96341e+07
1.96334e+07
1.96326e+07
1.96318e+07
1.9631e+07
1.96302e+07
1.96294e+07
1.96285e+07
1.96277e+07
1.96269e+07
1.96262e+07
1.96254e+07
1.96247e+07
1.9624e+07
1.96232e+07
1.96225e+07
1.96218e+07
1.96212e+07
1.96205e+07
1.96198e+07
1.96191e+07
1.96185e+07
1.96178e+07
1.96171e+07
1.96165e+07
1.96158e+07
1.96152e+07
1.96146e+07
1.9614e+07
1.96134e+07
1.96128e+07
1.96122e+07
1.96117e+07
1.96112e+07
1.96107e+07
1.96102e+07
1.96097e+07
1.96093e+07
1.96089e+07
1.96085e+07
1.96081e+07
1.96078e+07
1.96076e+07
1.96074e+07
1.96072e+07
1.9607e+07
1.96066e+07
1.96061e+07
1.96055e+07
1.96047e+07
1.96041e+07
1.96037e+07
1.96036e+07
1.96036e+07
1.96035e+07
1.96034e+07
1.96033e+07
1.96032e+07
1.9603e+07
1.96028e+07
1.96026e+07
1.96025e+07
1.96023e+07
1.96022e+07
1.96021e+07
1.9602e+07
1.96018e+07
1.96017e+07
1.96016e+07
1.96014e+07
1.96013e+07
1.96011e+07
1.96009e+07
1.96008e+07
1.96006e+07
1.96004e+07
1.96003e+07
1.96001e+07
1.96e+07
1.95999e+07
1.95998e+07
1.95997e+07
1.95996e+07
1.95995e+07
1.95994e+07
1.95993e+07
1.95993e+07
1.95992e+07
1.95992e+07
1.95991e+07
1.95991e+07
1.95991e+07
1.95991e+07
1.9599e+07
1.9599e+07
1.9599e+07
1.9599e+07
1.9599e+07
1.9599e+07
1.95991e+07
1.95991e+07
1.95991e+07
1.95991e+07
1.95991e+07
1.95992e+07
1.95992e+07
1.95993e+07
1.95993e+07
1.95993e+07
1.95994e+07
1.95994e+07
1.95995e+07
1.95996e+07
1.95996e+07
1.95997e+07
1.95998e+07
1.95999e+07
1.96e+07
1.96e+07
1.96001e+07
1.96002e+07
1.96003e+07
1.96005e+07
1.96006e+07
1.96007e+07
1.96008e+07
1.96009e+07
1.9601e+07
1.96012e+07
1.96013e+07
1.96014e+07
1.96016e+07
1.96017e+07
1.96018e+07
1.9602e+07
1.96021e+07
1.96023e+07
1.96024e+07
1.96026e+07
1.96027e+07
1.96028e+07
1.9603e+07
1.96031e+07
1.96033e+07
1.96034e+07
1.96035e+07
1.96037e+07
1.96038e+07
1.9604e+07
1.96041e+07
1.96042e+07
1.96996e+07
1.96978e+07
1.96961e+07
1.96944e+07
1.96928e+07
1.96911e+07
1.96893e+07
1.96877e+07
1.96862e+07
1.96846e+07
1.9683e+07
1.96816e+07
1.96803e+07
1.96787e+07
1.9677e+07
1.96755e+07
1.96744e+07
1.96732e+07
1.96718e+07
1.96699e+07
1.96683e+07
1.96671e+07
1.96664e+07
1.96653e+07
1.96639e+07
1.96621e+07
1.96603e+07
1.96587e+07
1.96582e+07
1.96574e+07
1.9656e+07
1.96541e+07
1.96519e+07
1.96497e+07
1.96487e+07
1.96481e+07
1.96475e+07
1.96468e+07
1.96462e+07
1.96457e+07
1.96452e+07
1.96445e+07
1.96434e+07
1.96419e+07
1.964e+07
1.96381e+07
1.9636e+07
1.96351e+07
1.96347e+07
1.96341e+07
1.96334e+07
1.96326e+07
1.96318e+07
1.9631e+07
1.96302e+07
1.96294e+07
1.96285e+07
1.96277e+07
1.96269e+07
1.96262e+07
1.96254e+07
1.96247e+07
1.9624e+07
1.96232e+07
1.96225e+07
1.96218e+07
1.96212e+07
1.96205e+07
1.96198e+07
1.96191e+07
1.96185e+07
1.96178e+07
1.96171e+07
1.96165e+07
1.96158e+07
1.96152e+07
1.96146e+07
1.9614e+07
1.96134e+07
1.96128e+07
1.96122e+07
1.96117e+07
1.96112e+07
1.96107e+07
1.96102e+07
1.96097e+07
1.96093e+07
1.96088e+07
1.96085e+07
1.96081e+07
1.96078e+07
1.96076e+07
1.96074e+07
1.96072e+07
1.9607e+07
1.96066e+07
1.96061e+07
1.96055e+07
1.96047e+07
1.96041e+07
1.96037e+07
1.96036e+07
1.96036e+07
1.96035e+07
1.96034e+07
1.96033e+07
1.96032e+07
1.9603e+07
1.96028e+07
1.96026e+07
1.96025e+07
1.96023e+07
1.96022e+07
1.96021e+07
1.9602e+07
1.96018e+07
1.96017e+07
1.96016e+07
1.96014e+07
1.96013e+07
1.96011e+07
1.96009e+07
1.96008e+07
1.96006e+07
1.96004e+07
1.96003e+07
1.96001e+07
1.96e+07
1.95999e+07
1.95998e+07
1.95997e+07
1.95996e+07
1.95995e+07
1.95994e+07
1.95993e+07
1.95993e+07
1.95992e+07
1.95992e+07
1.95991e+07
1.95991e+07
1.95991e+07
1.95991e+07
1.9599e+07
1.9599e+07
1.9599e+07
1.9599e+07
1.9599e+07
1.9599e+07
1.95991e+07
1.95991e+07
1.95991e+07
1.95991e+07
1.95991e+07
1.95992e+07
1.95992e+07
1.95993e+07
1.95993e+07
1.95993e+07
1.95994e+07
1.95994e+07
1.95995e+07
1.95996e+07
1.95996e+07
1.95997e+07
1.95998e+07
1.95999e+07
1.96e+07
1.96e+07
1.96001e+07
1.96002e+07
1.96003e+07
1.96005e+07
1.96006e+07
1.96007e+07
1.96008e+07
1.96009e+07
1.9601e+07
1.96012e+07
1.96013e+07
1.96014e+07
1.96016e+07
1.96017e+07
1.96018e+07
1.9602e+07
1.96021e+07
1.96023e+07
1.96024e+07
1.96026e+07
1.96027e+07
1.96028e+07
1.9603e+07
1.96031e+07
1.96033e+07
1.96034e+07
1.96035e+07
1.96037e+07
1.96038e+07
1.9604e+07
1.96041e+07
1.96042e+07
1.96043e+07
1.96044e+07
1.96044e+07
1.96044e+07
1.96044e+07
1.96045e+07
1.96045e+07
1.96045e+07
1.96045e+07
1.96045e+07
1.96046e+07
1.96046e+07
1.96046e+07
1.96046e+07
1.96046e+07
1.96047e+07
1.96047e+07
1.96047e+07
1.96047e+07
1.96047e+07
1.96043e+07
1.96044e+07
1.96044e+07
1.96044e+07
1.96045e+07
1.96045e+07
1.96045e+07
1.96045e+07
1.96045e+07
1.96046e+07
1.96046e+07
1.96046e+07
1.96046e+07
1.96047e+07
1.96047e+07
1.96047e+07
1.96047e+07
1.96047e+07
1.96048e+07
1.96048e+07
1.96043e+07
1.96044e+07
1.96044e+07
1.96044e+07
1.96045e+07
1.96045e+07
1.96045e+07
1.96046e+07
1.96046e+07
1.96046e+07
1.96046e+07
1.96047e+07
1.96047e+07
1.96047e+07
1.96047e+07
1.96048e+07
1.96048e+07
1.96048e+07
1.96048e+07
1.96048e+07
1.96043e+07
1.96044e+07
1.96044e+07
1.96045e+07
1.96045e+07
1.96046e+07
1.96046e+07
1.96046e+07
1.96047e+07
1.96047e+07
1.96047e+07
1.96048e+07
1.96048e+07
1.96049e+07
1.96049e+07
1.9605e+07
1.96051e+07
1.96052e+07
1.96051e+07
1.9605e+07
1.96044e+07
1.96044e+07
1.96044e+07
1.96045e+07
1.96045e+07
1.96046e+07
1.96046e+07
1.96046e+07
1.96047e+07
1.96047e+07
1.96047e+07
1.96048e+07
1.96048e+07
1.96049e+07
1.96049e+07
1.9605e+07
1.96051e+07
1.96052e+07
1.96052e+07
1.96051e+07
1.96048e+07
1.9605e+07
1.96051e+07
1.96052e+07
1.96053e+07
1.96054e+07
1.96056e+07
1.96057e+07
1.96057e+07
1.96058e+07
1.9606e+07
1.96061e+07
1.96061e+07
1.96062e+07
1.96065e+07
1.96068e+07
1.96068e+07
1.96067e+07
1.96068e+07
1.96071e+07
1.96075e+07
1.96076e+07
1.96075e+07
1.96075e+07
1.96077e+07
1.9608e+07
1.96083e+07
1.96085e+07
1.96085e+07
1.96083e+07
1.96084e+07
1.96087e+07
1.96091e+07
1.96093e+07
1.96095e+07
1.96096e+07
1.96095e+07
1.96095e+07
1.96093e+07
1.96091e+07
1.96087e+07
1.96082e+07
1.96073e+07
1.96072e+07
1.96077e+07
1.96082e+07
1.96086e+07
1.96089e+07
1.96091e+07
1.96094e+07
1.96096e+07
1.96098e+07
1.961e+07
1.96102e+07
1.96104e+07
1.96106e+07
1.96108e+07
1.9611e+07
1.96111e+07
1.96113e+07
1.96115e+07
1.96117e+07
1.96119e+07
1.96121e+07
1.96123e+07
1.96125e+07
1.96128e+07
1.9613e+07
1.96131e+07
1.96134e+07
1.96139e+07
1.96144e+07
1.96149e+07
1.96154e+07
1.96158e+07
1.9616e+07
1.96161e+07
1.96161e+07
1.96161e+07
1.9616e+07
1.96158e+07
1.96157e+07
1.96152e+07
1.96147e+07
1.96148e+07
1.96153e+07
1.96157e+07
1.96161e+07
1.96165e+07
1.96168e+07
1.96171e+07
1.96175e+07
1.96179e+07
1.96182e+07
1.96184e+07
1.96186e+07
1.96187e+07
1.9619e+07
1.96191e+07
1.96191e+07
1.96048e+07
1.9605e+07
1.96051e+07
1.96052e+07
1.96053e+07
1.96054e+07
1.96056e+07
1.96057e+07
1.96057e+07
1.96058e+07
1.9606e+07
1.96061e+07
1.96061e+07
1.96062e+07
1.96065e+07
1.96068e+07
1.96068e+07
1.96067e+07
1.96068e+07
1.96072e+07
1.96075e+07
1.96076e+07
1.96075e+07
1.96075e+07
1.96077e+07
1.9608e+07
1.96083e+07
1.96085e+07
1.96085e+07
1.96083e+07
1.96084e+07
1.96087e+07
1.96091e+07
1.96093e+07
1.96095e+07
1.96096e+07
1.96095e+07
1.96095e+07
1.96093e+07
1.96091e+07
1.96088e+07
1.96082e+07
1.96073e+07
1.96072e+07
1.96077e+07
1.96082e+07
1.96086e+07
1.96089e+07
1.96091e+07
1.96094e+07
1.96096e+07
1.96098e+07
1.961e+07
1.96102e+07
1.96104e+07
1.96106e+07
1.96108e+07
1.9611e+07
1.96111e+07
1.96113e+07
1.96115e+07
1.96117e+07
1.96119e+07
1.96121e+07
1.96123e+07
1.96125e+07
1.96128e+07
1.9613e+07
1.96131e+07
1.96134e+07
1.96139e+07
1.96144e+07
1.96149e+07
1.96154e+07
1.96158e+07
1.9616e+07
1.96161e+07
1.96161e+07
1.96161e+07
1.9616e+07
1.96158e+07
1.96157e+07
1.96152e+07
1.96147e+07
1.96148e+07
1.96153e+07
1.96157e+07
1.96161e+07
1.96165e+07
1.96168e+07
1.96172e+07
1.96175e+07
1.96179e+07
1.96182e+07
1.96184e+07
1.96186e+07
1.96187e+07
1.9619e+07
1.96191e+07
1.96191e+07
1.96049e+07
1.96051e+07
1.96052e+07
1.96053e+07
1.96054e+07
1.96055e+07
1.96057e+07
1.96059e+07
1.96059e+07
1.96059e+07
1.96061e+07
1.96064e+07
1.96064e+07
1.96063e+07
1.96065e+07
1.96068e+07
1.9607e+07
1.96069e+07
1.96069e+07
1.9607e+07
1.96075e+07
1.96077e+07
1.96078e+07
1.96076e+07
1.96076e+07
1.96079e+07
1.96083e+07
1.96086e+07
1.96087e+07
1.96086e+07
1.96084e+07
1.96086e+07
1.9609e+07
1.96094e+07
1.96096e+07
1.96098e+07
1.96099e+07
1.961e+07
1.96099e+07
1.96098e+07
1.96092e+07
1.96079e+07
1.9607e+07
1.96071e+07
1.96077e+07
1.96084e+07
1.96091e+07
1.96095e+07
1.96099e+07
1.96101e+07
1.96103e+07
1.96104e+07
1.96106e+07
1.96107e+07
1.96109e+07
1.9611e+07
1.96112e+07
1.96113e+07
1.96115e+07
1.96116e+07
1.96118e+07
1.96119e+07
1.96121e+07
1.96122e+07
1.96124e+07
1.96125e+07
1.96127e+07
1.96127e+07
1.96129e+07
1.96131e+07
1.96134e+07
1.96137e+07
1.96141e+07
1.96148e+07
1.96155e+07
1.9616e+07
1.96162e+07
1.96163e+07
1.96164e+07
1.96164e+07
1.96162e+07
1.96156e+07
1.9615e+07
1.96146e+07
1.96147e+07
1.96151e+07
1.96156e+07
1.9616e+07
1.96163e+07
1.96167e+07
1.9617e+07
1.96173e+07
1.96177e+07
1.96181e+07
1.96184e+07
1.96187e+07
1.96189e+07
1.9619e+07
1.96192e+07
1.96193e+07
1.96049e+07
1.96052e+07
1.96055e+07
1.96058e+07
1.96056e+07
1.96056e+07
1.96058e+07
1.96063e+07
1.96067e+07
1.96061e+07
1.96062e+07
1.96066e+07
1.96076e+07
1.96069e+07
1.96067e+07
1.9607e+07
1.96077e+07
1.96083e+07
1.96074e+07
1.96072e+07
1.96075e+07
1.96079e+07
1.96089e+07
1.96087e+07
1.96079e+07
1.9608e+07
1.96084e+07
1.96088e+07
1.96097e+07
1.961e+07
1.96091e+07
1.96087e+07
1.96091e+07
1.96096e+07
1.96099e+07
1.961e+07
1.96103e+07
1.96107e+07
1.96116e+07
1.96134e+07
1.96172e+07
1.96208e+07
1.96182e+07
1.96106e+07
1.96086e+07
1.9609e+07
1.96094e+07
1.96097e+07
1.96099e+07
1.96101e+07
1.96103e+07
1.96104e+07
1.96106e+07
1.96107e+07
1.96109e+07
1.9611e+07
1.96112e+07
1.96113e+07
1.96115e+07
1.96116e+07
1.96118e+07
1.96119e+07
1.96121e+07
1.96122e+07
1.96124e+07
1.96126e+07
1.96131e+07
1.96146e+07
1.96133e+07
1.96129e+07
1.9613e+07
1.96133e+07
1.96137e+07
1.96147e+07
1.96157e+07
1.96164e+07
1.96165e+07
1.96168e+07
1.96172e+07
1.9618e+07
1.96193e+07
1.96213e+07
1.96221e+07
1.96194e+07
1.96158e+07
1.96153e+07
1.96156e+07
1.96159e+07
1.96162e+07
1.96165e+07
1.96169e+07
1.96172e+07
1.96176e+07
1.9618e+07
1.96183e+07
1.96185e+07
1.96188e+07
1.96189e+07
1.96191e+07
1.96192e+07
1.96049e+07
1.96052e+07
1.96055e+07
1.96058e+07
1.96056e+07
1.96056e+07
1.96058e+07
1.96063e+07
1.96068e+07
1.96061e+07
1.96062e+07
1.96066e+07
1.96077e+07
1.96069e+07
1.96066e+07
1.9607e+07
1.96077e+07
1.96083e+07
1.96074e+07
1.96071e+07
1.96075e+07
1.9608e+07
1.96089e+07
1.96087e+07
1.96079e+07
1.9608e+07
1.96084e+07
1.96088e+07
1.96097e+07
1.961e+07
1.96091e+07
1.96087e+07
1.96091e+07
1.96096e+07
1.96099e+07
1.961e+07
1.96103e+07
1.96107e+07
1.96115e+07
1.96134e+07
1.96172e+07
1.9621e+07
1.96182e+07
1.96105e+07
1.96086e+07
1.9609e+07
1.96094e+07
1.96097e+07
1.96099e+07
1.96101e+07
1.96103e+07
1.96104e+07
1.96106e+07
1.96107e+07
1.96109e+07
1.9611e+07
1.96112e+07
1.96113e+07
1.96115e+07
1.96116e+07
1.96118e+07
1.96119e+07
1.96121e+07
1.96122e+07
1.96124e+07
1.96126e+07
1.96131e+07
1.96146e+07
1.96133e+07
1.9613e+07
1.96131e+07
1.96133e+07
1.96138e+07
1.96147e+07
1.96157e+07
1.96164e+07
1.96165e+07
1.96168e+07
1.96172e+07
1.9618e+07
1.96193e+07
1.96213e+07
1.96221e+07
1.96194e+07
1.96158e+07
1.96153e+07
1.96156e+07
1.9616e+07
1.96163e+07
1.96166e+07
1.96169e+07
1.96172e+07
1.96176e+07
1.9618e+07
1.96183e+07
1.96185e+07
1.96188e+07
1.96189e+07
1.96191e+07
1.96192e+07
1.96184e+07
1.96182e+07
1.96183e+07
1.96185e+07
1.96188e+07
1.96191e+07
1.96194e+07
1.96197e+07
1.96198e+07
1.96198e+07
1.96198e+07
1.962e+07
1.96202e+07
1.96203e+07
1.96203e+07
1.96204e+07
1.96204e+07
1.96205e+07
1.96205e+07
1.96206e+07
1.96185e+07
1.96184e+07
1.96185e+07
1.96187e+07
1.9619e+07
1.96192e+07
1.96195e+07
1.96197e+07
1.96198e+07
1.96197e+07
1.96198e+07
1.96201e+07
1.96202e+07
1.96203e+07
1.96203e+07
1.96204e+07
1.96204e+07
1.96205e+07
1.96205e+07
1.96206e+07
1.96194e+07
1.96195e+07
1.96196e+07
1.96197e+07
1.96199e+07
1.962e+07
1.96201e+07
1.96202e+07
1.96203e+07
1.96204e+07
1.96205e+07
1.96205e+07
1.96206e+07
1.96206e+07
1.96206e+07
1.96207e+07
1.96207e+07
1.96208e+07
1.96209e+07
1.96209e+07
1.96191e+07
1.9619e+07
1.96188e+07
1.96188e+07
1.96188e+07
1.9619e+07
1.96191e+07
1.96192e+07
1.96193e+07
1.96193e+07
1.96195e+07
1.96196e+07
1.96197e+07
1.96197e+07
1.96198e+07
1.96198e+07
1.96199e+07
1.962e+07
1.96202e+07
1.96205e+07
1.96194e+07
1.96195e+07
1.96194e+07
1.96193e+07
1.96193e+07
1.96195e+07
1.96196e+07
1.96197e+07
1.96197e+07
1.96198e+07
1.96199e+07
1.962e+07
1.96201e+07
1.96201e+07
1.96202e+07
1.96202e+07
1.96203e+07
1.96204e+07
1.96205e+07
1.96207e+07
1.96209e+07
1.96211e+07
1.96212e+07
1.96212e+07
1.96213e+07
1.96214e+07
1.96214e+07
1.96214e+07
1.96214e+07
1.96215e+07
1.96216e+07
1.96215e+07
1.96215e+07
1.96217e+07
1.96218e+07
1.96219e+07
1.96218e+07
1.96217e+07
1.96217e+07
1.96218e+07
1.9622e+07
1.96221e+07
1.96221e+07
1.9622e+07
1.96218e+07
1.96217e+07
1.96218e+07
1.9622e+07
1.96222e+07
1.96223e+07
1.96223e+07
1.96222e+07
1.96221e+07
1.96219e+07
1.96218e+07
1.96216e+07
1.96213e+07
1.9621e+07
1.96206e+07
1.962e+07
1.96189e+07
1.96186e+07
1.96189e+07
1.96192e+07
1.96194e+07
1.96195e+07
1.96197e+07
1.96199e+07
1.96203e+07
1.96207e+07
1.9621e+07
1.9621e+07
1.96205e+07
1.96199e+07
1.96197e+07
1.96202e+07
1.96207e+07
1.96211e+07
1.96215e+07
1.96217e+07
1.96217e+07
1.96216e+07
1.96213e+07
1.9621e+07
1.96209e+07
1.9621e+07
1.96211e+07
1.96212e+07
1.96212e+07
1.96211e+07
1.96209e+07
1.96206e+07
1.96203e+07
1.96199e+07
1.96195e+07
1.96189e+07
1.96186e+07
1.96187e+07
1.96189e+07
1.96192e+07
1.96195e+07
1.96197e+07
1.962e+07
1.96203e+07
1.96205e+07
1.96205e+07
1.96205e+07
1.96206e+07
1.96207e+07
1.96207e+07
1.96208e+07
1.96209e+07
1.96211e+07
1.96212e+07
1.96212e+07
1.96213e+07
1.96213e+07
1.96214e+07
1.96214e+07
1.96214e+07
1.96214e+07
1.96214e+07
1.96214e+07
1.96213e+07
1.96213e+07
1.96213e+07
1.96212e+07
1.96212e+07
1.96212e+07
1.96211e+07
1.96211e+07
1.96211e+07
1.96211e+07
1.9621e+07
1.9621e+07
1.9621e+07
1.9621e+07
1.9621e+07
1.96209e+07
1.96209e+07
1.96209e+07
1.96209e+07
1.96209e+07
1.96209e+07
1.96209e+07
1.96209e+07
1.96209e+07
1.96209e+07
1.96209e+07
1.96209e+07
1.96209e+07
1.96209e+07
1.96209e+07
1.96209e+07
1.96209e+07
1.9621e+07
1.9621e+07
1.9621e+07
1.9621e+07
1.96211e+07
1.96211e+07
1.96211e+07
1.96212e+07
1.96212e+07
1.96213e+07
1.96213e+07
1.96214e+07
1.96214e+07
1.96215e+07
1.96215e+07
1.96216e+07
1.96217e+07
1.96217e+07
1.96218e+07
1.96219e+07
1.9622e+07
1.9622e+07
1.96221e+07
1.96222e+07
1.96223e+07
1.96223e+07
1.96224e+07
1.96225e+07
1.96226e+07
1.96226e+07
1.96227e+07
1.96228e+07
1.96229e+07
1.96229e+07
1.9623e+07
1.96231e+07
1.96232e+07
1.96233e+07
1.96233e+07
1.96234e+07
1.96235e+07
1.96236e+07
1.96236e+07
1.96237e+07
1.96238e+07
1.96239e+07
1.96239e+07
1.9624e+07
1.96241e+07
1.96242e+07
1.96243e+07
1.96244e+07
1.96244e+07
1.96245e+07
1.96246e+07
1.96247e+07
1.96248e+07
1.96249e+07
1.9625e+07
1.9625e+07
1.96251e+07
1.96252e+07
1.96253e+07
1.96254e+07
1.96255e+07
1.96209e+07
1.96211e+07
1.96212e+07
1.96212e+07
1.96213e+07
1.96214e+07
1.96214e+07
1.96214e+07
1.96214e+07
1.96215e+07
1.96216e+07
1.96215e+07
1.96215e+07
1.96217e+07
1.96218e+07
1.96219e+07
1.96218e+07
1.96217e+07
1.96217e+07
1.96218e+07
1.9622e+07
1.96221e+07
1.96221e+07
1.9622e+07
1.96218e+07
1.96217e+07
1.96218e+07
1.9622e+07
1.96222e+07
1.96223e+07
1.96222e+07
1.96222e+07
1.96221e+07
1.96219e+07
1.96218e+07
1.96216e+07
1.96213e+07
1.9621e+07
1.96207e+07
1.962e+07
1.96189e+07
1.96186e+07
1.96189e+07
1.96192e+07
1.96194e+07
1.96195e+07
1.96197e+07
1.96199e+07
1.96203e+07
1.96207e+07
1.9621e+07
1.9621e+07
1.96205e+07
1.96199e+07
1.96198e+07
1.96202e+07
1.96207e+07
1.96212e+07
1.96215e+07
1.96217e+07
1.96217e+07
1.96215e+07
1.96213e+07
1.9621e+07
1.96209e+07
1.9621e+07
1.96211e+07
1.96212e+07
1.96212e+07
1.96211e+07
1.96209e+07
1.96206e+07
1.96203e+07
1.96199e+07
1.96195e+07
1.96189e+07
1.96186e+07
1.96187e+07
1.96189e+07
1.96192e+07
1.96195e+07
1.96198e+07
1.962e+07
1.96203e+07
1.96205e+07
1.96205e+07
1.96205e+07
1.96206e+07
1.96207e+07
1.96207e+07
1.96208e+07
1.96209e+07
1.96211e+07
1.96212e+07
1.96212e+07
1.96213e+07
1.96213e+07
1.96214e+07
1.96214e+07
1.96214e+07
1.96214e+07
1.96214e+07
1.96214e+07
1.96213e+07
1.96213e+07
1.96213e+07
1.96212e+07
1.96212e+07
1.96212e+07
1.96211e+07
1.96211e+07
1.96211e+07
1.96211e+07
1.9621e+07
1.9621e+07
1.9621e+07
1.9621e+07
1.9621e+07
1.96209e+07
1.96209e+07
1.96209e+07
1.96209e+07
1.96209e+07
1.96209e+07
1.96209e+07
1.96209e+07
1.96209e+07
1.96209e+07
1.96209e+07
1.96209e+07
1.96209e+07
1.96209e+07
1.96209e+07
1.96209e+07
1.96209e+07
1.9621e+07
1.9621e+07
1.9621e+07
1.9621e+07
1.96211e+07
1.96211e+07
1.96211e+07
1.96212e+07
1.96212e+07
1.96213e+07
1.96213e+07
1.96214e+07
1.96214e+07
1.96215e+07
1.96215e+07
1.96216e+07
1.96217e+07
1.96217e+07
1.96218e+07
1.96219e+07
1.9622e+07
1.9622e+07
1.96221e+07
1.96222e+07
1.96223e+07
1.96223e+07
1.96224e+07
1.96225e+07
1.96226e+07
1.96226e+07
1.96227e+07
1.96228e+07
1.96229e+07
1.96229e+07
1.9623e+07
1.96231e+07
1.96232e+07
1.96233e+07
1.96233e+07
1.96234e+07
1.96235e+07
1.96236e+07
1.96236e+07
1.96237e+07
1.96238e+07
1.96239e+07
1.96239e+07
1.9624e+07
1.96241e+07
1.96242e+07
1.96243e+07
1.96244e+07
1.96244e+07
1.96245e+07
1.96246e+07
1.96247e+07
1.96248e+07
1.96249e+07
1.9625e+07
1.9625e+07
1.96251e+07
1.96252e+07
1.96253e+07
1.96254e+07
1.96255e+07
1.96211e+07
1.96213e+07
1.96213e+07
1.96214e+07
1.96214e+07
1.96215e+07
1.96216e+07
1.96215e+07
1.96215e+07
1.96216e+07
1.96218e+07
1.96217e+07
1.96216e+07
1.96217e+07
1.96218e+07
1.96219e+07
1.9622e+07
1.96218e+07
1.96217e+07
1.96218e+07
1.96219e+07
1.96221e+07
1.96222e+07
1.96222e+07
1.9622e+07
1.96218e+07
1.96218e+07
1.9622e+07
1.96222e+07
1.96223e+07
1.96224e+07
1.96224e+07
1.96224e+07
1.96223e+07
1.96222e+07
1.96221e+07
1.96219e+07
1.96216e+07
1.96209e+07
1.96196e+07
1.96186e+07
1.96185e+07
1.96188e+07
1.96193e+07
1.96198e+07
1.962e+07
1.96202e+07
1.96202e+07
1.96202e+07
1.96204e+07
1.96211e+07
1.96216e+07
1.96204e+07
1.96194e+07
1.96193e+07
1.96196e+07
1.96201e+07
1.96206e+07
1.96213e+07
1.96217e+07
1.96217e+07
1.96217e+07
1.96215e+07
1.96212e+07
1.96209e+07
1.9621e+07
1.96211e+07
1.96212e+07
1.96212e+07
1.96212e+07
1.96211e+07
1.96209e+07
1.96206e+07
1.962e+07
1.96193e+07
1.96187e+07
1.96184e+07
1.96185e+07
1.96187e+07
1.9619e+07
1.96193e+07
1.96196e+07
1.96199e+07
1.96202e+07
1.96204e+07
1.96206e+07
1.96206e+07
1.96206e+07
1.96207e+07
1.96207e+07
1.96208e+07
1.96209e+07
1.9621e+07
1.96211e+07
1.96212e+07
1.96213e+07
1.96213e+07
1.96214e+07
1.96214e+07
1.96214e+07
1.96214e+07
1.96214e+07
1.96214e+07
1.96213e+07
1.96213e+07
1.96213e+07
1.96212e+07
1.96212e+07
1.96212e+07
1.96211e+07
1.96211e+07
1.96211e+07
1.96211e+07
1.9621e+07
1.9621e+07
1.9621e+07
1.9621e+07
1.9621e+07
1.96209e+07
1.96209e+07
1.96209e+07
1.96209e+07
1.96209e+07
1.96209e+07
1.96209e+07
1.96209e+07
1.96209e+07
1.96209e+07
1.96209e+07
1.96209e+07
1.96209e+07
1.96209e+07
1.96209e+07
1.96209e+07
1.96209e+07
1.9621e+07
1.9621e+07
1.9621e+07
1.9621e+07
1.96211e+07
1.96211e+07
1.96211e+07
1.96212e+07
1.96212e+07
1.96213e+07
1.96213e+07
1.96214e+07
1.96214e+07
1.96215e+07
1.96215e+07
1.96216e+07
1.96217e+07
1.96217e+07
1.96218e+07
1.96219e+07
1.9622e+07
1.9622e+07
1.96221e+07
1.96222e+07
1.96223e+07
1.96223e+07
1.96224e+07
1.96225e+07
1.96226e+07
1.96226e+07
1.96227e+07
1.96228e+07
1.96229e+07
1.96229e+07
1.9623e+07
1.96231e+07
1.96232e+07
1.96233e+07
1.96233e+07
1.96234e+07
1.96235e+07
1.96236e+07
1.96236e+07
1.96237e+07
1.96238e+07
1.96239e+07
1.96239e+07
1.9624e+07
1.96241e+07
1.96242e+07
1.96243e+07
1.96244e+07
1.96244e+07
1.96245e+07
1.96246e+07
1.96247e+07
1.96248e+07
1.96249e+07
1.9625e+07
1.9625e+07
1.96251e+07
1.96252e+07
1.96253e+07
1.96254e+07
1.96255e+07
1.96209e+07
1.96213e+07
1.96215e+07
1.96215e+07
1.96215e+07
1.96216e+07
1.96219e+07
1.96221e+07
1.96216e+07
1.96217e+07
1.96219e+07
1.96225e+07
1.96221e+07
1.96218e+07
1.96219e+07
1.9622e+07
1.96225e+07
1.96225e+07
1.9622e+07
1.96218e+07
1.96219e+07
1.96222e+07
1.96224e+07
1.96227e+07
1.96227e+07
1.96222e+07
1.96219e+07
1.9622e+07
1.96222e+07
1.96225e+07
1.96225e+07
1.96225e+07
1.96225e+07
1.96225e+07
1.96225e+07
1.96227e+07
1.96233e+07
1.96247e+07
1.96279e+07
1.96314e+07
1.96293e+07
1.96221e+07
1.96197e+07
1.96198e+07
1.96201e+07
1.96202e+07
1.96203e+07
1.96203e+07
1.96203e+07
1.96206e+07
1.96215e+07
1.96228e+07
1.96303e+07
1.96279e+07
1.96212e+07
1.96195e+07
1.96198e+07
1.96206e+07
1.96216e+07
1.96221e+07
1.96221e+07
1.96221e+07
1.96223e+07
1.96224e+07
1.96215e+07
1.96211e+07
1.96211e+07
1.96212e+07
1.96214e+07
1.96215e+07
1.96217e+07
1.9622e+07
1.96227e+07
1.96239e+07
1.96247e+07
1.96235e+07
1.96204e+07
1.96187e+07
1.96188e+07
1.9619e+07
1.96193e+07
1.96195e+07
1.96198e+07
1.96201e+07
1.96203e+07
1.96204e+07
1.96205e+07
1.96206e+07
1.96206e+07
1.96207e+07
1.96208e+07
1.96209e+07
1.9621e+07
1.96211e+07
1.96212e+07
1.96213e+07
1.96213e+07
1.96214e+07
1.96215e+07
1.96215e+07
1.96214e+07
1.96214e+07
1.96214e+07
1.96213e+07
1.96213e+07
1.96213e+07
1.96212e+07
1.96212e+07
1.96212e+07
1.96211e+07
1.96211e+07
1.96211e+07
1.96211e+07
1.9621e+07
1.9621e+07
1.9621e+07
1.9621e+07
1.9621e+07
1.96209e+07
1.96209e+07
1.96209e+07
1.96209e+07
1.96209e+07
1.96209e+07
1.96209e+07
1.96209e+07
1.96209e+07
1.96209e+07
1.96209e+07
1.96209e+07
1.96209e+07
1.96209e+07
1.96209e+07
1.96209e+07
1.96209e+07
1.9621e+07
1.9621e+07
1.9621e+07
1.9621e+07
1.96211e+07
1.96211e+07
1.96211e+07
1.96212e+07
1.96212e+07
1.96213e+07
1.96213e+07
1.96214e+07
1.96214e+07
1.96215e+07
1.96215e+07
1.96216e+07
1.96217e+07
1.96217e+07
1.96218e+07
1.96219e+07
1.9622e+07
1.9622e+07
1.96221e+07
1.96222e+07
1.96223e+07
1.96223e+07
1.96224e+07
1.96225e+07
1.96226e+07
1.96226e+07
1.96227e+07
1.96228e+07
1.96229e+07
1.96229e+07
1.9623e+07
1.96231e+07
1.96232e+07
1.96233e+07
1.96233e+07
1.96234e+07
1.96235e+07
1.96236e+07
1.96236e+07
1.96237e+07
1.96238e+07
1.96239e+07
1.96239e+07
1.9624e+07
1.96241e+07
1.96242e+07
1.96243e+07
1.96244e+07
1.96244e+07
1.96245e+07
1.96246e+07
1.96247e+07
1.96248e+07
1.96249e+07
1.9625e+07
1.9625e+07
1.96251e+07
1.96252e+07
1.96253e+07
1.96254e+07
1.96255e+07
1.9621e+07
1.96213e+07
1.96215e+07
1.96215e+07
1.96215e+07
1.96216e+07
1.96219e+07
1.96221e+07
1.96216e+07
1.96217e+07
1.96219e+07
1.96225e+07
1.9622e+07
1.96218e+07
1.96219e+07
1.96221e+07
1.96225e+07
1.96226e+07
1.9622e+07
1.96218e+07
1.96219e+07
1.96222e+07
1.96224e+07
1.96227e+07
1.96227e+07
1.96222e+07
1.96219e+07
1.9622e+07
1.96223e+07
1.96225e+07
1.96225e+07
1.96225e+07
1.96225e+07
1.96225e+07
1.96225e+07
1.96227e+07
1.96233e+07
1.96247e+07
1.96279e+07
1.96315e+07
1.96294e+07
1.9622e+07
1.96197e+07
1.96198e+07
1.96201e+07
1.96202e+07
1.96203e+07
1.96203e+07
1.96203e+07
1.96206e+07
1.96216e+07
1.96228e+07
1.96305e+07
1.9628e+07
1.96212e+07
1.96195e+07
1.96199e+07
1.96206e+07
1.96216e+07
1.96222e+07
1.96221e+07
1.96221e+07
1.96223e+07
1.96225e+07
1.96215e+07
1.96211e+07
1.96211e+07
1.96213e+07
1.96214e+07
1.96215e+07
1.96217e+07
1.9622e+07
1.96227e+07
1.96239e+07
1.96248e+07
1.96236e+07
1.96204e+07
1.96187e+07
1.96188e+07
1.9619e+07
1.96193e+07
1.96195e+07
1.96198e+07
1.96201e+07
1.96203e+07
1.96205e+07
1.96205e+07
1.96206e+07
1.96206e+07
1.96207e+07
1.96208e+07
1.96209e+07
1.9621e+07
1.96211e+07
1.96212e+07
1.96213e+07
1.96214e+07
1.96214e+07
1.96215e+07
1.96215e+07
1.96214e+07
1.96214e+07
1.96214e+07
1.96213e+07
1.96213e+07
1.96213e+07
1.96212e+07
1.96212e+07
1.96212e+07
1.96211e+07
1.96211e+07
1.96211e+07
1.96211e+07
1.9621e+07
1.9621e+07
1.9621e+07
1.9621e+07
1.9621e+07
1.96209e+07
1.96209e+07
1.96209e+07
1.96209e+07
1.96209e+07
1.96209e+07
1.96209e+07
1.96209e+07
1.96209e+07
1.96209e+07
1.96209e+07
1.96209e+07
1.96209e+07
1.96209e+07
1.96209e+07
1.96209e+07
1.96209e+07
1.9621e+07
1.9621e+07
1.9621e+07
1.9621e+07
1.96211e+07
1.96211e+07
1.96211e+07
1.96212e+07
1.96212e+07
1.96213e+07
1.96213e+07
1.96214e+07
1.96214e+07
1.96215e+07
1.96215e+07
1.96216e+07
1.96217e+07
1.96217e+07
1.96218e+07
1.96219e+07
1.9622e+07
1.9622e+07
1.96221e+07
1.96222e+07
1.96223e+07
1.96223e+07
1.96224e+07
1.96225e+07
1.96226e+07
1.96226e+07
1.96227e+07
1.96228e+07
1.96229e+07
1.96229e+07
1.9623e+07
1.96231e+07
1.96232e+07
1.96233e+07
1.96233e+07
1.96234e+07
1.96235e+07
1.96236e+07
1.96236e+07
1.96237e+07
1.96238e+07
1.96239e+07
1.96239e+07
1.9624e+07
1.96241e+07
1.96242e+07
1.96243e+07
1.96244e+07
1.96244e+07
1.96245e+07
1.96246e+07
1.96247e+07
1.96248e+07
1.96249e+07
1.9625e+07
1.9625e+07
1.96251e+07
1.96252e+07
1.96253e+07
1.96254e+07
1.96255e+07
1.96256e+07
1.96256e+07
1.96256e+07
1.96256e+07
1.96257e+07
1.96257e+07
1.96257e+07
1.96257e+07
1.96258e+07
1.96258e+07
1.96258e+07
1.96258e+07
1.96258e+07
1.96258e+07
1.96259e+07
1.96259e+07
1.96259e+07
1.9626e+07
1.9626e+07
1.9626e+07
1.96256e+07
1.96256e+07
1.96256e+07
1.96256e+07
1.96257e+07
1.96257e+07
1.96257e+07
1.96257e+07
1.96258e+07
1.96258e+07
1.96258e+07
1.96258e+07
1.96258e+07
1.96258e+07
1.96259e+07
1.96259e+07
1.96259e+07
1.9626e+07
1.9626e+07
1.9626e+07
1.96256e+07
1.96256e+07
1.96256e+07
1.96256e+07
1.96256e+07
1.96257e+07
1.96257e+07
1.96257e+07
1.96257e+07
1.96257e+07
1.96258e+07
1.96258e+07
1.96258e+07
1.96258e+07
1.96259e+07
1.96259e+07
1.96259e+07
1.96259e+07
1.96259e+07
1.9626e+07
1.96256e+07
1.96256e+07
1.96256e+07
1.96256e+07
1.96256e+07
1.96257e+07
1.96257e+07
1.96257e+07
1.96257e+07
1.96257e+07
1.96257e+07
1.96258e+07
1.96258e+07
1.96258e+07
1.96258e+07
1.96259e+07
1.96259e+07
1.96259e+07
1.96259e+07
1.96259e+07
1.96256e+07
1.96256e+07
1.96256e+07
1.96256e+07
1.96256e+07
1.96257e+07
1.96257e+07
1.96257e+07
1.96257e+07
1.96257e+07
1.96257e+07
1.96258e+07
1.96258e+07
1.96258e+07
1.96258e+07
1.96258e+07
1.96259e+07
1.96259e+07
1.96259e+07
1.96259e+07
1.9626e+07
1.96261e+07
1.96262e+07
1.96264e+07
1.96267e+07
1.96268e+07
1.96265e+07
1.96266e+07
1.96267e+07
1.96268e+07
1.96271e+07
1.96275e+07
1.96271e+07
1.96268e+07
1.96269e+07
1.96271e+07
1.96276e+07
1.96271e+07
1.96271e+07
1.96271e+07
1.96274e+07
1.96278e+07
1.96274e+07
1.96272e+07
1.96272e+07
1.96274e+07
1.96276e+07
1.96277e+07
1.96279e+07
1.9628e+07
1.96281e+07
1.96283e+07
1.96282e+07
1.96274e+07
1.9627e+07
1.96275e+07
1.9628e+07
1.96283e+07
1.96283e+07
1.96284e+07
1.96286e+07
1.96288e+07
1.96293e+07
1.96291e+07
1.96275e+07
1.96261e+07
1.96264e+07
1.96272e+07
1.96277e+07
1.9628e+07
1.9628e+07
1.96279e+07
1.9628e+07
1.96282e+07
1.96285e+07
1.96286e+07
1.96285e+07
1.96282e+07
1.96278e+07
1.96277e+07
1.96278e+07
1.96281e+07
1.96282e+07
1.96284e+07
1.96286e+07
1.96287e+07
1.96288e+07
1.96288e+07
1.96287e+07
1.96287e+07
1.96287e+07
1.96286e+07
1.96286e+07
1.96286e+07
1.96285e+07
1.96285e+07
1.96285e+07
1.96284e+07
1.96284e+07
1.96283e+07
1.96283e+07
1.96283e+07
1.96282e+07
1.96282e+07
1.96281e+07
1.96281e+07
1.9628e+07
1.9628e+07
1.96279e+07
1.96279e+07
1.96278e+07
1.96278e+07
1.96277e+07
1.96277e+07
1.96276e+07
1.96276e+07
1.96275e+07
1.96275e+07
1.96274e+07
1.96273e+07
1.96273e+07
1.96272e+07
1.96272e+07
1.96271e+07
1.96271e+07
1.9627e+07
1.96269e+07
1.96269e+07
1.96268e+07
1.96268e+07
1.96267e+07
1.96266e+07
1.96266e+07
1.96265e+07
1.96264e+07
1.96264e+07
1.96263e+07
1.96262e+07
1.96262e+07
1.96261e+07
1.9626e+07
1.9626e+07
1.96259e+07
1.96258e+07
1.96258e+07
1.96257e+07
1.96256e+07
1.96255e+07
1.96255e+07
1.96254e+07
1.96253e+07
1.96252e+07
1.96252e+07
1.96251e+07
1.9625e+07
1.96249e+07
1.96249e+07
1.96248e+07
1.96247e+07
1.96246e+07
1.96246e+07
1.96245e+07
1.96244e+07
1.96243e+07
1.96242e+07
1.96242e+07
1.96241e+07
1.9624e+07
1.96239e+07
1.96238e+07
1.96238e+07
1.96237e+07
1.96236e+07
1.96235e+07
1.96234e+07
1.96233e+07
1.96233e+07
1.96232e+07
1.96231e+07
1.9623e+07
1.96229e+07
1.96228e+07
1.96227e+07
1.96227e+07
1.96226e+07
1.96225e+07
1.96224e+07
1.96223e+07
1.96222e+07
1.96221e+07
1.9622e+07
1.9622e+07
1.96219e+07
1.96218e+07
1.96217e+07
1.96216e+07
1.96215e+07
1.96214e+07
1.96213e+07
1.96212e+07
1.96211e+07
1.9621e+07
1.96209e+07
1.96208e+07
1.96207e+07
1.96206e+07
1.96205e+07
1.96204e+07
1.96203e+07
1.96202e+07
1.96201e+07
1.962e+07
1.96199e+07
1.96198e+07
1.96197e+07
1.96196e+07
1.96194e+07
1.96193e+07
1.96192e+07
1.96191e+07
1.9619e+07
1.96189e+07
1.96187e+07
1.96186e+07
1.96185e+07
1.96184e+07
1.96182e+07
1.96181e+07
1.9618e+07
1.96179e+07
1.96177e+07
1.96176e+07
1.96175e+07
1.96174e+07
1.96172e+07
1.96171e+07
1.9617e+07
1.96168e+07
1.96167e+07
1.96166e+07
1.96164e+07
1.96163e+07
1.96162e+07
1.9616e+07
1.96159e+07
1.96158e+07
1.96156e+07
1.96155e+07
1.96154e+07
1.96152e+07
1.96151e+07
1.9615e+07
1.96149e+07
1.96147e+07
1.96146e+07
1.96145e+07
1.96143e+07
1.96142e+07
1.96141e+07
1.96139e+07
1.96138e+07
1.96137e+07
1.96135e+07
1.96134e+07
1.96133e+07
1.96131e+07
1.9613e+07
1.96128e+07
1.96127e+07
1.96126e+07
1.96124e+07
1.96123e+07
1.96121e+07
1.9612e+07
1.96118e+07
1.96117e+07
1.96115e+07
1.96113e+07
1.96112e+07
1.9611e+07
1.96109e+07
1.96107e+07
1.96105e+07
1.96104e+07
1.96102e+07
1.961e+07
1.96098e+07
1.96097e+07
1.96095e+07
1.96093e+07
1.96091e+07
1.96089e+07
1.96087e+07
1.96086e+07
1.96084e+07
1.96082e+07
1.9608e+07
1.96078e+07
1.96076e+07
1.96074e+07
1.96072e+07
1.9607e+07
1.96068e+07
1.96066e+07
1.96064e+07
1.96062e+07
1.9606e+07
1.96058e+07
1.96056e+07
1.96054e+07
1.96051e+07
1.96049e+07
1.96047e+07
1.96045e+07
1.96043e+07
1.9604e+07
1.96038e+07
1.96036e+07
1.96033e+07
1.96031e+07
1.96029e+07
1.96026e+07
1.96024e+07
1.96021e+07
1.96018e+07
1.96016e+07
1.96013e+07
1.96011e+07
1.96008e+07
1.96005e+07
1.96002e+07
1.95999e+07
1.95997e+07
1.95994e+07
1.95991e+07
1.95988e+07
1.95984e+07
1.95981e+07
1.95978e+07
1.95975e+07
1.95972e+07
1.95968e+07
1.95965e+07
1.95961e+07
1.95958e+07
1.95954e+07
1.95951e+07
1.95947e+07
1.95943e+07
1.9594e+07
1.95936e+07
1.95932e+07
1.95928e+07
1.95924e+07
1.9592e+07
1.95916e+07
1.95911e+07
1.95907e+07
1.95903e+07
1.95898e+07
1.95894e+07
1.95889e+07
1.95885e+07
1.9588e+07
1.95875e+07
1.95871e+07
1.95866e+07
1.95861e+07
1.95856e+07
1.95851e+07
1.95846e+07
1.95841e+07
1.95836e+07
1.9583e+07
1.95825e+07
1.9582e+07
1.95814e+07
1.95809e+07
1.95803e+07
1.95798e+07
1.95792e+07
1.95787e+07
1.95781e+07
1.95775e+07
1.9577e+07
1.95764e+07
1.95758e+07
1.95752e+07
1.95746e+07
1.9574e+07
1.95734e+07
1.95728e+07
1.95723e+07
1.95717e+07
1.95711e+07
1.95705e+07
1.95699e+07
1.95692e+07
1.95686e+07
1.9568e+07
1.95674e+07
1.95668e+07
1.95662e+07
1.95656e+07
1.9565e+07
1.95644e+07
1.95638e+07
1.95632e+07
1.95626e+07
1.9562e+07
1.95614e+07
1.95608e+07
1.95602e+07
1.95596e+07
1.9559e+07
1.95584e+07
1.95578e+07
1.95572e+07
1.95566e+07
1.95561e+07
1.95555e+07
1.95549e+07
1.95543e+07
1.95538e+07
1.95532e+07
1.95526e+07
1.95521e+07
1.95515e+07
1.95509e+07
1.95504e+07
1.95498e+07
1.95493e+07
1.95488e+07
1.95482e+07
1.95477e+07
1.95472e+07
1.95467e+07
1.95461e+07
1.95456e+07
1.95451e+07
1.95446e+07
1.95441e+07
1.95436e+07
1.95432e+07
1.95427e+07
1.95422e+07
1.95417e+07
1.95413e+07
1.95408e+07
1.95404e+07
1.95399e+07
1.95395e+07
1.95391e+07
1.95386e+07
1.95382e+07
1.95378e+07
1.95374e+07
1.95369e+07
1.95365e+07
1.95361e+07
1.95357e+07
1.95354e+07
1.9535e+07
1.95346e+07
1.95342e+07
1.95338e+07
1.95334e+07
1.95331e+07
1.95327e+07
1.95323e+07
1.9532e+07
1.95316e+07
1.95313e+07
1.95309e+07
1.95306e+07
1.95302e+07
1.95299e+07
1.95296e+07
1.95292e+07
1.95289e+07
1.95285e+07
1.95282e+07
1.95279e+07
1.95275e+07
1.95272e+07
1.95269e+07
1.95266e+07
1.95262e+07
1.95259e+07
1.95256e+07
1.95253e+07
1.95249e+07
1.95246e+07
1.95243e+07
1.9524e+07
1.95237e+07
1.95233e+07
1.9523e+07
1.95227e+07
1.95224e+07
1.9522e+07
1.95217e+07
1.95214e+07
1.95211e+07
1.95207e+07
1.95204e+07
1.95201e+07
1.95198e+07
1.95194e+07
1.95191e+07
1.95188e+07
1.95184e+07
1.95181e+07
1.95177e+07
1.95174e+07
1.9517e+07
1.95167e+07
1.95163e+07
1.9516e+07
1.95156e+07
1.95153e+07
1.95149e+07
1.95145e+07
1.95142e+07
1.95138e+07
1.95134e+07
1.9513e+07
1.95126e+07
1.95123e+07
1.95119e+07
1.95115e+07
1.95111e+07
1.95107e+07
1.95103e+07
1.95098e+07
1.95094e+07
1.9509e+07
1.95086e+07
1.95081e+07
1.95077e+07
1.95073e+07
1.95068e+07
1.95064e+07
1.95059e+07
1.95055e+07
1.9505e+07
1.95045e+07
1.95041e+07
1.95036e+07
1.95031e+07
1.95026e+07
1.95021e+07
1.95016e+07
1.95011e+07
1.95006e+07
1.95001e+07
1.94996e+07
1.94991e+07
1.94985e+07
1.9498e+07
1.94975e+07
1.94969e+07
1.94964e+07
1.94958e+07
1.94953e+07
1.94947e+07
1.94942e+07
1.94936e+07
1.9493e+07
1.94924e+07
1.94919e+07
1.94913e+07
1.94907e+07
1.94901e+07
1.94895e+07
1.94889e+07
1.94883e+07
1.94877e+07
1.94871e+07
1.94865e+07
1.94859e+07
1.94853e+07
1.94847e+07
1.94841e+07
1.94835e+07
1.94829e+07
1.94823e+07
1.94816e+07
1.9481e+07
1.94804e+07
1.94798e+07
1.94792e+07
1.94786e+07
1.94779e+07
1.94773e+07
1.94767e+07
1.94761e+07
1.94755e+07
1.94749e+07
1.94742e+07
1.94736e+07
1.9473e+07
1.94724e+07
1.94718e+07
1.94711e+07
1.94705e+07
1.94699e+07
1.94693e+07
1.94687e+07
1.94681e+07
1.94674e+07
1.94668e+07
1.94662e+07
1.94656e+07
1.9465e+07
1.94644e+07
1.94638e+07
1.94631e+07
1.94625e+07
1.94619e+07
1.9626e+07
1.96261e+07
1.96262e+07
1.96264e+07
1.96267e+07
1.96268e+07
1.96265e+07
1.96266e+07
1.96267e+07
1.96268e+07
1.96271e+07
1.96275e+07
1.96271e+07
1.96268e+07
1.96269e+07
1.96271e+07
1.96276e+07
1.96271e+07
1.96271e+07
1.96271e+07
1.96274e+07
1.96278e+07
1.96274e+07
1.96272e+07
1.96272e+07
1.96274e+07
1.96276e+07
1.96277e+07
1.96279e+07
1.9628e+07
1.96281e+07
1.96283e+07
1.96282e+07
1.96274e+07
1.9627e+07
1.96275e+07
1.9628e+07
1.96283e+07
1.96282e+07
1.96284e+07
1.96286e+07
1.96288e+07
1.96293e+07
1.96291e+07
1.96275e+07
1.96261e+07
1.96264e+07
1.96272e+07
1.96277e+07
1.96279e+07
1.9628e+07
1.96279e+07
1.9628e+07
1.96282e+07
1.96285e+07
1.96286e+07
1.96285e+07
1.96282e+07
1.96278e+07
1.96277e+07
1.96278e+07
1.96281e+07
1.96282e+07
1.96284e+07
1.96286e+07
1.96287e+07
1.96288e+07
1.96288e+07
1.96287e+07
1.96287e+07
1.96287e+07
1.96286e+07
1.96286e+07
1.96286e+07
1.96285e+07
1.96285e+07
1.96285e+07
1.96284e+07
1.96284e+07
1.96283e+07
1.96283e+07
1.96283e+07
1.96282e+07
1.96282e+07
1.96281e+07
1.96281e+07
1.9628e+07
1.9628e+07
1.96279e+07
1.96279e+07
1.96278e+07
1.96278e+07
1.96277e+07
1.96277e+07
1.96276e+07
1.96276e+07
1.96275e+07
1.96275e+07
1.96274e+07
1.96273e+07
1.96273e+07
1.96272e+07
1.96272e+07
1.96271e+07
1.96271e+07
1.9627e+07
1.96269e+07
1.96269e+07
1.96268e+07
1.96268e+07
1.96267e+07
1.96266e+07
1.96266e+07
1.96265e+07
1.96264e+07
1.96264e+07
1.96263e+07
1.96262e+07
1.96262e+07
1.96261e+07
1.9626e+07
1.9626e+07
1.96259e+07
1.96258e+07
1.96258e+07
1.96257e+07
1.96256e+07
1.96255e+07
1.96255e+07
1.96254e+07
1.96253e+07
1.96252e+07
1.96252e+07
1.96251e+07
1.9625e+07
1.96249e+07
1.96249e+07
1.96248e+07
1.96247e+07
1.96246e+07
1.96246e+07
1.96245e+07
1.96244e+07
1.96243e+07
1.96242e+07
1.96242e+07
1.96241e+07
1.9624e+07
1.96239e+07
1.96238e+07
1.96238e+07
1.96237e+07
1.96236e+07
1.96235e+07
1.96234e+07
1.96233e+07
1.96233e+07
1.96232e+07
1.96231e+07
1.9623e+07
1.96229e+07
1.96228e+07
1.96227e+07
1.96227e+07
1.96226e+07
1.96225e+07
1.96224e+07
1.96223e+07
1.96222e+07
1.96221e+07
1.9622e+07
1.9622e+07
1.96219e+07
1.96218e+07
1.96217e+07
1.96216e+07
1.96215e+07
1.96214e+07
1.96213e+07
1.96212e+07
1.96211e+07
1.9621e+07
1.96209e+07
1.96208e+07
1.96207e+07
1.96206e+07
1.96205e+07
1.96204e+07
1.96203e+07
1.96202e+07
1.96201e+07
1.962e+07
1.96199e+07
1.96198e+07
1.96197e+07
1.96196e+07
1.96194e+07
1.96193e+07
1.96192e+07
1.96191e+07
1.9619e+07
1.96189e+07
1.96187e+07
1.96186e+07
1.96185e+07
1.96184e+07
1.96182e+07
1.96181e+07
1.9618e+07
1.96179e+07
1.96177e+07
1.96176e+07
1.96175e+07
1.96174e+07
1.96172e+07
1.96171e+07
1.9617e+07
1.96168e+07
1.96167e+07
1.96166e+07
1.96164e+07
1.96163e+07
1.96162e+07
1.9616e+07
1.96159e+07
1.96158e+07
1.96156e+07
1.96155e+07
1.96154e+07
1.96152e+07
1.96151e+07
1.9615e+07
1.96149e+07
1.96147e+07
1.96146e+07
1.96145e+07
1.96143e+07
1.96142e+07
1.96141e+07
1.96139e+07
1.96138e+07
1.96137e+07
1.96135e+07
1.96134e+07
1.96133e+07
1.96131e+07
1.9613e+07
1.96128e+07
1.96127e+07
1.96126e+07
1.96124e+07
1.96123e+07
1.96121e+07
1.9612e+07
1.96118e+07
1.96117e+07
1.96115e+07
1.96113e+07
1.96112e+07
1.9611e+07
1.96109e+07
1.96107e+07
1.96105e+07
1.96104e+07
1.96102e+07
1.961e+07
1.96098e+07
1.96097e+07
1.96095e+07
1.96093e+07
1.96091e+07
1.96089e+07
1.96087e+07
1.96086e+07
1.96084e+07
1.96082e+07
1.9608e+07
1.96078e+07
1.96076e+07
1.96074e+07
1.96072e+07
1.9607e+07
1.96068e+07
1.96066e+07
1.96064e+07
1.96062e+07
1.9606e+07
1.96058e+07
1.96056e+07
1.96054e+07
1.96051e+07
1.96049e+07
1.96047e+07
1.96045e+07
1.96043e+07
1.9604e+07
1.96038e+07
1.96036e+07
1.96033e+07
1.96031e+07
1.96029e+07
1.96026e+07
1.96024e+07
1.96021e+07
1.96018e+07
1.96016e+07
1.96013e+07
1.96011e+07
1.96008e+07
1.96005e+07
1.96002e+07
1.95999e+07
1.95997e+07
1.95994e+07
1.95991e+07
1.95988e+07
1.95984e+07
1.95981e+07
1.95978e+07
1.95975e+07
1.95972e+07
1.95968e+07
1.95965e+07
1.95961e+07
1.95958e+07
1.95954e+07
1.95951e+07
1.95947e+07
1.95943e+07
1.9594e+07
1.95936e+07
1.95932e+07
1.95928e+07
1.95924e+07
1.9592e+07
1.95916e+07
1.95911e+07
1.95907e+07
1.95903e+07
1.95898e+07
1.95894e+07
1.95889e+07
1.95885e+07
1.9588e+07
1.95875e+07
1.95871e+07
1.95866e+07
1.95861e+07
1.95856e+07
1.95851e+07
1.95846e+07
1.95841e+07
1.95836e+07
1.9583e+07
1.95825e+07
1.9582e+07
1.95814e+07
1.95809e+07
1.95803e+07
1.95798e+07
1.95792e+07
1.95787e+07
1.95781e+07
1.95775e+07
1.9577e+07
1.95764e+07
1.95758e+07
1.95752e+07
1.95746e+07
1.9574e+07
1.95734e+07
1.95728e+07
1.95723e+07
1.95717e+07
1.95711e+07
1.95705e+07
1.95699e+07
1.95692e+07
1.95686e+07
1.9568e+07
1.95674e+07
1.95668e+07
1.95662e+07
1.95656e+07
1.9565e+07
1.95644e+07
1.95638e+07
1.95632e+07
1.95626e+07
1.9562e+07
1.95614e+07
1.95608e+07
1.95602e+07
1.95596e+07
1.9559e+07
1.95584e+07
1.95578e+07
1.95572e+07
1.95566e+07
1.95561e+07
1.95555e+07
1.95549e+07
1.95543e+07
1.95538e+07
1.95532e+07
1.95526e+07
1.95521e+07
1.95515e+07
1.95509e+07
1.95504e+07
1.95498e+07
1.95493e+07
1.95488e+07
1.95482e+07
1.95477e+07
1.95472e+07
1.95467e+07
1.95461e+07
1.95456e+07
1.95451e+07
1.95446e+07
1.95441e+07
1.95436e+07
1.95432e+07
1.95427e+07
1.95422e+07
1.95417e+07
1.95413e+07
1.95408e+07
1.95404e+07
1.95399e+07
1.95395e+07
1.95391e+07
1.95386e+07
1.95382e+07
1.95378e+07
1.95374e+07
1.95369e+07
1.95365e+07
1.95361e+07
1.95357e+07
1.95354e+07
1.9535e+07
1.95346e+07
1.95342e+07
1.95338e+07
1.95334e+07
1.95331e+07
1.95327e+07
1.95323e+07
1.9532e+07
1.95316e+07
1.95313e+07
1.95309e+07
1.95306e+07
1.95302e+07
1.95299e+07
1.95296e+07
1.95292e+07
1.95289e+07
1.95285e+07
1.95282e+07
1.95279e+07
1.95275e+07
1.95272e+07
1.95269e+07
1.95266e+07
1.95262e+07
1.95259e+07
1.95256e+07
1.95253e+07
1.95249e+07
1.95246e+07
1.95243e+07
1.9524e+07
1.95237e+07
1.95233e+07
1.9523e+07
1.95227e+07
1.95224e+07
1.9522e+07
1.95217e+07
1.95214e+07
1.95211e+07
1.95207e+07
1.95204e+07
1.95201e+07
1.95198e+07
1.95194e+07
1.95191e+07
1.95188e+07
1.95184e+07
1.95181e+07
1.95177e+07
1.95174e+07
1.9517e+07
1.95167e+07
1.95163e+07
1.9516e+07
1.95156e+07
1.95153e+07
1.95149e+07
1.95145e+07
1.95142e+07
1.95138e+07
1.95134e+07
1.9513e+07
1.95126e+07
1.95123e+07
1.95119e+07
1.95115e+07
1.95111e+07
1.95107e+07
1.95103e+07
1.95098e+07
1.95094e+07
1.9509e+07
1.95086e+07
1.95081e+07
1.95077e+07
1.95073e+07
1.95068e+07
1.95064e+07
1.95059e+07
1.95055e+07
1.9505e+07
1.95045e+07
1.95041e+07
1.95036e+07
1.95031e+07
1.95026e+07
1.95021e+07
1.95016e+07
1.95011e+07
1.95006e+07
1.95001e+07
1.94996e+07
1.94991e+07
1.94985e+07
1.9498e+07
1.94975e+07
1.94969e+07
1.94964e+07
1.94958e+07
1.94953e+07
1.94947e+07
1.94942e+07
1.94936e+07
1.9493e+07
1.94924e+07
1.94919e+07
1.94913e+07
1.94907e+07
1.94901e+07
1.94895e+07
1.94889e+07
1.94883e+07
1.94877e+07
1.94871e+07
1.94865e+07
1.94859e+07
1.94853e+07
1.94847e+07
1.94841e+07
1.94835e+07
1.94829e+07
1.94823e+07
1.94816e+07
1.9481e+07
1.94804e+07
1.94798e+07
1.94792e+07
1.94786e+07
1.94779e+07
1.94773e+07
1.94767e+07
1.94761e+07
1.94755e+07
1.94749e+07
1.94742e+07
1.94736e+07
1.9473e+07
1.94724e+07
1.94718e+07
1.94711e+07
1.94705e+07
1.94699e+07
1.94693e+07
1.94687e+07
1.94681e+07
1.94674e+07
1.94668e+07
1.94662e+07
1.94656e+07
1.9465e+07
1.94644e+07
1.94638e+07
1.94631e+07
1.94625e+07
1.94619e+07
1.9626e+07
1.96261e+07
1.96262e+07
1.96263e+07
1.96264e+07
1.96264e+07
1.96264e+07
1.96265e+07
1.96267e+07
1.96268e+07
1.96268e+07
1.96268e+07
1.96266e+07
1.96267e+07
1.96269e+07
1.9627e+07
1.9627e+07
1.96269e+07
1.9627e+07
1.96272e+07
1.96272e+07
1.96271e+07
1.9627e+07
1.96271e+07
1.96272e+07
1.96274e+07
1.96275e+07
1.96276e+07
1.96276e+07
1.96276e+07
1.96275e+07
1.96273e+07
1.96269e+07
1.96268e+07
1.9627e+07
1.96275e+07
1.96279e+07
1.96281e+07
1.96281e+07
1.9628e+07
1.96278e+07
1.96275e+07
1.96271e+07
1.96265e+07
1.96261e+07
1.96261e+07
1.96265e+07
1.96271e+07
1.96276e+07
1.96278e+07
1.96279e+07
1.96279e+07
1.96278e+07
1.96279e+07
1.96281e+07
1.96282e+07
1.9628e+07
1.96278e+07
1.96277e+07
1.96277e+07
1.96279e+07
1.96281e+07
1.96282e+07
1.96284e+07
1.96286e+07
1.96287e+07
1.96287e+07
1.96287e+07
1.96287e+07
1.96287e+07
1.96287e+07
1.96286e+07
1.96286e+07
1.96286e+07
1.96285e+07
1.96285e+07
1.96285e+07
1.96284e+07
1.96284e+07
1.96283e+07
1.96283e+07
1.96283e+07
1.96282e+07
1.96282e+07
1.96281e+07
1.96281e+07
1.9628e+07
1.9628e+07
1.96279e+07
1.96279e+07
1.96278e+07
1.96278e+07
1.96277e+07
1.96277e+07
1.96276e+07
1.96276e+07
1.96275e+07
1.96275e+07
1.96274e+07
1.96273e+07
1.96273e+07
1.96272e+07
1.96272e+07
1.96271e+07
1.96271e+07
1.9627e+07
1.96269e+07
1.96269e+07
1.96268e+07
1.96268e+07
1.96267e+07
1.96266e+07
1.96266e+07
1.96265e+07
1.96264e+07
1.96264e+07
1.96263e+07
1.96262e+07
1.96262e+07
1.96261e+07
1.9626e+07
1.9626e+07
1.96259e+07
1.96258e+07
1.96258e+07
1.96257e+07
1.96256e+07
1.96255e+07
1.96255e+07
1.96254e+07
1.96253e+07
1.96252e+07
1.96252e+07
1.96251e+07
1.9625e+07
1.96249e+07
1.96249e+07
1.96248e+07
1.96247e+07
1.96246e+07
1.96246e+07
1.96245e+07
1.96244e+07
1.96243e+07
1.96242e+07
1.96242e+07
1.96241e+07
1.9624e+07
1.96239e+07
1.96238e+07
1.96238e+07
1.96237e+07
1.96236e+07
1.96235e+07
1.96234e+07
1.96233e+07
1.96233e+07
1.96232e+07
1.96231e+07
1.9623e+07
1.96229e+07
1.96228e+07
1.96227e+07
1.96227e+07
1.96226e+07
1.96225e+07
1.96224e+07
1.96223e+07
1.96222e+07
1.96221e+07
1.9622e+07
1.9622e+07
1.96219e+07
1.96218e+07
1.96217e+07
1.96216e+07
1.96215e+07
1.96214e+07
1.96213e+07
1.96212e+07
1.96211e+07
1.9621e+07
1.96209e+07
1.96208e+07
1.96207e+07
1.96206e+07
1.96205e+07
1.96204e+07
1.96203e+07
1.96202e+07
1.96201e+07
1.962e+07
1.96199e+07
1.96198e+07
1.96197e+07
1.96196e+07
1.96194e+07
1.96193e+07
1.96192e+07
1.96191e+07
1.9619e+07
1.96189e+07
1.96187e+07
1.96186e+07
1.96185e+07
1.96184e+07
1.96182e+07
1.96181e+07
1.9618e+07
1.96179e+07
1.96177e+07
1.96176e+07
1.96175e+07
1.96174e+07
1.96172e+07
1.96171e+07
1.9617e+07
1.96168e+07
1.96167e+07
1.96166e+07
1.96164e+07
1.96163e+07
1.96162e+07
1.9616e+07
1.96159e+07
1.96158e+07
1.96156e+07
1.96155e+07
1.96154e+07
1.96152e+07
1.96151e+07
1.9615e+07
1.96149e+07
1.96147e+07
1.96146e+07
1.96145e+07
1.96143e+07
1.96142e+07
1.96141e+07
1.96139e+07
1.96138e+07
1.96137e+07
1.96135e+07
1.96134e+07
1.96133e+07
1.96131e+07
1.9613e+07
1.96128e+07
1.96127e+07
1.96126e+07
1.96124e+07
1.96123e+07
1.96121e+07
1.9612e+07
1.96118e+07
1.96117e+07
1.96115e+07
1.96113e+07
1.96112e+07
1.9611e+07
1.96109e+07
1.96107e+07
1.96105e+07
1.96104e+07
1.96102e+07
1.961e+07
1.96098e+07
1.96097e+07
1.96095e+07
1.96093e+07
1.96091e+07
1.96089e+07
1.96087e+07
1.96086e+07
1.96084e+07
1.96082e+07
1.9608e+07
1.96078e+07
1.96076e+07
1.96074e+07
1.96072e+07
1.9607e+07
1.96068e+07
1.96066e+07
1.96064e+07
1.96062e+07
1.9606e+07
1.96058e+07
1.96056e+07
1.96054e+07
1.96051e+07
1.96049e+07
1.96047e+07
1.96045e+07
1.96043e+07
1.9604e+07
1.96038e+07
1.96036e+07
1.96033e+07
1.96031e+07
1.96029e+07
1.96026e+07
1.96024e+07
1.96021e+07
1.96018e+07
1.96016e+07
1.96013e+07
1.96011e+07
1.96008e+07
1.96005e+07
1.96002e+07
1.95999e+07
1.95997e+07
1.95994e+07
1.95991e+07
1.95988e+07
1.95984e+07
1.95981e+07
1.95978e+07
1.95975e+07
1.95972e+07
1.95968e+07
1.95965e+07
1.95961e+07
1.95958e+07
1.95954e+07
1.95951e+07
1.95947e+07
1.95943e+07
1.9594e+07
1.95936e+07
1.95932e+07
1.95928e+07
1.95924e+07
1.9592e+07
1.95916e+07
1.95911e+07
1.95907e+07
1.95903e+07
1.95898e+07
1.95894e+07
1.95889e+07
1.95885e+07
1.9588e+07
1.95875e+07
1.95871e+07
1.95866e+07
1.95861e+07
1.95856e+07
1.95851e+07
1.95846e+07
1.95841e+07
1.95836e+07
1.9583e+07
1.95825e+07
1.9582e+07
1.95814e+07
1.95809e+07
1.95803e+07
1.95798e+07
1.95792e+07
1.95787e+07
1.95781e+07
1.95775e+07
1.9577e+07
1.95764e+07
1.95758e+07
1.95752e+07
1.95746e+07
1.9574e+07
1.95734e+07
1.95728e+07
1.95723e+07
1.95717e+07
1.95711e+07
1.95705e+07
1.95699e+07
1.95692e+07
1.95686e+07
1.9568e+07
1.95674e+07
1.95668e+07
1.95662e+07
1.95656e+07
1.9565e+07
1.95644e+07
1.95638e+07
1.95632e+07
1.95626e+07
1.9562e+07
1.95614e+07
1.95608e+07
1.95602e+07
1.95596e+07
1.9559e+07
1.95584e+07
1.95578e+07
1.95572e+07
1.95566e+07
1.95561e+07
1.95555e+07
1.95549e+07
1.95543e+07
1.95538e+07
1.95532e+07
1.95526e+07
1.95521e+07
1.95515e+07
1.95509e+07
1.95504e+07
1.95498e+07
1.95493e+07
1.95488e+07
1.95482e+07
1.95477e+07
1.95472e+07
1.95467e+07
1.95461e+07
1.95456e+07
1.95451e+07
1.95446e+07
1.95441e+07
1.95436e+07
1.95432e+07
1.95427e+07
1.95422e+07
1.95417e+07
1.95413e+07
1.95408e+07
1.95404e+07
1.95399e+07
1.95395e+07
1.95391e+07
1.95386e+07
1.95382e+07
1.95378e+07
1.95374e+07
1.95369e+07
1.95365e+07
1.95361e+07
1.95357e+07
1.95354e+07
1.9535e+07
1.95346e+07
1.95342e+07
1.95338e+07
1.95334e+07
1.95331e+07
1.95327e+07
1.95323e+07
1.9532e+07
1.95316e+07
1.95313e+07
1.95309e+07
1.95306e+07
1.95302e+07
1.95299e+07
1.95296e+07
1.95292e+07
1.95289e+07
1.95285e+07
1.95282e+07
1.95279e+07
1.95275e+07
1.95272e+07
1.95269e+07
1.95266e+07
1.95262e+07
1.95259e+07
1.95256e+07
1.95253e+07
1.95249e+07
1.95246e+07
1.95243e+07
1.9524e+07
1.95237e+07
1.95233e+07
1.9523e+07
1.95227e+07
1.95224e+07
1.9522e+07
1.95217e+07
1.95214e+07
1.95211e+07
1.95207e+07
1.95204e+07
1.95201e+07
1.95198e+07
1.95194e+07
1.95191e+07
1.95188e+07
1.95184e+07
1.95181e+07
1.95177e+07
1.95174e+07
1.9517e+07
1.95167e+07
1.95163e+07
1.9516e+07
1.95156e+07
1.95153e+07
1.95149e+07
1.95145e+07
1.95142e+07
1.95138e+07
1.95134e+07
1.9513e+07
1.95126e+07
1.95123e+07
1.95119e+07
1.95115e+07
1.95111e+07
1.95107e+07
1.95103e+07
1.95098e+07
1.95094e+07
1.9509e+07
1.95086e+07
1.95081e+07
1.95077e+07
1.95073e+07
1.95068e+07
1.95064e+07
1.95059e+07
1.95055e+07
1.9505e+07
1.95045e+07
1.95041e+07
1.95036e+07
1.95031e+07
1.95026e+07
1.95021e+07
1.95016e+07
1.95011e+07
1.95006e+07
1.95001e+07
1.94996e+07
1.94991e+07
1.94985e+07
1.9498e+07
1.94975e+07
1.94969e+07
1.94964e+07
1.94958e+07
1.94953e+07
1.94947e+07
1.94942e+07
1.94936e+07
1.9493e+07
1.94924e+07
1.94919e+07
1.94913e+07
1.94907e+07
1.94901e+07
1.94895e+07
1.94889e+07
1.94883e+07
1.94877e+07
1.94871e+07
1.94865e+07
1.94859e+07
1.94853e+07
1.94847e+07
1.94841e+07
1.94835e+07
1.94829e+07
1.94823e+07
1.94816e+07
1.9481e+07
1.94804e+07
1.94798e+07
1.94792e+07
1.94786e+07
1.94779e+07
1.94773e+07
1.94767e+07
1.94761e+07
1.94755e+07
1.94749e+07
1.94742e+07
1.94736e+07
1.9473e+07
1.94724e+07
1.94718e+07
1.94711e+07
1.94705e+07
1.94699e+07
1.94693e+07
1.94687e+07
1.94681e+07
1.94674e+07
1.94668e+07
1.94662e+07
1.94656e+07
1.9465e+07
1.94644e+07
1.94638e+07
1.94631e+07
1.94625e+07
1.94619e+07
1.9626e+07
1.96261e+07
1.96262e+07
1.96262e+07
1.96263e+07
1.96263e+07
1.96264e+07
1.96265e+07
1.96266e+07
1.96267e+07
1.96267e+07
1.96266e+07
1.96266e+07
1.96267e+07
1.96269e+07
1.96269e+07
1.96268e+07
1.96268e+07
1.9627e+07
1.96271e+07
1.96271e+07
1.9627e+07
1.96269e+07
1.9627e+07
1.96272e+07
1.96274e+07
1.96275e+07
1.96275e+07
1.96275e+07
1.96275e+07
1.96273e+07
1.96271e+07
1.9627e+07
1.96269e+07
1.96271e+07
1.96275e+07
1.96278e+07
1.96278e+07
1.96278e+07
1.96276e+07
1.96274e+07
1.96272e+07
1.96269e+07
1.96267e+07
1.96263e+07
1.96263e+07
1.96266e+07
1.96271e+07
1.96275e+07
1.96277e+07
1.96278e+07
1.96277e+07
1.96278e+07
1.9628e+07
1.96282e+07
1.96282e+07
1.96279e+07
1.96278e+07
1.96277e+07
1.96278e+07
1.96279e+07
1.96281e+07
1.96283e+07
1.96284e+07
1.96286e+07
1.96287e+07
1.96287e+07
1.96287e+07
1.96287e+07
1.96287e+07
1.96287e+07
1.96286e+07
1.96286e+07
1.96286e+07
1.96285e+07
1.96285e+07
1.96285e+07
1.96284e+07
1.96284e+07
1.96283e+07
1.96283e+07
1.96283e+07
1.96282e+07
1.96282e+07
1.96281e+07
1.96281e+07
1.9628e+07
1.9628e+07
1.96279e+07
1.96279e+07
1.96278e+07
1.96278e+07
1.96277e+07
1.96277e+07
1.96276e+07
1.96276e+07
1.96275e+07
1.96275e+07
1.96274e+07
1.96273e+07
1.96273e+07
1.96272e+07
1.96272e+07
1.96271e+07
1.96271e+07
1.9627e+07
1.96269e+07
1.96269e+07
1.96268e+07
1.96268e+07
1.96267e+07
1.96266e+07
1.96266e+07
1.96265e+07
1.96264e+07
1.96264e+07
1.96263e+07
1.96262e+07
1.96262e+07
1.96261e+07
1.9626e+07
1.9626e+07
1.96259e+07
1.96258e+07
1.96258e+07
1.96257e+07
1.96256e+07
1.96255e+07
1.96255e+07
1.96254e+07
1.96253e+07
1.96252e+07
1.96252e+07
1.96251e+07
1.9625e+07
1.96249e+07
1.96249e+07
1.96248e+07
1.96247e+07
1.96246e+07
1.96246e+07
1.96245e+07
1.96244e+07
1.96243e+07
1.96242e+07
1.96242e+07
1.96241e+07
1.9624e+07
1.96239e+07
1.96238e+07
1.96238e+07
1.96237e+07
1.96236e+07
1.96235e+07
1.96234e+07
1.96233e+07
1.96233e+07
1.96232e+07
1.96231e+07
1.9623e+07
1.96229e+07
1.96228e+07
1.96227e+07
1.96227e+07
1.96226e+07
1.96225e+07
1.96224e+07
1.96223e+07
1.96222e+07
1.96221e+07
1.9622e+07
1.9622e+07
1.96219e+07
1.96218e+07
1.96217e+07
1.96216e+07
1.96215e+07
1.96214e+07
1.96213e+07
1.96212e+07
1.96211e+07
1.9621e+07
1.96209e+07
1.96208e+07
1.96207e+07
1.96206e+07
1.96205e+07
1.96204e+07
1.96203e+07
1.96202e+07
1.96201e+07
1.962e+07
1.96199e+07
1.96198e+07
1.96197e+07
1.96196e+07
1.96194e+07
1.96193e+07
1.96192e+07
1.96191e+07
1.9619e+07
1.96189e+07
1.96187e+07
1.96186e+07
1.96185e+07
1.96184e+07
1.96182e+07
1.96181e+07
1.9618e+07
1.96179e+07
1.96177e+07
1.96176e+07
1.96175e+07
1.96174e+07
1.96172e+07
1.96171e+07
1.9617e+07
1.96168e+07
1.96167e+07
1.96166e+07
1.96164e+07
1.96163e+07
1.96162e+07
1.9616e+07
1.96159e+07
1.96158e+07
1.96156e+07
1.96155e+07
1.96154e+07
1.96152e+07
1.96151e+07
1.9615e+07
1.96149e+07
1.96147e+07
1.96146e+07
1.96145e+07
1.96143e+07
1.96142e+07
1.96141e+07
1.96139e+07
1.96138e+07
1.96137e+07
1.96135e+07
1.96134e+07
1.96133e+07
1.96131e+07
1.9613e+07
1.96128e+07
1.96127e+07
1.96126e+07
1.96124e+07
1.96123e+07
1.96121e+07
1.9612e+07
1.96118e+07
1.96117e+07
1.96115e+07
1.96113e+07
1.96112e+07
1.9611e+07
1.96109e+07
1.96107e+07
1.96105e+07
1.96104e+07
1.96102e+07
1.961e+07
1.96098e+07
1.96097e+07
1.96095e+07
1.96093e+07
1.96091e+07
1.96089e+07
1.96087e+07
1.96086e+07
1.96084e+07
1.96082e+07
1.9608e+07
1.96078e+07
1.96076e+07
1.96074e+07
1.96072e+07
1.9607e+07
1.96068e+07
1.96066e+07
1.96064e+07
1.96062e+07
1.9606e+07
1.96058e+07
1.96056e+07
1.96054e+07
1.96051e+07
1.96049e+07
1.96047e+07
1.96045e+07
1.96043e+07
1.9604e+07
1.96038e+07
1.96036e+07
1.96033e+07
1.96031e+07
1.96029e+07
1.96026e+07
1.96024e+07
1.96021e+07
1.96018e+07
1.96016e+07
1.96013e+07
1.96011e+07
1.96008e+07
1.96005e+07
1.96002e+07
1.95999e+07
1.95997e+07
1.95994e+07
1.95991e+07
1.95988e+07
1.95984e+07
1.95981e+07
1.95978e+07
1.95975e+07
1.95972e+07
1.95968e+07
1.95965e+07
1.95961e+07
1.95958e+07
1.95954e+07
1.95951e+07
1.95947e+07
1.95943e+07
1.9594e+07
1.95936e+07
1.95932e+07
1.95928e+07
1.95924e+07
1.9592e+07
1.95916e+07
1.95911e+07
1.95907e+07
1.95903e+07
1.95898e+07
1.95894e+07
1.95889e+07
1.95885e+07
1.9588e+07
1.95875e+07
1.95871e+07
1.95866e+07
1.95861e+07
1.95856e+07
1.95851e+07
1.95846e+07
1.95841e+07
1.95836e+07
1.9583e+07
1.95825e+07
1.9582e+07
1.95814e+07
1.95809e+07
1.95803e+07
1.95798e+07
1.95792e+07
1.95787e+07
1.95781e+07
1.95775e+07
1.9577e+07
1.95764e+07
1.95758e+07
1.95752e+07
1.95746e+07
1.9574e+07
1.95734e+07
1.95728e+07
1.95723e+07
1.95717e+07
1.95711e+07
1.95705e+07
1.95699e+07
1.95692e+07
1.95686e+07
1.9568e+07
1.95674e+07
1.95668e+07
1.95662e+07
1.95656e+07
1.9565e+07
1.95644e+07
1.95638e+07
1.95632e+07
1.95626e+07
1.9562e+07
1.95614e+07
1.95608e+07
1.95602e+07
1.95596e+07
1.9559e+07
1.95584e+07
1.95578e+07
1.95572e+07
1.95566e+07
1.95561e+07
1.95555e+07
1.95549e+07
1.95543e+07
1.95538e+07
1.95532e+07
1.95526e+07
1.95521e+07
1.95515e+07
1.95509e+07
1.95504e+07
1.95498e+07
1.95493e+07
1.95488e+07
1.95482e+07
1.95477e+07
1.95472e+07
1.95467e+07
1.95461e+07
1.95456e+07
1.95451e+07
1.95446e+07
1.95441e+07
1.95436e+07
1.95432e+07
1.95427e+07
1.95422e+07
1.95417e+07
1.95413e+07
1.95408e+07
1.95404e+07
1.95399e+07
1.95395e+07
1.95391e+07
1.95386e+07
1.95382e+07
1.95378e+07
1.95374e+07
1.95369e+07
1.95365e+07
1.95361e+07
1.95357e+07
1.95354e+07
1.9535e+07
1.95346e+07
1.95342e+07
1.95338e+07
1.95334e+07
1.95331e+07
1.95327e+07
1.95323e+07
1.9532e+07
1.95316e+07
1.95313e+07
1.95309e+07
1.95306e+07
1.95302e+07
1.95299e+07
1.95296e+07
1.95292e+07
1.95289e+07
1.95285e+07
1.95282e+07
1.95279e+07
1.95275e+07
1.95272e+07
1.95269e+07
1.95266e+07
1.95262e+07
1.95259e+07
1.95256e+07
1.95253e+07
1.95249e+07
1.95246e+07
1.95243e+07
1.9524e+07
1.95237e+07
1.95233e+07
1.9523e+07
1.95227e+07
1.95224e+07
1.9522e+07
1.95217e+07
1.95214e+07
1.95211e+07
1.95207e+07
1.95204e+07
1.95201e+07
1.95198e+07
1.95194e+07
1.95191e+07
1.95188e+07
1.95184e+07
1.95181e+07
1.95177e+07
1.95174e+07
1.9517e+07
1.95167e+07
1.95163e+07
1.9516e+07
1.95156e+07
1.95153e+07
1.95149e+07
1.95145e+07
1.95142e+07
1.95138e+07
1.95134e+07
1.9513e+07
1.95126e+07
1.95123e+07
1.95119e+07
1.95115e+07
1.95111e+07
1.95107e+07
1.95103e+07
1.95098e+07
1.95094e+07
1.9509e+07
1.95086e+07
1.95081e+07
1.95077e+07
1.95073e+07
1.95068e+07
1.95064e+07
1.95059e+07
1.95055e+07
1.9505e+07
1.95045e+07
1.95041e+07
1.95036e+07
1.95031e+07
1.95026e+07
1.95021e+07
1.95016e+07
1.95011e+07
1.95006e+07
1.95001e+07
1.94996e+07
1.94991e+07
1.94985e+07
1.9498e+07
1.94975e+07
1.94969e+07
1.94964e+07
1.94958e+07
1.94953e+07
1.94947e+07
1.94942e+07
1.94936e+07
1.9493e+07
1.94924e+07
1.94919e+07
1.94913e+07
1.94907e+07
1.94901e+07
1.94895e+07
1.94889e+07
1.94883e+07
1.94877e+07
1.94871e+07
1.94865e+07
1.94859e+07
1.94853e+07
1.94847e+07
1.94841e+07
1.94835e+07
1.94829e+07
1.94823e+07
1.94816e+07
1.9481e+07
1.94804e+07
1.94798e+07
1.94792e+07
1.94786e+07
1.94779e+07
1.94773e+07
1.94767e+07
1.94761e+07
1.94755e+07
1.94749e+07
1.94742e+07
1.94736e+07
1.9473e+07
1.94724e+07
1.94718e+07
1.94711e+07
1.94705e+07
1.94699e+07
1.94693e+07
1.94687e+07
1.94681e+07
1.94674e+07
1.94668e+07
1.94662e+07
1.94656e+07
1.9465e+07
1.94644e+07
1.94638e+07
1.94631e+07
1.94625e+07
1.94619e+07
1.9626e+07
1.96261e+07
1.96262e+07
1.96262e+07
1.96263e+07
1.96263e+07
1.96264e+07
1.96265e+07
1.96266e+07
1.96267e+07
1.96267e+07
1.96266e+07
1.96266e+07
1.96267e+07
1.96269e+07
1.96269e+07
1.96268e+07
1.96268e+07
1.9627e+07
1.96271e+07
1.96271e+07
1.9627e+07
1.96269e+07
1.9627e+07
1.96272e+07
1.96274e+07
1.96275e+07
1.96275e+07
1.96275e+07
1.96275e+07
1.96273e+07
1.96271e+07
1.9627e+07
1.96269e+07
1.96271e+07
1.96275e+07
1.96278e+07
1.96278e+07
1.96278e+07
1.96276e+07
1.96274e+07
1.96271e+07
1.96269e+07
1.96267e+07
1.96263e+07
1.96263e+07
1.96266e+07
1.96271e+07
1.96275e+07
1.96277e+07
1.96278e+07
1.96277e+07
1.96278e+07
1.9628e+07
1.96282e+07
1.96282e+07
1.96279e+07
1.96278e+07
1.96277e+07
1.96278e+07
1.96279e+07
1.96281e+07
1.96283e+07
1.96284e+07
1.96286e+07
1.96287e+07
1.96287e+07
1.96287e+07
1.96287e+07
1.96287e+07
1.96287e+07
1.96286e+07
1.96286e+07
1.96286e+07
1.96285e+07
1.96285e+07
1.96285e+07
1.96284e+07
1.96284e+07
1.96283e+07
1.96283e+07
1.96283e+07
1.96282e+07
1.96282e+07
1.96281e+07
1.96281e+07
1.9628e+07
1.9628e+07
1.96279e+07
1.96279e+07
1.96278e+07
1.96278e+07
1.96277e+07
1.96277e+07
1.96276e+07
1.96276e+07
1.96275e+07
1.96275e+07
1.96274e+07
1.96273e+07
1.96273e+07
1.96272e+07
1.96272e+07
1.96271e+07
1.96271e+07
1.9627e+07
1.96269e+07
1.96269e+07
1.96268e+07
1.96268e+07
1.96267e+07
1.96266e+07
1.96266e+07
1.96265e+07
1.96264e+07
1.96264e+07
1.96263e+07
1.96262e+07
1.96262e+07
1.96261e+07
1.9626e+07
1.9626e+07
1.96259e+07
1.96258e+07
1.96258e+07
1.96257e+07
1.96256e+07
1.96255e+07
1.96255e+07
1.96254e+07
1.96253e+07
1.96252e+07
1.96252e+07
1.96251e+07
1.9625e+07
1.96249e+07
1.96249e+07
1.96248e+07
1.96247e+07
1.96246e+07
1.96246e+07
1.96245e+07
1.96244e+07
1.96243e+07
1.96242e+07
1.96242e+07
1.96241e+07
1.9624e+07
1.96239e+07
1.96238e+07
1.96238e+07
1.96237e+07
1.96236e+07
1.96235e+07
1.96234e+07
1.96233e+07
1.96233e+07
1.96232e+07
1.96231e+07
1.9623e+07
1.96229e+07
1.96228e+07
1.96227e+07
1.96227e+07
1.96226e+07
1.96225e+07
1.96224e+07
1.96223e+07
1.96222e+07
1.96221e+07
1.9622e+07
1.9622e+07
1.96219e+07
1.96218e+07
1.96217e+07
1.96216e+07
1.96215e+07
1.96214e+07
1.96213e+07
1.96212e+07
1.96211e+07
1.9621e+07
1.96209e+07
1.96208e+07
1.96207e+07
1.96206e+07
1.96205e+07
1.96204e+07
1.96203e+07
1.96202e+07
1.96201e+07
1.962e+07
1.96199e+07
1.96198e+07
1.96197e+07
1.96196e+07
1.96194e+07
1.96193e+07
1.96192e+07
1.96191e+07
1.9619e+07
1.96189e+07
1.96187e+07
1.96186e+07
1.96185e+07
1.96184e+07
1.96182e+07
1.96181e+07
1.9618e+07
1.96179e+07
1.96177e+07
1.96176e+07
1.96175e+07
1.96174e+07
1.96172e+07
1.96171e+07
1.9617e+07
1.96168e+07
1.96167e+07
1.96166e+07
1.96164e+07
1.96163e+07
1.96162e+07
1.9616e+07
1.96159e+07
1.96158e+07
1.96156e+07
1.96155e+07
1.96154e+07
1.96152e+07
1.96151e+07
1.9615e+07
1.96149e+07
1.96147e+07
1.96146e+07
1.96145e+07
1.96143e+07
1.96142e+07
1.96141e+07
1.96139e+07
1.96138e+07
1.96137e+07
1.96135e+07
1.96134e+07
1.96133e+07
1.96131e+07
1.9613e+07
1.96128e+07
1.96127e+07
1.96126e+07
1.96124e+07
1.96123e+07
1.96121e+07
1.9612e+07
1.96118e+07
1.96117e+07
1.96115e+07
1.96113e+07
1.96112e+07
1.9611e+07
1.96109e+07
1.96107e+07
1.96105e+07
1.96104e+07
1.96102e+07
1.961e+07
1.96098e+07
1.96097e+07
1.96095e+07
1.96093e+07
1.96091e+07
1.96089e+07
1.96087e+07
1.96086e+07
1.96084e+07
1.96082e+07
1.9608e+07
1.96078e+07
1.96076e+07
1.96074e+07
1.96072e+07
1.9607e+07
1.96068e+07
1.96066e+07
1.96064e+07
1.96062e+07
1.9606e+07
1.96058e+07
1.96056e+07
1.96054e+07
1.96051e+07
1.96049e+07
1.96047e+07
1.96045e+07
1.96043e+07
1.9604e+07
1.96038e+07
1.96036e+07
1.96033e+07
1.96031e+07
1.96029e+07
1.96026e+07
1.96024e+07
1.96021e+07
1.96018e+07
1.96016e+07
1.96013e+07
1.96011e+07
1.96008e+07
1.96005e+07
1.96002e+07
1.95999e+07
1.95997e+07
1.95994e+07
1.95991e+07
1.95988e+07
1.95984e+07
1.95981e+07
1.95978e+07
1.95975e+07
1.95972e+07
1.95968e+07
1.95965e+07
1.95961e+07
1.95958e+07
1.95954e+07
1.95951e+07
1.95947e+07
1.95943e+07
1.9594e+07
1.95936e+07
1.95932e+07
1.95928e+07
1.95924e+07
1.9592e+07
1.95916e+07
1.95911e+07
1.95907e+07
1.95903e+07
1.95898e+07
1.95894e+07
1.95889e+07
1.95885e+07
1.9588e+07
1.95875e+07
1.95871e+07
1.95866e+07
1.95861e+07
1.95856e+07
1.95851e+07
1.95846e+07
1.95841e+07
1.95836e+07
1.9583e+07
1.95825e+07
1.9582e+07
1.95814e+07
1.95809e+07
1.95803e+07
1.95798e+07
1.95792e+07
1.95787e+07
1.95781e+07
1.95775e+07
1.9577e+07
1.95764e+07
1.95758e+07
1.95752e+07
1.95746e+07
1.9574e+07
1.95734e+07
1.95728e+07
1.95723e+07
1.95717e+07
1.95711e+07
1.95705e+07
1.95699e+07
1.95692e+07
1.95686e+07
1.9568e+07
1.95674e+07
1.95668e+07
1.95662e+07
1.95656e+07
1.9565e+07
1.95644e+07
1.95638e+07
1.95632e+07
1.95626e+07
1.9562e+07
1.95614e+07
1.95608e+07
1.95602e+07
1.95596e+07
1.9559e+07
1.95584e+07
1.95578e+07
1.95572e+07
1.95566e+07
1.95561e+07
1.95555e+07
1.95549e+07
1.95543e+07
1.95538e+07
1.95532e+07
1.95526e+07
1.95521e+07
1.95515e+07
1.95509e+07
1.95504e+07
1.95498e+07
1.95493e+07
1.95488e+07
1.95482e+07
1.95477e+07
1.95472e+07
1.95467e+07
1.95461e+07
1.95456e+07
1.95451e+07
1.95446e+07
1.95441e+07
1.95436e+07
1.95432e+07
1.95427e+07
1.95422e+07
1.95417e+07
1.95413e+07
1.95408e+07
1.95404e+07
1.95399e+07
1.95395e+07
1.95391e+07
1.95386e+07
1.95382e+07
1.95378e+07
1.95374e+07
1.95369e+07
1.95365e+07
1.95361e+07
1.95357e+07
1.95354e+07
1.9535e+07
1.95346e+07
1.95342e+07
1.95338e+07
1.95334e+07
1.95331e+07
1.95327e+07
1.95323e+07
1.9532e+07
1.95316e+07
1.95313e+07
1.95309e+07
1.95306e+07
1.95302e+07
1.95299e+07
1.95296e+07
1.95292e+07
1.95289e+07
1.95285e+07
1.95282e+07
1.95279e+07
1.95275e+07
1.95272e+07
1.95269e+07
1.95266e+07
1.95262e+07
1.95259e+07
1.95256e+07
1.95253e+07
1.95249e+07
1.95246e+07
1.95243e+07
1.9524e+07
1.95237e+07
1.95233e+07
1.9523e+07
1.95227e+07
1.95224e+07
1.9522e+07
1.95217e+07
1.95214e+07
1.95211e+07
1.95207e+07
1.95204e+07
1.95201e+07
1.95198e+07
1.95194e+07
1.95191e+07
1.95188e+07
1.95184e+07
1.95181e+07
1.95177e+07
1.95174e+07
1.9517e+07
1.95167e+07
1.95163e+07
1.9516e+07
1.95156e+07
1.95153e+07
1.95149e+07
1.95145e+07
1.95142e+07
1.95138e+07
1.95134e+07
1.9513e+07
1.95126e+07
1.95123e+07
1.95119e+07
1.95115e+07
1.95111e+07
1.95107e+07
1.95103e+07
1.95098e+07
1.95094e+07
1.9509e+07
1.95086e+07
1.95081e+07
1.95077e+07
1.95073e+07
1.95068e+07
1.95064e+07
1.95059e+07
1.95055e+07
1.9505e+07
1.95045e+07
1.95041e+07
1.95036e+07
1.95031e+07
1.95026e+07
1.95021e+07
1.95016e+07
1.95011e+07
1.95006e+07
1.95001e+07
1.94996e+07
1.94991e+07
1.94985e+07
1.9498e+07
1.94975e+07
1.94969e+07
1.94964e+07
1.94958e+07
1.94953e+07
1.94947e+07
1.94942e+07
1.94936e+07
1.9493e+07
1.94924e+07
1.94919e+07
1.94913e+07
1.94907e+07
1.94901e+07
1.94895e+07
1.94889e+07
1.94883e+07
1.94877e+07
1.94871e+07
1.94865e+07
1.94859e+07
1.94853e+07
1.94847e+07
1.94841e+07
1.94835e+07
1.94829e+07
1.94823e+07
1.94816e+07
1.9481e+07
1.94804e+07
1.94798e+07
1.94792e+07
1.94786e+07
1.94779e+07
1.94773e+07
1.94767e+07
1.94761e+07
1.94755e+07
1.94749e+07
1.94742e+07
1.94736e+07
1.9473e+07
1.94724e+07
1.94718e+07
1.94711e+07
1.94705e+07
1.94699e+07
1.94693e+07
1.94687e+07
1.94681e+07
1.94674e+07
1.94668e+07
1.94662e+07
1.94656e+07
1.9465e+07
1.94644e+07
1.94638e+07
1.94631e+07
1.94625e+07
1.94619e+07
)
;

boundaryField
{
    inlet
    {
        type            zeroGradient;
    }
    outlet
    {
        type            uniformTotalPressure;
        rho             none;
        psi             none;
        gamma           1.4364;
        pressure        tableFile;
        pressureCoeffs
        {
            fileName        "$FOAM_RUN/SH5_43mps_MFR_newBC/outlet0.2_42.7mps_fromCapture.dat";
        }
        value           nonuniform List<scalar> 5(1.94616e+07 1.94616e+07 1.94616e+07 1.94616e+07 1.94616e+07);
    }
    sides
    {
        type            empty;
    }
    walls
    {
        type            zeroGradient;
    }
}


// ************************************************************************* //
