/*--------------------------------*- C++ -*----------------------------------*\
| =========                 |                                                 |
| \\      /  F ield         | OpenFOAM: The Open Source CFD Toolbox           |
|  \\    /   O peration     | Version:  3.0.x                                 |
|   \\  /    A nd           | Web:      www.OpenFOAM.org                      |
|    \\/     M anipulation  |                                                 |
\*---------------------------------------------------------------------------*/
FoamFile
{
    version     2.0;
    format      ascii;
    class       volScalarField;
    location    "0.08";
    object      T;
}
// * * * * * * * * * * * * * * * * * * * * * * * * * * * * * * * * * * * * * //

dimensions      [0 0 0 1 0 0 0];

internalField   nonuniform List<scalar> 
6900
(
773.17
773.166
773.162
773.16
773.158
773.157
773.155
773.152
773.149
773.146
773.143
773.14
773.137
773.134
773.131
773.128
773.126
773.124
773.122
773.12
773.119
773.119
773.118
773.119
773.119
773.12
773.121
773.123
773.124
773.126
773.128
773.131
773.133
773.136
773.138
773.141
773.143
773.146
773.148
773.151
773.153
773.156
773.158
773.16
773.162
773.164
773.166
773.168
773.17
773.171
773.173
773.174
773.175
773.176
773.177
773.178
773.179
773.18
773.18
773.181
773.181
773.181
773.181
773.181
773.181
773.181
773.181
773.181
773.181
773.181
773.18
773.18
773.18
773.179
773.179
773.179
773.178
773.178
773.178
773.178
773.178
773.178
773.178
773.178
773.178
773.179
773.179
773.179
773.18
773.18
773.181
773.181
773.182
773.182
773.183
773.183
773.184
773.184
773.185
773.185
773.185
773.186
773.186
773.186
773.186
773.186
773.185
773.185
773.185
773.185
773.184
773.184
773.183
773.183
773.183
773.182
773.182
773.181
773.181
773.181
773.181
773.181
773.181
773.181
773.181
773.181
773.182
773.182
773.183
773.184
773.184
773.185
773.186
773.187
773.188
773.189
773.19
773.191
773.193
773.194
773.196
773.197
773.199
773.201
773.203
773.205
773.207
773.21
773.213
773.216
773.219
773.222
773.226
773.23
773.233
773.237
773.241
773.245
773.249
773.253
773.257
773.26
773.264
773.267
773.27
773.273
773.275
773.278
773.279
773.281
773.282
773.284
773.284
773.285
773.286
773.286
773.286
773.287
773.287
773.287
773.287
773.288
773.289
773.29
773.291
773.292
773.293
773.295
773.296
773.298
773.3
773.302
773.304
773.306
773.308
773.311
773.313
773.318
773.319
773.39
773.169
773.165
773.162
773.16
773.158
773.156
773.154
773.152
773.149
773.146
773.143
773.14
773.137
773.134
773.131
773.128
773.125
773.123
773.121
773.12
773.119
773.118
773.118
773.118
773.119
773.12
773.121
773.122
773.124
773.126
773.128
773.13
773.133
773.135
773.138
773.14
773.143
773.145
773.148
773.15
773.153
773.155
773.157
773.16
773.162
773.164
773.166
773.167
773.169
773.171
773.172
773.173
773.175
773.176
773.177
773.178
773.178
773.179
773.18
773.18
773.18
773.181
773.181
773.181
773.181
773.181
773.181
773.181
773.18
773.18
773.18
773.18
773.179
773.179
773.179
773.178
773.178
773.178
773.178
773.178
773.178
773.178
773.178
773.178
773.178
773.178
773.179
773.179
773.179
773.18
773.18
773.181
773.181
773.182
773.183
773.183
773.183
773.184
773.184
773.185
773.185
773.185
773.185
773.185
773.185
773.185
773.185
773.185
773.185
773.184
773.184
773.183
773.183
773.183
773.182
773.182
773.181
773.181
773.181
773.181
773.18
773.18
773.18
773.18
773.181
773.181
773.181
773.182
773.182
773.183
773.184
773.185
773.186
773.187
773.188
773.189
773.19
773.191
773.192
773.194
773.195
773.197
773.199
773.2
773.202
773.205
773.207
773.21
773.212
773.215
773.219
773.222
773.225
773.229
773.233
773.237
773.241
773.245
773.249
773.252
773.256
773.26
773.263
773.267
773.27
773.272
773.275
773.277
773.279
773.281
773.282
773.283
773.284
773.285
773.285
773.286
773.286
773.286
773.286
773.287
773.287
773.288
773.288
773.289
773.29
773.291
773.293
773.294
773.296
773.298
773.3
773.302
773.304
773.306
773.308
773.311
773.313
773.317
773.319
773.384
773.169
773.165
773.162
773.16
773.158
773.156
773.154
773.152
773.149
773.146
773.143
773.14
773.137
773.134
773.131
773.128
773.125
773.123
773.121
773.12
773.119
773.118
773.118
773.118
773.119
773.12
773.121
773.122
773.124
773.126
773.128
773.13
773.133
773.135
773.138
773.14
773.143
773.145
773.148
773.15
773.153
773.155
773.157
773.16
773.162
773.164
773.166
773.167
773.169
773.171
773.172
773.173
773.175
773.176
773.177
773.178
773.178
773.179
773.18
773.18
773.18
773.181
773.181
773.181
773.181
773.181
773.181
773.181
773.18
773.18
773.18
773.18
773.179
773.179
773.179
773.178
773.178
773.178
773.178
773.178
773.178
773.178
773.178
773.178
773.178
773.178
773.179
773.179
773.179
773.18
773.18
773.181
773.181
773.182
773.183
773.183
773.183
773.184
773.184
773.185
773.185
773.185
773.185
773.185
773.185
773.185
773.185
773.185
773.185
773.184
773.184
773.183
773.183
773.183
773.182
773.182
773.181
773.181
773.181
773.181
773.18
773.18
773.18
773.18
773.181
773.181
773.181
773.182
773.182
773.183
773.184
773.185
773.186
773.187
773.188
773.189
773.19
773.191
773.192
773.194
773.195
773.197
773.199
773.2
773.202
773.205
773.207
773.21
773.212
773.215
773.219
773.222
773.225
773.229
773.233
773.237
773.241
773.245
773.249
773.252
773.256
773.26
773.263
773.267
773.27
773.272
773.275
773.277
773.279
773.281
773.282
773.283
773.284
773.285
773.285
773.286
773.286
773.286
773.286
773.287
773.287
773.288
773.288
773.289
773.29
773.291
773.293
773.294
773.296
773.298
773.3
773.302
773.304
773.306
773.308
773.311
773.313
773.316
773.318
773.325
773.169
773.165
773.162
773.16
773.158
773.156
773.154
773.152
773.149
773.146
773.143
773.14
773.137
773.134
773.131
773.128
773.125
773.123
773.121
773.12
773.119
773.118
773.118
773.118
773.119
773.12
773.121
773.122
773.124
773.126
773.128
773.13
773.133
773.135
773.138
773.14
773.143
773.145
773.148
773.15
773.153
773.155
773.157
773.16
773.162
773.164
773.166
773.167
773.169
773.171
773.172
773.173
773.175
773.176
773.177
773.178
773.178
773.179
773.18
773.18
773.18
773.181
773.181
773.181
773.181
773.181
773.181
773.181
773.18
773.18
773.18
773.18
773.179
773.179
773.179
773.178
773.178
773.178
773.178
773.178
773.178
773.178
773.178
773.178
773.178
773.178
773.179
773.179
773.179
773.18
773.18
773.181
773.181
773.182
773.183
773.183
773.183
773.184
773.184
773.185
773.185
773.185
773.185
773.185
773.185
773.185
773.185
773.185
773.185
773.184
773.184
773.183
773.183
773.183
773.182
773.182
773.181
773.181
773.181
773.181
773.18
773.18
773.18
773.18
773.181
773.181
773.181
773.182
773.182
773.183
773.184
773.185
773.186
773.187
773.188
773.189
773.19
773.191
773.192
773.194
773.195
773.197
773.199
773.2
773.202
773.205
773.207
773.21
773.212
773.215
773.219
773.222
773.225
773.229
773.233
773.237
773.241
773.245
773.249
773.252
773.256
773.26
773.263
773.267
773.27
773.272
773.275
773.277
773.279
773.281
773.282
773.283
773.284
773.285
773.285
773.286
773.286
773.286
773.286
773.287
773.287
773.288
773.288
773.289
773.29
773.291
773.293
773.294
773.296
773.298
773.3
773.302
773.304
773.306
773.308
773.31
773.314
773.314
773.321
773.204
773.17
773.166
773.162
773.16
773.158
773.157
773.155
773.152
773.149
773.146
773.143
773.14
773.137
773.134
773.131
773.128
773.126
773.124
773.122
773.12
773.119
773.119
773.118
773.119
773.119
773.12
773.121
773.123
773.124
773.126
773.128
773.131
773.133
773.136
773.138
773.141
773.143
773.146
773.148
773.151
773.153
773.156
773.158
773.16
773.162
773.164
773.166
773.168
773.17
773.171
773.173
773.174
773.175
773.176
773.177
773.178
773.179
773.18
773.18
773.181
773.181
773.181
773.181
773.181
773.181
773.181
773.181
773.181
773.181
773.181
773.18
773.18
773.18
773.179
773.179
773.179
773.178
773.178
773.178
773.178
773.178
773.178
773.178
773.178
773.178
773.179
773.179
773.179
773.18
773.18
773.181
773.181
773.182
773.182
773.183
773.183
773.184
773.184
773.185
773.185
773.185
773.186
773.186
773.186
773.186
773.186
773.185
773.185
773.185
773.185
773.184
773.184
773.183
773.183
773.183
773.182
773.182
773.181
773.181
773.181
773.181
773.181
773.181
773.181
773.181
773.181
773.182
773.182
773.183
773.184
773.184
773.185
773.186
773.187
773.188
773.189
773.19
773.191
773.193
773.194
773.196
773.197
773.199
773.201
773.203
773.205
773.207
773.21
773.213
773.216
773.219
773.222
773.226
773.23
773.233
773.237
773.241
773.245
773.249
773.253
773.257
773.26
773.264
773.267
773.27
773.273
773.275
773.278
773.279
773.281
773.282
773.284
773.284
773.285
773.286
773.286
773.286
773.287
773.287
773.287
773.287
773.288
773.289
773.289
773.291
773.292
773.293
773.295
773.296
773.298
773.3
773.302
773.304
773.306
773.309
773.311
773.314
773.314
773.329
773.12
773.377
773.391
773.389
773.389
773.388
773.388
773.389
773.389
773.379
773.371
773.359
773.335
773.319
773.32
773.328
773.342
773.337
773.306
773.228
773.153
773.365
773.369
773.367
773.364
773.36
773.357
773.357
773.354
773.342
773.332
773.323
773.296
773.267
773.264
773.275
773.291
773.291
773.24
773.166
773.11
773.327
773.326
773.324
773.32
773.315
773.309
773.302
773.297
773.291
773.285
773.279
773.271
773.261
773.254
773.249
773.243
773.24
773.246
773.255
773.257
773.256
773.26
773.266
773.264
773.259
773.246
773.232
773.209
773.196
773.176
773.157
773.142
773.123
773.11
773.1
773.089
773.074
773.066
773.055
773.045
773.205
773.185
773.183
773.185
773.185
773.181
773.17
773.156
773.143
773.13
773.114
773.104
773.088
773.081
773.067
773.063
773.053
773.052
773.057
773.082
773.013
773.044
773.033
773.031
773.055
773.043
773.022
773.015
773.017
773.026
773.069
773.34
774.52
775.854
776.201
775.9
774.279
772.592
771.973
771.928
772.161
772.58
772.821
772.94
772.997
773.022
773.035
773.041
773.045
773.048
773.051
773.054
773.056
773.059
773.061
773.064
773.067
773.07
773.073
773.076
773.079
773.083
773.086
773.089
773.093
773.096
773.099
773.102
773.105
773.108
773.111
773.114
773.116
773.118
773.12
773.122
773.123
773.125
773.126
773.127
773.128
773.129
773.129
773.13
773.13
773.13
773.13
773.131
773.131
773.131
773.132
773.132
773.132
773.133
773.133
773.134
773.135
773.136
773.137
773.138
773.139
773.14
773.142
773.143
773.144
773.146
773.148
773.149
773.151
773.152
773.154
773.156
773.158
773.16
773.161
773.163
773.165
773.167
773.169
773.171
773.173
773.175
773.177
773.179
773.181
773.183
773.185
773.187
773.188
773.19
773.192
773.194
773.195
773.197
773.198
773.199
773.2
773.201
773.202
773.202
773.203
773.203
773.203
773.204
773.203
773.203
773.203
773.202
773.202
773.201
773.2
773.199
773.199
773.198
773.197
773.196
773.195
773.194
773.193
773.192
773.191
773.19
773.189
773.188
773.188
773.187
773.187
773.187
773.186
773.186
773.187
773.187
773.187
773.188
773.188
773.189
773.19
773.191
773.192
773.193
773.194
773.196
773.197
773.198
773.199
773.201
773.202
773.203
773.204
773.204
773.205
773.206
773.206
773.206
773.206
773.206
773.206
773.206
773.206
773.205
773.205
773.204
773.203
773.202
773.202
773.201
773.2
773.198
773.197
773.196
773.195
773.194
773.193
773.191
773.191
773.189
773.189
773.185
773.19
773.019
773.012
773.047
773.038
773.049
773.072
773.059
773.042
773.035
773.031
773.025
773.029
773.075
773.326
773.696
773.827
773.798
773.562
773.262
773.112
773.055
773.037
773.033
773.032
773.032
773.033
773.036
773.04
773.043
773.046
773.048
773.051
773.053
773.056
773.058
773.061
773.064
773.067
773.07
773.073
773.076
773.079
773.082
773.086
773.089
773.092
773.096
773.099
773.102
773.105
773.108
773.111
773.113
773.116
773.118
773.12
773.122
773.123
773.124
773.126
773.127
773.127
773.128
773.129
773.129
773.13
773.13
773.13
773.13
773.131
773.131
773.131
773.132
773.132
773.133
773.133
773.134
773.135
773.136
773.136
773.138
773.139
773.14
773.141
773.143
773.144
773.146
773.147
773.149
773.15
773.152
773.154
773.156
773.157
773.159
773.161
773.163
773.165
773.167
773.169
773.171
773.173
773.175
773.177
773.179
773.181
773.182
773.184
773.186
773.188
773.19
773.192
773.193
773.195
773.196
773.197
773.199
773.2
773.201
773.201
773.202
773.202
773.203
773.203
773.203
773.203
773.203
773.202
773.202
773.201
773.201
773.2
773.199
773.198
773.197
773.196
773.195
773.194
773.193
773.192
773.191
773.19
773.19
773.189
773.188
773.187
773.187
773.187
773.186
773.186
773.186
773.186
773.187
773.187
773.187
773.188
773.189
773.19
773.19
773.192
773.193
773.194
773.195
773.197
773.198
773.199
773.2
773.201
773.202
773.203
773.204
773.205
773.205
773.206
773.206
773.206
773.206
773.206
773.206
773.205
773.205
773.204
773.204
773.203
773.202
773.201
773.2
773.199
773.198
773.197
773.196
773.195
773.193
773.192
773.191
773.19
773.189
773.188
773.185
773.185
773.088
773.229
773.25
773.29
773.301
773.301
773.3
773.3
773.293
773.252
773.15
773.073
773.035
773.024
773.025
773.03
773.032
773.03
773.026
773.024
773.024
773.027
773.032
773.036
773.039
773.041
773.043
773.044
773.046
773.047
773.049
773.051
773.054
773.056
773.058
773.061
773.064
773.067
773.07
773.073
773.076
773.079
773.082
773.086
773.089
773.092
773.096
773.099
773.102
773.105
773.108
773.111
773.113
773.116
773.118
773.12
773.122
773.123
773.124
773.126
773.127
773.127
773.128
773.129
773.129
773.13
773.13
773.13
773.13
773.131
773.131
773.131
773.132
773.132
773.133
773.133
773.134
773.135
773.136
773.136
773.138
773.139
773.14
773.141
773.143
773.144
773.146
773.147
773.149
773.15
773.152
773.154
773.156
773.157
773.159
773.161
773.163
773.165
773.167
773.169
773.171
773.173
773.175
773.177
773.179
773.181
773.182
773.184
773.186
773.188
773.19
773.192
773.193
773.195
773.196
773.197
773.199
773.2
773.201
773.201
773.202
773.202
773.203
773.203
773.203
773.203
773.203
773.202
773.202
773.201
773.201
773.2
773.199
773.198
773.197
773.196
773.195
773.194
773.193
773.192
773.191
773.19
773.19
773.189
773.188
773.187
773.187
773.187
773.186
773.186
773.186
773.186
773.187
773.187
773.187
773.188
773.189
773.19
773.19
773.192
773.193
773.194
773.195
773.197
773.198
773.199
773.2
773.201
773.202
773.203
773.204
773.205
773.205
773.206
773.206
773.206
773.206
773.206
773.206
773.205
773.205
773.204
773.204
773.203
773.202
773.201
773.2
773.199
773.198
773.197
773.196
773.195
773.194
773.192
773.191
773.19
773.189
773.188
773.188
773.187
773.189
773.03
773.028
773.029
773.034
773.034
773.034
773.035
773.039
773.048
773.069
773.098
773.111
773.114
773.122
773.164
773.236
773.253
773.237
773.157
773.072
773.032
773.02
773.019
773.024
773.032
773.037
773.041
773.044
773.047
773.049
773.051
773.053
773.056
773.058
773.061
773.064
773.067
773.07
773.073
773.076
773.079
773.082
773.086
773.089
773.092
773.096
773.099
773.102
773.105
773.108
773.111
773.113
773.116
773.118
773.12
773.122
773.123
773.124
773.126
773.127
773.127
773.128
773.129
773.129
773.13
773.13
773.13
773.13
773.131
773.131
773.131
773.132
773.132
773.133
773.133
773.134
773.135
773.136
773.136
773.138
773.139
773.14
773.141
773.143
773.144
773.146
773.147
773.149
773.15
773.152
773.154
773.156
773.157
773.159
773.161
773.163
773.165
773.167
773.169
773.171
773.173
773.175
773.177
773.179
773.181
773.182
773.184
773.186
773.188
773.19
773.192
773.193
773.195
773.196
773.197
773.199
773.2
773.201
773.201
773.202
773.202
773.203
773.203
773.203
773.203
773.203
773.202
773.202
773.201
773.201
773.2
773.199
773.198
773.197
773.196
773.195
773.194
773.193
773.192
773.191
773.19
773.19
773.189
773.188
773.187
773.187
773.187
773.186
773.186
773.186
773.186
773.187
773.187
773.187
773.188
773.189
773.19
773.19
773.192
773.193
773.194
773.195
773.197
773.198
773.199
773.2
773.201
773.202
773.203
773.204
773.205
773.205
773.206
773.206
773.206
773.206
773.206
773.206
773.205
773.205
773.204
773.204
773.203
773.202
773.201
773.2
773.199
773.198
773.197
773.196
773.195
773.194
773.192
773.191
773.19
773.189
773.188
773.189
773.191
773.239
773.143
773.151
773.151
773.157
773.158
773.16
773.16
773.167
773.19
773.204
773.197
773.124
773.019
773.022
773.231
773.897
774.338
774.436
774.365
774.005
773.579
773.318
773.174
773.102
773.068
773.054
773.049
773.048
773.048
773.05
773.052
773.054
773.056
773.059
773.061
773.064
773.067
773.07
773.073
773.076
773.079
773.083
773.086
773.089
773.093
773.096
773.099
773.102
773.105
773.108
773.111
773.114
773.116
773.118
773.12
773.122
773.123
773.125
773.126
773.127
773.128
773.129
773.129
773.13
773.13
773.13
773.13
773.131
773.131
773.131
773.132
773.132
773.132
773.133
773.133
773.134
773.135
773.136
773.137
773.138
773.139
773.14
773.142
773.143
773.144
773.146
773.148
773.149
773.151
773.152
773.154
773.156
773.158
773.16
773.161
773.163
773.165
773.167
773.169
773.171
773.173
773.175
773.177
773.179
773.181
773.183
773.185
773.187
773.188
773.19
773.192
773.194
773.195
773.197
773.198
773.199
773.2
773.201
773.202
773.202
773.203
773.203
773.203
773.204
773.203
773.203
773.203
773.202
773.202
773.201
773.2
773.199
773.199
773.198
773.197
773.196
773.195
773.194
773.193
773.192
773.191
773.19
773.189
773.188
773.188
773.187
773.187
773.187
773.186
773.186
773.187
773.187
773.187
773.188
773.188
773.189
773.19
773.191
773.192
773.193
773.194
773.196
773.197
773.198
773.199
773.201
773.202
773.203
773.204
773.204
773.205
773.206
773.206
773.206
773.206
773.206
773.206
773.206
773.206
773.205
773.205
773.204
773.203
773.202
773.202
773.201
773.199
773.198
773.197
773.196
773.195
773.194
773.193
773.192
773.191
773.19
773.189
773.19
773.191
773.243
773.079
773.059
773.054
773.056
773.054
773.049
773.036
773.027
773.009
773
772.983
772.972
772.956
772.948
772.935
772.931
772.919
772.919
772.924
772.95
773.126
773.126
773.131
773.129
773.123
773.11
773.092
773.078
773.058
773.043
773.023
773.007
772.989
772.98
772.967
772.952
772.94
772.932
772.92
772.914
773.19
773.189
773.186
773.182
773.177
773.171
773.164
773.157
773.151
773.144
773.137
773.128
773.119
773.112
773.106
773.101
773.102
773.11
773.114
773.11
773.226
773.229
773.228
773.225
773.222
773.22
773.219
773.211
773.2
773.189
773.173
773.144
773.13
773.137
773.152
773.161
773.135
773.069
773.026
772.991
773.237
773.251
773.25
773.25
773.249
773.249
773.25
773.245
773.235
773.225
773.208
773.188
773.183
773.189
773.201
773.209
773.179
773.148
773.076
773.031
773.01
773.014
773.013
773.016
773.014
773.012
773.012
773.016
773.033
773.053
773.053
773.013
772.887
772.856
772.96
773.502
774.091
774.29
774.275
774.041
773.579
773.266
773.085
772.991
772.946
772.927
772.92
772.919
772.92
772.923
772.926
772.93
772.934
772.937
772.942
772.946
772.95
772.955
772.96
772.965
772.969
772.974
772.979
772.984
772.989
772.994
772.999
773.004
773.009
773.013
773.017
773.021
773.025
773.028
773.032
773.035
773.037
773.039
773.041
773.042
773.044
773.045
773.045
773.046
773.046
773.046
773.046
773.046
773.045
773.045
773.045
773.044
773.044
773.044
773.044
773.044
773.044
773.045
773.046
773.047
773.049
773.05
773.053
773.055
773.057
773.06
773.063
773.067
773.07
773.074
773.078
773.082
773.086
773.09
773.095
773.098
773.104
773.105
773.114
772.951
772.899
772.894
772.894
772.897
772.894
772.892
772.892
772.895
772.902
772.913
772.941
772.965
772.971
772.974
772.99
773.048
773.083
773.081
773.043
772.957
772.907
772.888
772.885
772.888
772.896
772.904
772.91
772.914
772.918
772.922
772.925
772.929
772.933
772.937
772.941
772.946
772.95
772.955
772.959
772.964
772.969
772.974
772.979
772.984
772.989
772.994
772.999
773.004
773.008
773.013
773.017
773.021
773.025
773.028
773.031
773.034
773.037
773.039
773.041
773.042
773.043
773.044
773.045
773.045
773.046
773.046
773.046
773.045
773.045
773.044
773.044
773.044
773.044
773.043
773.043
773.043
773.044
773.044
773.045
773.047
773.048
773.05
773.052
773.054
773.057
773.06
773.063
773.066
773.07
773.073
773.077
773.081
773.086
773.09
773.094
773.098
773.104
773.105
773.109
773.02
773.083
773.113
773.145
773.153
773.156
773.16
773.162
773.159
773.133
773.046
772.958
772.91
772.893
772.891
772.894
772.897
772.896
772.891
772.888
772.888
772.889
772.894
772.899
772.904
772.907
772.91
772.913
772.916
772.919
772.922
772.926
772.929
772.933
772.937
772.941
772.946
772.95
772.955
772.959
772.964
772.969
772.974
772.979
772.984
772.989
772.994
772.999
773.004
773.008
773.013
773.017
773.021
773.025
773.028
773.031
773.034
773.037
773.039
773.041
773.042
773.043
773.044
773.045
773.045
773.046
773.046
773.046
773.045
773.045
773.044
773.044
773.044
773.044
773.043
773.043
773.043
773.044
773.044
773.045
773.047
773.048
773.05
773.052
773.054
773.057
773.06
773.063
773.066
773.07
773.074
773.077
773.081
773.085
773.09
773.094
773.099
773.103
773.108
773.112
773.12
772.869
772.912
772.905
772.916
772.937
772.918
772.904
772.902
772.901
772.894
772.891
772.912
773.07
773.466
773.682
773.697
773.549
773.195
772.986
772.903
772.885
772.886
772.89
772.894
772.898
772.903
772.908
772.913
772.917
772.921
772.925
772.929
772.933
772.937
772.941
772.945
772.95
772.955
772.959
772.964
772.969
772.974
772.979
772.984
772.989
772.994
772.999
773.004
773.008
773.013
773.017
773.021
773.025
773.028
773.031
773.034
773.037
773.039
773.041
773.042
773.043
773.044
773.045
773.045
773.046
773.046
773.046
773.045
773.045
773.044
773.044
773.044
773.044
773.043
773.043
773.043
773.044
773.045
773.045
773.047
773.048
773.05
773.052
773.054
773.057
773.06
773.063
773.066
773.07
773.074
773.077
773.081
773.085
773.09
773.094
773.099
773.103
773.109
773.114
773.169
772.873
772.909
772.901
772.901
772.922
772.904
772.885
772.882
772.887
772.893
772.911
773.036
773.742
775.23
775.892
775.847
774.89
772.954
771.999
771.797
771.905
772.3
772.609
772.769
772.846
772.882
772.9
772.91
772.916
772.921
772.925
772.929
772.933
772.937
772.941
772.946
772.95
772.955
772.96
772.965
772.969
772.974
772.979
772.984
772.989
772.994
772.999
773.004
773.009
773.013
773.017
773.021
773.025
773.028
773.032
773.035
773.037
773.039
773.041
773.042
773.044
773.045
773.045
773.046
773.046
773.046
773.046
773.046
773.045
773.045
773.045
773.044
773.044
773.044
773.044
773.044
773.044
773.045
773.046
773.047
773.048
773.05
773.052
773.055
773.057
773.06
773.063
773.067
773.07
773.074
773.078
773.082
773.086
773.09
773.094
773.099
773.103
773.11
773.115
773.173
773.012
772.992
772.989
772.991
772.991
772.987
772.975
772.967
772.951
772.943
772.927
772.917
772.903
772.895
772.884
772.88
772.87
772.87
772.876
772.902
773.059
773.062
773.067
773.066
773.061
773.048
773.031
773.018
772.999
772.985
772.966
772.951
772.934
772.926
772.914
772.901
772.89
772.883
772.872
772.865
773.124
773.123
773.122
773.119
773.115
773.11
773.104
773.099
773.094
773.089
773.083
773.075
773.067
773.062
773.057
773.053
773.054
773.064
773.069
773.066
773.162
773.166
773.165
773.162
773.159
773.158
773.159
773.153
773.143
773.135
773.121
773.093
773.079
773.086
773.102
773.112
773.089
773.023
772.98
772.946
773.173
773.187
773.186
773.187
773.187
773.188
773.189
773.187
773.179
773.172
773.156
773.136
773.131
773.138
773.151
773.16
773.132
773.102
773.031
772.985
772.965
772.975
772.978
772.986
772.988
772.99
772.993
773.002
773.025
773.036
773.027
772.946
772.865
772.886
773.165
773.844
774.202
774.257
774.149
773.738
773.349
773.118
772.993
772.93
772.9
772.887
772.881
772.878
772.877
772.876
772.875
772.875
772.874
772.873
772.872
772.872
772.871
772.871
772.87
772.87
772.87
772.869
772.869
772.869
772.869
772.87
772.87
772.87
772.871
772.871
772.872
772.873
772.873
772.874
772.875
772.876
772.877
772.877
772.878
772.879
772.88
772.881
772.881
772.882
772.883
772.883
772.883
772.884
772.884
772.884
772.884
772.885
772.885
772.884
772.884
772.884
772.883
772.883
772.883
772.882
772.881
772.881
772.88
772.879
772.878
772.878
772.877
772.876
772.875
772.875
772.874
772.873
772.873
772.872
772.872
772.871
772.871
772.871
772.871
772.871
772.871
772.871
772.872
772.872
772.873
772.873
772.874
772.875
772.876
772.877
772.878
772.879
772.88
772.881
772.882
772.883
772.884
772.885
772.886
772.887
772.888
772.89
772.891
772.892
772.893
772.893
772.894
772.895
772.896
772.897
772.898
772.899
772.899
772.9
772.901
772.902
772.903
772.904
772.905
772.906
772.907
772.909
772.91
772.911
772.912
772.914
772.915
772.917
772.918
772.92
772.921
772.923
772.924
772.926
772.927
772.929
772.93
772.931
772.933
772.934
772.935
772.936
772.937
772.938
772.939
772.94
772.94
772.941
772.941
772.941
772.941
772.941
772.941
772.941
772.941
772.941
772.941
772.941
772.942
772.942
772.942
772.943
772.944
772.944
772.945
772.946
772.948
772.949
772.95
772.952
772.954
772.956
772.957
772.96
772.962
772.965
772.966
772.97
772.974
773.033
772.854
772.855
772.859
772.866
772.866
772.867
772.87
772.877
772.886
772.906
772.935
772.949
772.952
772.958
772.992
773.045
773.055
773.038
772.967
772.901
772.871
772.861
772.861
772.865
772.87
772.873
772.875
772.875
772.875
772.875
772.875
772.874
772.873
772.873
772.872
772.871
772.871
772.87
772.87
772.87
772.869
772.869
772.869
772.869
772.869
772.869
772.87
772.87
772.871
772.871
772.872
772.872
772.873
772.874
772.875
772.875
772.876
772.877
772.878
772.879
772.88
772.88
772.881
772.882
772.882
772.883
772.883
772.884
772.884
772.884
772.884
772.884
772.884
772.884
772.884
772.883
772.883
772.883
772.882
772.882
772.881
772.88
772.88
772.879
772.878
772.877
772.877
772.876
772.875
772.874
772.874
772.873
772.872
772.872
772.871
772.871
772.871
772.871
772.871
772.871
772.871
772.871
772.872
772.872
772.872
772.873
772.874
772.874
772.875
772.876
772.877
772.878
772.879
772.881
772.882
772.883
772.884
772.885
772.886
772.887
772.888
772.889
772.89
772.891
772.892
772.893
772.894
772.895
772.895
772.896
772.897
772.898
772.899
772.9
772.901
772.902
772.903
772.904
772.905
772.906
772.907
772.908
772.91
772.911
772.912
772.913
772.915
772.916
772.918
772.919
772.921
772.922
772.924
772.925
772.927
772.928
772.93
772.931
772.932
772.934
772.935
772.936
772.937
772.938
772.939
772.939
772.94
772.94
772.94
772.941
772.941
772.941
772.941
772.941
772.941
772.941
772.941
772.941
772.941
772.942
772.942
772.943
772.943
772.944
772.945
772.946
772.947
772.949
772.95
772.952
772.953
772.955
772.957
772.96
772.961
772.964
772.966
772.97
772.973
773.028
773.043
773.074
773.112
773.124
773.126
773.131
773.135
773.13
773.092
772.996
772.923
772.888
772.878
772.878
772.881
772.881
772.877
772.872
772.869
772.869
772.87
772.874
772.876
772.878
772.878
772.878
772.877
772.877
772.876
772.876
772.875
772.874
772.874
772.873
772.872
772.871
772.871
772.87
772.87
772.87
772.869
772.869
772.869
772.869
772.869
772.869
772.87
772.87
772.871
772.871
772.872
772.872
772.873
772.874
772.875
772.875
772.876
772.877
772.878
772.879
772.88
772.88
772.881
772.882
772.882
772.883
772.883
772.884
772.884
772.884
772.884
772.884
772.884
772.884
772.884
772.883
772.883
772.883
772.882
772.882
772.881
772.88
772.88
772.879
772.878
772.877
772.877
772.876
772.875
772.874
772.874
772.873
772.872
772.872
772.871
772.871
772.871
772.871
772.871
772.871
772.871
772.871
772.872
772.872
772.872
772.873
772.874
772.874
772.875
772.876
772.877
772.878
772.879
772.881
772.882
772.883
772.884
772.885
772.886
772.887
772.888
772.889
772.89
772.891
772.892
772.893
772.894
772.895
772.895
772.896
772.897
772.898
772.899
772.9
772.901
772.902
772.903
772.904
772.905
772.906
772.907
772.908
772.91
772.911
772.912
772.913
772.915
772.916
772.918
772.919
772.921
772.922
772.924
772.925
772.927
772.928
772.93
772.931
772.932
772.934
772.935
772.936
772.937
772.938
772.939
772.939
772.94
772.94
772.94
772.941
772.941
772.941
772.941
772.941
772.941
772.941
772.941
772.941
772.941
772.942
772.942
772.943
772.943
772.944
772.945
772.946
772.947
772.949
772.95
772.952
772.953
772.955
772.957
772.959
772.961
772.964
772.966
772.969
772.971
772.976
772.827
772.87
772.871
772.887
772.904
772.889
772.879
772.878
772.878
772.878
772.883
772.943
773.226
773.563
773.662
773.614
773.335
773.043
772.912
772.869
772.864
772.866
772.867
772.868
772.87
772.872
772.874
772.874
772.875
772.875
772.874
772.874
772.873
772.873
772.872
772.871
772.871
772.87
772.87
772.87
772.869
772.869
772.869
772.869
772.869
772.869
772.87
772.87
772.871
772.871
772.872
772.872
772.873
772.874
772.875
772.875
772.876
772.877
772.878
772.879
772.88
772.88
772.881
772.882
772.882
772.883
772.883
772.884
772.884
772.884
772.884
772.884
772.884
772.884
772.884
772.883
772.883
772.883
772.882
772.882
772.881
772.88
772.88
772.879
772.878
772.877
772.877
772.876
772.875
772.874
772.874
772.873
772.872
772.872
772.871
772.871
772.871
772.871
772.871
772.871
772.871
772.871
772.872
772.872
772.872
772.873
772.874
772.874
772.875
772.876
772.877
772.878
772.879
772.881
772.882
772.883
772.884
772.885
772.886
772.887
772.888
772.889
772.89
772.891
772.892
772.893
772.894
772.895
772.895
772.896
772.897
772.898
772.899
772.9
772.901
772.902
772.903
772.904
772.905
772.906
772.907
772.908
772.91
772.911
772.912
772.913
772.915
772.916
772.918
772.919
772.921
772.922
772.924
772.925
772.927
772.928
772.93
772.931
772.932
772.934
772.935
772.936
772.937
772.938
772.939
772.939
772.94
772.94
772.94
772.941
772.941
772.941
772.941
772.941
772.941
772.941
772.941
772.941
772.941
772.942
772.942
772.943
772.943
772.944
772.945
772.946
772.947
772.949
772.95
772.952
772.954
772.955
772.957
772.959
772.962
772.963
772.967
772.967
772.967
772.871
772.83
772.871
772.865
772.87
772.891
772.876
772.86
772.859
772.864
772.875
772.922
773.218
774.413
775.573
775.819
775.449
773.797
772.343
771.862
771.858
772.123
772.496
772.698
772.797
772.841
772.861
772.869
772.873
772.874
772.875
772.875
772.874
772.874
772.873
772.872
772.872
772.871
772.871
772.87
772.87
772.87
772.869
772.869
772.869
772.869
772.87
772.87
772.87
772.871
772.871
772.872
772.873
772.873
772.874
772.875
772.876
772.877
772.877
772.878
772.879
772.88
772.881
772.881
772.882
772.883
772.883
772.883
772.884
772.884
772.884
772.884
772.885
772.885
772.884
772.884
772.884
772.883
772.883
772.883
772.882
772.881
772.881
772.88
772.879
772.878
772.878
772.877
772.876
772.875
772.875
772.874
772.873
772.873
772.872
772.872
772.871
772.871
772.871
772.871
772.871
772.871
772.871
772.872
772.872
772.873
772.873
772.874
772.875
772.876
772.877
772.878
772.879
772.88
772.881
772.882
772.883
772.884
772.885
772.886
772.887
772.888
772.89
772.891
772.892
772.893
772.893
772.894
772.895
772.896
772.897
772.898
772.899
772.899
772.9
772.901
772.902
772.903
772.904
772.905
772.906
772.907
772.909
772.91
772.911
772.912
772.914
772.915
772.917
772.918
772.92
772.921
772.923
772.924
772.926
772.927
772.929
772.93
772.931
772.933
772.934
772.935
772.936
772.937
772.938
772.939
772.94
772.94
772.941
772.941
772.941
772.941
772.941
772.941
772.941
772.941
772.941
772.941
772.941
772.942
772.942
772.942
772.943
772.944
772.944
772.945
772.946
772.948
772.949
772.951
772.952
772.954
772.955
772.958
772.959
772.962
772.964
772.967
772.966
772.973
772.798
773.029
773.043
773.042
773.043
773.042
773.042
773.043
773.041
773.032
773.023
773.01
772.985
772.973
772.976
772.986
773
772.989
772.947
772.886
772.836
773.018
773.022
773.02
773.017
773.014
773.011
773.012
773.007
772.995
772.985
772.973
772.944
772.92
772.92
772.933
772.948
772.943
772.881
772.824
772.792
772.979
772.978
772.977
772.973
772.969
772.963
772.957
772.95
772.945
772.939
772.933
772.925
772.916
772.909
772.904
772.899
772.898
772.905
772.913
772.913
772.912
772.914
772.919
772.918
772.912
772.899
772.881
772.867
772.846
772.832
772.811
772.796
772.777
772.764
772.755
772.742
772.729
772.72
772.71
772.698
772.864
772.843
772.839
772.841
772.84
772.835
772.822
772.814
772.796
772.787
772.769
772.76
772.744
772.735
772.723
772.717
772.709
772.705
772.709
772.729
772.658
772.691
772.702
772.711
772.702
772.682
772.681
772.721
773.073
774.326
775.151
775.162
774.337
772.683
771.976
771.888
772.054
772.385
772.566
772.65
772.687
772.703
772.711
772.715
772.718
772.721
772.723
772.725
772.727
772.73
772.732
772.734
772.737
772.739
772.742
772.744
772.746
772.749
772.751
772.753
772.754
772.756
772.757
772.758
772.759
772.76
772.76
772.76
772.76
772.76
772.759
772.759
772.759
772.758
772.758
772.757
772.757
772.757
772.758
772.758
772.759
772.76
772.761
772.763
772.765
772.767
772.77
772.773
772.776
772.779
772.782
772.786
772.789
772.793
772.797
772.801
772.804
772.808
772.811
772.815
772.818
772.821
772.824
772.827
772.829
772.832
772.834
772.836
772.837
772.839
772.84
772.841
772.842
772.843
772.843
772.844
772.844
772.844
772.844
772.844
772.844
772.844
772.844
772.844
772.843
772.843
772.843
772.843
772.842
772.842
772.842
772.842
772.842
772.842
772.842
772.842
772.842
772.842
772.842
772.843
772.843
772.843
772.844
772.844
772.845
772.845
772.846
772.846
772.847
772.847
772.847
772.848
772.848
772.848
772.849
772.849
772.849
772.849
772.849
772.849
772.849
772.849
772.849
772.849
772.849
772.848
772.848
772.848
772.848
772.847
772.847
772.847
772.846
772.846
772.846
772.846
772.846
772.846
772.846
772.846
772.846
772.846
772.846
772.847
772.847
772.848
772.848
772.849
772.85
772.851
772.852
772.853
772.854
772.855
772.857
772.858
772.86
772.862
772.863
772.865
772.867
772.869
772.871
772.874
772.876
772.878
772.88
772.883
772.885
772.888
772.89
772.892
772.894
772.896
772.899
772.9
772.902
772.904
772.905
772.907
772.908
772.908
772.909
772.91
772.91
772.91
772.91
772.91
772.909
772.909
772.908
772.908
772.907
772.907
772.907
772.907
772.907
772.908
772.908
772.909
772.91
772.912
772.914
772.916
772.919
772.921
772.924
772.928
772.931
772.934
772.938
772.942
772.945
772.949
772.953
772.957
772.96
772.964
772.967
772.97
772.973
772.976
772.978
772.981
772.983
772.985
772.987
772.989
772.99
772.992
772.993
772.994
772.995
772.996
772.996
772.997
772.998
772.998
772.998
772.999
772.999
772.999
772.999
773
773
773
773
773
773
773
773
773
773
773
773
773
773
773
773
773
773
773
773
773
773
773
773
773
773
773
773
773
773
773
773
773
773
773
773
773
773
773
773
773
773
773
773
773
773
773
773
773
773
773
773
773
773
773
773
773
773
773
773
773
773
773
773
773
773
773
773
773
773
773
773
773
773
773
773
773
773
773
773
773
773
773
773
773
773
773
773
773
773
773
773
773
773
773
773
773
773
773
773
773
773
773
773
773
773
773
773
773
773
773
773
773
773
773
773
773
773
773
773.001
773.001
773.001
773.001
773.001
773.001
773.001
773.001
773.001
773.001
773.001
773.001
773.002
773.002
773.002
773.002
773.003
773.003
773.004
773.004
773.005
773.005
773.006
773.007
773.008
773.008
773.01
773.011
773.012
773.013
773.015
773.016
773.018
773.02
773.022
773.024
773.026
773.029
773.031
773.034
773.037
773.04
773.043
773.046
773.049
773.053
773.057
773.061
773.065
773.069
773.073
773.078
773.082
773.087
773.092
773.098
773.103
773.108
773.114
773.12
773.126
773.132
773.138
773.145
773.152
773.158
773.165
773.172
773.18
773.187
773.195
773.203
773.211
773.219
773.227
773.236
773.244
773.253
773.262
773.271
773.281
773.29
773.3
773.309
773.319
773.33
773.34
773.35
773.361
773.372
773.383
773.394
773.405
773.417
773.429
773.44
773.452
773.465
773.477
773.489
773.502
773.515
773.528
773.541
773.555
773.568
773.582
773.596
773.61
773.624
773.638
773.653
773.667
773.682
773.697
773.712
773.728
773.743
773.759
773.775
773.791
773.807
773.823
773.84
773.856
773.873
773.89
773.907
773.925
773.942
773.96
773.977
773.995
774.013
774.032
774.05
774.069
774.087
774.106
774.125
774.145
774.164
774.183
774.203
774.223
774.243
774.263
774.283
774.304
774.324
774.345
774.366
774.387
774.408
774.429
774.451
774.472
774.494
774.516
774.538
774.56
774.583
774.605
774.628
774.65
774.673
774.696
774.72
774.743
774.766
774.79
774.814
774.837
774.861
774.885
774.91
774.934
774.958
774.983
775.008
775.033
775.058
775.083
775.108
775.133
775.159
775.184
775.21
775.236
775.262
775.288
775.314
775.341
775.367
775.394
775.42
775.447
775.474
775.501
775.528
775.555
775.582
775.61
775.637
775.665
775.692
775.721
775.748
775.777
775.803
775.834
775.859
775.892
775.915
775.949
775.971
776.008
776.029
772.66
772.686
772.72
772.727
772.719
772.702
772.699
772.705
772.758
773.001
773.251
773.301
773.226
772.979
772.808
772.735
772.711
772.704
772.703
772.703
772.706
772.709
772.713
772.716
772.718
772.72
772.723
772.725
772.727
772.729
772.732
772.734
772.737
772.739
772.741
772.744
772.746
772.748
772.75
772.752
772.754
772.756
772.757
772.758
772.759
772.759
772.76
772.76
772.76
772.759
772.759
772.759
772.758
772.758
772.757
772.757
772.757
772.757
772.757
772.758
772.759
772.76
772.761
772.763
772.765
772.767
772.77
772.772
772.775
772.779
772.782
772.785
772.789
772.793
772.796
772.8
772.804
772.807
772.811
772.814
772.818
772.821
772.824
772.826
772.829
772.831
772.833
772.835
772.837
772.838
772.84
772.841
772.842
772.842
772.843
772.843
772.844
772.844
772.844
772.844
772.844
772.844
772.844
772.843
772.843
772.843
772.843
772.842
772.842
772.842
772.842
772.842
772.842
772.841
772.841
772.842
772.842
772.842
772.842
772.842
772.843
772.843
772.843
772.844
772.844
772.845
772.845
772.846
772.846
772.847
772.847
772.847
772.848
772.848
772.848
772.849
772.849
772.849
772.849
772.849
772.849
772.849
772.849
772.848
772.848
772.848
772.848
772.847
772.847
772.847
772.847
772.846
772.846
772.846
772.846
772.845
772.845
772.845
772.845
772.845
772.845
772.846
772.846
772.846
772.847
772.847
772.848
772.849
772.849
772.85
772.851
772.852
772.854
772.855
772.856
772.858
772.86
772.861
772.863
772.865
772.867
772.869
772.871
772.873
772.875
772.878
772.88
772.882
772.885
772.887
772.889
772.892
772.894
772.896
772.898
772.9
772.902
772.903
772.905
772.906
772.907
772.908
772.909
772.909
772.909
772.91
772.909
772.909
772.909
772.908
772.908
772.907
772.907
772.907
772.907
772.907
772.907
772.907
772.908
772.909
772.91
772.912
772.914
772.916
772.918
772.921
772.924
772.927
772.931
772.934
772.938
772.941
772.945
772.949
772.953
772.956
772.96
772.963
772.967
772.97
772.973
772.975
772.978
772.98
772.983
772.985
772.987
772.988
772.99
772.991
772.992
772.994
772.994
772.995
772.996
772.997
772.997
772.998
772.998
772.998
772.999
772.999
772.999
772.999
772.999
773
773
773
773
773
773
773
773
773
773
773
773
773
773
773
773
773
773
773
773
773
773
773
773
773
773
773
773
773
773
773
773
773
773
773
773
773
773
773
773
773
773
773
773
773
773
773
773
773
773
773
773
773
773
773
773
773
773
773
773
773
773
773
773
773
773
773
773
773
773
773
773
773
773
773
773
773
773
773
773
773
773
773
773
773
773
773
773
773
773
773
773
773
773
773
773
773
773
773
773
773
773
773
773
773
773
773
773
773
773
773
773
773
773
773
773
773
773
773
773
773
773
773
773
773
773.001
773.001
773.001
773.001
773.001
773.001
773.002
773.002
773.002
773.003
773.003
773.004
773.004
773.005
773.006
773.006
773.007
773.008
773.009
773.01
773.012
773.013
773.014
773.016
773.018
773.019
773.021
773.024
773.026
773.028
773.031
773.033
773.036
773.039
773.042
773.046
773.049
773.053
773.056
773.06
773.064
773.069
773.073
773.077
773.082
773.087
773.092
773.097
773.103
773.108
773.114
773.12
773.126
773.132
773.138
773.144
773.151
773.158
773.165
773.172
773.179
773.187
773.195
773.202
773.21
773.218
773.227
773.235
773.244
773.253
773.262
773.271
773.28
773.29
773.299
773.309
773.319
773.329
773.34
773.35
773.361
773.372
773.383
773.394
773.405
773.417
773.428
773.44
773.452
773.464
773.477
773.489
773.502
773.515
773.528
773.541
773.554
773.568
773.581
773.595
773.609
773.623
773.638
773.652
773.667
773.682
773.697
773.712
773.727
773.743
773.759
773.774
773.79
773.807
773.823
773.839
773.856
773.873
773.89
773.907
773.924
773.942
773.959
773.977
773.995
774.013
774.031
774.05
774.068
774.087
774.106
774.125
774.144
774.164
774.183
774.203
774.223
774.243
774.263
774.283
774.303
774.324
774.345
774.366
774.387
774.408
774.429
774.45
774.472
774.494
774.516
774.538
774.56
774.582
774.605
774.627
774.65
774.673
774.696
774.719
774.742
774.766
774.789
774.813
774.837
774.861
774.885
774.909
774.934
774.958
774.983
775.007
775.032
775.057
775.082
775.108
775.133
775.159
775.184
775.21
775.236
775.262
775.288
775.314
775.34
775.367
775.393
775.42
775.447
775.473
775.5
775.528
775.555
775.582
775.609
775.637
775.665
775.692
775.72
775.747
775.777
775.803
775.834
775.858
775.891
775.914
775.949
775.971
776.007
776.028
772.884
772.912
772.953
772.957
772.956
772.949
772.91
772.813
772.741
772.708
772.697
772.693
772.691
772.689
772.69
772.694
772.699
772.704
772.707
772.71
772.712
772.714
772.715
772.717
772.719
772.721
772.723
772.725
772.727
772.729
772.732
772.734
772.737
772.739
772.741
772.744
772.746
772.748
772.75
772.752
772.754
772.756
772.757
772.758
772.759
772.759
772.76
772.76
772.76
772.759
772.759
772.759
772.758
772.758
772.757
772.757
772.757
772.757
772.757
772.758
772.759
772.76
772.761
772.763
772.765
772.767
772.77
772.772
772.775
772.779
772.782
772.785
772.789
772.793
772.796
772.8
772.804
772.807
772.811
772.814
772.818
772.821
772.824
772.826
772.829
772.831
772.833
772.835
772.837
772.838
772.84
772.841
772.842
772.842
772.843
772.843
772.844
772.844
772.844
772.844
772.844
772.844
772.844
772.843
772.843
772.843
772.843
772.842
772.842
772.842
772.842
772.842
772.842
772.841
772.841
772.842
772.842
772.842
772.842
772.842
772.843
772.843
772.843
772.844
772.844
772.845
772.845
772.846
772.846
772.847
772.847
772.847
772.848
772.848
772.848
772.849
772.849
772.849
772.849
772.849
772.849
772.849
772.849
772.848
772.848
772.848
772.848
772.847
772.847
772.847
772.847
772.846
772.846
772.846
772.846
772.845
772.845
772.845
772.845
772.845
772.845
772.846
772.846
772.846
772.847
772.847
772.848
772.849
772.849
772.85
772.851
772.852
772.854
772.855
772.856
772.858
772.86
772.861
772.863
772.865
772.867
772.869
772.871
772.873
772.875
772.878
772.88
772.882
772.885
772.887
772.889
772.892
772.894
772.896
772.898
772.9
772.902
772.903
772.905
772.906
772.907
772.908
772.909
772.909
772.909
772.91
772.909
772.909
772.909
772.908
772.908
772.907
772.907
772.907
772.907
772.907
772.907
772.907
772.908
772.909
772.91
772.912
772.914
772.916
772.918
772.921
772.924
772.927
772.931
772.934
772.938
772.941
772.945
772.949
772.953
772.956
772.96
772.963
772.967
772.97
772.973
772.975
772.978
772.98
772.983
772.985
772.987
772.988
772.99
772.991
772.992
772.994
772.994
772.995
772.996
772.997
772.997
772.998
772.998
772.998
772.999
772.999
772.999
772.999
772.999
773
773
773
773
773
773
773
773
773
773
773
773
773
773
773
773
773
773
773
773
773
773
773
773
773
773
773
773
773
773
773
773
773
773
773
773
773
773
773
773
773
773
773
773
773
773
773
773
773
773
773
773
773
773
773
773
773
773
773
773
773
773
773
773
773
773
773
773
773
773
773
773
773
773
773
773
773
773
773
773
773
773
773
773
773
773
773
773
773
773
773
773
773
773
773
773
773
773
773
773
773
773
773
773
773
773
773
773
773
773
773
773
773
773
773
773
773
773
773
773
773
773
773
773
773
773.001
773.001
773.001
773.001
773.001
773.001
773.002
773.002
773.002
773.003
773.003
773.004
773.004
773.005
773.006
773.006
773.007
773.008
773.009
773.01
773.012
773.013
773.014
773.016
773.018
773.019
773.021
773.024
773.026
773.028
773.031
773.033
773.036
773.039
773.042
773.046
773.049
773.053
773.056
773.06
773.064
773.069
773.073
773.077
773.082
773.087
773.092
773.097
773.103
773.108
773.114
773.12
773.126
773.132
773.138
773.144
773.151
773.158
773.165
773.172
773.179
773.187
773.195
773.202
773.21
773.218
773.227
773.235
773.244
773.253
773.262
773.271
773.28
773.29
773.299
773.309
773.319
773.329
773.34
773.35
773.361
773.372
773.383
773.394
773.405
773.417
773.428
773.44
773.452
773.464
773.477
773.489
773.502
773.515
773.528
773.541
773.554
773.568
773.581
773.595
773.609
773.623
773.638
773.652
773.667
773.682
773.697
773.712
773.727
773.743
773.759
773.774
773.79
773.807
773.823
773.839
773.856
773.873
773.89
773.907
773.924
773.942
773.959
773.977
773.995
774.013
774.031
774.05
774.068
774.087
774.106
774.125
774.144
774.164
774.183
774.203
774.223
774.243
774.263
774.283
774.303
774.324
774.345
774.366
774.387
774.408
774.429
774.45
774.472
774.494
774.516
774.538
774.56
774.582
774.605
774.627
774.65
774.673
774.696
774.719
774.742
774.766
774.789
774.813
774.837
774.861
774.885
774.909
774.934
774.958
774.983
775.007
775.032
775.057
775.082
775.108
775.133
775.159
775.184
775.21
775.236
775.262
775.288
775.314
775.34
775.367
775.393
775.42
775.447
775.473
775.5
775.528
775.555
775.582
775.609
775.637
775.665
775.692
775.72
775.747
775.777
775.803
775.834
775.858
775.891
775.914
775.949
775.971
776.007
776.028
772.683
772.687
772.698
772.698
772.697
772.702
772.722
772.752
772.764
772.775
772.808
772.86
772.873
772.857
772.783
772.717
772.692
772.687
772.69
772.699
772.706
772.71
772.714
772.716
772.719
772.721
772.723
772.725
772.727
772.729
772.732
772.734
772.737
772.739
772.741
772.744
772.746
772.748
772.75
772.752
772.754
772.756
772.757
772.758
772.759
772.759
772.76
772.76
772.76
772.759
772.759
772.759
772.758
772.758
772.757
772.757
772.757
772.757
772.757
772.758
772.759
772.76
772.761
772.763
772.765
772.767
772.77
772.772
772.775
772.779
772.782
772.785
772.789
772.793
772.796
772.8
772.804
772.807
772.811
772.814
772.818
772.821
772.824
772.826
772.829
772.831
772.833
772.835
772.837
772.838
772.84
772.841
772.842
772.842
772.843
772.843
772.844
772.844
772.844
772.844
772.844
772.844
772.844
772.843
772.843
772.843
772.843
772.842
772.842
772.842
772.842
772.842
772.842
772.841
772.841
772.842
772.842
772.842
772.842
772.842
772.843
772.843
772.843
772.844
772.844
772.845
772.845
772.846
772.846
772.847
772.847
772.847
772.848
772.848
772.848
772.849
772.849
772.849
772.849
772.849
772.849
772.849
772.849
772.848
772.848
772.848
772.848
772.847
772.847
772.847
772.847
772.846
772.846
772.846
772.846
772.845
772.845
772.845
772.845
772.845
772.845
772.846
772.846
772.846
772.847
772.847
772.848
772.849
772.849
772.85
772.851
772.852
772.854
772.855
772.856
772.858
772.86
772.861
772.863
772.865
772.867
772.869
772.871
772.873
772.875
772.878
772.88
772.882
772.885
772.887
772.889
772.892
772.894
772.896
772.898
772.9
772.902
772.903
772.905
772.906
772.907
772.908
772.909
772.909
772.909
772.91
772.909
772.909
772.909
772.908
772.908
772.907
772.907
772.907
772.907
772.907
772.907
772.907
772.908
772.909
772.91
772.912
772.914
772.916
772.918
772.921
772.924
772.927
772.931
772.934
772.938
772.941
772.945
772.949
772.953
772.956
772.96
772.963
772.967
772.97
772.973
772.975
772.978
772.98
772.983
772.985
772.987
772.988
772.99
772.991
772.992
772.994
772.994
772.995
772.996
772.997
772.997
772.998
772.998
772.998
772.999
772.999
772.999
772.999
772.999
773
773
773
773
773
773
773
773
773
773
773
773
773
773
773
773
773
773
773
773
773
773
773
773
773
773
773
773
773
773
773
773
773
773
773
773
773
773
773
773
773
773
773
773
773
773
773
773
773
773
773
773
773
773
773
773
773
773
773
773
773
773
773
773
773
773
773
773
773
773
773
773
773
773
773
773
773
773
773
773
773
773
773
773
773
773
773
773
773
773
773
773
773
773
773
773
773
773
773
773
773
773
773
773
773
773
773
773
773
773
773
773
773
773
773
773
773
773
773
773
773
773
773
773
773
773.001
773.001
773.001
773.001
773.001
773.001
773.002
773.002
773.002
773.003
773.003
773.004
773.004
773.005
773.006
773.006
773.007
773.008
773.009
773.01
773.012
773.013
773.014
773.016
773.018
773.019
773.021
773.024
773.026
773.028
773.031
773.033
773.036
773.039
773.042
773.046
773.049
773.053
773.056
773.06
773.064
773.069
773.073
773.077
773.082
773.087
773.092
773.097
773.103
773.108
773.114
773.12
773.126
773.132
773.138
773.144
773.151
773.158
773.165
773.172
773.179
773.187
773.195
773.202
773.21
773.218
773.227
773.235
773.244
773.253
773.262
773.271
773.28
773.29
773.299
773.309
773.319
773.329
773.34
773.35
773.361
773.372
773.383
773.394
773.405
773.417
773.428
773.44
773.452
773.464
773.477
773.489
773.502
773.515
773.528
773.541
773.554
773.568
773.581
773.595
773.609
773.623
773.638
773.652
773.667
773.682
773.697
773.712
773.727
773.743
773.759
773.774
773.79
773.807
773.823
773.839
773.856
773.873
773.89
773.907
773.924
773.942
773.959
773.977
773.995
774.013
774.031
774.05
774.068
774.087
774.106
774.125
774.144
774.164
774.183
774.203
774.223
774.243
774.263
774.283
774.303
774.324
774.345
774.366
774.387
774.408
774.429
774.45
774.472
774.494
774.516
774.538
774.56
774.582
774.605
774.627
774.65
774.673
774.696
774.719
774.742
774.766
774.789
774.813
774.837
774.861
774.885
774.909
774.934
774.958
774.983
775.007
775.032
775.057
775.082
775.108
775.133
775.159
775.184
775.21
775.236
775.262
775.288
775.314
775.34
775.367
775.393
775.42
775.447
775.473
775.5
775.528
775.555
775.582
775.609
775.637
775.665
775.692
775.72
775.747
775.777
775.803
775.834
775.858
775.891
775.914
775.949
775.971
776.007
776.028
772.796
772.814
772.819
772.817
772.818
772.837
772.864
772.861
772.804
772.759
772.805
773.171
773.7
773.873
773.845
773.578
773.177
772.935
772.811
772.753
772.729
772.72
772.718
772.718
772.719
772.721
772.723
772.725
772.727
772.73
772.732
772.734
772.737
772.739
772.742
772.744
772.746
772.749
772.751
772.753
772.754
772.756
772.757
772.758
772.759
772.76
772.76
772.76
772.76
772.76
772.759
772.759
772.759
772.758
772.758
772.757
772.757
772.757
772.758
772.758
772.759
772.76
772.761
772.763
772.765
772.767
772.77
772.773
772.776
772.779
772.782
772.786
772.789
772.793
772.797
772.801
772.804
772.808
772.811
772.815
772.818
772.821
772.824
772.827
772.829
772.832
772.834
772.836
772.837
772.839
772.84
772.841
772.842
772.843
772.843
772.844
772.844
772.844
772.844
772.844
772.844
772.844
772.844
772.844
772.843
772.843
772.843
772.843
772.842
772.842
772.842
772.842
772.842
772.842
772.842
772.842
772.842
772.842
772.842
772.843
772.843
772.843
772.844
772.844
772.845
772.845
772.846
772.846
772.847
772.847
772.847
772.848
772.848
772.848
772.849
772.849
772.849
772.849
772.849
772.849
772.849
772.849
772.849
772.849
772.849
772.848
772.848
772.848
772.848
772.847
772.847
772.847
772.846
772.846
772.846
772.846
772.846
772.846
772.846
772.846
772.846
772.846
772.846
772.847
772.847
772.848
772.848
772.849
772.85
772.851
772.852
772.853
772.854
772.855
772.857
772.858
772.86
772.862
772.863
772.865
772.867
772.869
772.871
772.874
772.876
772.878
772.88
772.883
772.885
772.888
772.89
772.892
772.894
772.896
772.899
772.9
772.902
772.904
772.905
772.907
772.908
772.908
772.909
772.91
772.91
772.91
772.91
772.91
772.909
772.909
772.908
772.908
772.907
772.907
772.907
772.907
772.907
772.908
772.908
772.909
772.91
772.912
772.914
772.916
772.919
772.921
772.924
772.928
772.931
772.934
772.938
772.942
772.945
772.949
772.953
772.957
772.96
772.964
772.967
772.97
772.973
772.976
772.978
772.981
772.983
772.985
772.987
772.989
772.99
772.992
772.993
772.994
772.995
772.996
772.996
772.997
772.998
772.998
772.998
772.999
772.999
772.999
772.999
773
773
773
773
773
773
773
773
773
773
773
773
773
773
773
773
773
773
773
773
773
773
773
773
773
773
773
773
773
773
773
773
773
773
773
773
773
773
773
773
773
773
773
773
773
773
773
773
773
773
773
773
773
773
773
773
773
773
773
773
773
773
773
773
773
773
773
773
773
773
773
773
773
773
773
773
773
773
773
773
773
773
773
773
773
773
773
773
773
773
773
773
773
773
773
773
773
773
773
773
773
773
773
773
773
773
773
773
773
773
773
773
773
773
773
773
773
773
773
773.001
773.001
773.001
773.001
773.001
773.001
773.001
773.001
773.001
773.001
773.001
773.001
773.002
773.002
773.002
773.002
773.003
773.003
773.004
773.004
773.005
773.005
773.006
773.007
773.008
773.008
773.01
773.011
773.012
773.013
773.015
773.016
773.018
773.02
773.022
773.024
773.026
773.029
773.031
773.034
773.037
773.04
773.043
773.046
773.049
773.053
773.057
773.061
773.065
773.069
773.073
773.078
773.082
773.087
773.092
773.098
773.103
773.108
773.114
773.12
773.126
773.132
773.138
773.145
773.152
773.158
773.165
773.172
773.18
773.187
773.195
773.203
773.211
773.219
773.227
773.236
773.244
773.253
773.262
773.271
773.281
773.29
773.3
773.309
773.319
773.33
773.34
773.35
773.361
773.372
773.383
773.394
773.405
773.417
773.429
773.44
773.452
773.465
773.477
773.489
773.502
773.515
773.528
773.541
773.555
773.568
773.582
773.596
773.61
773.624
773.638
773.653
773.667
773.682
773.697
773.712
773.728
773.743
773.759
773.775
773.791
773.807
773.823
773.84
773.856
773.873
773.89
773.907
773.925
773.942
773.96
773.977
773.995
774.013
774.032
774.05
774.069
774.087
774.106
774.125
774.145
774.164
774.183
774.203
774.223
774.243
774.263
774.283
774.304
774.324
774.345
774.366
774.387
774.408
774.429
774.451
774.472
774.494
774.516
774.538
774.56
774.583
774.605
774.628
774.65
774.673
774.696
774.72
774.743
774.766
774.79
774.814
774.837
774.861
774.885
774.91
774.934
774.958
774.983
775.008
775.033
775.058
775.083
775.108
775.133
775.159
775.184
775.21
775.236
775.262
775.288
775.314
775.341
775.367
775.394
775.42
775.447
775.474
775.501
775.528
775.555
775.582
775.61
775.637
775.665
775.692
775.721
775.748
775.777
775.803
775.834
775.859
775.892
775.915
775.949
775.971
776.008
776.029
)
;

boundaryField
{
    inlet
    {
        type            zeroGradient;
    }
    outlet
    {
        type            zeroGradient;
    }
    sides
    {
        type            empty;
    }
    walls
    {
        type            zeroGradient;
    }
}


// ************************************************************************* //
