/*--------------------------------*- C++ -*----------------------------------*\
| =========                 |                                                 |
| \\      /  F ield         | OpenFOAM: The Open Source CFD Toolbox           |
|  \\    /   O peration     | Version:  3.0.x                                 |
|   \\  /    A nd           | Web:      www.OpenFOAM.org                      |
|    \\/     M anipulation  |                                                 |
\*---------------------------------------------------------------------------*/
FoamFile
{
    version     2.0;
    format      ascii;
    class       volScalarField;
    location    "0.42";
    object      p;
}
// * * * * * * * * * * * * * * * * * * * * * * * * * * * * * * * * * * * * * //

dimensions      [1 -1 -2 0 0 0 0];

internalField   nonuniform List<scalar> 
6900
(
1.81956e+07
1.81956e+07
1.81956e+07
1.81956e+07
1.81956e+07
1.81956e+07
1.81956e+07
1.81955e+07
1.81955e+07
1.81955e+07
1.81955e+07
1.81955e+07
1.81954e+07
1.81954e+07
1.81954e+07
1.81954e+07
1.81954e+07
1.81954e+07
1.81954e+07
1.81954e+07
1.81954e+07
1.81954e+07
1.81955e+07
1.81955e+07
1.81955e+07
1.81955e+07
1.81956e+07
1.81956e+07
1.81956e+07
1.81956e+07
1.81956e+07
1.81957e+07
1.81957e+07
1.81957e+07
1.81957e+07
1.81957e+07
1.81957e+07
1.81957e+07
1.81957e+07
1.81957e+07
1.81957e+07
1.81956e+07
1.81956e+07
1.81956e+07
1.81956e+07
1.81956e+07
1.81956e+07
1.81955e+07
1.81955e+07
1.81955e+07
1.81955e+07
1.81955e+07
1.81955e+07
1.81956e+07
1.81956e+07
1.81956e+07
1.81956e+07
1.81956e+07
1.81957e+07
1.81957e+07
1.81957e+07
1.81958e+07
1.81958e+07
1.81958e+07
1.81959e+07
1.81959e+07
1.81959e+07
1.81959e+07
1.81959e+07
1.81959e+07
1.81959e+07
1.81959e+07
1.81959e+07
1.81959e+07
1.81959e+07
1.81959e+07
1.81959e+07
1.81958e+07
1.81958e+07
1.81958e+07
1.81958e+07
1.81957e+07
1.81957e+07
1.81957e+07
1.81957e+07
1.81957e+07
1.81957e+07
1.81957e+07
1.81958e+07
1.81958e+07
1.81958e+07
1.81959e+07
1.81959e+07
1.8196e+07
1.8196e+07
1.81961e+07
1.81961e+07
1.81962e+07
1.81962e+07
1.81963e+07
1.81963e+07
1.81963e+07
1.81963e+07
1.81964e+07
1.81964e+07
1.81964e+07
1.81964e+07
1.81963e+07
1.81963e+07
1.81963e+07
1.81962e+07
1.81962e+07
1.81962e+07
1.81961e+07
1.81961e+07
1.8196e+07
1.8196e+07
1.8196e+07
1.8196e+07
1.8196e+07
1.8196e+07
1.8196e+07
1.8196e+07
1.8196e+07
1.81961e+07
1.81961e+07
1.81962e+07
1.81963e+07
1.81963e+07
1.81964e+07
1.81965e+07
1.81966e+07
1.81967e+07
1.81968e+07
1.81969e+07
1.8197e+07
1.8197e+07
1.81971e+07
1.81971e+07
1.81972e+07
1.81972e+07
1.81972e+07
1.81973e+07
1.81973e+07
1.81973e+07
1.81972e+07
1.81972e+07
1.81972e+07
1.81972e+07
1.81972e+07
1.81972e+07
1.81972e+07
1.81972e+07
1.81972e+07
1.81973e+07
1.81973e+07
1.81974e+07
1.81975e+07
1.81977e+07
1.81978e+07
1.8198e+07
1.81982e+07
1.81984e+07
1.81986e+07
1.81989e+07
1.81992e+07
1.81994e+07
1.81997e+07
1.82e+07
1.82003e+07
1.82006e+07
1.82009e+07
1.82012e+07
1.82015e+07
1.82018e+07
1.82021e+07
1.82023e+07
1.82026e+07
1.82028e+07
1.82031e+07
1.82033e+07
1.82036e+07
1.82039e+07
1.82042e+07
1.82045e+07
1.82048e+07
1.82051e+07
1.82054e+07
1.82058e+07
1.82062e+07
1.82066e+07
1.8207e+07
1.82075e+07
1.8208e+07
1.82086e+07
1.82092e+07
1.82098e+07
1.82106e+07
1.82114e+07
1.82128e+07
1.81956e+07
1.81956e+07
1.81956e+07
1.81956e+07
1.81956e+07
1.81956e+07
1.81956e+07
1.81955e+07
1.81955e+07
1.81955e+07
1.81955e+07
1.81955e+07
1.81954e+07
1.81954e+07
1.81954e+07
1.81954e+07
1.81954e+07
1.81954e+07
1.81954e+07
1.81954e+07
1.81954e+07
1.81954e+07
1.81955e+07
1.81955e+07
1.81955e+07
1.81955e+07
1.81956e+07
1.81956e+07
1.81956e+07
1.81956e+07
1.81956e+07
1.81957e+07
1.81957e+07
1.81957e+07
1.81957e+07
1.81957e+07
1.81957e+07
1.81957e+07
1.81957e+07
1.81957e+07
1.81957e+07
1.81956e+07
1.81956e+07
1.81956e+07
1.81956e+07
1.81956e+07
1.81956e+07
1.81955e+07
1.81955e+07
1.81955e+07
1.81955e+07
1.81955e+07
1.81955e+07
1.81956e+07
1.81956e+07
1.81956e+07
1.81956e+07
1.81956e+07
1.81957e+07
1.81957e+07
1.81957e+07
1.81958e+07
1.81958e+07
1.81958e+07
1.81959e+07
1.81959e+07
1.81959e+07
1.81959e+07
1.81959e+07
1.81959e+07
1.81959e+07
1.81959e+07
1.81959e+07
1.81959e+07
1.81959e+07
1.81959e+07
1.81959e+07
1.81958e+07
1.81958e+07
1.81958e+07
1.81958e+07
1.81957e+07
1.81957e+07
1.81957e+07
1.81957e+07
1.81957e+07
1.81957e+07
1.81957e+07
1.81958e+07
1.81958e+07
1.81958e+07
1.81959e+07
1.81959e+07
1.8196e+07
1.8196e+07
1.81961e+07
1.81961e+07
1.81962e+07
1.81962e+07
1.81963e+07
1.81963e+07
1.81963e+07
1.81963e+07
1.81964e+07
1.81964e+07
1.81964e+07
1.81964e+07
1.81963e+07
1.81963e+07
1.81963e+07
1.81962e+07
1.81962e+07
1.81962e+07
1.81961e+07
1.81961e+07
1.8196e+07
1.8196e+07
1.8196e+07
1.8196e+07
1.8196e+07
1.8196e+07
1.8196e+07
1.8196e+07
1.8196e+07
1.81961e+07
1.81961e+07
1.81962e+07
1.81963e+07
1.81963e+07
1.81964e+07
1.81965e+07
1.81966e+07
1.81967e+07
1.81968e+07
1.81969e+07
1.8197e+07
1.8197e+07
1.81971e+07
1.81971e+07
1.81972e+07
1.81972e+07
1.81972e+07
1.81973e+07
1.81973e+07
1.81973e+07
1.81972e+07
1.81972e+07
1.81972e+07
1.81972e+07
1.81972e+07
1.81972e+07
1.81972e+07
1.81972e+07
1.81972e+07
1.81973e+07
1.81973e+07
1.81974e+07
1.81975e+07
1.81977e+07
1.81978e+07
1.8198e+07
1.81982e+07
1.81984e+07
1.81986e+07
1.81989e+07
1.81992e+07
1.81994e+07
1.81997e+07
1.82e+07
1.82003e+07
1.82006e+07
1.82009e+07
1.82012e+07
1.82015e+07
1.82018e+07
1.82021e+07
1.82023e+07
1.82026e+07
1.82028e+07
1.82031e+07
1.82033e+07
1.82036e+07
1.82039e+07
1.82042e+07
1.82045e+07
1.82048e+07
1.82051e+07
1.82054e+07
1.82058e+07
1.82062e+07
1.82066e+07
1.8207e+07
1.82075e+07
1.8208e+07
1.82086e+07
1.82092e+07
1.82098e+07
1.82106e+07
1.82114e+07
1.82128e+07
1.81956e+07
1.81956e+07
1.81956e+07
1.81956e+07
1.81956e+07
1.81956e+07
1.81956e+07
1.81955e+07
1.81955e+07
1.81955e+07
1.81955e+07
1.81955e+07
1.81954e+07
1.81954e+07
1.81954e+07
1.81954e+07
1.81954e+07
1.81954e+07
1.81954e+07
1.81954e+07
1.81954e+07
1.81954e+07
1.81955e+07
1.81955e+07
1.81955e+07
1.81955e+07
1.81956e+07
1.81956e+07
1.81956e+07
1.81956e+07
1.81956e+07
1.81957e+07
1.81957e+07
1.81957e+07
1.81957e+07
1.81957e+07
1.81957e+07
1.81957e+07
1.81957e+07
1.81957e+07
1.81957e+07
1.81956e+07
1.81956e+07
1.81956e+07
1.81956e+07
1.81956e+07
1.81956e+07
1.81955e+07
1.81955e+07
1.81955e+07
1.81955e+07
1.81955e+07
1.81955e+07
1.81956e+07
1.81956e+07
1.81956e+07
1.81956e+07
1.81956e+07
1.81957e+07
1.81957e+07
1.81957e+07
1.81958e+07
1.81958e+07
1.81958e+07
1.81959e+07
1.81959e+07
1.81959e+07
1.81959e+07
1.81959e+07
1.81959e+07
1.81959e+07
1.81959e+07
1.81959e+07
1.81959e+07
1.81959e+07
1.81959e+07
1.81959e+07
1.81958e+07
1.81958e+07
1.81958e+07
1.81958e+07
1.81957e+07
1.81957e+07
1.81957e+07
1.81957e+07
1.81957e+07
1.81957e+07
1.81957e+07
1.81958e+07
1.81958e+07
1.81958e+07
1.81959e+07
1.81959e+07
1.8196e+07
1.8196e+07
1.81961e+07
1.81961e+07
1.81962e+07
1.81962e+07
1.81963e+07
1.81963e+07
1.81963e+07
1.81963e+07
1.81964e+07
1.81964e+07
1.81964e+07
1.81964e+07
1.81963e+07
1.81963e+07
1.81963e+07
1.81962e+07
1.81962e+07
1.81962e+07
1.81961e+07
1.81961e+07
1.8196e+07
1.8196e+07
1.8196e+07
1.8196e+07
1.8196e+07
1.8196e+07
1.8196e+07
1.8196e+07
1.8196e+07
1.81961e+07
1.81961e+07
1.81962e+07
1.81963e+07
1.81963e+07
1.81964e+07
1.81965e+07
1.81966e+07
1.81967e+07
1.81968e+07
1.81969e+07
1.8197e+07
1.8197e+07
1.81971e+07
1.81971e+07
1.81972e+07
1.81972e+07
1.81972e+07
1.81973e+07
1.81973e+07
1.81973e+07
1.81972e+07
1.81972e+07
1.81972e+07
1.81972e+07
1.81972e+07
1.81972e+07
1.81972e+07
1.81972e+07
1.81972e+07
1.81973e+07
1.81973e+07
1.81974e+07
1.81975e+07
1.81977e+07
1.81978e+07
1.8198e+07
1.81982e+07
1.81984e+07
1.81986e+07
1.81989e+07
1.81992e+07
1.81994e+07
1.81997e+07
1.82e+07
1.82003e+07
1.82006e+07
1.82009e+07
1.82012e+07
1.82015e+07
1.82018e+07
1.82021e+07
1.82023e+07
1.82026e+07
1.82028e+07
1.82031e+07
1.82033e+07
1.82036e+07
1.82039e+07
1.82042e+07
1.82045e+07
1.82048e+07
1.82051e+07
1.82054e+07
1.82058e+07
1.82062e+07
1.82066e+07
1.8207e+07
1.82075e+07
1.8208e+07
1.82086e+07
1.82092e+07
1.82098e+07
1.82105e+07
1.82113e+07
1.82121e+07
1.81956e+07
1.81956e+07
1.81956e+07
1.81956e+07
1.81956e+07
1.81956e+07
1.81956e+07
1.81955e+07
1.81955e+07
1.81955e+07
1.81955e+07
1.81955e+07
1.81954e+07
1.81954e+07
1.81954e+07
1.81954e+07
1.81954e+07
1.81954e+07
1.81954e+07
1.81954e+07
1.81954e+07
1.81954e+07
1.81955e+07
1.81955e+07
1.81955e+07
1.81955e+07
1.81956e+07
1.81956e+07
1.81956e+07
1.81956e+07
1.81956e+07
1.81957e+07
1.81957e+07
1.81957e+07
1.81957e+07
1.81957e+07
1.81957e+07
1.81957e+07
1.81957e+07
1.81957e+07
1.81957e+07
1.81956e+07
1.81956e+07
1.81956e+07
1.81956e+07
1.81956e+07
1.81956e+07
1.81955e+07
1.81955e+07
1.81955e+07
1.81955e+07
1.81955e+07
1.81955e+07
1.81956e+07
1.81956e+07
1.81956e+07
1.81956e+07
1.81956e+07
1.81957e+07
1.81957e+07
1.81957e+07
1.81958e+07
1.81958e+07
1.81958e+07
1.81959e+07
1.81959e+07
1.81959e+07
1.81959e+07
1.81959e+07
1.81959e+07
1.81959e+07
1.81959e+07
1.81959e+07
1.81959e+07
1.81959e+07
1.81959e+07
1.81959e+07
1.81958e+07
1.81958e+07
1.81958e+07
1.81958e+07
1.81957e+07
1.81957e+07
1.81957e+07
1.81957e+07
1.81957e+07
1.81957e+07
1.81957e+07
1.81958e+07
1.81958e+07
1.81958e+07
1.81959e+07
1.81959e+07
1.8196e+07
1.8196e+07
1.81961e+07
1.81961e+07
1.81962e+07
1.81962e+07
1.81963e+07
1.81963e+07
1.81963e+07
1.81963e+07
1.81964e+07
1.81964e+07
1.81964e+07
1.81964e+07
1.81963e+07
1.81963e+07
1.81963e+07
1.81962e+07
1.81962e+07
1.81962e+07
1.81961e+07
1.81961e+07
1.8196e+07
1.8196e+07
1.8196e+07
1.8196e+07
1.8196e+07
1.8196e+07
1.8196e+07
1.8196e+07
1.8196e+07
1.81961e+07
1.81961e+07
1.81962e+07
1.81963e+07
1.81963e+07
1.81964e+07
1.81965e+07
1.81966e+07
1.81967e+07
1.81968e+07
1.81969e+07
1.8197e+07
1.8197e+07
1.81971e+07
1.81971e+07
1.81972e+07
1.81972e+07
1.81972e+07
1.81973e+07
1.81973e+07
1.81973e+07
1.81972e+07
1.81972e+07
1.81972e+07
1.81972e+07
1.81972e+07
1.81972e+07
1.81972e+07
1.81972e+07
1.81972e+07
1.81973e+07
1.81973e+07
1.81974e+07
1.81975e+07
1.81977e+07
1.81978e+07
1.8198e+07
1.81982e+07
1.81984e+07
1.81986e+07
1.81989e+07
1.81992e+07
1.81994e+07
1.81997e+07
1.82e+07
1.82003e+07
1.82006e+07
1.82009e+07
1.82012e+07
1.82015e+07
1.82018e+07
1.82021e+07
1.82023e+07
1.82026e+07
1.82028e+07
1.82031e+07
1.82033e+07
1.82036e+07
1.82039e+07
1.82042e+07
1.82045e+07
1.82048e+07
1.82051e+07
1.82054e+07
1.82058e+07
1.82062e+07
1.82066e+07
1.8207e+07
1.82075e+07
1.8208e+07
1.82086e+07
1.82092e+07
1.82098e+07
1.82105e+07
1.8211e+07
1.82111e+07
1.81956e+07
1.81956e+07
1.81956e+07
1.81956e+07
1.81956e+07
1.81956e+07
1.81956e+07
1.81955e+07
1.81955e+07
1.81955e+07
1.81955e+07
1.81955e+07
1.81954e+07
1.81954e+07
1.81954e+07
1.81954e+07
1.81954e+07
1.81954e+07
1.81954e+07
1.81954e+07
1.81954e+07
1.81954e+07
1.81955e+07
1.81955e+07
1.81955e+07
1.81955e+07
1.81956e+07
1.81956e+07
1.81956e+07
1.81956e+07
1.81956e+07
1.81957e+07
1.81957e+07
1.81957e+07
1.81957e+07
1.81957e+07
1.81957e+07
1.81957e+07
1.81957e+07
1.81957e+07
1.81957e+07
1.81956e+07
1.81956e+07
1.81956e+07
1.81956e+07
1.81956e+07
1.81956e+07
1.81955e+07
1.81955e+07
1.81955e+07
1.81955e+07
1.81955e+07
1.81955e+07
1.81956e+07
1.81956e+07
1.81956e+07
1.81956e+07
1.81956e+07
1.81957e+07
1.81957e+07
1.81957e+07
1.81958e+07
1.81958e+07
1.81958e+07
1.81959e+07
1.81959e+07
1.81959e+07
1.81959e+07
1.81959e+07
1.81959e+07
1.81959e+07
1.81959e+07
1.81959e+07
1.81959e+07
1.81959e+07
1.81959e+07
1.81959e+07
1.81958e+07
1.81958e+07
1.81958e+07
1.81958e+07
1.81957e+07
1.81957e+07
1.81957e+07
1.81957e+07
1.81957e+07
1.81957e+07
1.81957e+07
1.81958e+07
1.81958e+07
1.81958e+07
1.81959e+07
1.81959e+07
1.8196e+07
1.8196e+07
1.81961e+07
1.81961e+07
1.81962e+07
1.81962e+07
1.81963e+07
1.81963e+07
1.81963e+07
1.81963e+07
1.81964e+07
1.81964e+07
1.81964e+07
1.81964e+07
1.81963e+07
1.81963e+07
1.81963e+07
1.81962e+07
1.81962e+07
1.81962e+07
1.81961e+07
1.81961e+07
1.8196e+07
1.8196e+07
1.8196e+07
1.8196e+07
1.8196e+07
1.8196e+07
1.8196e+07
1.8196e+07
1.8196e+07
1.81961e+07
1.81961e+07
1.81962e+07
1.81963e+07
1.81963e+07
1.81964e+07
1.81965e+07
1.81966e+07
1.81967e+07
1.81968e+07
1.81969e+07
1.8197e+07
1.8197e+07
1.81971e+07
1.81971e+07
1.81972e+07
1.81972e+07
1.81972e+07
1.81973e+07
1.81973e+07
1.81973e+07
1.81972e+07
1.81972e+07
1.81972e+07
1.81972e+07
1.81972e+07
1.81972e+07
1.81972e+07
1.81972e+07
1.81972e+07
1.81973e+07
1.81973e+07
1.81974e+07
1.81975e+07
1.81977e+07
1.81978e+07
1.8198e+07
1.81982e+07
1.81984e+07
1.81986e+07
1.81989e+07
1.81992e+07
1.81994e+07
1.81997e+07
1.82e+07
1.82003e+07
1.82006e+07
1.82009e+07
1.82012e+07
1.82015e+07
1.82018e+07
1.82021e+07
1.82023e+07
1.82026e+07
1.82028e+07
1.82031e+07
1.82033e+07
1.82036e+07
1.82039e+07
1.82042e+07
1.82045e+07
1.82048e+07
1.82051e+07
1.82054e+07
1.82058e+07
1.82062e+07
1.82066e+07
1.8207e+07
1.82075e+07
1.8208e+07
1.82086e+07
1.82092e+07
1.82098e+07
1.82105e+07
1.8211e+07
1.82111e+07
1.82196e+07
1.82225e+07
1.82229e+07
1.82223e+07
1.82217e+07
1.82211e+07
1.82204e+07
1.82197e+07
1.82196e+07
1.82207e+07
1.82209e+07
1.82189e+07
1.82143e+07
1.82094e+07
1.82062e+07
1.82036e+07
1.82013e+07
1.82002e+07
1.82017e+07
1.82035e+07
1.8218e+07
1.82195e+07
1.82195e+07
1.82189e+07
1.82183e+07
1.82177e+07
1.82169e+07
1.82162e+07
1.82161e+07
1.82172e+07
1.82174e+07
1.82149e+07
1.82097e+07
1.82047e+07
1.82016e+07
1.81992e+07
1.81973e+07
1.81965e+07
1.81983e+07
1.81995e+07
1.82129e+07
1.8213e+07
1.82127e+07
1.82121e+07
1.82111e+07
1.82098e+07
1.82083e+07
1.82065e+07
1.82042e+07
1.82016e+07
1.81988e+07
1.81961e+07
1.81935e+07
1.81906e+07
1.81871e+07
1.81834e+07
1.81794e+07
1.81751e+07
1.81704e+07
1.81658e+07
1.82031e+07
1.82021e+07
1.82028e+07
1.82034e+07
1.82031e+07
1.82017e+07
1.81995e+07
1.81965e+07
1.81942e+07
1.81911e+07
1.81884e+07
1.81856e+07
1.81828e+07
1.81802e+07
1.81779e+07
1.81758e+07
1.8174e+07
1.81725e+07
1.81713e+07
1.81705e+07
1.81983e+07
1.81935e+07
1.8192e+07
1.8192e+07
1.81914e+07
1.81897e+07
1.81872e+07
1.8184e+07
1.81811e+07
1.81778e+07
1.81746e+07
1.81713e+07
1.81682e+07
1.81653e+07
1.81626e+07
1.81602e+07
1.81582e+07
1.81566e+07
1.81556e+07
1.81556e+07
1.81814e+07
1.81675e+07
1.81678e+07
1.81702e+07
1.81701e+07
1.81691e+07
1.81692e+07
1.817e+07
1.81708e+07
1.81716e+07
1.81723e+07
1.8173e+07
1.81738e+07
1.81746e+07
1.81753e+07
1.81761e+07
1.81769e+07
1.81777e+07
1.81785e+07
1.81793e+07
1.81801e+07
1.81809e+07
1.81818e+07
1.81826e+07
1.81835e+07
1.81844e+07
1.81853e+07
1.81862e+07
1.81872e+07
1.81882e+07
1.81891e+07
1.81902e+07
1.81912e+07
1.81922e+07
1.81933e+07
1.81944e+07
1.81955e+07
1.81967e+07
1.81978e+07
1.8199e+07
1.82002e+07
1.82015e+07
1.82027e+07
1.8204e+07
1.82053e+07
1.82066e+07
1.8208e+07
1.82094e+07
1.82108e+07
1.82122e+07
1.82136e+07
1.82151e+07
1.82165e+07
1.8218e+07
1.82195e+07
1.8221e+07
1.82225e+07
1.82241e+07
1.82256e+07
1.82271e+07
1.82287e+07
1.82303e+07
1.82319e+07
1.82334e+07
1.8235e+07
1.82366e+07
1.82382e+07
1.82399e+07
1.82415e+07
1.82432e+07
1.8245e+07
1.82468e+07
1.82484e+07
1.82499e+07
1.82515e+07
1.82532e+07
1.8255e+07
1.82568e+07
1.82586e+07
1.82605e+07
1.82623e+07
1.82643e+07
1.82662e+07
1.82682e+07
1.82703e+07
1.82723e+07
1.82744e+07
1.82766e+07
1.82787e+07
1.82809e+07
1.82832e+07
1.82854e+07
1.82877e+07
1.829e+07
1.82923e+07
1.82946e+07
1.82969e+07
1.82993e+07
1.83016e+07
1.8304e+07
1.83063e+07
1.83087e+07
1.83111e+07
1.83134e+07
1.83158e+07
1.83182e+07
1.83206e+07
1.8323e+07
1.83254e+07
1.83278e+07
1.83302e+07
1.83326e+07
1.83351e+07
1.83376e+07
1.834e+07
1.83425e+07
1.8345e+07
1.83475e+07
1.835e+07
1.83526e+07
1.83551e+07
1.83577e+07
1.83602e+07
1.83628e+07
1.83654e+07
1.83681e+07
1.83707e+07
1.83734e+07
1.83761e+07
1.83788e+07
1.83815e+07
1.83843e+07
1.8387e+07
1.83898e+07
1.83927e+07
1.83955e+07
1.83984e+07
1.84013e+07
1.84042e+07
1.84071e+07
1.84101e+07
1.8413e+07
1.8416e+07
1.84191e+07
1.84221e+07
1.84251e+07
1.84282e+07
1.84313e+07
1.84344e+07
1.84376e+07
1.84407e+07
1.84439e+07
1.8447e+07
1.84502e+07
1.84534e+07
1.84566e+07
1.84599e+07
1.84631e+07
1.84664e+07
1.84696e+07
1.84729e+07
1.84762e+07
1.84795e+07
1.84829e+07
1.84862e+07
1.84895e+07
1.84929e+07
1.84962e+07
1.84996e+07
1.8503e+07
1.85064e+07
1.85098e+07
1.85132e+07
1.85166e+07
1.852e+07
1.85235e+07
1.85269e+07
1.85304e+07
1.85339e+07
1.85374e+07
1.85409e+07
1.85444e+07
1.85479e+07
1.85515e+07
1.85551e+07
1.85587e+07
1.85623e+07
1.85659e+07
1.85696e+07
1.85732e+07
1.85769e+07
1.85806e+07
1.85844e+07
1.85881e+07
1.85919e+07
1.85956e+07
1.85994e+07
1.86032e+07
1.86069e+07
1.86104e+07
1.81797e+07
1.81673e+07
1.81678e+07
1.81703e+07
1.81701e+07
1.81691e+07
1.81692e+07
1.817e+07
1.81708e+07
1.81716e+07
1.81723e+07
1.8173e+07
1.81738e+07
1.81746e+07
1.81753e+07
1.81761e+07
1.81769e+07
1.81777e+07
1.81785e+07
1.81793e+07
1.81801e+07
1.81809e+07
1.81818e+07
1.81826e+07
1.81835e+07
1.81844e+07
1.81853e+07
1.81862e+07
1.81872e+07
1.81882e+07
1.81891e+07
1.81902e+07
1.81912e+07
1.81922e+07
1.81933e+07
1.81944e+07
1.81955e+07
1.81967e+07
1.81978e+07
1.8199e+07
1.82002e+07
1.82015e+07
1.82027e+07
1.8204e+07
1.82053e+07
1.82066e+07
1.8208e+07
1.82094e+07
1.82108e+07
1.82122e+07
1.82136e+07
1.82151e+07
1.82165e+07
1.8218e+07
1.82195e+07
1.8221e+07
1.82225e+07
1.82241e+07
1.82256e+07
1.82271e+07
1.82287e+07
1.82303e+07
1.82319e+07
1.82334e+07
1.8235e+07
1.82366e+07
1.82382e+07
1.82399e+07
1.82415e+07
1.82432e+07
1.8245e+07
1.82468e+07
1.82484e+07
1.82499e+07
1.82515e+07
1.82532e+07
1.8255e+07
1.82568e+07
1.82586e+07
1.82605e+07
1.82623e+07
1.82643e+07
1.82662e+07
1.82682e+07
1.82702e+07
1.82723e+07
1.82744e+07
1.82766e+07
1.82787e+07
1.82809e+07
1.82832e+07
1.82854e+07
1.82877e+07
1.829e+07
1.82923e+07
1.82946e+07
1.82969e+07
1.82993e+07
1.83016e+07
1.8304e+07
1.83063e+07
1.83087e+07
1.83111e+07
1.83134e+07
1.83158e+07
1.83182e+07
1.83206e+07
1.8323e+07
1.83254e+07
1.83278e+07
1.83302e+07
1.83326e+07
1.83351e+07
1.83376e+07
1.834e+07
1.83425e+07
1.8345e+07
1.83475e+07
1.835e+07
1.83526e+07
1.83551e+07
1.83577e+07
1.83602e+07
1.83628e+07
1.83654e+07
1.83681e+07
1.83707e+07
1.83734e+07
1.83761e+07
1.83788e+07
1.83815e+07
1.83843e+07
1.8387e+07
1.83898e+07
1.83927e+07
1.83955e+07
1.83984e+07
1.84013e+07
1.84042e+07
1.84071e+07
1.84101e+07
1.8413e+07
1.8416e+07
1.84191e+07
1.84221e+07
1.84251e+07
1.84282e+07
1.84313e+07
1.84344e+07
1.84376e+07
1.84407e+07
1.84439e+07
1.8447e+07
1.84502e+07
1.84534e+07
1.84566e+07
1.84599e+07
1.84631e+07
1.84664e+07
1.84696e+07
1.84729e+07
1.84762e+07
1.84795e+07
1.84829e+07
1.84862e+07
1.84895e+07
1.84929e+07
1.84962e+07
1.84996e+07
1.8503e+07
1.85064e+07
1.85098e+07
1.85132e+07
1.85166e+07
1.852e+07
1.85235e+07
1.85269e+07
1.85304e+07
1.85339e+07
1.85374e+07
1.85409e+07
1.85444e+07
1.85479e+07
1.85515e+07
1.85551e+07
1.85587e+07
1.85623e+07
1.85659e+07
1.85696e+07
1.85732e+07
1.85769e+07
1.85806e+07
1.85844e+07
1.85881e+07
1.85919e+07
1.85956e+07
1.85994e+07
1.86032e+07
1.86069e+07
1.86104e+07
1.81562e+07
1.81617e+07
1.81662e+07
1.81675e+07
1.81677e+07
1.81682e+07
1.8169e+07
1.81699e+07
1.81707e+07
1.81714e+07
1.81722e+07
1.8173e+07
1.81738e+07
1.81745e+07
1.81753e+07
1.81761e+07
1.81769e+07
1.81777e+07
1.81785e+07
1.81793e+07
1.81801e+07
1.81809e+07
1.81818e+07
1.81826e+07
1.81835e+07
1.81844e+07
1.81853e+07
1.81862e+07
1.81872e+07
1.81882e+07
1.81891e+07
1.81902e+07
1.81912e+07
1.81922e+07
1.81933e+07
1.81944e+07
1.81955e+07
1.81967e+07
1.81978e+07
1.8199e+07
1.82002e+07
1.82015e+07
1.82027e+07
1.8204e+07
1.82053e+07
1.82067e+07
1.8208e+07
1.82094e+07
1.82108e+07
1.82122e+07
1.82136e+07
1.82151e+07
1.82165e+07
1.8218e+07
1.82195e+07
1.8221e+07
1.82225e+07
1.82241e+07
1.82256e+07
1.82272e+07
1.82287e+07
1.82303e+07
1.82319e+07
1.82334e+07
1.8235e+07
1.82366e+07
1.82383e+07
1.82399e+07
1.82415e+07
1.82432e+07
1.82448e+07
1.82464e+07
1.82481e+07
1.82498e+07
1.82516e+07
1.82533e+07
1.82551e+07
1.82569e+07
1.82587e+07
1.82606e+07
1.82625e+07
1.82644e+07
1.82664e+07
1.82684e+07
1.82704e+07
1.82725e+07
1.82746e+07
1.82767e+07
1.82789e+07
1.82811e+07
1.82833e+07
1.82855e+07
1.82878e+07
1.829e+07
1.82923e+07
1.82946e+07
1.8297e+07
1.82993e+07
1.83016e+07
1.8304e+07
1.83063e+07
1.83087e+07
1.83111e+07
1.83134e+07
1.83158e+07
1.83182e+07
1.83206e+07
1.8323e+07
1.83254e+07
1.83278e+07
1.83302e+07
1.83326e+07
1.83351e+07
1.83376e+07
1.834e+07
1.83425e+07
1.8345e+07
1.83475e+07
1.835e+07
1.83526e+07
1.83551e+07
1.83577e+07
1.83602e+07
1.83628e+07
1.83654e+07
1.83681e+07
1.83707e+07
1.83734e+07
1.83761e+07
1.83788e+07
1.83815e+07
1.83843e+07
1.8387e+07
1.83898e+07
1.83927e+07
1.83955e+07
1.83984e+07
1.84013e+07
1.84042e+07
1.84071e+07
1.84101e+07
1.8413e+07
1.8416e+07
1.84191e+07
1.84221e+07
1.84251e+07
1.84282e+07
1.84313e+07
1.84344e+07
1.84376e+07
1.84407e+07
1.84439e+07
1.8447e+07
1.84502e+07
1.84534e+07
1.84566e+07
1.84599e+07
1.84631e+07
1.84664e+07
1.84696e+07
1.84729e+07
1.84762e+07
1.84795e+07
1.84829e+07
1.84862e+07
1.84895e+07
1.84929e+07
1.84962e+07
1.84996e+07
1.8503e+07
1.85064e+07
1.85098e+07
1.85132e+07
1.85166e+07
1.852e+07
1.85235e+07
1.85269e+07
1.85304e+07
1.85339e+07
1.85374e+07
1.85409e+07
1.85444e+07
1.85479e+07
1.85515e+07
1.85551e+07
1.85587e+07
1.85623e+07
1.85659e+07
1.85696e+07
1.85732e+07
1.85769e+07
1.85806e+07
1.85844e+07
1.85881e+07
1.85919e+07
1.85956e+07
1.85994e+07
1.86032e+07
1.86071e+07
1.86109e+07
1.81674e+07
1.81668e+07
1.81672e+07
1.81675e+07
1.81678e+07
1.81683e+07
1.81691e+07
1.81699e+07
1.81707e+07
1.81714e+07
1.81722e+07
1.8173e+07
1.81738e+07
1.81745e+07
1.81753e+07
1.81761e+07
1.81769e+07
1.81777e+07
1.81785e+07
1.81793e+07
1.81801e+07
1.81809e+07
1.81818e+07
1.81826e+07
1.81835e+07
1.81844e+07
1.81853e+07
1.81862e+07
1.81872e+07
1.81882e+07
1.81892e+07
1.81902e+07
1.81912e+07
1.81923e+07
1.81933e+07
1.81944e+07
1.81955e+07
1.81967e+07
1.81979e+07
1.8199e+07
1.82002e+07
1.82015e+07
1.82027e+07
1.8204e+07
1.82053e+07
1.82067e+07
1.8208e+07
1.82094e+07
1.82108e+07
1.82122e+07
1.82136e+07
1.82151e+07
1.82165e+07
1.8218e+07
1.82195e+07
1.8221e+07
1.82225e+07
1.82241e+07
1.82256e+07
1.82272e+07
1.82287e+07
1.82303e+07
1.82319e+07
1.82335e+07
1.82351e+07
1.82367e+07
1.82383e+07
1.82399e+07
1.82416e+07
1.82432e+07
1.82449e+07
1.82465e+07
1.82482e+07
1.82499e+07
1.82516e+07
1.82534e+07
1.82552e+07
1.8257e+07
1.82588e+07
1.82607e+07
1.82626e+07
1.82645e+07
1.82665e+07
1.82685e+07
1.82705e+07
1.82726e+07
1.82747e+07
1.82768e+07
1.8279e+07
1.82812e+07
1.82834e+07
1.82856e+07
1.82878e+07
1.82901e+07
1.82924e+07
1.82947e+07
1.8297e+07
1.82993e+07
1.83017e+07
1.8304e+07
1.83064e+07
1.83087e+07
1.83111e+07
1.83134e+07
1.83158e+07
1.83182e+07
1.83206e+07
1.8323e+07
1.83254e+07
1.83278e+07
1.83302e+07
1.83326e+07
1.83351e+07
1.83376e+07
1.834e+07
1.83425e+07
1.8345e+07
1.83475e+07
1.835e+07
1.83526e+07
1.83551e+07
1.83577e+07
1.83602e+07
1.83628e+07
1.83654e+07
1.83681e+07
1.83707e+07
1.83734e+07
1.83761e+07
1.83788e+07
1.83815e+07
1.83843e+07
1.8387e+07
1.83898e+07
1.83927e+07
1.83955e+07
1.83984e+07
1.84013e+07
1.84042e+07
1.84071e+07
1.84101e+07
1.8413e+07
1.8416e+07
1.84191e+07
1.84221e+07
1.84251e+07
1.84282e+07
1.84313e+07
1.84344e+07
1.84376e+07
1.84407e+07
1.84439e+07
1.8447e+07
1.84502e+07
1.84534e+07
1.84566e+07
1.84599e+07
1.84631e+07
1.84664e+07
1.84696e+07
1.84729e+07
1.84762e+07
1.84795e+07
1.84829e+07
1.84862e+07
1.84895e+07
1.84929e+07
1.84962e+07
1.84996e+07
1.8503e+07
1.85064e+07
1.85098e+07
1.85132e+07
1.85166e+07
1.852e+07
1.85235e+07
1.85269e+07
1.85304e+07
1.85339e+07
1.85374e+07
1.85409e+07
1.85444e+07
1.85479e+07
1.85515e+07
1.85551e+07
1.85587e+07
1.85623e+07
1.85659e+07
1.85696e+07
1.85732e+07
1.85769e+07
1.85806e+07
1.85844e+07
1.85881e+07
1.85919e+07
1.85956e+07
1.85994e+07
1.86033e+07
1.86072e+07
1.86113e+07
1.81646e+07
1.81665e+07
1.81671e+07
1.81675e+07
1.81678e+07
1.81683e+07
1.81691e+07
1.81699e+07
1.81707e+07
1.81714e+07
1.81722e+07
1.8173e+07
1.81738e+07
1.81745e+07
1.81753e+07
1.81761e+07
1.81769e+07
1.81777e+07
1.81785e+07
1.81793e+07
1.81801e+07
1.81809e+07
1.81818e+07
1.81826e+07
1.81835e+07
1.81844e+07
1.81853e+07
1.81862e+07
1.81872e+07
1.81882e+07
1.81892e+07
1.81902e+07
1.81912e+07
1.81923e+07
1.81933e+07
1.81944e+07
1.81955e+07
1.81967e+07
1.81979e+07
1.8199e+07
1.82002e+07
1.82015e+07
1.82027e+07
1.8204e+07
1.82053e+07
1.82067e+07
1.8208e+07
1.82094e+07
1.82108e+07
1.82122e+07
1.82136e+07
1.82151e+07
1.82165e+07
1.8218e+07
1.82195e+07
1.8221e+07
1.82225e+07
1.82241e+07
1.82256e+07
1.82272e+07
1.82287e+07
1.82303e+07
1.82319e+07
1.82335e+07
1.82351e+07
1.82367e+07
1.82383e+07
1.82399e+07
1.82416e+07
1.82432e+07
1.82449e+07
1.82465e+07
1.82482e+07
1.82499e+07
1.82516e+07
1.82534e+07
1.82552e+07
1.8257e+07
1.82588e+07
1.82607e+07
1.82626e+07
1.82645e+07
1.82665e+07
1.82685e+07
1.82705e+07
1.82726e+07
1.82747e+07
1.82768e+07
1.8279e+07
1.82812e+07
1.82834e+07
1.82856e+07
1.82878e+07
1.82901e+07
1.82924e+07
1.82947e+07
1.8297e+07
1.82993e+07
1.83017e+07
1.8304e+07
1.83064e+07
1.83087e+07
1.83111e+07
1.83134e+07
1.83158e+07
1.83182e+07
1.83206e+07
1.8323e+07
1.83254e+07
1.83278e+07
1.83302e+07
1.83326e+07
1.83351e+07
1.83376e+07
1.834e+07
1.83425e+07
1.8345e+07
1.83475e+07
1.835e+07
1.83526e+07
1.83551e+07
1.83577e+07
1.83602e+07
1.83628e+07
1.83654e+07
1.83681e+07
1.83707e+07
1.83734e+07
1.83761e+07
1.83788e+07
1.83815e+07
1.83843e+07
1.8387e+07
1.83898e+07
1.83927e+07
1.83955e+07
1.83984e+07
1.84013e+07
1.84042e+07
1.84071e+07
1.84101e+07
1.8413e+07
1.8416e+07
1.84191e+07
1.84221e+07
1.84251e+07
1.84282e+07
1.84313e+07
1.84344e+07
1.84376e+07
1.84407e+07
1.84439e+07
1.8447e+07
1.84502e+07
1.84534e+07
1.84566e+07
1.84599e+07
1.84631e+07
1.84664e+07
1.84696e+07
1.84729e+07
1.84762e+07
1.84795e+07
1.84829e+07
1.84862e+07
1.84895e+07
1.84929e+07
1.84962e+07
1.84996e+07
1.8503e+07
1.85064e+07
1.85098e+07
1.85132e+07
1.85166e+07
1.852e+07
1.85235e+07
1.85269e+07
1.85304e+07
1.85339e+07
1.85374e+07
1.85409e+07
1.85444e+07
1.85479e+07
1.85515e+07
1.85551e+07
1.85587e+07
1.85623e+07
1.85659e+07
1.85696e+07
1.85732e+07
1.85769e+07
1.85806e+07
1.85844e+07
1.85881e+07
1.85919e+07
1.85956e+07
1.85994e+07
1.86033e+07
1.86072e+07
1.86113e+07
1.86081e+07
1.86066e+07
1.86065e+07
1.8607e+07
1.86071e+07
1.86069e+07
1.86064e+07
1.86058e+07
1.86051e+07
1.86043e+07
1.86035e+07
1.86027e+07
1.86017e+07
1.86011e+07
1.86005e+07
1.85999e+07
1.85996e+07
1.85994e+07
1.85994e+07
1.86e+07
1.86103e+07
1.86108e+07
1.86117e+07
1.86124e+07
1.86125e+07
1.86125e+07
1.86122e+07
1.86117e+07
1.86112e+07
1.86106e+07
1.861e+07
1.86095e+07
1.86086e+07
1.86083e+07
1.86078e+07
1.86075e+07
1.86072e+07
1.86071e+07
1.86071e+07
1.86072e+07
1.86134e+07
1.86144e+07
1.86151e+07
1.86156e+07
1.86159e+07
1.86161e+07
1.86162e+07
1.8616e+07
1.86157e+07
1.86151e+07
1.86145e+07
1.86139e+07
1.86135e+07
1.86129e+07
1.86121e+07
1.86111e+07
1.86099e+07
1.86086e+07
1.86071e+07
1.86055e+07
1.86155e+07
1.86171e+07
1.86181e+07
1.86188e+07
1.86195e+07
1.862e+07
1.86204e+07
1.8621e+07
1.8622e+07
1.86239e+07
1.86257e+07
1.86258e+07
1.86238e+07
1.8621e+07
1.86199e+07
1.86195e+07
1.86193e+07
1.86194e+07
1.86206e+07
1.86234e+07
1.86162e+07
1.86186e+07
1.86198e+07
1.86205e+07
1.86212e+07
1.86217e+07
1.86221e+07
1.86227e+07
1.86237e+07
1.86255e+07
1.86273e+07
1.86277e+07
1.86262e+07
1.86236e+07
1.86224e+07
1.86218e+07
1.86214e+07
1.86213e+07
1.86222e+07
1.86252e+07
1.86057e+07
1.86099e+07
1.86138e+07
1.86175e+07
1.86211e+07
1.86247e+07
1.86285e+07
1.86325e+07
1.86363e+07
1.86402e+07
1.86441e+07
1.8648e+07
1.86519e+07
1.86558e+07
1.86598e+07
1.86637e+07
1.86677e+07
1.86716e+07
1.86756e+07
1.86795e+07
1.86835e+07
1.86875e+07
1.86914e+07
1.86954e+07
1.86994e+07
1.87033e+07
1.87073e+07
1.87113e+07
1.87152e+07
1.87192e+07
1.87232e+07
1.87271e+07
1.87311e+07
1.87351e+07
1.8739e+07
1.8743e+07
1.8747e+07
1.87509e+07
1.87549e+07
1.87589e+07
1.87629e+07
1.87669e+07
1.87709e+07
1.87749e+07
1.87789e+07
1.87829e+07
1.87869e+07
1.87909e+07
1.87949e+07
1.87989e+07
1.8803e+07
1.8807e+07
1.8811e+07
1.8815e+07
1.88191e+07
1.88231e+07
1.88271e+07
1.88311e+07
1.88352e+07
1.88392e+07
1.88432e+07
1.88472e+07
1.88513e+07
1.88553e+07
1.88593e+07
1.88634e+07
1.88674e+07
1.88714e+07
1.88754e+07
1.88795e+07
1.88835e+07
1.88875e+07
1.88916e+07
1.88956e+07
1.88997e+07
1.89037e+07
1.89077e+07
1.89118e+07
1.89158e+07
1.89199e+07
1.89239e+07
1.8928e+07
1.89321e+07
1.89361e+07
1.89402e+07
1.89443e+07
1.89484e+07
1.89524e+07
1.89565e+07
1.89605e+07
1.89645e+07
1.89685e+07
1.89725e+07
1.89765e+07
1.89805e+07
1.89844e+07
1.89884e+07
1.89923e+07
1.89961e+07
1.89997e+07
1.8607e+07
1.86101e+07
1.86138e+07
1.86176e+07
1.86211e+07
1.86247e+07
1.86285e+07
1.86325e+07
1.86363e+07
1.86402e+07
1.86441e+07
1.8648e+07
1.86519e+07
1.86558e+07
1.86598e+07
1.86637e+07
1.86677e+07
1.86716e+07
1.86756e+07
1.86795e+07
1.86835e+07
1.86875e+07
1.86914e+07
1.86954e+07
1.86994e+07
1.87033e+07
1.87073e+07
1.87113e+07
1.87152e+07
1.87192e+07
1.87232e+07
1.87271e+07
1.87311e+07
1.87351e+07
1.8739e+07
1.8743e+07
1.8747e+07
1.87509e+07
1.87549e+07
1.87589e+07
1.87629e+07
1.87669e+07
1.87709e+07
1.87749e+07
1.87789e+07
1.87829e+07
1.87869e+07
1.87909e+07
1.87949e+07
1.87989e+07
1.8803e+07
1.8807e+07
1.8811e+07
1.8815e+07
1.88191e+07
1.88231e+07
1.88271e+07
1.88311e+07
1.88352e+07
1.88392e+07
1.88432e+07
1.88472e+07
1.88513e+07
1.88553e+07
1.88593e+07
1.88634e+07
1.88674e+07
1.88714e+07
1.88754e+07
1.88795e+07
1.88835e+07
1.88875e+07
1.88916e+07
1.88956e+07
1.88997e+07
1.89037e+07
1.89077e+07
1.89118e+07
1.89158e+07
1.89199e+07
1.89239e+07
1.8928e+07
1.89321e+07
1.89361e+07
1.89402e+07
1.89443e+07
1.89484e+07
1.89524e+07
1.89565e+07
1.89605e+07
1.89645e+07
1.89685e+07
1.89725e+07
1.89765e+07
1.89805e+07
1.89844e+07
1.89884e+07
1.89923e+07
1.89961e+07
1.89997e+07
1.86022e+07
1.86087e+07
1.86144e+07
1.86184e+07
1.86218e+07
1.86254e+07
1.86292e+07
1.86332e+07
1.8637e+07
1.86408e+07
1.86446e+07
1.86485e+07
1.86524e+07
1.86563e+07
1.86601e+07
1.86641e+07
1.8668e+07
1.86719e+07
1.86758e+07
1.86797e+07
1.86837e+07
1.86876e+07
1.86916e+07
1.86955e+07
1.86995e+07
1.87034e+07
1.87074e+07
1.87113e+07
1.87153e+07
1.87192e+07
1.87232e+07
1.87271e+07
1.87311e+07
1.8735e+07
1.8739e+07
1.8743e+07
1.8747e+07
1.87509e+07
1.87549e+07
1.87589e+07
1.87629e+07
1.87669e+07
1.87709e+07
1.87749e+07
1.87789e+07
1.87829e+07
1.87869e+07
1.87909e+07
1.87949e+07
1.87989e+07
1.8803e+07
1.8807e+07
1.8811e+07
1.8815e+07
1.88191e+07
1.88231e+07
1.88271e+07
1.88311e+07
1.88352e+07
1.88392e+07
1.88432e+07
1.88472e+07
1.88513e+07
1.88553e+07
1.88593e+07
1.88633e+07
1.88674e+07
1.88714e+07
1.88754e+07
1.88794e+07
1.88834e+07
1.88875e+07
1.88915e+07
1.88955e+07
1.88995e+07
1.89036e+07
1.89076e+07
1.89116e+07
1.89157e+07
1.89197e+07
1.89238e+07
1.89278e+07
1.89319e+07
1.8936e+07
1.89401e+07
1.89442e+07
1.89483e+07
1.89523e+07
1.89564e+07
1.89604e+07
1.89645e+07
1.89685e+07
1.89725e+07
1.89765e+07
1.89805e+07
1.89844e+07
1.89883e+07
1.89923e+07
1.89962e+07
1.90001e+07
1.86199e+07
1.86141e+07
1.86156e+07
1.86205e+07
1.86248e+07
1.86273e+07
1.86298e+07
1.86335e+07
1.86378e+07
1.86417e+07
1.86451e+07
1.86487e+07
1.86528e+07
1.86569e+07
1.86606e+07
1.86642e+07
1.86681e+07
1.86721e+07
1.86761e+07
1.868e+07
1.86838e+07
1.86877e+07
1.86916e+07
1.86955e+07
1.86995e+07
1.87034e+07
1.87074e+07
1.87113e+07
1.87153e+07
1.87192e+07
1.87232e+07
1.87271e+07
1.87311e+07
1.8735e+07
1.8739e+07
1.8743e+07
1.87469e+07
1.87509e+07
1.87549e+07
1.87589e+07
1.87629e+07
1.87669e+07
1.87709e+07
1.87749e+07
1.87789e+07
1.87829e+07
1.87869e+07
1.87909e+07
1.87949e+07
1.87989e+07
1.8803e+07
1.8807e+07
1.8811e+07
1.8815e+07
1.88191e+07
1.88231e+07
1.88271e+07
1.88311e+07
1.88352e+07
1.88392e+07
1.88432e+07
1.88472e+07
1.88513e+07
1.88553e+07
1.88593e+07
1.88633e+07
1.88673e+07
1.88713e+07
1.88754e+07
1.88794e+07
1.88834e+07
1.88874e+07
1.88914e+07
1.88954e+07
1.88994e+07
1.89035e+07
1.89075e+07
1.89115e+07
1.89155e+07
1.89196e+07
1.89236e+07
1.89277e+07
1.89318e+07
1.89358e+07
1.89399e+07
1.8944e+07
1.89481e+07
1.89522e+07
1.89563e+07
1.89603e+07
1.89644e+07
1.89684e+07
1.89724e+07
1.89764e+07
1.89804e+07
1.89844e+07
1.89883e+07
1.89923e+07
1.89962e+07
1.9e+07
1.86207e+07
1.86141e+07
1.86156e+07
1.86205e+07
1.86248e+07
1.86273e+07
1.86298e+07
1.86334e+07
1.86378e+07
1.86417e+07
1.86451e+07
1.86487e+07
1.86528e+07
1.86569e+07
1.86606e+07
1.86642e+07
1.86681e+07
1.86721e+07
1.86761e+07
1.868e+07
1.86838e+07
1.86877e+07
1.86916e+07
1.86955e+07
1.86995e+07
1.87034e+07
1.87074e+07
1.87113e+07
1.87153e+07
1.87192e+07
1.87232e+07
1.87271e+07
1.87311e+07
1.8735e+07
1.8739e+07
1.8743e+07
1.87469e+07
1.87509e+07
1.87549e+07
1.87589e+07
1.87629e+07
1.87669e+07
1.87709e+07
1.87749e+07
1.87789e+07
1.87829e+07
1.87869e+07
1.87909e+07
1.87949e+07
1.87989e+07
1.8803e+07
1.8807e+07
1.8811e+07
1.8815e+07
1.88191e+07
1.88231e+07
1.88271e+07
1.88311e+07
1.88352e+07
1.88392e+07
1.88432e+07
1.88472e+07
1.88513e+07
1.88553e+07
1.88593e+07
1.88633e+07
1.88673e+07
1.88713e+07
1.88754e+07
1.88794e+07
1.88834e+07
1.88874e+07
1.88914e+07
1.88954e+07
1.88994e+07
1.89035e+07
1.89075e+07
1.89115e+07
1.89155e+07
1.89196e+07
1.89236e+07
1.89277e+07
1.89318e+07
1.89359e+07
1.89399e+07
1.8944e+07
1.89481e+07
1.89522e+07
1.89563e+07
1.89603e+07
1.89644e+07
1.89684e+07
1.89724e+07
1.89764e+07
1.89804e+07
1.89844e+07
1.89883e+07
1.89923e+07
1.89962e+07
1.9e+07
1.90001e+07
1.9e+07
1.90005e+07
1.90012e+07
1.90018e+07
1.90023e+07
1.90027e+07
1.90031e+07
1.90034e+07
1.90037e+07
1.9004e+07
1.90043e+07
1.90046e+07
1.9005e+07
1.90053e+07
1.90057e+07
1.9006e+07
1.90065e+07
1.90069e+07
1.90075e+07
1.9001e+07
1.90016e+07
1.90023e+07
1.90031e+07
1.90038e+07
1.90043e+07
1.90047e+07
1.90051e+07
1.90055e+07
1.90059e+07
1.90062e+07
1.90066e+07
1.9007e+07
1.90074e+07
1.90078e+07
1.90083e+07
1.90086e+07
1.90092e+07
1.90095e+07
1.901e+07
1.90026e+07
1.90035e+07
1.90044e+07
1.90051e+07
1.90058e+07
1.90065e+07
1.9007e+07
1.90076e+07
1.9008e+07
1.90084e+07
1.90088e+07
1.90092e+07
1.90095e+07
1.90097e+07
1.90099e+07
1.90101e+07
1.90103e+07
1.90103e+07
1.90103e+07
1.90104e+07
1.90027e+07
1.90038e+07
1.90046e+07
1.90054e+07
1.90063e+07
1.90071e+07
1.9008e+07
1.9009e+07
1.90102e+07
1.90112e+07
1.90115e+07
1.90112e+07
1.90115e+07
1.90121e+07
1.90128e+07
1.90135e+07
1.90143e+07
1.90155e+07
1.90176e+07
1.90189e+07
1.90032e+07
1.90047e+07
1.90056e+07
1.90064e+07
1.90072e+07
1.90081e+07
1.9009e+07
1.90099e+07
1.90111e+07
1.90121e+07
1.90124e+07
1.90123e+07
1.90126e+07
1.90131e+07
1.90137e+07
1.90143e+07
1.9015e+07
1.90161e+07
1.90182e+07
1.90198e+07
1.90109e+07
1.90153e+07
1.90193e+07
1.9023e+07
1.90265e+07
1.90302e+07
1.90339e+07
1.90377e+07
1.90413e+07
1.9045e+07
1.90487e+07
1.90524e+07
1.90561e+07
1.90597e+07
1.90634e+07
1.90671e+07
1.90708e+07
1.90744e+07
1.9078e+07
1.90816e+07
1.90852e+07
1.90888e+07
1.90925e+07
1.90961e+07
1.90997e+07
1.91033e+07
1.91068e+07
1.91104e+07
1.91139e+07
1.91174e+07
1.91209e+07
1.91244e+07
1.91279e+07
1.91313e+07
1.91348e+07
1.91382e+07
1.91416e+07
1.91449e+07
1.91483e+07
1.91516e+07
1.91549e+07
1.91582e+07
1.91615e+07
1.91648e+07
1.9168e+07
1.91712e+07
1.91744e+07
1.91776e+07
1.91807e+07
1.91839e+07
1.9187e+07
1.91901e+07
1.91932e+07
1.91962e+07
1.91992e+07
1.92023e+07
1.92053e+07
1.92083e+07
1.92113e+07
1.92142e+07
1.92172e+07
1.92201e+07
1.9223e+07
1.92259e+07
1.92288e+07
1.92317e+07
1.92346e+07
1.92375e+07
1.92403e+07
1.92432e+07
1.9246e+07
1.92488e+07
1.92517e+07
1.92545e+07
1.92573e+07
1.92602e+07
1.9263e+07
1.92658e+07
1.92687e+07
1.92715e+07
1.92742e+07
1.9277e+07
1.92798e+07
1.92825e+07
1.92852e+07
1.92879e+07
1.92905e+07
1.92932e+07
1.92958e+07
1.92984e+07
1.93009e+07
1.93034e+07
1.93059e+07
1.93084e+07
1.93108e+07
1.93132e+07
1.93155e+07
1.93179e+07
1.93202e+07
1.93225e+07
1.93248e+07
1.9327e+07
1.93293e+07
1.93315e+07
1.93337e+07
1.93359e+07
1.9338e+07
1.93402e+07
1.93423e+07
1.93444e+07
1.93465e+07
1.93485e+07
1.93506e+07
1.93526e+07
1.93546e+07
1.93566e+07
1.93586e+07
1.93605e+07
1.93625e+07
1.93644e+07
1.93663e+07
1.93682e+07
1.93701e+07
1.93719e+07
1.93737e+07
1.93756e+07
1.93774e+07
1.93792e+07
1.93809e+07
1.93827e+07
1.93844e+07
1.93862e+07
1.93879e+07
1.93896e+07
1.93912e+07
1.93929e+07
1.93945e+07
1.93962e+07
1.93978e+07
1.93993e+07
1.94009e+07
1.94025e+07
1.9404e+07
1.94055e+07
1.9407e+07
1.94085e+07
1.941e+07
1.94114e+07
1.94128e+07
1.94142e+07
1.94156e+07
1.9417e+07
1.94184e+07
1.94197e+07
1.9421e+07
1.94223e+07
1.94236e+07
1.94249e+07
1.94261e+07
1.94274e+07
1.94286e+07
1.94298e+07
1.9431e+07
1.94321e+07
1.94333e+07
1.94344e+07
1.94355e+07
1.94366e+07
1.94377e+07
1.94388e+07
1.94398e+07
1.94408e+07
1.94418e+07
1.94428e+07
1.94438e+07
1.94447e+07
1.94456e+07
1.94465e+07
1.94474e+07
1.94483e+07
1.94491e+07
1.94499e+07
1.94507e+07
1.94515e+07
1.94523e+07
1.9453e+07
1.94537e+07
1.94544e+07
1.94551e+07
1.94558e+07
1.94564e+07
1.9457e+07
1.94576e+07
1.94582e+07
1.94588e+07
1.94593e+07
1.94598e+07
1.94603e+07
1.94608e+07
1.94613e+07
1.90113e+07
1.90154e+07
1.90193e+07
1.9023e+07
1.90265e+07
1.90302e+07
1.90339e+07
1.90377e+07
1.90413e+07
1.9045e+07
1.90487e+07
1.90524e+07
1.90561e+07
1.90597e+07
1.90634e+07
1.90671e+07
1.90708e+07
1.90744e+07
1.9078e+07
1.90816e+07
1.90852e+07
1.90888e+07
1.90925e+07
1.90961e+07
1.90997e+07
1.91033e+07
1.91068e+07
1.91104e+07
1.91139e+07
1.91174e+07
1.91209e+07
1.91244e+07
1.91279e+07
1.91313e+07
1.91348e+07
1.91382e+07
1.91416e+07
1.91449e+07
1.91483e+07
1.91516e+07
1.91549e+07
1.91582e+07
1.91615e+07
1.91648e+07
1.9168e+07
1.91712e+07
1.91744e+07
1.91776e+07
1.91807e+07
1.91839e+07
1.9187e+07
1.91901e+07
1.91932e+07
1.91962e+07
1.91992e+07
1.92023e+07
1.92053e+07
1.92083e+07
1.92113e+07
1.92142e+07
1.92172e+07
1.92201e+07
1.9223e+07
1.92259e+07
1.92288e+07
1.92317e+07
1.92346e+07
1.92375e+07
1.92403e+07
1.92432e+07
1.9246e+07
1.92489e+07
1.92517e+07
1.92545e+07
1.92573e+07
1.92602e+07
1.9263e+07
1.92658e+07
1.92687e+07
1.92715e+07
1.92743e+07
1.9277e+07
1.92798e+07
1.92825e+07
1.92852e+07
1.92879e+07
1.92905e+07
1.92932e+07
1.92958e+07
1.92984e+07
1.93009e+07
1.93034e+07
1.93059e+07
1.93084e+07
1.93108e+07
1.93132e+07
1.93155e+07
1.93179e+07
1.93202e+07
1.93225e+07
1.93248e+07
1.9327e+07
1.93293e+07
1.93315e+07
1.93337e+07
1.93359e+07
1.9338e+07
1.93402e+07
1.93423e+07
1.93444e+07
1.93465e+07
1.93485e+07
1.93506e+07
1.93526e+07
1.93546e+07
1.93566e+07
1.93586e+07
1.93605e+07
1.93625e+07
1.93644e+07
1.93663e+07
1.93682e+07
1.93701e+07
1.93719e+07
1.93737e+07
1.93756e+07
1.93774e+07
1.93792e+07
1.93809e+07
1.93827e+07
1.93844e+07
1.93862e+07
1.93879e+07
1.93896e+07
1.93912e+07
1.93929e+07
1.93945e+07
1.93962e+07
1.93978e+07
1.93993e+07
1.94009e+07
1.94025e+07
1.9404e+07
1.94055e+07
1.9407e+07
1.94085e+07
1.941e+07
1.94114e+07
1.94128e+07
1.94142e+07
1.94156e+07
1.9417e+07
1.94184e+07
1.94197e+07
1.9421e+07
1.94223e+07
1.94236e+07
1.94249e+07
1.94261e+07
1.94274e+07
1.94286e+07
1.94298e+07
1.9431e+07
1.94321e+07
1.94333e+07
1.94344e+07
1.94355e+07
1.94366e+07
1.94377e+07
1.94388e+07
1.94398e+07
1.94408e+07
1.94418e+07
1.94428e+07
1.94438e+07
1.94447e+07
1.94456e+07
1.94465e+07
1.94474e+07
1.94483e+07
1.94491e+07
1.94499e+07
1.94507e+07
1.94515e+07
1.94523e+07
1.9453e+07
1.94537e+07
1.94544e+07
1.94551e+07
1.94558e+07
1.94564e+07
1.9457e+07
1.94576e+07
1.94582e+07
1.94588e+07
1.94593e+07
1.94598e+07
1.94603e+07
1.94608e+07
1.94613e+07
1.90109e+07
1.90161e+07
1.90205e+07
1.9024e+07
1.90275e+07
1.90312e+07
1.9035e+07
1.90386e+07
1.90422e+07
1.90459e+07
1.90496e+07
1.90532e+07
1.90567e+07
1.90603e+07
1.9064e+07
1.90677e+07
1.90714e+07
1.9075e+07
1.90785e+07
1.9082e+07
1.90856e+07
1.90892e+07
1.90928e+07
1.90964e+07
1.91e+07
1.91035e+07
1.91071e+07
1.91106e+07
1.91141e+07
1.91176e+07
1.91211e+07
1.91246e+07
1.9128e+07
1.91314e+07
1.91348e+07
1.91382e+07
1.91416e+07
1.9145e+07
1.91483e+07
1.91516e+07
1.91549e+07
1.91582e+07
1.91615e+07
1.91648e+07
1.9168e+07
1.91712e+07
1.91744e+07
1.91776e+07
1.91807e+07
1.91839e+07
1.9187e+07
1.91901e+07
1.91932e+07
1.91962e+07
1.91992e+07
1.92023e+07
1.92053e+07
1.92083e+07
1.92112e+07
1.92142e+07
1.92171e+07
1.92201e+07
1.9223e+07
1.92259e+07
1.92288e+07
1.92316e+07
1.92345e+07
1.92373e+07
1.92402e+07
1.9243e+07
1.92459e+07
1.92487e+07
1.92515e+07
1.92543e+07
1.92572e+07
1.926e+07
1.92629e+07
1.92657e+07
1.92685e+07
1.92714e+07
1.92742e+07
1.92769e+07
1.92797e+07
1.92824e+07
1.92851e+07
1.92878e+07
1.92905e+07
1.92932e+07
1.92958e+07
1.92984e+07
1.93009e+07
1.93034e+07
1.93059e+07
1.93084e+07
1.93108e+07
1.93132e+07
1.93155e+07
1.93179e+07
1.93202e+07
1.93225e+07
1.93248e+07
1.9327e+07
1.93293e+07
1.93315e+07
1.93337e+07
1.93359e+07
1.9338e+07
1.93402e+07
1.93423e+07
1.93444e+07
1.93465e+07
1.93485e+07
1.93506e+07
1.93526e+07
1.93546e+07
1.93566e+07
1.93586e+07
1.93605e+07
1.93625e+07
1.93644e+07
1.93663e+07
1.93682e+07
1.93701e+07
1.93719e+07
1.93737e+07
1.93756e+07
1.93774e+07
1.93792e+07
1.93809e+07
1.93827e+07
1.93844e+07
1.93862e+07
1.93879e+07
1.93896e+07
1.93912e+07
1.93929e+07
1.93945e+07
1.93962e+07
1.93978e+07
1.93993e+07
1.94009e+07
1.94025e+07
1.9404e+07
1.94055e+07
1.9407e+07
1.94085e+07
1.941e+07
1.94114e+07
1.94128e+07
1.94142e+07
1.94156e+07
1.9417e+07
1.94184e+07
1.94197e+07
1.9421e+07
1.94223e+07
1.94236e+07
1.94249e+07
1.94261e+07
1.94274e+07
1.94286e+07
1.94298e+07
1.9431e+07
1.94321e+07
1.94333e+07
1.94344e+07
1.94355e+07
1.94366e+07
1.94377e+07
1.94388e+07
1.94398e+07
1.94408e+07
1.94418e+07
1.94428e+07
1.94438e+07
1.94447e+07
1.94456e+07
1.94465e+07
1.94474e+07
1.94483e+07
1.94491e+07
1.94499e+07
1.94507e+07
1.94515e+07
1.94523e+07
1.9453e+07
1.94537e+07
1.94544e+07
1.94551e+07
1.94558e+07
1.94564e+07
1.9457e+07
1.94576e+07
1.94582e+07
1.94588e+07
1.94593e+07
1.94598e+07
1.94603e+07
1.94608e+07
1.94613e+07
1.90172e+07
1.90176e+07
1.90214e+07
1.90267e+07
1.90299e+07
1.90319e+07
1.90354e+07
1.90402e+07
1.90439e+07
1.90464e+07
1.90499e+07
1.90544e+07
1.90588e+07
1.90618e+07
1.90644e+07
1.90678e+07
1.90716e+07
1.90758e+07
1.90801e+07
1.90834e+07
1.90862e+07
1.90893e+07
1.90929e+07
1.90964e+07
1.91e+07
1.91035e+07
1.91071e+07
1.91106e+07
1.91141e+07
1.91176e+07
1.91211e+07
1.91245e+07
1.9128e+07
1.91314e+07
1.91348e+07
1.91382e+07
1.91416e+07
1.9145e+07
1.91483e+07
1.91516e+07
1.91549e+07
1.91582e+07
1.91615e+07
1.91648e+07
1.9168e+07
1.91712e+07
1.91744e+07
1.91776e+07
1.91807e+07
1.91839e+07
1.9187e+07
1.91902e+07
1.91937e+07
1.91968e+07
1.91994e+07
1.92023e+07
1.92053e+07
1.92084e+07
1.92115e+07
1.92143e+07
1.92171e+07
1.922e+07
1.92229e+07
1.92258e+07
1.92287e+07
1.92315e+07
1.92344e+07
1.92372e+07
1.92401e+07
1.92429e+07
1.92457e+07
1.92485e+07
1.92513e+07
1.92542e+07
1.9257e+07
1.92598e+07
1.92627e+07
1.92655e+07
1.92684e+07
1.92712e+07
1.9274e+07
1.92768e+07
1.92796e+07
1.92823e+07
1.92851e+07
1.92878e+07
1.92905e+07
1.92931e+07
1.92958e+07
1.92984e+07
1.93009e+07
1.93034e+07
1.93059e+07
1.93084e+07
1.93108e+07
1.93132e+07
1.93155e+07
1.93179e+07
1.93202e+07
1.93225e+07
1.93248e+07
1.9327e+07
1.93293e+07
1.93315e+07
1.93337e+07
1.93359e+07
1.9338e+07
1.93402e+07
1.93423e+07
1.93444e+07
1.93465e+07
1.93485e+07
1.93506e+07
1.93526e+07
1.93546e+07
1.93566e+07
1.93586e+07
1.93605e+07
1.93625e+07
1.93644e+07
1.93663e+07
1.93682e+07
1.93701e+07
1.93719e+07
1.93737e+07
1.93756e+07
1.93774e+07
1.93792e+07
1.93809e+07
1.93827e+07
1.93844e+07
1.93862e+07
1.93879e+07
1.93896e+07
1.93912e+07
1.93929e+07
1.93945e+07
1.93962e+07
1.93978e+07
1.93993e+07
1.94009e+07
1.94025e+07
1.9404e+07
1.94055e+07
1.9407e+07
1.94085e+07
1.941e+07
1.94114e+07
1.94128e+07
1.94142e+07
1.94156e+07
1.9417e+07
1.94184e+07
1.94197e+07
1.9421e+07
1.94223e+07
1.94236e+07
1.94249e+07
1.94261e+07
1.94274e+07
1.94286e+07
1.94298e+07
1.9431e+07
1.94321e+07
1.94333e+07
1.94344e+07
1.94355e+07
1.94366e+07
1.94377e+07
1.94388e+07
1.94398e+07
1.94408e+07
1.94418e+07
1.94428e+07
1.94438e+07
1.94447e+07
1.94456e+07
1.94465e+07
1.94474e+07
1.94483e+07
1.94491e+07
1.94499e+07
1.94507e+07
1.94515e+07
1.94523e+07
1.9453e+07
1.94537e+07
1.94544e+07
1.94551e+07
1.94558e+07
1.94564e+07
1.9457e+07
1.94576e+07
1.94582e+07
1.94588e+07
1.94593e+07
1.94598e+07
1.94603e+07
1.94608e+07
1.94613e+07
1.90176e+07
1.90176e+07
1.90214e+07
1.90267e+07
1.90299e+07
1.90319e+07
1.90354e+07
1.90402e+07
1.90439e+07
1.90464e+07
1.90499e+07
1.90544e+07
1.90588e+07
1.90618e+07
1.90644e+07
1.90678e+07
1.90716e+07
1.90758e+07
1.90801e+07
1.90834e+07
1.90862e+07
1.90893e+07
1.90929e+07
1.90964e+07
1.91e+07
1.91035e+07
1.91071e+07
1.91106e+07
1.91141e+07
1.91176e+07
1.91211e+07
1.91245e+07
1.9128e+07
1.91314e+07
1.91348e+07
1.91382e+07
1.91416e+07
1.9145e+07
1.91483e+07
1.91516e+07
1.91549e+07
1.91582e+07
1.91615e+07
1.91648e+07
1.9168e+07
1.91712e+07
1.91744e+07
1.91776e+07
1.91807e+07
1.91839e+07
1.9187e+07
1.91902e+07
1.91937e+07
1.91968e+07
1.91994e+07
1.92023e+07
1.92053e+07
1.92084e+07
1.92115e+07
1.92143e+07
1.92171e+07
1.922e+07
1.92229e+07
1.92258e+07
1.92287e+07
1.92315e+07
1.92344e+07
1.92372e+07
1.92401e+07
1.92429e+07
1.92457e+07
1.92485e+07
1.92514e+07
1.92542e+07
1.9257e+07
1.92599e+07
1.92627e+07
1.92655e+07
1.92684e+07
1.92712e+07
1.9274e+07
1.92768e+07
1.92796e+07
1.92824e+07
1.92851e+07
1.92878e+07
1.92905e+07
1.92931e+07
1.92958e+07
1.92984e+07
1.93009e+07
1.93034e+07
1.93059e+07
1.93084e+07
1.93108e+07
1.93132e+07
1.93155e+07
1.93179e+07
1.93202e+07
1.93225e+07
1.93248e+07
1.9327e+07
1.93293e+07
1.93315e+07
1.93337e+07
1.93359e+07
1.9338e+07
1.93402e+07
1.93423e+07
1.93444e+07
1.93465e+07
1.93485e+07
1.93506e+07
1.93526e+07
1.93546e+07
1.93566e+07
1.93586e+07
1.93605e+07
1.93625e+07
1.93644e+07
1.93663e+07
1.93682e+07
1.93701e+07
1.93719e+07
1.93737e+07
1.93756e+07
1.93774e+07
1.93792e+07
1.93809e+07
1.93827e+07
1.93844e+07
1.93862e+07
1.93879e+07
1.93896e+07
1.93912e+07
1.93929e+07
1.93945e+07
1.93962e+07
1.93978e+07
1.93993e+07
1.94009e+07
1.94025e+07
1.9404e+07
1.94055e+07
1.9407e+07
1.94085e+07
1.941e+07
1.94114e+07
1.94128e+07
1.94142e+07
1.94156e+07
1.9417e+07
1.94184e+07
1.94197e+07
1.9421e+07
1.94223e+07
1.94236e+07
1.94249e+07
1.94261e+07
1.94274e+07
1.94286e+07
1.94298e+07
1.9431e+07
1.94321e+07
1.94333e+07
1.94344e+07
1.94355e+07
1.94366e+07
1.94377e+07
1.94388e+07
1.94398e+07
1.94408e+07
1.94418e+07
1.94428e+07
1.94438e+07
1.94447e+07
1.94456e+07
1.94465e+07
1.94474e+07
1.94483e+07
1.94491e+07
1.94499e+07
1.94507e+07
1.94515e+07
1.94523e+07
1.9453e+07
1.94537e+07
1.94544e+07
1.94551e+07
1.94558e+07
1.94564e+07
1.9457e+07
1.94576e+07
1.94582e+07
1.94588e+07
1.94593e+07
1.94598e+07
1.94603e+07
1.94608e+07
1.94613e+07
1.94615e+07
1.94617e+07
1.94618e+07
1.9462e+07
1.94621e+07
1.94622e+07
1.94623e+07
1.94624e+07
1.94626e+07
1.94627e+07
1.9463e+07
1.94633e+07
1.94636e+07
1.94639e+07
1.94639e+07
1.94636e+07
1.94635e+07
1.94636e+07
1.94638e+07
1.94637e+07
1.94615e+07
1.94617e+07
1.94618e+07
1.94619e+07
1.94621e+07
1.94622e+07
1.94623e+07
1.94624e+07
1.94626e+07
1.94627e+07
1.9463e+07
1.94633e+07
1.94636e+07
1.94638e+07
1.94638e+07
1.94635e+07
1.94634e+07
1.94635e+07
1.94637e+07
1.94637e+07
1.94615e+07
1.94616e+07
1.94617e+07
1.94619e+07
1.9462e+07
1.94621e+07
1.94622e+07
1.94623e+07
1.94624e+07
1.94624e+07
1.94625e+07
1.94626e+07
1.94627e+07
1.94627e+07
1.94628e+07
1.94628e+07
1.94629e+07
1.94631e+07
1.94632e+07
1.94634e+07
1.94615e+07
1.94616e+07
1.94617e+07
1.94618e+07
1.94618e+07
1.94619e+07
1.9462e+07
1.9462e+07
1.94621e+07
1.94622e+07
1.94622e+07
1.94623e+07
1.94624e+07
1.94624e+07
1.94625e+07
1.94625e+07
1.94626e+07
1.94627e+07
1.94627e+07
1.94628e+07
1.94615e+07
1.94616e+07
1.94617e+07
1.94618e+07
1.94618e+07
1.94619e+07
1.94619e+07
1.9462e+07
1.94621e+07
1.94621e+07
1.94622e+07
1.94623e+07
1.94623e+07
1.94624e+07
1.94625e+07
1.94625e+07
1.94626e+07
1.94627e+07
1.94627e+07
1.94628e+07
1.94644e+07
1.94655e+07
1.94647e+07
1.94645e+07
1.94651e+07
1.94672e+07
1.94672e+07
1.94656e+07
1.94659e+07
1.9466e+07
1.94666e+07
1.94706e+07
1.9468e+07
1.94664e+07
1.94672e+07
1.94711e+07
1.9471e+07
1.94672e+07
1.94672e+07
1.94681e+07
1.94745e+07
1.94709e+07
1.94671e+07
1.94666e+07
1.94667e+07
1.94668e+07
1.94668e+07
1.94668e+07
1.94669e+07
1.94673e+07
1.94698e+07
1.94681e+07
1.9467e+07
1.94668e+07
1.94667e+07
1.94667e+07
1.94666e+07
1.94666e+07
1.94665e+07
1.94665e+07
1.94665e+07
1.94668e+07
1.94673e+07
1.94682e+07
1.94727e+07
1.94697e+07
1.94665e+07
1.94662e+07
1.94663e+07
1.94665e+07
1.94667e+07
1.94669e+07
1.94671e+07
1.94673e+07
1.94675e+07
1.94677e+07
1.94679e+07
1.9468e+07
1.94682e+07
1.94684e+07
1.94685e+07
1.94686e+07
1.94686e+07
1.94686e+07
1.94686e+07
1.94685e+07
1.94685e+07
1.94684e+07
1.94683e+07
1.94683e+07
1.94682e+07
1.94681e+07
1.9468e+07
1.94679e+07
1.94678e+07
1.94677e+07
1.94675e+07
1.94674e+07
1.94673e+07
1.94672e+07
1.9467e+07
1.94669e+07
1.94668e+07
1.94666e+07
1.94665e+07
1.94664e+07
1.94662e+07
1.94661e+07
1.94659e+07
1.94658e+07
1.94657e+07
1.94655e+07
1.94654e+07
1.94653e+07
1.94652e+07
1.9465e+07
1.94649e+07
1.94648e+07
1.94646e+07
1.94645e+07
1.94644e+07
1.94642e+07
1.94641e+07
1.9464e+07
1.94638e+07
1.94637e+07
1.94635e+07
1.94634e+07
1.94632e+07
1.94631e+07
1.94629e+07
1.94628e+07
1.94626e+07
1.94624e+07
1.94622e+07
1.94621e+07
1.94619e+07
1.94617e+07
1.94615e+07
1.94613e+07
1.94611e+07
1.94609e+07
1.94607e+07
1.94605e+07
1.94603e+07
1.94601e+07
1.94599e+07
1.94597e+07
1.94595e+07
1.94592e+07
1.9459e+07
1.94588e+07
1.94586e+07
1.94584e+07
1.94582e+07
1.94579e+07
1.94577e+07
1.94575e+07
1.94573e+07
1.9457e+07
1.94568e+07
1.94566e+07
1.94564e+07
1.94561e+07
1.94559e+07
1.94556e+07
1.94554e+07
1.94551e+07
1.94549e+07
1.94546e+07
1.94544e+07
1.94541e+07
1.94539e+07
1.94536e+07
1.94533e+07
1.94531e+07
1.94528e+07
1.94526e+07
1.94523e+07
1.9452e+07
1.94518e+07
1.94515e+07
1.94513e+07
1.9451e+07
1.94508e+07
1.94505e+07
1.94503e+07
1.94501e+07
1.94499e+07
1.94496e+07
1.94494e+07
1.94492e+07
1.9449e+07
1.94489e+07
1.94487e+07
1.94485e+07
1.94484e+07
1.94482e+07
1.94481e+07
1.94479e+07
1.94478e+07
1.94477e+07
1.94476e+07
1.94474e+07
1.94474e+07
1.94473e+07
1.94472e+07
1.94471e+07
1.9447e+07
1.9447e+07
1.94469e+07
1.94469e+07
1.94469e+07
1.94468e+07
1.94468e+07
1.94468e+07
1.94468e+07
1.94468e+07
1.94468e+07
1.94468e+07
1.94469e+07
1.94469e+07
1.94469e+07
1.9447e+07
1.94471e+07
1.94471e+07
1.94472e+07
1.94473e+07
1.94474e+07
1.94475e+07
1.94475e+07
1.94477e+07
1.94478e+07
1.94479e+07
1.9448e+07
1.94481e+07
1.94483e+07
1.94484e+07
1.94485e+07
1.94487e+07
1.94488e+07
1.94489e+07
1.94491e+07
1.94492e+07
1.94493e+07
1.94495e+07
1.94496e+07
1.94498e+07
1.94499e+07
1.945e+07
1.94502e+07
1.94503e+07
1.94504e+07
1.94506e+07
1.94507e+07
1.94508e+07
1.94509e+07
1.9451e+07
1.94512e+07
1.94513e+07
1.94514e+07
1.94515e+07
1.94516e+07
1.94517e+07
1.94518e+07
1.94519e+07
1.9452e+07
1.94522e+07
1.94523e+07
1.94524e+07
1.94525e+07
1.94526e+07
1.94527e+07
1.94528e+07
1.94529e+07
1.9453e+07
1.94531e+07
1.94532e+07
1.94533e+07
1.94534e+07
1.94535e+07
1.94536e+07
1.94537e+07
1.94538e+07
1.9454e+07
1.94541e+07
1.94542e+07
1.94543e+07
1.94544e+07
1.94545e+07
1.94546e+07
1.94547e+07
1.94547e+07
1.94548e+07
1.94549e+07
1.9455e+07
1.94551e+07
1.94552e+07
1.94552e+07
1.94553e+07
1.94554e+07
1.94554e+07
1.94555e+07
1.94555e+07
1.94556e+07
1.94556e+07
1.94557e+07
1.94557e+07
1.94557e+07
1.94558e+07
1.94558e+07
1.94558e+07
1.94558e+07
1.94558e+07
1.94558e+07
1.94558e+07
1.94557e+07
1.94557e+07
1.94557e+07
1.94556e+07
1.94556e+07
1.94555e+07
1.94555e+07
1.94554e+07
1.94554e+07
1.94553e+07
1.94552e+07
1.94551e+07
1.9455e+07
1.9455e+07
1.94549e+07
1.94548e+07
1.94547e+07
1.94546e+07
1.94545e+07
1.94544e+07
1.94542e+07
1.94541e+07
1.9454e+07
1.94539e+07
1.94538e+07
1.94536e+07
1.94535e+07
1.94534e+07
1.94533e+07
1.94531e+07
1.9453e+07
1.94529e+07
1.94527e+07
1.94526e+07
1.94525e+07
1.94523e+07
1.94522e+07
1.9452e+07
1.94519e+07
1.94518e+07
1.94516e+07
1.94515e+07
1.94513e+07
1.94512e+07
1.9451e+07
1.94509e+07
1.94507e+07
1.94505e+07
1.94504e+07
1.94502e+07
1.94501e+07
1.94499e+07
1.94498e+07
1.94496e+07
1.94494e+07
1.94493e+07
1.94491e+07
1.9449e+07
1.94488e+07
1.94486e+07
1.94485e+07
1.94483e+07
1.94482e+07
1.9448e+07
1.94479e+07
1.94478e+07
1.94476e+07
1.94475e+07
1.94474e+07
1.94472e+07
1.94471e+07
1.9447e+07
1.94469e+07
1.94468e+07
1.94467e+07
1.94465e+07
1.94464e+07
1.94463e+07
1.94463e+07
1.94462e+07
1.94461e+07
1.9446e+07
1.94459e+07
1.94458e+07
1.94458e+07
1.94457e+07
1.94456e+07
1.94456e+07
1.94455e+07
1.94454e+07
1.94454e+07
1.94453e+07
1.94453e+07
1.94452e+07
1.94452e+07
1.94452e+07
1.94451e+07
1.94451e+07
1.94451e+07
1.9445e+07
1.9445e+07
1.9445e+07
1.9445e+07
1.9445e+07
1.9445e+07
1.9445e+07
1.9445e+07
1.9445e+07
1.9445e+07
1.9445e+07
1.9445e+07
1.94451e+07
1.94451e+07
1.94451e+07
1.94452e+07
1.94452e+07
1.94453e+07
1.94454e+07
1.94454e+07
1.94455e+07
1.94456e+07
1.94457e+07
1.94458e+07
1.94459e+07
1.9446e+07
1.94461e+07
1.94462e+07
1.94463e+07
1.94464e+07
1.94465e+07
1.94467e+07
1.94468e+07
1.94469e+07
1.94471e+07
1.94472e+07
1.94474e+07
1.94475e+07
1.94477e+07
1.94478e+07
1.9448e+07
1.94482e+07
1.94483e+07
1.94485e+07
1.94487e+07
1.94488e+07
1.9449e+07
1.94492e+07
1.94494e+07
1.94495e+07
1.94497e+07
1.94499e+07
1.94501e+07
1.94503e+07
1.94505e+07
1.94507e+07
1.94509e+07
1.94511e+07
1.94513e+07
1.94514e+07
1.94516e+07
1.94518e+07
1.9452e+07
1.94522e+07
1.94524e+07
1.94526e+07
1.94528e+07
1.9453e+07
1.94532e+07
1.94534e+07
1.94536e+07
1.94538e+07
1.9454e+07
1.94542e+07
1.94543e+07
1.94545e+07
1.94547e+07
1.94549e+07
1.94551e+07
1.94553e+07
1.94554e+07
1.94556e+07
1.94558e+07
1.94559e+07
1.94561e+07
1.94563e+07
1.94565e+07
1.94566e+07
1.94568e+07
1.94569e+07
1.94571e+07
1.94573e+07
1.94574e+07
1.94576e+07
1.94577e+07
1.94579e+07
1.9458e+07
1.94582e+07
1.94583e+07
1.94585e+07
1.94586e+07
1.94587e+07
1.94589e+07
1.9459e+07
1.94592e+07
1.94593e+07
1.94594e+07
1.94595e+07
1.94597e+07
1.94598e+07
1.94599e+07
1.946e+07
1.94601e+07
1.94602e+07
1.94603e+07
1.94604e+07
1.94605e+07
1.94606e+07
1.94607e+07
1.94608e+07
1.94609e+07
1.9461e+07
1.9461e+07
1.94611e+07
1.94612e+07
1.94612e+07
1.94613e+07
1.94614e+07
1.94614e+07
1.94615e+07
1.94615e+07
1.94616e+07
1.94616e+07
1.94617e+07
1.94617e+07
1.94617e+07
1.94618e+07
1.94618e+07
1.94618e+07
1.94619e+07
1.94619e+07
1.94619e+07
1.94619e+07
1.9462e+07
1.9462e+07
1.9462e+07
1.9462e+07
1.9462e+07
1.94621e+07
1.94621e+07
1.94621e+07
1.94621e+07
1.94621e+07
1.94621e+07
1.94621e+07
1.94621e+07
1.94621e+07
1.94621e+07
1.94621e+07
1.94621e+07
1.94621e+07
1.94621e+07
1.94621e+07
1.94621e+07
1.94621e+07
1.94621e+07
1.94621e+07
1.94621e+07
1.94621e+07
1.94621e+07
1.94621e+07
1.9462e+07
1.9462e+07
1.9462e+07
1.9462e+07
1.9462e+07
1.9462e+07
1.9462e+07
1.9462e+07
1.9462e+07
1.94619e+07
1.94619e+07
1.94619e+07
1.94619e+07
1.94619e+07
1.94619e+07
1.94619e+07
1.94619e+07
1.94618e+07
1.94618e+07
1.94618e+07
1.94618e+07
1.94618e+07
1.94618e+07
1.94618e+07
1.94617e+07
1.94617e+07
1.94617e+07
1.94617e+07
1.94617e+07
1.94617e+07
1.94616e+07
1.94616e+07
1.94616e+07
1.94616e+07
1.94644e+07
1.94654e+07
1.94647e+07
1.94645e+07
1.94651e+07
1.94672e+07
1.94672e+07
1.94656e+07
1.94659e+07
1.9466e+07
1.94666e+07
1.94706e+07
1.9468e+07
1.94664e+07
1.94672e+07
1.94711e+07
1.9471e+07
1.94672e+07
1.94672e+07
1.94681e+07
1.94745e+07
1.94709e+07
1.94671e+07
1.94666e+07
1.94667e+07
1.94668e+07
1.94668e+07
1.94668e+07
1.94669e+07
1.94673e+07
1.94698e+07
1.94681e+07
1.9467e+07
1.94668e+07
1.94667e+07
1.94667e+07
1.94666e+07
1.94666e+07
1.94665e+07
1.94665e+07
1.94665e+07
1.94668e+07
1.94673e+07
1.94682e+07
1.94727e+07
1.94697e+07
1.94665e+07
1.94662e+07
1.94663e+07
1.94665e+07
1.94666e+07
1.94669e+07
1.94671e+07
1.94673e+07
1.94675e+07
1.94677e+07
1.94679e+07
1.9468e+07
1.94682e+07
1.94684e+07
1.94685e+07
1.94686e+07
1.94686e+07
1.94686e+07
1.94686e+07
1.94685e+07
1.94685e+07
1.94684e+07
1.94683e+07
1.94683e+07
1.94682e+07
1.94681e+07
1.9468e+07
1.94679e+07
1.94678e+07
1.94677e+07
1.94675e+07
1.94674e+07
1.94673e+07
1.94672e+07
1.9467e+07
1.94669e+07
1.94668e+07
1.94666e+07
1.94665e+07
1.94664e+07
1.94662e+07
1.94661e+07
1.94659e+07
1.94658e+07
1.94657e+07
1.94655e+07
1.94654e+07
1.94653e+07
1.94652e+07
1.9465e+07
1.94649e+07
1.94648e+07
1.94646e+07
1.94645e+07
1.94644e+07
1.94642e+07
1.94641e+07
1.9464e+07
1.94638e+07
1.94637e+07
1.94635e+07
1.94634e+07
1.94632e+07
1.94631e+07
1.94629e+07
1.94628e+07
1.94626e+07
1.94624e+07
1.94622e+07
1.94621e+07
1.94619e+07
1.94617e+07
1.94615e+07
1.94613e+07
1.94611e+07
1.94609e+07
1.94607e+07
1.94605e+07
1.94603e+07
1.94601e+07
1.94599e+07
1.94597e+07
1.94595e+07
1.94592e+07
1.9459e+07
1.94588e+07
1.94586e+07
1.94584e+07
1.94582e+07
1.94579e+07
1.94577e+07
1.94575e+07
1.94573e+07
1.9457e+07
1.94568e+07
1.94566e+07
1.94564e+07
1.94561e+07
1.94559e+07
1.94556e+07
1.94554e+07
1.94551e+07
1.94549e+07
1.94546e+07
1.94544e+07
1.94541e+07
1.94539e+07
1.94536e+07
1.94533e+07
1.94531e+07
1.94528e+07
1.94526e+07
1.94523e+07
1.9452e+07
1.94518e+07
1.94515e+07
1.94513e+07
1.9451e+07
1.94508e+07
1.94505e+07
1.94503e+07
1.94501e+07
1.94499e+07
1.94496e+07
1.94494e+07
1.94492e+07
1.9449e+07
1.94489e+07
1.94487e+07
1.94485e+07
1.94484e+07
1.94482e+07
1.94481e+07
1.94479e+07
1.94478e+07
1.94477e+07
1.94476e+07
1.94474e+07
1.94474e+07
1.94473e+07
1.94472e+07
1.94471e+07
1.9447e+07
1.9447e+07
1.94469e+07
1.94469e+07
1.94469e+07
1.94468e+07
1.94468e+07
1.94468e+07
1.94468e+07
1.94468e+07
1.94468e+07
1.94468e+07
1.94469e+07
1.94469e+07
1.94469e+07
1.9447e+07
1.94471e+07
1.94471e+07
1.94472e+07
1.94473e+07
1.94474e+07
1.94475e+07
1.94475e+07
1.94477e+07
1.94478e+07
1.94479e+07
1.9448e+07
1.94481e+07
1.94483e+07
1.94484e+07
1.94485e+07
1.94487e+07
1.94488e+07
1.94489e+07
1.94491e+07
1.94492e+07
1.94493e+07
1.94495e+07
1.94496e+07
1.94498e+07
1.94499e+07
1.945e+07
1.94502e+07
1.94503e+07
1.94504e+07
1.94506e+07
1.94507e+07
1.94508e+07
1.94509e+07
1.9451e+07
1.94512e+07
1.94513e+07
1.94514e+07
1.94515e+07
1.94516e+07
1.94517e+07
1.94518e+07
1.94519e+07
1.9452e+07
1.94522e+07
1.94523e+07
1.94524e+07
1.94525e+07
1.94526e+07
1.94527e+07
1.94528e+07
1.94529e+07
1.9453e+07
1.94531e+07
1.94532e+07
1.94533e+07
1.94534e+07
1.94535e+07
1.94536e+07
1.94537e+07
1.94538e+07
1.9454e+07
1.94541e+07
1.94542e+07
1.94543e+07
1.94544e+07
1.94545e+07
1.94546e+07
1.94547e+07
1.94547e+07
1.94548e+07
1.94549e+07
1.9455e+07
1.94551e+07
1.94552e+07
1.94552e+07
1.94553e+07
1.94554e+07
1.94554e+07
1.94555e+07
1.94555e+07
1.94556e+07
1.94556e+07
1.94557e+07
1.94557e+07
1.94557e+07
1.94558e+07
1.94558e+07
1.94558e+07
1.94558e+07
1.94558e+07
1.94558e+07
1.94558e+07
1.94557e+07
1.94557e+07
1.94557e+07
1.94556e+07
1.94556e+07
1.94555e+07
1.94555e+07
1.94554e+07
1.94554e+07
1.94553e+07
1.94552e+07
1.94551e+07
1.9455e+07
1.9455e+07
1.94549e+07
1.94548e+07
1.94547e+07
1.94546e+07
1.94545e+07
1.94544e+07
1.94542e+07
1.94541e+07
1.9454e+07
1.94539e+07
1.94538e+07
1.94536e+07
1.94535e+07
1.94534e+07
1.94533e+07
1.94531e+07
1.9453e+07
1.94529e+07
1.94527e+07
1.94526e+07
1.94525e+07
1.94523e+07
1.94522e+07
1.9452e+07
1.94519e+07
1.94518e+07
1.94516e+07
1.94515e+07
1.94513e+07
1.94512e+07
1.9451e+07
1.94509e+07
1.94507e+07
1.94505e+07
1.94504e+07
1.94502e+07
1.94501e+07
1.94499e+07
1.94498e+07
1.94496e+07
1.94494e+07
1.94493e+07
1.94491e+07
1.9449e+07
1.94488e+07
1.94486e+07
1.94485e+07
1.94483e+07
1.94482e+07
1.9448e+07
1.94479e+07
1.94478e+07
1.94476e+07
1.94475e+07
1.94474e+07
1.94472e+07
1.94471e+07
1.9447e+07
1.94469e+07
1.94468e+07
1.94467e+07
1.94465e+07
1.94464e+07
1.94463e+07
1.94463e+07
1.94462e+07
1.94461e+07
1.9446e+07
1.94459e+07
1.94458e+07
1.94458e+07
1.94457e+07
1.94456e+07
1.94456e+07
1.94455e+07
1.94454e+07
1.94454e+07
1.94453e+07
1.94453e+07
1.94452e+07
1.94452e+07
1.94452e+07
1.94451e+07
1.94451e+07
1.94451e+07
1.9445e+07
1.9445e+07
1.9445e+07
1.9445e+07
1.9445e+07
1.9445e+07
1.9445e+07
1.9445e+07
1.9445e+07
1.9445e+07
1.9445e+07
1.9445e+07
1.94451e+07
1.94451e+07
1.94451e+07
1.94452e+07
1.94452e+07
1.94453e+07
1.94454e+07
1.94454e+07
1.94455e+07
1.94456e+07
1.94457e+07
1.94458e+07
1.94459e+07
1.9446e+07
1.94461e+07
1.94462e+07
1.94463e+07
1.94464e+07
1.94465e+07
1.94467e+07
1.94468e+07
1.94469e+07
1.94471e+07
1.94472e+07
1.94474e+07
1.94475e+07
1.94477e+07
1.94478e+07
1.9448e+07
1.94482e+07
1.94483e+07
1.94485e+07
1.94487e+07
1.94488e+07
1.9449e+07
1.94492e+07
1.94494e+07
1.94495e+07
1.94497e+07
1.94499e+07
1.94501e+07
1.94503e+07
1.94505e+07
1.94507e+07
1.94509e+07
1.94511e+07
1.94513e+07
1.94514e+07
1.94516e+07
1.94518e+07
1.9452e+07
1.94522e+07
1.94524e+07
1.94526e+07
1.94528e+07
1.9453e+07
1.94532e+07
1.94534e+07
1.94536e+07
1.94538e+07
1.9454e+07
1.94542e+07
1.94543e+07
1.94545e+07
1.94547e+07
1.94549e+07
1.94551e+07
1.94553e+07
1.94554e+07
1.94556e+07
1.94558e+07
1.94559e+07
1.94561e+07
1.94563e+07
1.94565e+07
1.94566e+07
1.94568e+07
1.94569e+07
1.94571e+07
1.94573e+07
1.94574e+07
1.94576e+07
1.94577e+07
1.94579e+07
1.9458e+07
1.94582e+07
1.94583e+07
1.94585e+07
1.94586e+07
1.94587e+07
1.94589e+07
1.9459e+07
1.94592e+07
1.94593e+07
1.94594e+07
1.94595e+07
1.94597e+07
1.94598e+07
1.94599e+07
1.946e+07
1.94601e+07
1.94602e+07
1.94603e+07
1.94604e+07
1.94605e+07
1.94606e+07
1.94607e+07
1.94608e+07
1.94609e+07
1.9461e+07
1.9461e+07
1.94611e+07
1.94612e+07
1.94612e+07
1.94613e+07
1.94614e+07
1.94614e+07
1.94615e+07
1.94615e+07
1.94616e+07
1.94616e+07
1.94617e+07
1.94617e+07
1.94617e+07
1.94618e+07
1.94618e+07
1.94618e+07
1.94619e+07
1.94619e+07
1.94619e+07
1.94619e+07
1.9462e+07
1.9462e+07
1.9462e+07
1.9462e+07
1.9462e+07
1.94621e+07
1.94621e+07
1.94621e+07
1.94621e+07
1.94621e+07
1.94621e+07
1.94621e+07
1.94621e+07
1.94621e+07
1.94621e+07
1.94621e+07
1.94621e+07
1.94621e+07
1.94621e+07
1.94621e+07
1.94621e+07
1.94621e+07
1.94621e+07
1.94621e+07
1.94621e+07
1.94621e+07
1.94621e+07
1.94621e+07
1.9462e+07
1.9462e+07
1.9462e+07
1.9462e+07
1.9462e+07
1.9462e+07
1.9462e+07
1.9462e+07
1.9462e+07
1.94619e+07
1.94619e+07
1.94619e+07
1.94619e+07
1.94619e+07
1.94619e+07
1.94619e+07
1.94619e+07
1.94618e+07
1.94618e+07
1.94618e+07
1.94618e+07
1.94618e+07
1.94618e+07
1.94618e+07
1.94617e+07
1.94617e+07
1.94617e+07
1.94617e+07
1.94617e+07
1.94617e+07
1.94616e+07
1.94616e+07
1.94616e+07
1.94616e+07
1.94636e+07
1.94639e+07
1.9464e+07
1.94645e+07
1.94649e+07
1.94649e+07
1.94649e+07
1.94652e+07
1.94655e+07
1.94658e+07
1.94662e+07
1.94658e+07
1.94657e+07
1.9466e+07
1.94667e+07
1.94666e+07
1.94661e+07
1.94664e+07
1.94669e+07
1.94674e+07
1.94665e+07
1.94661e+07
1.94662e+07
1.94664e+07
1.94666e+07
1.94667e+07
1.94668e+07
1.94668e+07
1.94669e+07
1.9467e+07
1.94668e+07
1.94667e+07
1.94667e+07
1.94667e+07
1.94667e+07
1.94667e+07
1.94667e+07
1.94666e+07
1.94666e+07
1.94666e+07
1.94666e+07
1.94668e+07
1.94673e+07
1.94674e+07
1.94664e+07
1.94659e+07
1.9466e+07
1.94662e+07
1.94664e+07
1.94666e+07
1.94668e+07
1.9467e+07
1.94672e+07
1.94674e+07
1.94676e+07
1.94678e+07
1.94679e+07
1.94681e+07
1.94682e+07
1.94684e+07
1.94685e+07
1.94686e+07
1.94686e+07
1.94686e+07
1.94686e+07
1.94685e+07
1.94685e+07
1.94684e+07
1.94683e+07
1.94683e+07
1.94682e+07
1.94681e+07
1.9468e+07
1.94679e+07
1.94678e+07
1.94677e+07
1.94675e+07
1.94674e+07
1.94673e+07
1.94672e+07
1.9467e+07
1.94669e+07
1.94668e+07
1.94666e+07
1.94665e+07
1.94664e+07
1.94662e+07
1.94661e+07
1.94659e+07
1.94658e+07
1.94657e+07
1.94655e+07
1.94654e+07
1.94653e+07
1.94652e+07
1.9465e+07
1.94649e+07
1.94648e+07
1.94646e+07
1.94645e+07
1.94644e+07
1.94642e+07
1.94641e+07
1.9464e+07
1.94638e+07
1.94637e+07
1.94635e+07
1.94634e+07
1.94632e+07
1.94631e+07
1.94629e+07
1.94628e+07
1.94626e+07
1.94624e+07
1.94622e+07
1.94621e+07
1.94619e+07
1.94617e+07
1.94615e+07
1.94613e+07
1.94611e+07
1.94609e+07
1.94607e+07
1.94605e+07
1.94603e+07
1.94601e+07
1.94599e+07
1.94597e+07
1.94595e+07
1.94592e+07
1.9459e+07
1.94588e+07
1.94586e+07
1.94584e+07
1.94582e+07
1.94579e+07
1.94577e+07
1.94575e+07
1.94573e+07
1.9457e+07
1.94568e+07
1.94566e+07
1.94564e+07
1.94561e+07
1.94559e+07
1.94556e+07
1.94554e+07
1.94551e+07
1.94549e+07
1.94546e+07
1.94544e+07
1.94541e+07
1.94539e+07
1.94536e+07
1.94533e+07
1.94531e+07
1.94528e+07
1.94526e+07
1.94523e+07
1.9452e+07
1.94518e+07
1.94515e+07
1.94513e+07
1.9451e+07
1.94508e+07
1.94505e+07
1.94503e+07
1.94501e+07
1.94499e+07
1.94496e+07
1.94494e+07
1.94492e+07
1.9449e+07
1.94489e+07
1.94487e+07
1.94485e+07
1.94484e+07
1.94482e+07
1.94481e+07
1.94479e+07
1.94478e+07
1.94477e+07
1.94476e+07
1.94474e+07
1.94474e+07
1.94473e+07
1.94472e+07
1.94471e+07
1.9447e+07
1.9447e+07
1.94469e+07
1.94469e+07
1.94469e+07
1.94468e+07
1.94468e+07
1.94468e+07
1.94468e+07
1.94468e+07
1.94468e+07
1.94468e+07
1.94469e+07
1.94469e+07
1.94469e+07
1.9447e+07
1.94471e+07
1.94471e+07
1.94472e+07
1.94473e+07
1.94474e+07
1.94475e+07
1.94475e+07
1.94477e+07
1.94478e+07
1.94479e+07
1.9448e+07
1.94481e+07
1.94483e+07
1.94484e+07
1.94485e+07
1.94487e+07
1.94488e+07
1.94489e+07
1.94491e+07
1.94492e+07
1.94493e+07
1.94495e+07
1.94496e+07
1.94498e+07
1.94499e+07
1.945e+07
1.94502e+07
1.94503e+07
1.94504e+07
1.94506e+07
1.94507e+07
1.94508e+07
1.94509e+07
1.9451e+07
1.94512e+07
1.94513e+07
1.94514e+07
1.94515e+07
1.94516e+07
1.94517e+07
1.94518e+07
1.94519e+07
1.9452e+07
1.94522e+07
1.94523e+07
1.94524e+07
1.94525e+07
1.94526e+07
1.94527e+07
1.94528e+07
1.94529e+07
1.9453e+07
1.94531e+07
1.94532e+07
1.94533e+07
1.94534e+07
1.94535e+07
1.94536e+07
1.94537e+07
1.94538e+07
1.9454e+07
1.94541e+07
1.94542e+07
1.94543e+07
1.94544e+07
1.94545e+07
1.94546e+07
1.94547e+07
1.94547e+07
1.94548e+07
1.94549e+07
1.9455e+07
1.94551e+07
1.94552e+07
1.94552e+07
1.94553e+07
1.94554e+07
1.94554e+07
1.94555e+07
1.94555e+07
1.94556e+07
1.94556e+07
1.94557e+07
1.94557e+07
1.94557e+07
1.94558e+07
1.94558e+07
1.94558e+07
1.94558e+07
1.94558e+07
1.94558e+07
1.94558e+07
1.94557e+07
1.94557e+07
1.94557e+07
1.94556e+07
1.94556e+07
1.94555e+07
1.94555e+07
1.94554e+07
1.94554e+07
1.94553e+07
1.94552e+07
1.94551e+07
1.9455e+07
1.9455e+07
1.94549e+07
1.94548e+07
1.94547e+07
1.94546e+07
1.94545e+07
1.94544e+07
1.94542e+07
1.94541e+07
1.9454e+07
1.94539e+07
1.94538e+07
1.94536e+07
1.94535e+07
1.94534e+07
1.94533e+07
1.94531e+07
1.9453e+07
1.94529e+07
1.94527e+07
1.94526e+07
1.94525e+07
1.94523e+07
1.94522e+07
1.9452e+07
1.94519e+07
1.94518e+07
1.94516e+07
1.94515e+07
1.94513e+07
1.94512e+07
1.9451e+07
1.94509e+07
1.94507e+07
1.94505e+07
1.94504e+07
1.94502e+07
1.94501e+07
1.94499e+07
1.94498e+07
1.94496e+07
1.94494e+07
1.94493e+07
1.94491e+07
1.9449e+07
1.94488e+07
1.94486e+07
1.94485e+07
1.94483e+07
1.94482e+07
1.9448e+07
1.94479e+07
1.94478e+07
1.94476e+07
1.94475e+07
1.94474e+07
1.94472e+07
1.94471e+07
1.9447e+07
1.94469e+07
1.94468e+07
1.94467e+07
1.94465e+07
1.94464e+07
1.94463e+07
1.94463e+07
1.94462e+07
1.94461e+07
1.9446e+07
1.94459e+07
1.94458e+07
1.94458e+07
1.94457e+07
1.94456e+07
1.94456e+07
1.94455e+07
1.94454e+07
1.94454e+07
1.94453e+07
1.94453e+07
1.94452e+07
1.94452e+07
1.94452e+07
1.94451e+07
1.94451e+07
1.94451e+07
1.9445e+07
1.9445e+07
1.9445e+07
1.9445e+07
1.9445e+07
1.9445e+07
1.9445e+07
1.9445e+07
1.9445e+07
1.9445e+07
1.9445e+07
1.9445e+07
1.94451e+07
1.94451e+07
1.94451e+07
1.94452e+07
1.94452e+07
1.94453e+07
1.94454e+07
1.94454e+07
1.94455e+07
1.94456e+07
1.94457e+07
1.94458e+07
1.94459e+07
1.9446e+07
1.94461e+07
1.94462e+07
1.94463e+07
1.94464e+07
1.94465e+07
1.94467e+07
1.94468e+07
1.94469e+07
1.94471e+07
1.94472e+07
1.94474e+07
1.94475e+07
1.94477e+07
1.94478e+07
1.9448e+07
1.94482e+07
1.94483e+07
1.94485e+07
1.94487e+07
1.94488e+07
1.9449e+07
1.94492e+07
1.94494e+07
1.94495e+07
1.94497e+07
1.94499e+07
1.94501e+07
1.94503e+07
1.94505e+07
1.94507e+07
1.94509e+07
1.94511e+07
1.94513e+07
1.94514e+07
1.94516e+07
1.94518e+07
1.9452e+07
1.94522e+07
1.94524e+07
1.94526e+07
1.94528e+07
1.9453e+07
1.94532e+07
1.94534e+07
1.94536e+07
1.94538e+07
1.9454e+07
1.94542e+07
1.94543e+07
1.94545e+07
1.94547e+07
1.94549e+07
1.94551e+07
1.94553e+07
1.94554e+07
1.94556e+07
1.94558e+07
1.94559e+07
1.94561e+07
1.94563e+07
1.94565e+07
1.94566e+07
1.94568e+07
1.94569e+07
1.94571e+07
1.94573e+07
1.94574e+07
1.94576e+07
1.94577e+07
1.94579e+07
1.9458e+07
1.94582e+07
1.94583e+07
1.94585e+07
1.94586e+07
1.94587e+07
1.94589e+07
1.9459e+07
1.94592e+07
1.94593e+07
1.94594e+07
1.94595e+07
1.94597e+07
1.94598e+07
1.94599e+07
1.946e+07
1.94601e+07
1.94602e+07
1.94603e+07
1.94604e+07
1.94605e+07
1.94606e+07
1.94607e+07
1.94608e+07
1.94609e+07
1.9461e+07
1.9461e+07
1.94611e+07
1.94612e+07
1.94612e+07
1.94613e+07
1.94614e+07
1.94614e+07
1.94615e+07
1.94615e+07
1.94616e+07
1.94616e+07
1.94617e+07
1.94617e+07
1.94617e+07
1.94618e+07
1.94618e+07
1.94618e+07
1.94619e+07
1.94619e+07
1.94619e+07
1.94619e+07
1.9462e+07
1.9462e+07
1.9462e+07
1.9462e+07
1.9462e+07
1.94621e+07
1.94621e+07
1.94621e+07
1.94621e+07
1.94621e+07
1.94621e+07
1.94621e+07
1.94621e+07
1.94621e+07
1.94621e+07
1.94621e+07
1.94621e+07
1.94621e+07
1.94621e+07
1.94621e+07
1.94621e+07
1.94621e+07
1.94621e+07
1.94621e+07
1.94621e+07
1.94621e+07
1.94621e+07
1.94621e+07
1.9462e+07
1.9462e+07
1.9462e+07
1.9462e+07
1.9462e+07
1.9462e+07
1.9462e+07
1.9462e+07
1.9462e+07
1.94619e+07
1.94619e+07
1.94619e+07
1.94619e+07
1.94619e+07
1.94619e+07
1.94619e+07
1.94619e+07
1.94618e+07
1.94618e+07
1.94618e+07
1.94618e+07
1.94618e+07
1.94618e+07
1.94618e+07
1.94617e+07
1.94617e+07
1.94617e+07
1.94617e+07
1.94617e+07
1.94617e+07
1.94616e+07
1.94616e+07
1.94616e+07
1.94616e+07
1.94631e+07
1.94633e+07
1.94634e+07
1.94637e+07
1.9464e+07
1.94642e+07
1.94643e+07
1.94645e+07
1.94647e+07
1.9465e+07
1.94653e+07
1.94654e+07
1.94654e+07
1.94657e+07
1.94661e+07
1.94661e+07
1.9466e+07
1.94662e+07
1.94665e+07
1.94666e+07
1.94664e+07
1.9466e+07
1.94661e+07
1.94662e+07
1.94663e+07
1.94664e+07
1.94665e+07
1.94666e+07
1.94667e+07
1.94668e+07
1.94667e+07
1.94666e+07
1.94666e+07
1.94666e+07
1.94666e+07
1.94666e+07
1.94666e+07
1.94667e+07
1.94667e+07
1.94668e+07
1.94669e+07
1.94672e+07
1.94673e+07
1.94672e+07
1.94668e+07
1.94661e+07
1.94661e+07
1.94664e+07
1.94666e+07
1.94668e+07
1.9467e+07
1.94672e+07
1.94673e+07
1.94675e+07
1.94677e+07
1.94678e+07
1.9468e+07
1.94681e+07
1.94683e+07
1.94684e+07
1.94685e+07
1.94686e+07
1.94686e+07
1.94686e+07
1.94686e+07
1.94685e+07
1.94685e+07
1.94684e+07
1.94683e+07
1.94683e+07
1.94682e+07
1.94681e+07
1.9468e+07
1.94679e+07
1.94678e+07
1.94677e+07
1.94675e+07
1.94674e+07
1.94673e+07
1.94672e+07
1.9467e+07
1.94669e+07
1.94668e+07
1.94666e+07
1.94665e+07
1.94664e+07
1.94662e+07
1.94661e+07
1.94659e+07
1.94658e+07
1.94657e+07
1.94655e+07
1.94654e+07
1.94653e+07
1.94652e+07
1.9465e+07
1.94649e+07
1.94648e+07
1.94646e+07
1.94645e+07
1.94644e+07
1.94642e+07
1.94641e+07
1.9464e+07
1.94638e+07
1.94637e+07
1.94635e+07
1.94634e+07
1.94632e+07
1.94631e+07
1.94629e+07
1.94628e+07
1.94626e+07
1.94624e+07
1.94622e+07
1.94621e+07
1.94619e+07
1.94617e+07
1.94615e+07
1.94613e+07
1.94611e+07
1.94609e+07
1.94607e+07
1.94605e+07
1.94603e+07
1.94601e+07
1.94599e+07
1.94597e+07
1.94595e+07
1.94592e+07
1.9459e+07
1.94588e+07
1.94586e+07
1.94584e+07
1.94582e+07
1.94579e+07
1.94577e+07
1.94575e+07
1.94573e+07
1.9457e+07
1.94568e+07
1.94566e+07
1.94564e+07
1.94561e+07
1.94559e+07
1.94556e+07
1.94554e+07
1.94551e+07
1.94549e+07
1.94546e+07
1.94544e+07
1.94541e+07
1.94539e+07
1.94536e+07
1.94533e+07
1.94531e+07
1.94528e+07
1.94526e+07
1.94523e+07
1.9452e+07
1.94518e+07
1.94515e+07
1.94513e+07
1.9451e+07
1.94508e+07
1.94505e+07
1.94503e+07
1.94501e+07
1.94499e+07
1.94496e+07
1.94494e+07
1.94492e+07
1.9449e+07
1.94489e+07
1.94487e+07
1.94485e+07
1.94484e+07
1.94482e+07
1.94481e+07
1.94479e+07
1.94478e+07
1.94477e+07
1.94476e+07
1.94474e+07
1.94474e+07
1.94473e+07
1.94472e+07
1.94471e+07
1.9447e+07
1.9447e+07
1.94469e+07
1.94469e+07
1.94469e+07
1.94468e+07
1.94468e+07
1.94468e+07
1.94468e+07
1.94468e+07
1.94468e+07
1.94468e+07
1.94469e+07
1.94469e+07
1.94469e+07
1.9447e+07
1.94471e+07
1.94471e+07
1.94472e+07
1.94473e+07
1.94474e+07
1.94475e+07
1.94475e+07
1.94477e+07
1.94478e+07
1.94479e+07
1.9448e+07
1.94481e+07
1.94483e+07
1.94484e+07
1.94485e+07
1.94487e+07
1.94488e+07
1.94489e+07
1.94491e+07
1.94492e+07
1.94493e+07
1.94495e+07
1.94496e+07
1.94498e+07
1.94499e+07
1.945e+07
1.94502e+07
1.94503e+07
1.94504e+07
1.94506e+07
1.94507e+07
1.94508e+07
1.94509e+07
1.9451e+07
1.94512e+07
1.94513e+07
1.94514e+07
1.94515e+07
1.94516e+07
1.94517e+07
1.94518e+07
1.94519e+07
1.9452e+07
1.94522e+07
1.94523e+07
1.94524e+07
1.94525e+07
1.94526e+07
1.94527e+07
1.94528e+07
1.94529e+07
1.9453e+07
1.94531e+07
1.94532e+07
1.94533e+07
1.94534e+07
1.94535e+07
1.94536e+07
1.94537e+07
1.94538e+07
1.9454e+07
1.94541e+07
1.94542e+07
1.94543e+07
1.94544e+07
1.94545e+07
1.94546e+07
1.94547e+07
1.94547e+07
1.94548e+07
1.94549e+07
1.9455e+07
1.94551e+07
1.94552e+07
1.94552e+07
1.94553e+07
1.94554e+07
1.94554e+07
1.94555e+07
1.94555e+07
1.94556e+07
1.94556e+07
1.94557e+07
1.94557e+07
1.94557e+07
1.94558e+07
1.94558e+07
1.94558e+07
1.94558e+07
1.94558e+07
1.94558e+07
1.94558e+07
1.94557e+07
1.94557e+07
1.94557e+07
1.94556e+07
1.94556e+07
1.94555e+07
1.94555e+07
1.94554e+07
1.94554e+07
1.94553e+07
1.94552e+07
1.94551e+07
1.9455e+07
1.9455e+07
1.94549e+07
1.94548e+07
1.94547e+07
1.94546e+07
1.94545e+07
1.94544e+07
1.94542e+07
1.94541e+07
1.9454e+07
1.94539e+07
1.94538e+07
1.94536e+07
1.94535e+07
1.94534e+07
1.94533e+07
1.94531e+07
1.9453e+07
1.94529e+07
1.94527e+07
1.94526e+07
1.94525e+07
1.94523e+07
1.94522e+07
1.9452e+07
1.94519e+07
1.94518e+07
1.94516e+07
1.94515e+07
1.94513e+07
1.94512e+07
1.9451e+07
1.94509e+07
1.94507e+07
1.94505e+07
1.94504e+07
1.94502e+07
1.94501e+07
1.94499e+07
1.94498e+07
1.94496e+07
1.94494e+07
1.94493e+07
1.94491e+07
1.9449e+07
1.94488e+07
1.94486e+07
1.94485e+07
1.94483e+07
1.94482e+07
1.9448e+07
1.94479e+07
1.94478e+07
1.94476e+07
1.94475e+07
1.94474e+07
1.94472e+07
1.94471e+07
1.9447e+07
1.94469e+07
1.94468e+07
1.94467e+07
1.94465e+07
1.94464e+07
1.94463e+07
1.94463e+07
1.94462e+07
1.94461e+07
1.9446e+07
1.94459e+07
1.94458e+07
1.94458e+07
1.94457e+07
1.94456e+07
1.94456e+07
1.94455e+07
1.94454e+07
1.94454e+07
1.94453e+07
1.94453e+07
1.94452e+07
1.94452e+07
1.94452e+07
1.94451e+07
1.94451e+07
1.94451e+07
1.9445e+07
1.9445e+07
1.9445e+07
1.9445e+07
1.9445e+07
1.9445e+07
1.9445e+07
1.9445e+07
1.9445e+07
1.9445e+07
1.9445e+07
1.9445e+07
1.94451e+07
1.94451e+07
1.94451e+07
1.94452e+07
1.94452e+07
1.94453e+07
1.94454e+07
1.94454e+07
1.94455e+07
1.94456e+07
1.94457e+07
1.94458e+07
1.94459e+07
1.9446e+07
1.94461e+07
1.94462e+07
1.94463e+07
1.94464e+07
1.94465e+07
1.94467e+07
1.94468e+07
1.94469e+07
1.94471e+07
1.94472e+07
1.94474e+07
1.94475e+07
1.94477e+07
1.94478e+07
1.9448e+07
1.94482e+07
1.94483e+07
1.94485e+07
1.94487e+07
1.94488e+07
1.9449e+07
1.94492e+07
1.94494e+07
1.94495e+07
1.94497e+07
1.94499e+07
1.94501e+07
1.94503e+07
1.94505e+07
1.94507e+07
1.94509e+07
1.94511e+07
1.94513e+07
1.94514e+07
1.94516e+07
1.94518e+07
1.9452e+07
1.94522e+07
1.94524e+07
1.94526e+07
1.94528e+07
1.9453e+07
1.94532e+07
1.94534e+07
1.94536e+07
1.94538e+07
1.9454e+07
1.94542e+07
1.94543e+07
1.94545e+07
1.94547e+07
1.94549e+07
1.94551e+07
1.94553e+07
1.94554e+07
1.94556e+07
1.94558e+07
1.94559e+07
1.94561e+07
1.94563e+07
1.94565e+07
1.94566e+07
1.94568e+07
1.94569e+07
1.94571e+07
1.94573e+07
1.94574e+07
1.94576e+07
1.94577e+07
1.94579e+07
1.9458e+07
1.94582e+07
1.94583e+07
1.94585e+07
1.94586e+07
1.94587e+07
1.94589e+07
1.9459e+07
1.94592e+07
1.94593e+07
1.94594e+07
1.94595e+07
1.94597e+07
1.94598e+07
1.94599e+07
1.946e+07
1.94601e+07
1.94602e+07
1.94603e+07
1.94604e+07
1.94605e+07
1.94606e+07
1.94607e+07
1.94608e+07
1.94609e+07
1.9461e+07
1.9461e+07
1.94611e+07
1.94612e+07
1.94612e+07
1.94613e+07
1.94614e+07
1.94614e+07
1.94615e+07
1.94615e+07
1.94616e+07
1.94616e+07
1.94617e+07
1.94617e+07
1.94617e+07
1.94618e+07
1.94618e+07
1.94618e+07
1.94619e+07
1.94619e+07
1.94619e+07
1.94619e+07
1.9462e+07
1.9462e+07
1.9462e+07
1.9462e+07
1.9462e+07
1.94621e+07
1.94621e+07
1.94621e+07
1.94621e+07
1.94621e+07
1.94621e+07
1.94621e+07
1.94621e+07
1.94621e+07
1.94621e+07
1.94621e+07
1.94621e+07
1.94621e+07
1.94621e+07
1.94621e+07
1.94621e+07
1.94621e+07
1.94621e+07
1.94621e+07
1.94621e+07
1.94621e+07
1.94621e+07
1.94621e+07
1.9462e+07
1.9462e+07
1.9462e+07
1.9462e+07
1.9462e+07
1.9462e+07
1.9462e+07
1.9462e+07
1.9462e+07
1.94619e+07
1.94619e+07
1.94619e+07
1.94619e+07
1.94619e+07
1.94619e+07
1.94619e+07
1.94619e+07
1.94618e+07
1.94618e+07
1.94618e+07
1.94618e+07
1.94618e+07
1.94618e+07
1.94618e+07
1.94617e+07
1.94617e+07
1.94617e+07
1.94617e+07
1.94617e+07
1.94617e+07
1.94616e+07
1.94616e+07
1.94616e+07
1.94616e+07
1.94631e+07
1.94633e+07
1.94634e+07
1.94637e+07
1.9464e+07
1.94642e+07
1.94643e+07
1.94645e+07
1.94647e+07
1.9465e+07
1.94653e+07
1.94654e+07
1.94654e+07
1.94657e+07
1.94661e+07
1.94661e+07
1.9466e+07
1.94662e+07
1.94665e+07
1.94666e+07
1.94664e+07
1.9466e+07
1.94661e+07
1.94662e+07
1.94663e+07
1.94664e+07
1.94665e+07
1.94666e+07
1.94667e+07
1.94668e+07
1.94667e+07
1.94666e+07
1.94666e+07
1.94666e+07
1.94666e+07
1.94666e+07
1.94666e+07
1.94667e+07
1.94667e+07
1.94668e+07
1.94669e+07
1.94671e+07
1.94673e+07
1.94672e+07
1.94668e+07
1.94661e+07
1.94661e+07
1.94663e+07
1.94666e+07
1.94668e+07
1.9467e+07
1.94671e+07
1.94673e+07
1.94675e+07
1.94677e+07
1.94678e+07
1.9468e+07
1.94681e+07
1.94683e+07
1.94684e+07
1.94685e+07
1.94686e+07
1.94686e+07
1.94686e+07
1.94686e+07
1.94685e+07
1.94685e+07
1.94684e+07
1.94683e+07
1.94683e+07
1.94682e+07
1.94681e+07
1.9468e+07
1.94679e+07
1.94678e+07
1.94677e+07
1.94675e+07
1.94674e+07
1.94673e+07
1.94672e+07
1.9467e+07
1.94669e+07
1.94668e+07
1.94666e+07
1.94665e+07
1.94664e+07
1.94662e+07
1.94661e+07
1.94659e+07
1.94658e+07
1.94657e+07
1.94655e+07
1.94654e+07
1.94653e+07
1.94652e+07
1.9465e+07
1.94649e+07
1.94648e+07
1.94646e+07
1.94645e+07
1.94644e+07
1.94642e+07
1.94641e+07
1.9464e+07
1.94638e+07
1.94637e+07
1.94635e+07
1.94634e+07
1.94632e+07
1.94631e+07
1.94629e+07
1.94628e+07
1.94626e+07
1.94624e+07
1.94622e+07
1.94621e+07
1.94619e+07
1.94617e+07
1.94615e+07
1.94613e+07
1.94611e+07
1.94609e+07
1.94607e+07
1.94605e+07
1.94603e+07
1.94601e+07
1.94599e+07
1.94597e+07
1.94595e+07
1.94592e+07
1.9459e+07
1.94588e+07
1.94586e+07
1.94584e+07
1.94582e+07
1.94579e+07
1.94577e+07
1.94575e+07
1.94573e+07
1.9457e+07
1.94568e+07
1.94566e+07
1.94564e+07
1.94561e+07
1.94559e+07
1.94556e+07
1.94554e+07
1.94551e+07
1.94549e+07
1.94546e+07
1.94544e+07
1.94541e+07
1.94539e+07
1.94536e+07
1.94533e+07
1.94531e+07
1.94528e+07
1.94526e+07
1.94523e+07
1.9452e+07
1.94518e+07
1.94515e+07
1.94513e+07
1.9451e+07
1.94508e+07
1.94505e+07
1.94503e+07
1.94501e+07
1.94499e+07
1.94496e+07
1.94494e+07
1.94492e+07
1.9449e+07
1.94489e+07
1.94487e+07
1.94485e+07
1.94484e+07
1.94482e+07
1.94481e+07
1.94479e+07
1.94478e+07
1.94477e+07
1.94476e+07
1.94474e+07
1.94474e+07
1.94473e+07
1.94472e+07
1.94471e+07
1.9447e+07
1.9447e+07
1.94469e+07
1.94469e+07
1.94469e+07
1.94468e+07
1.94468e+07
1.94468e+07
1.94468e+07
1.94468e+07
1.94468e+07
1.94468e+07
1.94469e+07
1.94469e+07
1.94469e+07
1.9447e+07
1.94471e+07
1.94471e+07
1.94472e+07
1.94473e+07
1.94474e+07
1.94475e+07
1.94475e+07
1.94477e+07
1.94478e+07
1.94479e+07
1.9448e+07
1.94481e+07
1.94483e+07
1.94484e+07
1.94485e+07
1.94487e+07
1.94488e+07
1.94489e+07
1.94491e+07
1.94492e+07
1.94493e+07
1.94495e+07
1.94496e+07
1.94498e+07
1.94499e+07
1.945e+07
1.94502e+07
1.94503e+07
1.94504e+07
1.94506e+07
1.94507e+07
1.94508e+07
1.94509e+07
1.9451e+07
1.94512e+07
1.94513e+07
1.94514e+07
1.94515e+07
1.94516e+07
1.94517e+07
1.94518e+07
1.94519e+07
1.9452e+07
1.94522e+07
1.94523e+07
1.94524e+07
1.94525e+07
1.94526e+07
1.94527e+07
1.94528e+07
1.94529e+07
1.9453e+07
1.94531e+07
1.94532e+07
1.94533e+07
1.94534e+07
1.94535e+07
1.94536e+07
1.94537e+07
1.94538e+07
1.9454e+07
1.94541e+07
1.94542e+07
1.94543e+07
1.94544e+07
1.94545e+07
1.94546e+07
1.94547e+07
1.94547e+07
1.94548e+07
1.94549e+07
1.9455e+07
1.94551e+07
1.94552e+07
1.94552e+07
1.94553e+07
1.94554e+07
1.94554e+07
1.94555e+07
1.94555e+07
1.94556e+07
1.94556e+07
1.94557e+07
1.94557e+07
1.94557e+07
1.94558e+07
1.94558e+07
1.94558e+07
1.94558e+07
1.94558e+07
1.94558e+07
1.94558e+07
1.94557e+07
1.94557e+07
1.94557e+07
1.94556e+07
1.94556e+07
1.94555e+07
1.94555e+07
1.94554e+07
1.94554e+07
1.94553e+07
1.94552e+07
1.94551e+07
1.9455e+07
1.9455e+07
1.94549e+07
1.94548e+07
1.94547e+07
1.94546e+07
1.94545e+07
1.94544e+07
1.94542e+07
1.94541e+07
1.9454e+07
1.94539e+07
1.94538e+07
1.94536e+07
1.94535e+07
1.94534e+07
1.94533e+07
1.94531e+07
1.9453e+07
1.94529e+07
1.94527e+07
1.94526e+07
1.94525e+07
1.94523e+07
1.94522e+07
1.9452e+07
1.94519e+07
1.94518e+07
1.94516e+07
1.94515e+07
1.94513e+07
1.94512e+07
1.9451e+07
1.94509e+07
1.94507e+07
1.94505e+07
1.94504e+07
1.94502e+07
1.94501e+07
1.94499e+07
1.94498e+07
1.94496e+07
1.94494e+07
1.94493e+07
1.94491e+07
1.9449e+07
1.94488e+07
1.94486e+07
1.94485e+07
1.94483e+07
1.94482e+07
1.9448e+07
1.94479e+07
1.94478e+07
1.94476e+07
1.94475e+07
1.94474e+07
1.94472e+07
1.94471e+07
1.9447e+07
1.94469e+07
1.94468e+07
1.94467e+07
1.94465e+07
1.94464e+07
1.94463e+07
1.94463e+07
1.94462e+07
1.94461e+07
1.9446e+07
1.94459e+07
1.94458e+07
1.94458e+07
1.94457e+07
1.94456e+07
1.94456e+07
1.94455e+07
1.94454e+07
1.94454e+07
1.94453e+07
1.94453e+07
1.94452e+07
1.94452e+07
1.94452e+07
1.94451e+07
1.94451e+07
1.94451e+07
1.9445e+07
1.9445e+07
1.9445e+07
1.9445e+07
1.9445e+07
1.9445e+07
1.9445e+07
1.9445e+07
1.9445e+07
1.9445e+07
1.9445e+07
1.9445e+07
1.94451e+07
1.94451e+07
1.94451e+07
1.94452e+07
1.94452e+07
1.94453e+07
1.94454e+07
1.94454e+07
1.94455e+07
1.94456e+07
1.94457e+07
1.94458e+07
1.94459e+07
1.9446e+07
1.94461e+07
1.94462e+07
1.94463e+07
1.94464e+07
1.94465e+07
1.94467e+07
1.94468e+07
1.94469e+07
1.94471e+07
1.94472e+07
1.94474e+07
1.94475e+07
1.94477e+07
1.94478e+07
1.9448e+07
1.94482e+07
1.94483e+07
1.94485e+07
1.94487e+07
1.94488e+07
1.9449e+07
1.94492e+07
1.94494e+07
1.94495e+07
1.94497e+07
1.94499e+07
1.94501e+07
1.94503e+07
1.94505e+07
1.94507e+07
1.94509e+07
1.94511e+07
1.94513e+07
1.94514e+07
1.94516e+07
1.94518e+07
1.9452e+07
1.94522e+07
1.94524e+07
1.94526e+07
1.94528e+07
1.9453e+07
1.94532e+07
1.94534e+07
1.94536e+07
1.94538e+07
1.9454e+07
1.94542e+07
1.94543e+07
1.94545e+07
1.94547e+07
1.94549e+07
1.94551e+07
1.94553e+07
1.94554e+07
1.94556e+07
1.94558e+07
1.94559e+07
1.94561e+07
1.94563e+07
1.94565e+07
1.94566e+07
1.94568e+07
1.94569e+07
1.94571e+07
1.94573e+07
1.94574e+07
1.94576e+07
1.94577e+07
1.94579e+07
1.9458e+07
1.94582e+07
1.94583e+07
1.94585e+07
1.94586e+07
1.94587e+07
1.94589e+07
1.9459e+07
1.94592e+07
1.94593e+07
1.94594e+07
1.94595e+07
1.94597e+07
1.94598e+07
1.94599e+07
1.946e+07
1.94601e+07
1.94602e+07
1.94603e+07
1.94604e+07
1.94605e+07
1.94606e+07
1.94607e+07
1.94608e+07
1.94609e+07
1.9461e+07
1.9461e+07
1.94611e+07
1.94612e+07
1.94612e+07
1.94613e+07
1.94614e+07
1.94614e+07
1.94615e+07
1.94615e+07
1.94616e+07
1.94616e+07
1.94617e+07
1.94617e+07
1.94617e+07
1.94618e+07
1.94618e+07
1.94618e+07
1.94619e+07
1.94619e+07
1.94619e+07
1.94619e+07
1.9462e+07
1.9462e+07
1.9462e+07
1.9462e+07
1.9462e+07
1.94621e+07
1.94621e+07
1.94621e+07
1.94621e+07
1.94621e+07
1.94621e+07
1.94621e+07
1.94621e+07
1.94621e+07
1.94621e+07
1.94621e+07
1.94621e+07
1.94621e+07
1.94621e+07
1.94621e+07
1.94621e+07
1.94621e+07
1.94621e+07
1.94621e+07
1.94621e+07
1.94621e+07
1.94621e+07
1.94621e+07
1.9462e+07
1.9462e+07
1.9462e+07
1.9462e+07
1.9462e+07
1.9462e+07
1.9462e+07
1.9462e+07
1.9462e+07
1.94619e+07
1.94619e+07
1.94619e+07
1.94619e+07
1.94619e+07
1.94619e+07
1.94619e+07
1.94619e+07
1.94618e+07
1.94618e+07
1.94618e+07
1.94618e+07
1.94618e+07
1.94618e+07
1.94618e+07
1.94617e+07
1.94617e+07
1.94617e+07
1.94617e+07
1.94617e+07
1.94617e+07
1.94616e+07
1.94616e+07
1.94616e+07
1.94616e+07
)
;

boundaryField
{
    inlet
    {
        type            zeroGradient;
    }
    outlet
    {
        type            uniformTotalPressure;
        rho             none;
        psi             none;
        gamma           1.4364;
        pressure        tableFile;
        pressureCoeffs
        {
            fileName        "$FOAM_RUN/SH5_43mps_MFR_newBC/outlet0.2_42.7mps_fromCapture.dat";
        }
        value           nonuniform List<scalar> 5(1.94616e+07 1.94616e+07 1.94616e+07 1.94616e+07 1.94616e+07);
    }
    sides
    {
        type            empty;
    }
    walls
    {
        type            zeroGradient;
    }
}


// ************************************************************************* //
