/*--------------------------------*- C++ -*----------------------------------*\
| =========                 |                                                 |
| \\      /  F ield         | OpenFOAM: The Open Source CFD Toolbox           |
|  \\    /   O peration     | Version:  3.0.x                                 |
|   \\  /    A nd           | Web:      www.OpenFOAM.org                      |
|    \\/     M anipulation  |                                                 |
\*---------------------------------------------------------------------------*/
FoamFile
{
    version     2.0;
    format      ascii;
    class       surfaceScalarField;
    location    "0.001";
    object      phi;
}
// * * * * * * * * * * * * * * * * * * * * * * * * * * * * * * * * * * * * * //

dimensions      [1 0 -1 0 0 0 0];

internalField   nonuniform List<scalar> 
999
(
2154.97
2154.97
2154.97
2154.97
2154.97
2154.97
2154.97
2154.97
2154.97
2154.97
2154.97
2154.97
2154.97
2154.97
2154.97
2154.97
2154.97
2154.97
2154.97
2154.97
2154.97
2154.97
2154.97
2154.97
2154.97
2154.97
2154.97
2154.97
2154.97
2154.97
2154.97
2154.97
2154.97
2154.97
2154.97
2154.97
2154.97
2154.97
2154.97
2154.97
2154.97
2154.97
2154.97
2154.97
2154.97
2154.97
2154.97
2154.97
2154.97
2154.97
2154.97
2154.97
2154.97
2154.97
2154.97
2154.97
2154.97
2154.97
2154.97
2154.97
2154.97
2154.97
2154.97
2154.97
2154.97
2154.97
2154.97
2154.97
2154.97
2154.97
2154.97
2154.97
2154.97
2154.97
2154.97
2154.97
2154.97
2154.97
2154.97
2154.97
2154.97
2154.97
2154.97
2154.97
2154.97
2154.97
2154.97
2154.97
2154.97
2154.97
2154.97
2154.97
2154.97
2154.97
2154.97
2154.97
2154.97
2154.97
2154.97
2154.97
2154.97
2154.97
2154.97
2154.97
2154.97
2154.97
2154.97
2154.97
2154.97
2154.97
2154.97
2154.97
2154.97
2154.97
2154.97
2154.97
2154.97
2154.97
2154.97
2154.97
2154.97
2154.97
2154.97
2154.97
2154.97
2154.97
2154.97
2154.97
2154.97
2154.97
2154.97
2154.97
2154.97
2154.97
2154.97
2154.97
2154.97
2154.97
2154.97
2154.97
2154.97
2154.97
2154.97
2154.97
2154.97
2154.97
2154.97
2154.97
2154.97
2154.97
2154.97
2154.97
2154.97
2154.97
2154.97
2154.97
2154.97
2154.97
2154.97
2154.97
2154.97
2154.97
2154.97
2154.97
2154.97
2154.97
2154.97
2154.97
2154.97
2154.97
2154.97
2154.97
2154.97
2154.97
2154.97
2154.97
2154.97
2154.97
2154.97
2154.97
2154.97
2154.97
2154.97
2154.97
2154.97
2154.97
2154.97
2154.97
2154.97
2154.97
2154.97
2154.97
2154.97
2154.97
2154.97
2154.97
2154.97
2154.97
2154.97
2154.97
2154.97
2154.97
2154.97
2154.97
2154.97
2154.97
2154.97
2154.97
2154.97
2154.97
2154.97
2154.97
2154.97
2154.97
2154.97
2154.97
2154.97
2154.97
2154.97
2154.97
2154.97
2154.97
2154.97
2154.97
2154.97
2154.97
2154.97
2154.97
2154.97
2154.97
2154.97
2154.97
2154.97
2154.97
2154.97
2154.97
2154.97
2154.97
2154.97
2154.97
2154.97
2154.97
2154.97
2154.97
2154.97
2154.97
2154.97
2154.97
2154.97
2154.97
2154.97
2154.97
2154.97
2154.97
2154.97
2154.97
2154.97
2154.97
2154.97
2154.97
2154.97
2154.97
2154.97
2154.97
2154.97
2154.97
2154.97
2154.97
2154.97
2154.97
2154.97
2154.97
2154.97
2154.97
2154.97
2154.97
2154.97
2154.97
2154.97
2154.97
2154.97
2154.97
2154.97
2154.97
2154.97
2154.97
2154.97
2154.97
2154.97
2154.97
2154.97
2154.97
2154.97
2154.97
2154.97
2154.97
2154.97
2154.97
2154.97
2154.97
2154.97
2154.97
2154.97
2154.97
2154.97
2154.97
2154.97
2154.97
2154.97
2154.97
2154.97
2154.97
2154.97
2154.97
2154.97
2154.97
2154.97
2154.97
2154.97
2154.97
2154.97
2154.97
2154.97
2154.97
2154.97
2154.97
2154.97
2154.97
2154.97
2154.97
2154.97
2154.97
2154.97
2154.97
2154.97
2154.97
2154.97
2154.97
2154.97
2154.97
2154.97
2154.97
2154.97
2154.97
2154.97
2154.97
2154.97
2154.97
2154.97
2154.97
2154.97
2154.97
2154.97
2154.97
2154.97
2154.97
2154.97
2154.97
2154.97
2154.97
2154.97
2154.97
2154.97
2154.97
2154.97
2154.97
2154.97
2154.97
2154.97
2154.97
2154.97
2154.97
2154.97
2154.97
2154.97
2154.97
2154.97
2154.97
2154.97
2154.97
2154.97
2154.97
2154.97
2154.97
2154.97
2154.97
2154.97
2154.97
2154.97
2154.97
2154.97
2154.97
2154.97
2154.97
2154.97
2154.97
2154.97
2154.97
2154.97
2154.97
2154.97
2154.97
2154.97
2154.97
2154.97
2154.97
2154.97
2154.97
2154.97
2154.97
2154.97
2154.97
2154.97
2154.97
2154.97
2154.97
2154.97
2154.97
2154.97
2154.97
2154.97
2154.97
2154.97
2154.97
2154.97
2154.97
2154.97
2154.97
2154.97
2154.97
2154.97
2154.97
2154.97
2154.97
2154.97
2154.97
2154.97
2154.97
2154.97
2154.97
2154.97
2154.97
2154.97
2154.97
2154.97
2154.97
2154.97
2154.97
2154.97
2154.97
2154.97
2154.97
2154.97
2154.97
2154.97
2154.97
2154.97
2154.97
2154.97
2154.97
2154.97
2154.97
2154.97
2154.97
2154.97
2154.97
2154.97
2154.97
2154.97
2154.97
2154.97
2154.97
2154.97
2154.97
2154.97
2154.97
2154.97
2154.97
2154.97
2154.97
2154.97
2154.97
2154.97
2154.97
2154.97
2154.97
2154.97
2154.97
2154.97
2154.97
2154.97
2154.97
2154.97
2154.97
2154.97
2154.97
2154.97
2154.97
2154.97
2154.97
2154.97
2154.97
2154.97
2154.97
2154.97
2154.97
2154.97
2154.97
2154.97
2154.97
2154.97
2154.97
2154.97
2154.97
2154.97
2154.97
2154.97
2154.97
2154.97
2154.97
2154.97
2154.97
2154.97
2154.97
2154.97
2154.97
2154.97
2154.97
2154.97
2154.97
2154.97
2154.97
2154.97
2154.97
2154.97
2154.97
2154.97
2154.97
2154.97
2154.97
2154.97
2154.97
2154.97
2154.97
2154.97
2154.97
2154.97
2154.97
2154.97
2154.97
2154.97
2154.97
2154.97
2154.97
2154.97
2154.97
2154.97
2154.97
2154.97
2154.97
2154.97
2154.97
2154.97
2154.97
2154.97
2154.97
2154.97
2154.97
2154.97
2154.97
2154.97
2154.97
2154.97
2154.97
2154.97
2154.97
2154.97
2154.97
2154.97
2154.97
2154.97
2154.97
2154.97
2154.97
2154.97
2154.97
2154.97
2154.97
2154.97
2154.97
2154.97
2154.97
2154.97
2154.97
2154.97
2154.97
2154.97
2154.97
2154.97
2154.97
2154.97
2154.97
2154.97
2154.97
2154.97
2154.97
2154.97
2154.97
2154.97
2154.97
2154.97
2154.97
2154.97
2154.97
2154.97
2154.97
2154.97
2154.97
2154.97
2154.97
2154.97
2154.97
2154.97
2154.97
2154.97
2154.97
2154.97
2154.97
2154.97
2154.97
2154.97
2154.97
2154.97
2154.97
2154.97
2154.97
2154.97
2154.97
2154.97
2154.97
2154.97
2154.97
2154.97
2154.97
2154.97
2154.97
2154.97
2154.97
2154.97
2154.97
2154.97
2154.97
2154.97
2154.97
2154.97
2154.97
2154.97
2154.97
2154.97
2154.97
2154.97
2154.97
2154.97
2154.97
2154.97
2154.97
2154.97
2154.97
2154.97
2154.97
2154.97
2154.97
2154.97
2154.97
2154.97
2154.97
2154.97
2154.97
2154.97
2154.97
2154.97
2154.97
2154.97
2154.97
2154.97
2154.97
2154.97
2154.97
2154.97
2154.97
2154.97
2154.97
2154.97
2154.97
2154.97
2154.97
2154.97
2154.97
2154.97
2154.97
2154.97
2154.97
2154.97
2154.97
2154.97
2154.97
2154.97
2154.97
2154.97
2154.97
2154.97
2154.97
2154.97
2154.97
2154.97
2154.97
2154.97
2154.97
2154.97
2154.97
2154.97
2154.97
2154.97
2154.97
2154.97
2154.97
2154.97
2154.97
2154.97
2154.97
2154.97
2154.97
2154.97
2154.97
2154.97
2154.97
2154.97
2154.97
2154.97
2154.97
2154.97
2154.97
2154.97
2154.97
2154.97
2154.97
2154.97
2154.97
2154.97
2154.97
2154.97
2154.97
2154.97
2154.97
2154.97
2154.97
2154.97
2154.97
2154.97
2154.97
2154.97
2154.97
2154.97
2154.97
2154.97
2154.97
2154.97
2154.97
2154.97
2154.97
2154.97
2154.97
2154.97
2154.97
2154.97
2154.97
2154.97
2154.97
2154.97
2154.97
2154.97
2154.97
2154.97
2154.97
2154.97
2154.97
2154.97
2154.97
2154.97
2154.97
2154.97
2154.97
2154.97
2154.97
2154.97
2154.97
2154.97
2154.97
2154.97
2154.97
2154.97
2154.97
2154.97
2154.97
2154.97
2154.97
2154.97
2154.97
2154.97
2154.97
2154.97
2154.97
2154.97
2154.97
2154.97
2154.97
2154.97
2154.97
2154.97
2154.97
2154.97
2154.97
2154.97
2154.97
2154.97
2154.97
2154.97
2154.97
2154.97
2154.97
2154.97
2154.97
2154.97
2154.97
2154.97
2154.97
2154.97
2154.97
2154.97
2154.97
2154.97
2154.97
2154.97
2154.97
2154.97
2154.97
2154.97
2154.97
2154.97
2154.97
2154.97
2154.97
2154.97
2154.97
2154.97
2154.97
2154.97
2154.97
2154.97
2154.97
2154.97
2154.97
2154.97
2154.97
2154.97
2154.97
2154.97
2154.97
2154.97
2154.97
2154.97
2154.97
2154.97
2154.97
2154.97
2154.97
2154.97
2154.97
2154.97
2154.97
2154.97
2154.97
2154.97
2154.97
2154.97
2154.97
2154.97
2154.97
2154.97
2154.97
2154.97
2154.97
2154.97
2154.97
2154.97
2154.97
2154.97
2154.97
2154.97
2154.97
2154.97
2154.97
2154.97
2154.97
2154.96
2154.96
2154.95
2154.93
2154.91
2154.87
2154.81
2154.71
2154.55
2154.29
2153.9
2153.29
2152.37
2150.98
2148.93
2145.91
2141.55
2135.31
2126.52
2114.31
2097.58
2075.01
2045.05
2005.94
1955.79
1892.73
1815.05
1721.5
1611.59
1485.82
1345.99
1195.28
1038.13
879.869
726.208
582.522
453.227
341.317
248.178
173.665
116.398
74.1673
44.3504
24.2675
11.4322
3.71206
-0.449308
-1.66353
-1.64829
-1.1926
-0.63957
-0.137627
0.258335
0.531755
0.621463
0.625531
0.596354
0.55898
0.524924
0.498085
0.477906
0.462028
0.448319
0.435392
0.422635
0.409737
0.396473
0.38265
0.36829
0.353798
0.339819
0.326758
0.316476
0.290289
0.287007
0.259856
0.258389
0.223041
0.227398
0.187133
0.193418
0.156024
0.156023
0.134025
0.116169
0.122224
0.0764348
0.115683
0.0404311
0.104894
0.0131027
0.0819227
-0.00101393
0.0452623
-0.00217604
)
;

boundaryField
{
    inlet
    {
        type            calculated;
        value           uniform -2154.97;
    }
    backWall
    {
        type            calculated;
        value           uniform 0;
    }
    sides
    {
        type            empty;
        value           nonuniform 0();
    }
}


// ************************************************************************* //
