/*--------------------------------*- C++ -*----------------------------------*\
| =========                 |                                                 |
| \\      /  F ield         | OpenFOAM: The Open Source CFD Toolbox           |
|  \\    /   O peration     | Version:  3.0.x                                 |
|   \\  /    A nd           | Web:      www.OpenFOAM.org                      |
|    \\/     M anipulation  |                                                 |
\*---------------------------------------------------------------------------*/
FoamFile
{
    version     2.0;
    format      ascii;
    class       volScalarField;
    location    "0.16";
    object      T;
}
// * * * * * * * * * * * * * * * * * * * * * * * * * * * * * * * * * * * * * //

dimensions      [0 0 0 1 0 0 0];

internalField   nonuniform List<scalar> 
6900
(
773.678
773.677
773.675
773.671
773.669
773.667
773.667
773.667
773.668
773.668
773.668
773.668
773.666
773.663
773.66
773.658
773.657
773.657
773.657
773.658
773.659
773.66
773.661
773.662
773.663
773.663
773.664
773.665
773.666
773.667
773.668
773.669
773.67
773.671
773.672
773.673
773.674
773.675
773.675
773.676
773.677
773.677
773.678
773.678
773.678
773.679
773.679
773.679
773.679
773.679
773.678
773.678
773.678
773.677
773.677
773.676
773.676
773.675
773.675
773.674
773.674
773.673
773.673
773.672
773.672
773.672
773.672
773.671
773.672
773.672
773.672
773.673
773.673
773.674
773.675
773.676
773.677
773.678
773.679
773.681
773.682
773.683
773.685
773.687
773.688
773.69
773.691
773.693
773.694
773.695
773.697
773.698
773.699
773.7
773.701
773.702
773.702
773.703
773.703
773.704
773.704
773.704
773.704
773.704
773.704
773.704
773.704
773.704
773.704
773.704
773.704
773.704
773.703
773.703
773.703
773.703
773.703
773.703
773.703
773.703
773.704
773.704
773.704
773.704
773.704
773.704
773.704
773.704
773.704
773.704
773.704
773.704
773.704
773.704
773.703
773.703
773.703
773.703
773.702
773.702
773.702
773.701
773.701
773.7
773.7
773.699
773.699
773.699
773.698
773.698
773.698
773.698
773.698
773.697
773.697
773.697
773.697
773.697
773.697
773.697
773.697
773.696
773.696
773.696
773.695
773.695
773.694
773.693
773.693
773.692
773.691
773.69
773.689
773.688
773.688
773.687
773.686
773.685
773.684
773.684
773.683
773.682
773.682
773.682
773.682
773.682
773.682
773.683
773.683
773.684
773.685
773.687
773.688
773.69
773.691
773.694
773.695
773.698
773.699
773.766
773.677
773.676
773.674
773.67
773.668
773.666
773.666
773.666
773.667
773.667
773.667
773.667
773.665
773.662
773.659
773.658
773.657
773.656
773.657
773.657
773.658
773.659
773.66
773.661
773.662
773.663
773.664
773.665
773.666
773.667
773.668
773.668
773.669
773.67
773.671
773.672
773.673
773.674
773.675
773.675
773.676
773.676
773.677
773.677
773.678
773.678
773.678
773.678
773.678
773.678
773.678
773.677
773.677
773.677
773.676
773.676
773.675
773.675
773.674
773.673
773.673
773.672
773.672
773.671
773.671
773.671
773.671
773.671
773.671
773.671
773.671
773.672
773.672
773.673
773.674
773.675
773.676
773.677
773.678
773.68
773.681
773.683
773.684
773.686
773.687
773.689
773.69
773.692
773.693
773.695
773.696
773.697
773.698
773.699
773.7
773.701
773.701
773.702
773.703
773.703
773.703
773.703
773.704
773.704
773.704
773.704
773.703
773.703
773.703
773.703
773.703
773.703
773.703
773.703
773.702
773.702
773.703
773.703
773.703
773.703
773.703
773.703
773.703
773.703
773.703
773.703
773.703
773.703
773.703
773.703
773.703
773.703
773.703
773.703
773.703
773.702
773.702
773.702
773.702
773.701
773.701
773.7
773.7
773.7
773.699
773.699
773.698
773.698
773.698
773.697
773.697
773.697
773.697
773.697
773.697
773.696
773.696
773.696
773.696
773.696
773.696
773.696
773.695
773.695
773.694
773.694
773.693
773.693
773.692
773.691
773.69
773.689
773.689
773.688
773.687
773.686
773.685
773.684
773.684
773.683
773.682
773.682
773.681
773.681
773.681
773.681
773.681
773.682
773.682
773.683
773.685
773.686
773.687
773.689
773.691
773.693
773.694
773.698
773.699
773.761
773.677
773.676
773.674
773.67
773.668
773.666
773.666
773.666
773.667
773.667
773.667
773.667
773.665
773.662
773.659
773.658
773.657
773.656
773.657
773.657
773.658
773.659
773.66
773.661
773.662
773.663
773.664
773.665
773.666
773.667
773.668
773.668
773.669
773.67
773.671
773.672
773.673
773.674
773.675
773.675
773.676
773.676
773.677
773.677
773.678
773.678
773.678
773.678
773.678
773.678
773.678
773.677
773.677
773.677
773.676
773.676
773.675
773.675
773.674
773.673
773.673
773.672
773.672
773.671
773.671
773.671
773.671
773.671
773.671
773.671
773.671
773.672
773.672
773.673
773.674
773.675
773.676
773.677
773.678
773.68
773.681
773.683
773.684
773.686
773.687
773.689
773.69
773.692
773.693
773.695
773.696
773.697
773.698
773.699
773.7
773.701
773.701
773.702
773.703
773.703
773.703
773.703
773.704
773.704
773.704
773.704
773.703
773.703
773.703
773.703
773.703
773.703
773.703
773.703
773.702
773.702
773.703
773.703
773.703
773.703
773.703
773.703
773.703
773.703
773.703
773.703
773.703
773.703
773.703
773.703
773.703
773.703
773.703
773.703
773.703
773.702
773.702
773.702
773.702
773.701
773.701
773.7
773.7
773.7
773.699
773.699
773.698
773.698
773.698
773.697
773.697
773.697
773.697
773.697
773.697
773.696
773.696
773.696
773.696
773.696
773.696
773.696
773.695
773.695
773.694
773.694
773.693
773.693
773.692
773.691
773.69
773.689
773.689
773.688
773.687
773.686
773.685
773.684
773.684
773.683
773.682
773.682
773.681
773.681
773.681
773.681
773.681
773.682
773.682
773.683
773.685
773.686
773.687
773.689
773.691
773.693
773.694
773.697
773.698
773.703
773.677
773.676
773.674
773.67
773.668
773.666
773.666
773.666
773.667
773.667
773.667
773.667
773.665
773.662
773.659
773.658
773.657
773.656
773.657
773.657
773.658
773.659
773.66
773.661
773.662
773.663
773.664
773.665
773.666
773.667
773.668
773.668
773.669
773.67
773.671
773.672
773.673
773.674
773.675
773.675
773.676
773.676
773.677
773.677
773.678
773.678
773.678
773.678
773.678
773.678
773.678
773.677
773.677
773.677
773.676
773.676
773.675
773.675
773.674
773.673
773.673
773.672
773.672
773.671
773.671
773.671
773.671
773.671
773.671
773.671
773.671
773.672
773.672
773.673
773.674
773.675
773.676
773.677
773.678
773.68
773.681
773.683
773.684
773.686
773.687
773.689
773.69
773.692
773.693
773.695
773.696
773.697
773.698
773.699
773.7
773.701
773.701
773.702
773.703
773.703
773.703
773.703
773.704
773.704
773.704
773.704
773.703
773.703
773.703
773.703
773.703
773.703
773.703
773.703
773.702
773.702
773.703
773.703
773.703
773.703
773.703
773.703
773.703
773.703
773.703
773.703
773.703
773.703
773.703
773.703
773.703
773.703
773.703
773.703
773.703
773.702
773.702
773.702
773.702
773.701
773.701
773.7
773.7
773.7
773.699
773.699
773.698
773.698
773.698
773.697
773.697
773.697
773.697
773.697
773.697
773.696
773.696
773.696
773.696
773.696
773.696
773.696
773.695
773.695
773.694
773.694
773.693
773.693
773.692
773.691
773.69
773.689
773.689
773.688
773.687
773.686
773.685
773.684
773.684
773.683
773.682
773.682
773.681
773.681
773.681
773.681
773.681
773.682
773.683
773.683
773.685
773.686
773.687
773.689
773.691
773.692
773.695
773.694
773.7
773.587
773.678
773.677
773.675
773.671
773.669
773.667
773.667
773.667
773.668
773.668
773.668
773.668
773.666
773.663
773.66
773.658
773.657
773.657
773.657
773.658
773.659
773.66
773.661
773.662
773.663
773.663
773.664
773.665
773.666
773.667
773.668
773.669
773.67
773.671
773.672
773.673
773.674
773.675
773.675
773.676
773.677
773.677
773.678
773.678
773.678
773.679
773.679
773.679
773.679
773.679
773.678
773.678
773.678
773.677
773.677
773.676
773.676
773.675
773.675
773.674
773.674
773.673
773.673
773.672
773.672
773.672
773.672
773.671
773.672
773.672
773.672
773.673
773.673
773.674
773.675
773.676
773.677
773.678
773.679
773.681
773.682
773.683
773.685
773.687
773.688
773.69
773.691
773.693
773.694
773.695
773.697
773.698
773.699
773.7
773.701
773.702
773.702
773.703
773.703
773.704
773.704
773.704
773.704
773.704
773.704
773.704
773.704
773.704
773.704
773.704
773.704
773.704
773.703
773.703
773.703
773.703
773.703
773.703
773.703
773.703
773.704
773.704
773.704
773.704
773.704
773.704
773.704
773.704
773.704
773.704
773.704
773.704
773.704
773.704
773.703
773.703
773.703
773.703
773.702
773.702
773.702
773.701
773.701
773.7
773.7
773.699
773.699
773.699
773.698
773.698
773.698
773.698
773.698
773.697
773.697
773.697
773.697
773.697
773.697
773.697
773.697
773.696
773.696
773.696
773.695
773.695
773.694
773.693
773.693
773.692
773.691
773.69
773.689
773.688
773.688
773.687
773.686
773.685
773.684
773.683
773.683
773.682
773.682
773.682
773.682
773.682
773.682
773.682
773.683
773.684
773.685
773.687
773.688
773.69
773.692
773.693
773.696
773.694
773.708
773.506
773.754
773.767
773.765
773.765
773.762
773.759
773.754
773.752
773.755
773.762
773.75
773.728
773.715
773.699
773.659
773.636
773.639
773.651
773.673
773.59
773.742
773.745
773.744
773.739
773.736
773.73
773.722
773.718
773.719
773.726
773.712
773.682
773.677
773.667
773.629
773.581
773.581
773.593
773.613
773.576
773.704
773.703
773.701
773.698
773.692
773.686
773.68
773.673
773.664
773.657
773.652
773.649
773.646
773.638
773.627
773.619
773.613
773.607
773.599
773.6
773.637
773.639
773.644
773.643
773.637
773.624
773.61
773.589
773.576
773.554
773.537
773.527
773.508
773.489
773.478
773.464
773.454
773.441
773.435
773.427
773.588
773.569
773.566
773.567
773.567
773.562
773.552
773.538
773.525
773.511
773.495
773.486
773.47
773.462
773.449
773.445
773.437
773.438
773.444
773.469
773.452
773.413
773.408
773.38
773.381
773.398
773.401
773.393
773.387
773.39
773.395
773.397
773.397
773.397
773.398
773.399
773.399
773.399
773.4
773.402
773.401
773.4
773.399
773.399
773.399
773.402
773.405
773.406
773.407
773.41
773.429
773.549
774.008
774.492
774.655
774.62
774.263
773.617
773.258
773.135
773.127
773.173
773.257
773.308
773.335
773.349
773.357
773.361
773.363
773.364
773.365
773.365
773.365
773.366
773.366
773.366
773.366
773.367
773.367
773.368
773.368
773.368
773.369
773.369
773.37
773.37
773.37
773.371
773.371
773.371
773.372
773.372
773.372
773.372
773.372
773.372
773.372
773.371
773.371
773.371
773.37
773.37
773.369
773.369
773.368
773.368
773.367
773.367
773.366
773.366
773.366
773.365
773.365
773.365
773.364
773.364
773.364
773.364
773.364
773.364
773.364
773.364
773.364
773.365
773.365
773.365
773.366
773.366
773.366
773.367
773.367
773.368
773.368
773.368
773.368
773.369
773.369
773.369
773.369
773.369
773.369
773.369
773.369
773.369
773.369
773.369
773.369
773.369
773.368
773.368
773.368
773.367
773.367
773.367
773.366
773.366
773.366
773.365
773.365
773.365
773.364
773.364
773.364
773.364
773.364
773.364
773.364
773.364
773.365
773.365
773.365
773.366
773.366
773.366
773.367
773.367
773.367
773.368
773.368
773.368
773.368
773.368
773.368
773.369
773.369
773.368
773.368
773.368
773.368
773.368
773.367
773.367
773.367
773.366
773.366
773.365
773.365
773.364
773.364
773.363
773.362
773.362
773.361
773.361
773.36
773.359
773.359
773.359
773.358
773.358
773.358
773.358
773.358
773.358
773.359
773.359
773.359
773.356
773.363
773.199
773.427
773.421
773.415
773.391
773.396
773.416
773.416
773.409
773.406
773.41
773.415
773.416
773.416
773.416
773.418
773.419
773.421
773.424
773.426
773.427
773.425
773.422
773.421
773.421
773.422
773.425
773.426
773.426
773.426
773.428
773.443
773.53
773.778
773.965
774.019
773.996
773.828
773.566
773.416
773.351
773.332
773.332
773.339
773.348
773.355
773.358
773.361
773.362
773.363
773.364
773.364
773.364
773.365
773.365
773.365
773.365
773.366
773.366
773.366
773.367
773.367
773.368
773.368
773.369
773.369
773.369
773.37
773.37
773.37
773.371
773.371
773.371
773.371
773.371
773.371
773.371
773.371
773.371
773.37
773.37
773.37
773.369
773.369
773.368
773.368
773.367
773.367
773.366
773.366
773.365
773.365
773.364
773.364
773.364
773.364
773.363
773.363
773.363
773.363
773.363
773.363
773.364
773.364
773.364
773.364
773.365
773.365
773.365
773.366
773.366
773.366
773.367
773.367
773.367
773.368
773.368
773.368
773.369
773.369
773.369
773.369
773.369
773.369
773.369
773.369
773.368
773.368
773.368
773.368
773.367
773.367
773.367
773.366
773.366
773.365
773.365
773.365
773.365
773.364
773.364
773.364
773.363
773.363
773.363
773.363
773.363
773.363
773.364
773.364
773.364
773.364
773.365
773.365
773.366
773.366
773.366
773.367
773.367
773.367
773.367
773.368
773.368
773.368
773.368
773.368
773.368
773.368
773.367
773.367
773.367
773.367
773.366
773.366
773.365
773.365
773.365
773.364
773.363
773.363
773.362
773.362
773.361
773.36
773.36
773.359
773.359
773.358
773.358
773.358
773.357
773.357
773.357
773.357
773.358
773.358
773.358
773.359
773.357
773.357
773.266
773.61
773.612
773.626
773.637
773.645
773.647
773.648
773.651
773.655
773.658
773.661
773.664
773.667
773.668
773.671
773.675
773.678
773.682
773.683
773.683
773.682
773.677
773.657
773.596
773.526
773.472
773.437
773.417
773.408
773.404
773.404
773.406
773.407
773.406
773.4
773.389
773.38
773.374
773.371
773.37
773.37
773.37
773.37
773.369
773.368
773.368
773.367
773.366
773.366
773.366
773.365
773.365
773.365
773.365
773.365
773.366
773.366
773.366
773.366
773.367
773.367
773.368
773.368
773.369
773.369
773.369
773.37
773.37
773.37
773.371
773.371
773.371
773.371
773.371
773.371
773.371
773.371
773.371
773.37
773.37
773.37
773.369
773.369
773.368
773.368
773.367
773.367
773.366
773.366
773.365
773.365
773.364
773.364
773.364
773.364
773.363
773.363
773.363
773.363
773.363
773.363
773.364
773.364
773.364
773.364
773.365
773.365
773.365
773.366
773.366
773.366
773.367
773.367
773.367
773.368
773.368
773.368
773.369
773.369
773.369
773.369
773.369
773.369
773.369
773.369
773.368
773.368
773.368
773.368
773.367
773.367
773.367
773.366
773.366
773.365
773.365
773.365
773.365
773.364
773.364
773.364
773.363
773.363
773.363
773.363
773.363
773.363
773.364
773.364
773.364
773.364
773.365
773.365
773.366
773.366
773.366
773.367
773.367
773.367
773.367
773.368
773.368
773.368
773.368
773.368
773.368
773.368
773.367
773.367
773.367
773.367
773.366
773.366
773.366
773.365
773.365
773.364
773.364
773.363
773.362
773.362
773.361
773.36
773.36
773.359
773.359
773.358
773.358
773.358
773.358
773.357
773.357
773.357
773.358
773.358
773.358
773.359
773.359
773.36
773.363
773.406
773.402
773.396
773.395
773.397
773.398
773.396
773.395
773.396
773.399
773.4
773.4
773.4
773.401
773.402
773.402
773.403
773.404
773.405
773.406
773.406
773.407
773.408
773.412
773.416
773.42
773.427
773.444
773.456
773.461
773.469
773.491
773.549
773.586
773.593
773.586
773.542
773.458
773.401
773.37
773.357
773.353
773.353
773.355
773.359
773.361
773.363
773.363
773.364
773.364
773.365
773.365
773.365
773.365
773.365
773.366
773.366
773.366
773.366
773.367
773.367
773.368
773.368
773.369
773.369
773.369
773.37
773.37
773.37
773.371
773.371
773.371
773.371
773.371
773.371
773.371
773.371
773.371
773.37
773.37
773.37
773.369
773.369
773.368
773.368
773.367
773.367
773.366
773.366
773.365
773.365
773.364
773.364
773.364
773.364
773.363
773.363
773.363
773.363
773.363
773.363
773.364
773.364
773.364
773.364
773.365
773.365
773.365
773.366
773.366
773.366
773.367
773.367
773.367
773.368
773.368
773.368
773.369
773.369
773.369
773.369
773.369
773.369
773.369
773.369
773.368
773.368
773.368
773.368
773.367
773.367
773.367
773.366
773.366
773.365
773.365
773.365
773.365
773.364
773.364
773.364
773.363
773.363
773.363
773.363
773.363
773.363
773.364
773.364
773.364
773.364
773.365
773.365
773.366
773.366
773.366
773.367
773.367
773.367
773.367
773.368
773.368
773.368
773.368
773.368
773.368
773.368
773.367
773.367
773.367
773.367
773.366
773.366
773.366
773.365
773.365
773.364
773.363
773.363
773.362
773.362
773.361
773.36
773.36
773.359
773.359
773.358
773.358
773.358
773.358
773.357
773.357
773.357
773.358
773.358
773.358
773.359
773.361
773.363
773.411
773.517
773.519
773.514
773.511
773.513
773.513
773.511
773.51
773.511
773.513
773.513
773.513
773.514
773.515
773.516
773.517
773.519
773.521
773.522
773.523
773.524
773.526
773.527
773.53
773.541
773.551
773.553
773.55
773.536
773.531
773.545
773.659
773.972
774.195
774.269
774.264
774.169
773.92
773.712
773.572
773.485
773.432
773.401
773.385
773.376
773.371
773.369
773.367
773.366
773.366
773.366
773.366
773.366
773.366
773.366
773.366
773.367
773.367
773.367
773.368
773.368
773.368
773.369
773.369
773.37
773.37
773.37
773.371
773.371
773.371
773.372
773.372
773.372
773.372
773.372
773.372
773.372
773.371
773.371
773.371
773.37
773.37
773.369
773.369
773.368
773.368
773.367
773.367
773.366
773.366
773.366
773.365
773.365
773.365
773.364
773.364
773.364
773.364
773.364
773.364
773.364
773.364
773.364
773.365
773.365
773.365
773.366
773.366
773.366
773.367
773.367
773.368
773.368
773.368
773.368
773.369
773.369
773.369
773.369
773.369
773.369
773.369
773.369
773.369
773.369
773.369
773.369
773.369
773.368
773.368
773.368
773.367
773.367
773.367
773.366
773.366
773.366
773.365
773.365
773.365
773.364
773.364
773.364
773.364
773.364
773.364
773.364
773.364
773.365
773.365
773.365
773.366
773.366
773.366
773.367
773.367
773.367
773.368
773.368
773.368
773.368
773.368
773.368
773.369
773.369
773.368
773.368
773.368
773.368
773.368
773.367
773.367
773.367
773.366
773.366
773.365
773.365
773.364
773.364
773.363
773.362
773.362
773.361
773.361
773.36
773.359
773.359
773.359
773.358
773.358
773.358
773.358
773.358
773.358
773.359
773.359
773.36
773.361
773.364
773.416
773.258
773.239
773.233
773.235
773.234
773.229
773.216
773.207
773.191
773.182
773.165
773.156
773.14
773.133
773.121
773.117
773.108
773.108
773.112
773.134
773.303
773.303
773.308
773.306
773.3
773.287
773.269
773.257
773.236
773.224
773.207
773.188
773.172
773.16
773.144
773.132
773.126
773.115
773.109
773.097
773.364
773.364
773.361
773.358
773.352
773.347
773.341
773.332
773.326
773.319
773.315
773.311
773.303
773.293
773.286
773.28
773.274
773.268
773.268
773.28
773.4
773.403
773.401
773.397
773.394
773.389
773.385
773.386
773.389
773.371
773.356
773.352
773.334
773.289
773.269
773.276
773.287
773.297
773.291
773.147
773.411
773.424
773.422
773.422
773.42
773.417
773.416
773.418
773.422
773.409
773.395
773.387
773.365
773.332
773.325
773.33
773.339
773.353
773.34
773.187
773.184
773.185
773.18
773.18
773.182
773.18
773.178
773.179
773.18
773.181
773.181
773.181
773.181
773.182
773.183
773.184
773.186
773.188
773.188
773.188
773.188
773.189
773.19
773.192
773.198
773.208
773.213
773.212
773.205
773.193
773.193
773.226
773.414
773.729
773.898
773.94
773.917
773.768
773.518
773.336
773.216
773.141
773.097
773.073
773.059
773.052
773.049
773.047
773.047
773.047
773.047
773.047
773.047
773.048
773.048
773.048
773.049
773.049
773.049
773.049
773.05
773.05
773.05
773.05
773.05
773.05
773.05
773.05
773.05
773.05
773.05
773.05
773.05
773.049
773.049
773.049
773.048
773.047
773.047
773.046
773.046
773.045
773.044
773.044
773.043
773.043
773.042
773.042
773.041
773.041
773.041
773.041
773.041
773.041
773.041
773.041
773.041
773.038
773.043
772.883
773.078
773.07
773.067
773.068
773.07
773.068
773.066
773.066
773.068
773.07
773.07
773.069
773.069
773.07
773.07
773.071
773.072
773.073
773.073
773.073
773.073
773.073
773.074
773.076
773.081
773.084
773.088
773.098
773.112
773.119
773.124
773.135
773.171
773.226
773.252
773.254
773.241
773.183
773.108
773.062
773.039
773.03
773.029
773.03
773.034
773.037
773.04
773.042
773.043
773.044
773.045
773.046
773.046
773.047
773.047
773.047
773.048
773.048
773.048
773.049
773.049
773.049
773.049
773.05
773.05
773.05
773.05
773.05
773.05
773.05
773.05
773.049
773.049
773.049
773.048
773.048
773.047
773.047
773.046
773.046
773.045
773.044
773.044
773.043
773.042
773.042
773.042
773.041
773.041
773.04
773.04
773.04
773.04
773.04
773.04
773.04
773.04
773.038
773.038
772.948
773.267
773.271
773.294
773.306
773.311
773.311
773.311
773.316
773.319
773.321
773.323
773.325
773.327
773.329
773.331
773.333
773.334
773.338
773.342
773.344
773.344
773.343
773.337
773.308
773.239
773.176
773.131
773.102
773.086
773.079
773.077
773.078
773.079
773.08
773.078
773.069
773.057
773.05
773.046
773.044
773.045
773.045
773.046
773.046
773.046
773.046
773.046
773.046
773.046
773.046
773.046
773.046
773.047
773.047
773.047
773.047
773.048
773.048
773.048
773.049
773.049
773.049
773.049
773.05
773.05
773.05
773.05
773.05
773.05
773.05
773.05
773.049
773.049
773.049
773.048
773.048
773.047
773.047
773.046
773.046
773.045
773.044
773.044
773.043
773.042
773.042
773.042
773.041
773.041
773.04
773.04
773.04
773.04
773.04
773.04
773.04
773.041
773.041
773.042
773.044
773.089
773.084
773.08
773.065
773.081
773.094
773.084
773.075
773.075
773.083
773.086
773.085
773.084
773.085
773.086
773.087
773.088
773.091
773.093
773.092
773.091
773.088
773.086
773.086
773.087
773.092
773.097
773.1
773.1
773.101
773.105
773.131
773.262
773.514
773.654
773.68
773.633
773.418
773.183
773.06
773.012
773.002
773.005
773.016
773.027
773.033
773.037
773.04
773.042
773.043
773.044
773.045
773.046
773.046
773.047
773.047
773.048
773.048
773.048
773.049
773.049
773.049
773.049
773.05
773.05
773.05
773.05
773.05
773.05
773.05
773.05
773.049
773.049
773.049
773.048
773.048
773.047
773.047
773.046
773.046
773.045
773.044
773.044
773.043
773.042
773.042
773.042
773.041
773.041
773.04
773.04
773.04
773.04
773.04
773.04
773.04
773.041
773.042
773.045
773.092
773.099
773.078
773.072
773.055
773.065
773.079
773.07
773.058
773.057
773.062
773.067
773.066
773.066
773.066
773.067
773.067
773.065
773.066
773.069
773.069
773.07
773.069
773.066
773.064
773.063
773.065
773.07
773.075
773.077
773.079
773.085
773.115
773.285
773.792
774.18
774.279
774.205
773.763
773.185
772.897
772.812
772.814
772.872
772.948
772.993
773.017
773.03
773.037
773.041
773.043
773.044
773.045
773.046
773.047
773.048
773.048
773.048
773.049
773.049
773.049
773.05
773.05
773.05
773.05
773.05
773.05
773.05
773.05
773.05
773.05
773.05
773.05
773.05
773.049
773.049
773.049
773.048
773.047
773.047
773.046
773.046
773.045
773.044
773.044
773.043
773.043
773.042
773.042
773.041
773.041
773.041
773.041
773.041
773.041
773.041
773.041
773.042
773.043
773.046
773.097
772.939
772.92
772.914
772.916
772.914
772.909
772.896
772.888
772.871
772.862
772.844
772.835
772.82
772.813
772.8
772.796
772.787
772.787
772.791
772.812
772.984
772.984
772.989
772.987
772.981
772.968
772.95
772.937
772.916
772.903
772.887
772.868
772.851
772.84
772.823
772.811
772.804
772.794
772.787
772.775
773.045
773.045
773.042
773.039
773.033
773.028
773.022
773.013
773.006
773
772.996
772.992
772.983
772.974
772.966
772.961
772.955
772.949
772.948
772.96
773.081
773.084
773.082
773.079
773.075
773.07
773.066
773.067
773.069
773.053
773.037
773.033
773.015
772.971
772.948
772.954
772.966
772.976
772.972
772.83
773.092
773.105
773.103
773.104
773.101
773.098
773.097
773.099
773.103
773.091
773.076
773.068
773.046
773.013
773.004
773.009
773.019
773.033
773.02
772.869
772.862
772.864
772.859
772.86
772.861
772.86
772.858
772.859
772.861
772.861
772.861
772.861
772.861
772.862
772.862
772.863
772.864
772.866
772.866
772.867
772.868
772.87
772.873
772.88
772.892
772.898
772.899
772.893
772.881
772.882
772.917
773.108
773.416
773.578
773.615
773.588
773.429
773.182
773.004
772.889
772.817
772.776
772.753
772.74
772.733
772.73
772.728
772.728
772.727
772.727
772.727
772.727
772.727
772.728
772.728
772.728
772.728
772.729
772.729
772.729
772.73
772.73
772.73
772.731
772.731
772.731
772.731
772.732
772.732
772.732
772.732
772.732
772.732
772.732
772.732
772.731
772.731
772.731
772.731
772.73
772.73
772.73
772.73
772.729
772.729
772.729
772.728
772.728
772.728
772.728
772.727
772.727
772.727
772.727
772.727
772.727
772.727
772.727
772.727
772.727
772.727
772.727
772.727
772.727
772.727
772.728
772.728
772.728
772.728
772.728
772.728
772.728
772.728
772.728
772.728
772.728
772.728
772.728
772.728
772.728
772.727
772.727
772.727
772.727
772.727
772.727
772.727
772.727
772.726
772.726
772.726
772.726
772.726
772.726
772.726
772.726
772.726
772.726
772.726
772.726
772.726
772.726
772.726
772.727
772.727
772.727
772.727
772.728
772.728
772.728
772.728
772.728
772.728
772.728
772.728
772.728
772.728
772.728
772.728
772.728
772.727
772.727
772.727
772.727
772.726
772.726
772.726
772.726
772.725
772.725
772.725
772.725
772.724
772.724
772.724
772.724
772.724
772.724
772.724
772.724
772.724
772.724
772.725
772.725
772.725
772.726
772.727
772.727
772.728
772.729
772.73
772.731
772.732
772.733
772.735
772.736
772.737
772.739
772.742
772.796
772.755
772.748
772.746
772.747
772.748
772.747
772.745
772.745
772.748
772.749
772.749
772.749
772.749
772.75
772.75
772.751
772.752
772.752
772.752
772.753
772.753
772.754
772.756
772.762
772.766
772.77
772.782
772.797
772.805
772.811
772.822
772.859
772.909
772.93
772.931
772.915
772.851
772.781
772.739
772.72
772.713
772.712
772.713
772.717
772.72
772.722
772.724
772.724
772.725
772.726
772.726
772.726
772.726
772.727
772.727
772.727
772.728
772.728
772.728
772.729
772.729
772.729
772.73
772.73
772.73
772.73
772.731
772.731
772.731
772.731
772.731
772.731
772.731
772.731
772.731
772.731
772.731
772.73
772.73
772.73
772.729
772.729
772.729
772.729
772.728
772.728
772.728
772.727
772.727
772.727
772.727
772.727
772.726
772.726
772.726
772.726
772.726
772.726
772.726
772.726
772.726
772.726
772.727
772.727
772.727
772.727
772.727
772.727
772.727
772.727
772.727
772.727
772.727
772.727
772.727
772.727
772.727
772.727
772.727
772.727
772.727
772.727
772.726
772.726
772.726
772.726
772.726
772.726
772.726
772.726
772.725
772.725
772.725
772.725
772.725
772.725
772.725
772.725
772.725
772.725
772.725
772.726
772.726
772.726
772.726
772.726
772.727
772.727
772.727
772.727
772.727
772.728
772.728
772.728
772.728
772.728
772.728
772.727
772.727
772.727
772.727
772.726
772.726
772.726
772.726
772.725
772.725
772.725
772.725
772.724
772.724
772.724
772.724
772.724
772.723
772.723
772.723
772.723
772.723
772.723
772.723
772.724
772.724
772.724
772.725
772.725
772.726
772.727
772.727
772.728
772.729
772.731
772.731
772.733
772.734
772.735
772.736
772.739
772.741
772.791
772.946
772.95
772.973
772.984
772.988
772.987
772.988
772.991
772.994
772.996
772.998
773.002
773.006
773.009
773.011
773.015
773.019
773.023
773.025
773.025
773.025
773.02
772.998
772.936
772.87
772.822
772.79
772.773
772.765
772.762
772.762
772.763
772.763
772.76
772.751
772.74
772.733
772.729
772.728
772.728
772.729
772.729
772.729
772.729
772.728
772.728
772.727
772.727
772.727
772.727
772.727
772.727
772.727
772.727
772.727
772.727
772.728
772.728
772.728
772.729
772.729
772.729
772.73
772.73
772.73
772.73
772.731
772.731
772.731
772.731
772.731
772.731
772.731
772.731
772.731
772.731
772.731
772.73
772.73
772.73
772.729
772.729
772.729
772.729
772.728
772.728
772.728
772.727
772.727
772.727
772.727
772.727
772.726
772.726
772.726
772.726
772.726
772.726
772.726
772.726
772.726
772.726
772.727
772.727
772.727
772.727
772.727
772.727
772.727
772.727
772.727
772.727
772.727
772.727
772.727
772.727
772.727
772.727
772.727
772.727
772.727
772.727
772.726
772.726
772.726
772.726
772.726
772.726
772.726
772.726
772.725
772.725
772.725
772.725
772.725
772.725
772.725
772.725
772.725
772.725
772.725
772.726
772.726
772.726
772.726
772.726
772.727
772.727
772.727
772.727
772.727
772.728
772.728
772.728
772.728
772.728
772.728
772.727
772.727
772.727
772.727
772.726
772.726
772.726
772.726
772.725
772.725
772.725
772.725
772.724
772.724
772.724
772.724
772.724
772.723
772.723
772.723
772.723
772.723
772.723
772.723
772.724
772.724
772.724
772.725
772.725
772.726
772.727
772.727
772.728
772.729
772.73
772.731
772.733
772.734
772.735
772.736
772.738
772.739
772.742
772.769
772.762
772.756
772.745
772.761
772.769
772.759
772.752
772.754
772.76
772.762
772.762
772.762
772.764
772.765
772.766
772.769
772.773
772.776
772.775
772.772
772.77
772.77
772.77
772.773
772.777
772.779
772.78
772.782
772.787
772.818
772.96
773.204
773.329
773.347
773.29
773.062
772.844
772.735
772.695
772.687
772.69
772.701
772.711
772.716
772.72
772.722
772.723
772.724
772.725
772.726
772.726
772.726
772.727
772.727
772.727
772.728
772.728
772.728
772.729
772.729
772.729
772.73
772.73
772.73
772.73
772.731
772.731
772.731
772.731
772.731
772.731
772.731
772.731
772.731
772.731
772.731
772.73
772.73
772.73
772.729
772.729
772.729
772.729
772.728
772.728
772.728
772.727
772.727
772.727
772.727
772.727
772.726
772.726
772.726
772.726
772.726
772.726
772.726
772.726
772.726
772.726
772.727
772.727
772.727
772.727
772.727
772.727
772.727
772.727
772.727
772.727
772.727
772.727
772.727
772.727
772.727
772.727
772.727
772.727
772.727
772.727
772.726
772.726
772.726
772.726
772.726
772.726
772.726
772.726
772.725
772.725
772.725
772.725
772.725
772.725
772.725
772.725
772.725
772.725
772.725
772.726
772.726
772.726
772.726
772.726
772.727
772.727
772.727
772.727
772.727
772.728
772.728
772.728
772.728
772.728
772.728
772.727
772.727
772.727
772.727
772.726
772.726
772.726
772.726
772.725
772.725
772.725
772.725
772.724
772.724
772.724
772.724
772.724
772.723
772.723
772.723
772.723
772.723
772.723
772.723
772.724
772.724
772.724
772.725
772.725
772.726
772.727
772.727
772.728
772.729
772.73
772.732
772.733
772.734
772.735
772.737
772.735
772.735
772.643
772.777
772.756
772.749
772.734
772.745
772.755
772.745
772.736
772.736
772.742
772.745
772.745
772.745
772.746
772.747
772.747
772.746
772.748
772.751
772.751
772.751
772.749
772.748
772.748
772.75
772.754
772.758
772.76
772.762
772.768
772.804
772.999
773.519
773.866
773.939
773.84
773.35
772.814
772.564
772.499
772.508
772.573
772.642
772.681
772.702
772.713
772.719
772.722
772.724
772.725
772.726
772.727
772.727
772.727
772.728
772.728
772.728
772.729
772.729
772.729
772.73
772.73
772.73
772.731
772.731
772.731
772.731
772.732
772.732
772.732
772.732
772.732
772.732
772.732
772.732
772.731
772.731
772.731
772.731
772.73
772.73
772.73
772.73
772.729
772.729
772.729
772.728
772.728
772.728
772.728
772.727
772.727
772.727
772.727
772.727
772.727
772.727
772.727
772.727
772.727
772.727
772.727
772.727
772.727
772.727
772.728
772.728
772.728
772.728
772.728
772.728
772.728
772.728
772.728
772.728
772.728
772.728
772.728
772.728
772.728
772.727
772.727
772.727
772.727
772.727
772.727
772.727
772.727
772.726
772.726
772.726
772.726
772.726
772.726
772.726
772.726
772.726
772.726
772.726
772.726
772.726
772.726
772.726
772.727
772.727
772.727
772.727
772.728
772.728
772.728
772.728
772.728
772.728
772.728
772.728
772.728
772.728
772.728
772.728
772.728
772.727
772.727
772.727
772.727
772.726
772.726
772.726
772.726
772.725
772.725
772.725
772.725
772.724
772.724
772.724
772.724
772.724
772.724
772.724
772.724
772.724
772.724
772.725
772.725
772.725
772.726
772.727
772.727
772.728
772.729
772.73
772.731
772.732
772.733
772.735
772.736
772.737
772.735
772.741
772.575
772.792
772.805
772.803
772.803
772.801
772.798
772.794
772.792
772.795
772.801
772.787
772.768
772.757
772.74
772.698
772.682
772.687
772.7
772.714
772.618
772.78
772.784
772.782
772.778
772.775
772.769
772.762
772.758
772.76
772.765
772.749
772.724
772.72
772.708
772.664
772.627
772.63
772.642
772.657
772.601
772.744
772.743
772.741
772.737
772.732
772.726
772.72
772.712
772.705
772.697
772.692
772.69
772.687
772.679
772.669
772.662
772.656
772.651
772.645
772.648
772.681
772.681
772.686
772.684
772.677
772.665
772.646
772.632
772.614
772.598
772.578
772.567
772.548
772.529
772.519
772.504
772.494
772.48
772.475
772.465
772.635
772.616
772.61
772.612
772.61
772.605
772.591
772.582
772.566
772.555
772.539
772.527
772.513
772.503
772.492
772.486
772.478
772.477
772.48
772.498
772.481
772.455
772.442
772.434
772.443
772.446
772.443
772.442
772.446
772.449
772.451
772.454
772.457
772.458
772.46
772.463
772.466
772.472
772.477
772.481
772.484
772.487
772.5
772.575
772.928
773.396
773.562
773.529
773.185
772.626
772.347
772.269
772.275
772.334
772.399
772.434
772.453
772.462
772.468
772.471
772.473
772.475
772.476
772.478
772.479
772.481
772.483
772.484
772.486
772.488
772.491
772.493
772.495
772.498
772.5
772.503
772.505
772.508
772.51
772.513
772.515
772.517
772.519
772.521
772.523
772.525
772.527
772.529
772.53
772.532
772.533
772.534
772.535
772.536
772.537
772.538
772.539
772.54
772.54
772.541
772.541
772.542
772.542
772.543
772.543
772.543
772.544
772.544
772.545
772.545
772.546
772.546
772.547
772.547
772.548
772.548
772.549
772.549
772.549
772.55
772.55
772.551
772.551
772.551
772.551
772.552
772.552
772.552
772.552
772.552
772.552
772.551
772.551
772.551
772.551
772.551
772.55
772.55
772.55
772.55
772.549
772.549
772.549
772.549
772.548
772.548
772.548
772.548
772.548
772.548
772.548
772.548
772.548
772.548
772.549
772.549
772.549
772.55
772.55
772.55
772.551
772.551
772.552
772.552
772.553
772.553
772.554
772.554
772.555
772.556
772.556
772.557
772.558
772.559
772.559
772.56
772.561
772.562
772.563
772.564
772.565
772.566
772.567
772.568
772.569
772.571
772.572
772.573
772.575
772.576
772.578
772.579
772.581
772.582
772.584
772.586
772.587
772.589
772.59
772.592
772.593
772.595
772.596
772.598
772.599
772.601
772.602
772.603
772.605
772.606
772.607
772.609
772.61
772.612
772.613
772.614
772.616
772.617
772.619
772.621
772.623
772.625
772.627
772.629
772.631
772.633
772.636
772.639
772.642
772.645
772.648
772.651
772.655
772.658
772.662
772.666
772.67
772.675
772.679
772.684
772.689
772.694
772.699
772.704
772.709
772.715
772.72
772.726
772.732
772.738
772.744
772.75
772.756
772.763
772.769
772.776
772.783
772.79
772.797
772.804
772.812
772.819
772.827
772.834
772.842
772.85
772.859
772.867
772.875
772.884
772.893
772.902
772.911
772.92
772.929
772.939
772.948
772.958
772.968
772.978
772.988
772.998
773.008
773.019
773.029
773.04
773.051
773.062
773.073
773.084
773.095
773.107
773.119
773.131
773.143
773.155
773.168
773.181
773.193
773.207
773.22
773.234
773.248
773.262
773.276
773.291
773.306
773.321
773.336
773.352
773.367
773.383
773.4
773.416
773.433
773.45
773.467
773.484
773.502
773.52
773.537
773.555
773.574
773.592
773.61
773.629
773.648
773.666
773.685
773.704
773.723
773.742
773.762
773.781
773.801
773.82
773.84
773.859
773.879
773.899
773.919
773.939
773.959
773.979
774
774.02
774.041
774.062
774.082
774.103
774.125
774.146
774.167
774.189
774.21
774.232
774.254
774.276
774.299
774.321
774.344
774.366
774.389
774.412
774.436
774.459
774.482
774.506
774.53
774.554
774.578
774.602
774.627
774.651
774.676
774.701
774.726
774.751
774.776
774.801
774.827
774.853
774.878
774.904
774.93
774.956
774.983
775.009
775.036
775.062
775.089
775.116
775.143
775.171
775.198
775.226
775.253
775.281
775.309
775.338
775.366
775.394
775.423
775.452
775.481
775.51
775.539
775.569
775.599
775.629
775.659
775.689
775.719
775.75
775.78
775.811
775.842
775.873
775.905
775.936
775.968
776
776.031
776.063
776.096
776.128
776.16
776.193
776.225
776.258
776.29
776.323
776.356
776.389
776.421
776.454
776.487
776.52
776.553
776.586
776.619
776.653
776.686
776.719
776.752
776.785
776.818
776.852
776.885
776.918
776.952
776.985
777.019
777.052
777.086
777.12
777.154
777.188
777.222
777.256
777.29
777.325
777.359
777.394
777.429
777.463
777.498
777.533
777.568
777.604
777.639
777.674
777.71
777.745
777.781
777.816
777.852
777.887
777.923
777.958
777.994
778.029
778.065
778.1
778.136
778.171
778.206
778.241
778.276
778.311
778.346
778.381
778.416
778.45
778.485
778.519
778.553
778.588
778.622
778.656
778.689
778.723
778.757
778.791
778.824
778.858
778.891
778.924
778.957
778.99
779.023
779.056
779.089
779.122
779.155
779.187
779.22
779.252
779.285
779.317
779.349
779.381
779.413
779.445
779.477
779.509
779.541
779.573
779.604
779.636
779.668
779.699
779.73
779.762
779.793
779.824
779.855
779.886
779.917
779.948
779.978
780.009
780.04
780.07
780.1
780.131
780.161
780.191
780.221
780.251
780.281
780.31
780.34
780.369
780.399
780.428
780.457
780.486
780.515
780.544
780.573
780.602
780.63
780.658
780.687
780.715
780.743
780.771
780.799
780.826
780.854
780.881
780.909
780.936
780.963
780.99
781.017
781.043
781.07
781.096
781.123
781.149
781.175
781.201
781.226
781.252
781.278
781.303
781.328
781.353
781.378
781.403
781.427
781.452
781.476
781.5
781.524
781.548
781.572
781.595
781.619
781.642
781.666
781.688
781.712
781.733
781.758
781.777
781.803
781.82
781.848
781.863
781.891
781.905
781.935
781.947
781.977
781.989
782.018
782.029
772.474
772.459
772.454
772.45
772.459
772.461
772.458
772.459
772.463
772.466
772.468
772.471
772.474
772.478
772.481
772.485
772.487
772.491
772.496
772.5
772.502
772.505
772.514
772.556
772.728
772.917
772.982
772.971
772.843
772.624
772.502
772.454
772.442
772.442
772.449
772.458
772.463
772.467
772.469
772.471
772.473
772.474
772.476
772.477
772.479
772.48
772.482
772.484
772.486
772.488
772.49
772.492
772.495
772.497
772.499
772.502
772.504
772.507
772.509
772.512
772.514
772.516
772.519
772.521
772.523
772.525
772.526
772.528
772.53
772.531
772.532
772.534
772.535
772.536
772.537
772.537
772.538
772.539
772.539
772.54
772.54
772.541
772.541
772.542
772.542
772.543
772.543
772.544
772.544
772.544
772.545
772.545
772.546
772.546
772.547
772.547
772.548
772.548
772.549
772.549
772.55
772.55
772.55
772.55
772.551
772.551
772.551
772.551
772.551
772.551
772.551
772.551
772.551
772.55
772.55
772.55
772.55
772.549
772.549
772.549
772.549
772.548
772.548
772.548
772.548
772.547
772.547
772.547
772.547
772.547
772.547
772.547
772.547
772.548
772.548
772.548
772.548
772.549
772.549
772.55
772.55
772.55
772.551
772.551
772.552
772.553
772.553
772.554
772.554
772.555
772.556
772.556
772.557
772.558
772.559
772.559
772.56
772.561
772.562
772.563
772.564
772.565
772.566
772.567
772.569
772.57
772.571
772.573
772.574
772.576
772.577
772.579
772.58
772.582
772.583
772.585
772.586
772.588
772.59
772.591
772.593
772.594
772.596
772.597
772.599
772.6
772.601
772.603
772.604
772.605
772.607
772.608
772.609
772.611
772.612
772.614
772.615
772.617
772.618
772.62
772.622
772.624
772.626
772.628
772.63
772.633
772.635
772.638
772.641
772.644
772.647
772.65
772.654
772.658
772.661
772.665
772.67
772.674
772.678
772.683
772.688
772.693
772.698
772.703
772.708
772.714
772.72
772.725
772.731
772.737
772.743
772.749
772.756
772.762
772.769
772.775
772.782
772.789
772.796
772.803
772.811
772.818
772.826
772.834
772.842
772.85
772.858
772.866
772.875
772.883
772.892
772.901
772.91
772.919
772.928
772.938
772.947
772.957
772.967
772.977
772.987
772.997
773.007
773.018
773.028
773.039
773.05
773.061
773.072
773.083
773.095
773.106
773.118
773.13
773.142
773.155
773.167
773.18
773.193
773.206
773.219
773.233
773.247
773.261
773.275
773.29
773.305
773.32
773.335
773.351
773.367
773.383
773.399
773.415
773.432
773.449
773.466
773.484
773.501
773.519
773.537
773.555
773.573
773.591
773.61
773.628
773.647
773.666
773.684
773.703
773.723
773.742
773.761
773.78
773.8
773.819
773.839
773.859
773.878
773.898
773.918
773.938
773.958
773.979
773.999
774.02
774.04
774.061
774.082
774.103
774.124
774.145
774.166
774.188
774.21
774.231
774.253
774.276
774.298
774.32
774.343
774.366
774.389
774.412
774.435
774.458
774.482
774.505
774.529
774.553
774.577
774.602
774.626
774.651
774.675
774.7
774.725
774.75
774.775
774.801
774.826
774.852
774.878
774.904
774.93
774.956
774.982
775.008
775.035
775.062
775.089
775.116
775.143
775.17
775.197
775.225
775.253
775.281
775.309
775.337
775.365
775.394
775.422
775.451
775.48
775.509
775.539
775.568
775.598
775.628
775.658
775.688
775.718
775.749
775.78
775.811
775.842
775.873
775.904
775.936
775.967
775.999
776.031
776.063
776.095
776.127
776.159
776.192
776.224
776.257
776.29
776.322
776.355
776.388
776.421
776.454
776.487
776.52
776.553
776.586
776.619
776.652
776.685
776.718
776.751
776.784
776.818
776.851
776.884
776.918
776.951
776.985
777.018
777.052
777.085
777.119
777.153
777.187
777.221
777.255
777.29
777.324
777.359
777.393
777.428
777.463
777.498
777.533
777.568
777.603
777.638
777.674
777.709
777.744
777.78
777.815
777.851
777.887
777.922
777.958
777.993
778.029
778.064
778.1
778.135
778.17
778.205
778.241
778.276
778.311
778.345
778.38
778.415
778.45
778.484
778.518
778.553
778.587
778.621
778.655
778.689
778.723
778.756
778.79
778.823
778.857
778.89
778.923
778.957
778.99
779.023
779.056
779.088
779.121
779.154
779.187
779.219
779.252
779.284
779.316
779.349
779.381
779.413
779.445
779.477
779.509
779.541
779.572
779.604
779.636
779.667
779.699
779.73
779.761
779.792
779.824
779.855
779.886
779.916
779.947
779.978
780.009
780.039
780.07
780.1
780.13
780.16
780.19
780.22
780.25
780.28
780.31
780.339
780.369
780.398
780.428
780.457
780.486
780.515
780.544
780.572
780.601
780.63
780.658
780.686
780.714
780.742
780.77
780.798
780.826
780.853
780.881
780.908
780.935
780.962
780.989
781.016
781.043
781.069
781.096
781.122
781.148
781.174
781.2
781.226
781.252
781.277
781.302
781.328
781.353
781.378
781.402
781.427
781.451
781.476
781.5
781.524
781.548
781.571
781.595
781.619
781.642
781.665
781.687
781.711
781.732
781.757
781.776
781.803
781.819
781.847
781.862
781.891
781.905
781.934
781.947
781.976
781.988
782.017
782.028
772.646
772.655
772.679
772.686
772.688
772.689
772.692
772.696
772.7
772.704
772.709
772.715
772.723
772.729
772.733
772.734
772.731
772.711
772.649
772.582
772.536
772.508
772.494
772.488
772.486
772.485
772.481
772.476
772.471
772.468
772.468
772.469
772.471
772.472
772.472
772.473
772.473
772.473
772.473
772.474
772.475
772.475
772.476
772.478
772.479
772.48
772.482
772.484
772.486
772.488
772.49
772.492
772.495
772.497
772.499
772.502
772.504
772.507
772.509
772.512
772.514
772.516
772.519
772.521
772.523
772.525
772.526
772.528
772.53
772.531
772.532
772.534
772.535
772.536
772.537
772.537
772.538
772.539
772.539
772.54
772.54
772.541
772.541
772.542
772.542
772.543
772.543
772.544
772.544
772.544
772.545
772.545
772.546
772.546
772.547
772.547
772.548
772.548
772.549
772.549
772.55
772.55
772.55
772.55
772.551
772.551
772.551
772.551
772.551
772.551
772.551
772.551
772.551
772.55
772.55
772.55
772.55
772.549
772.549
772.549
772.549
772.548
772.548
772.548
772.548
772.547
772.547
772.547
772.547
772.547
772.547
772.547
772.547
772.548
772.548
772.548
772.548
772.549
772.549
772.55
772.55
772.55
772.551
772.551
772.552
772.553
772.553
772.554
772.554
772.555
772.556
772.556
772.557
772.558
772.559
772.559
772.56
772.561
772.562
772.563
772.564
772.565
772.566
772.567
772.569
772.57
772.571
772.573
772.574
772.576
772.577
772.579
772.58
772.582
772.583
772.585
772.586
772.588
772.59
772.591
772.593
772.594
772.596
772.597
772.599
772.6
772.601
772.603
772.604
772.605
772.607
772.608
772.609
772.611
772.612
772.614
772.615
772.617
772.618
772.62
772.622
772.624
772.626
772.628
772.63
772.633
772.635
772.638
772.641
772.644
772.647
772.65
772.654
772.658
772.661
772.665
772.67
772.674
772.678
772.683
772.688
772.693
772.698
772.703
772.708
772.714
772.72
772.725
772.731
772.737
772.743
772.749
772.756
772.762
772.769
772.775
772.782
772.789
772.796
772.803
772.811
772.818
772.826
772.834
772.842
772.85
772.858
772.866
772.875
772.883
772.892
772.901
772.91
772.919
772.928
772.938
772.947
772.957
772.967
772.977
772.987
772.997
773.007
773.018
773.028
773.039
773.05
773.061
773.072
773.083
773.095
773.106
773.118
773.13
773.142
773.155
773.167
773.18
773.193
773.206
773.219
773.233
773.247
773.261
773.275
773.29
773.305
773.32
773.335
773.351
773.367
773.383
773.399
773.415
773.432
773.449
773.466
773.484
773.501
773.519
773.537
773.555
773.573
773.591
773.61
773.628
773.647
773.666
773.684
773.703
773.723
773.742
773.761
773.78
773.8
773.819
773.839
773.859
773.878
773.898
773.918
773.938
773.958
773.979
773.999
774.02
774.04
774.061
774.082
774.103
774.124
774.145
774.166
774.188
774.21
774.231
774.253
774.276
774.298
774.32
774.343
774.366
774.389
774.412
774.435
774.458
774.482
774.505
774.529
774.553
774.577
774.602
774.626
774.651
774.675
774.7
774.725
774.75
774.775
774.801
774.826
774.852
774.878
774.904
774.93
774.956
774.982
775.008
775.035
775.062
775.089
775.116
775.143
775.17
775.197
775.225
775.253
775.281
775.309
775.337
775.365
775.394
775.422
775.451
775.48
775.509
775.539
775.568
775.598
775.628
775.658
775.688
775.718
775.749
775.78
775.811
775.842
775.873
775.904
775.936
775.967
775.999
776.031
776.063
776.095
776.127
776.159
776.192
776.224
776.257
776.29
776.322
776.355
776.388
776.421
776.454
776.487
776.52
776.553
776.586
776.619
776.652
776.685
776.718
776.751
776.784
776.818
776.851
776.884
776.918
776.951
776.985
777.018
777.052
777.085
777.119
777.153
777.187
777.221
777.255
777.29
777.324
777.359
777.393
777.428
777.463
777.498
777.533
777.568
777.603
777.638
777.674
777.709
777.744
777.78
777.815
777.851
777.887
777.922
777.958
777.993
778.029
778.064
778.1
778.135
778.17
778.205
778.241
778.276
778.311
778.345
778.38
778.415
778.45
778.484
778.518
778.553
778.587
778.621
778.655
778.689
778.723
778.756
778.79
778.823
778.857
778.89
778.923
778.957
778.99
779.023
779.056
779.088
779.121
779.154
779.187
779.219
779.252
779.284
779.316
779.349
779.381
779.413
779.445
779.477
779.509
779.541
779.572
779.604
779.636
779.667
779.699
779.73
779.761
779.792
779.824
779.855
779.886
779.916
779.947
779.978
780.009
780.039
780.07
780.1
780.13
780.16
780.19
780.22
780.25
780.28
780.31
780.339
780.369
780.398
780.428
780.457
780.486
780.515
780.544
780.572
780.601
780.63
780.658
780.686
780.714
780.742
780.77
780.798
780.826
780.853
780.881
780.908
780.935
780.962
780.989
781.016
781.043
781.069
781.096
781.122
781.148
781.174
781.2
781.226
781.252
781.277
781.302
781.328
781.353
781.378
781.402
781.427
781.451
781.476
781.5
781.524
781.548
781.571
781.595
781.619
781.642
781.665
781.687
781.711
781.732
781.757
781.776
781.803
781.819
781.847
781.862
781.891
781.905
781.934
781.947
781.976
781.988
782.017
782.028
772.437
772.443
772.444
772.443
772.446
772.447
772.448
772.45
772.453
772.454
772.456
772.459
772.461
772.463
772.465
772.471
772.477
772.481
772.486
772.499
772.517
772.527
772.535
772.553
772.6
772.643
772.655
772.65
772.612
772.534
772.484
772.461
772.453
772.453
772.455
772.461
772.465
772.468
772.47
772.472
772.473
772.475
772.476
772.477
772.479
772.48
772.482
772.484
772.486
772.488
772.49
772.492
772.495
772.497
772.499
772.502
772.504
772.507
772.509
772.512
772.514
772.516
772.519
772.521
772.523
772.525
772.526
772.528
772.53
772.531
772.532
772.534
772.535
772.536
772.537
772.537
772.538
772.539
772.539
772.54
772.54
772.541
772.541
772.542
772.542
772.543
772.543
772.544
772.544
772.544
772.545
772.545
772.546
772.546
772.547
772.547
772.548
772.548
772.549
772.549
772.55
772.55
772.55
772.55
772.551
772.551
772.551
772.551
772.551
772.551
772.551
772.551
772.551
772.55
772.55
772.55
772.55
772.549
772.549
772.549
772.549
772.548
772.548
772.548
772.548
772.547
772.547
772.547
772.547
772.547
772.547
772.547
772.547
772.548
772.548
772.548
772.548
772.549
772.549
772.55
772.55
772.55
772.551
772.551
772.552
772.553
772.553
772.554
772.554
772.555
772.556
772.556
772.557
772.558
772.559
772.559
772.56
772.561
772.562
772.563
772.564
772.565
772.566
772.567
772.569
772.57
772.571
772.573
772.574
772.576
772.577
772.579
772.58
772.582
772.583
772.585
772.586
772.588
772.59
772.591
772.593
772.594
772.596
772.597
772.599
772.6
772.601
772.603
772.604
772.605
772.607
772.608
772.609
772.611
772.612
772.614
772.615
772.617
772.618
772.62
772.622
772.624
772.626
772.628
772.63
772.633
772.635
772.638
772.641
772.644
772.647
772.65
772.654
772.658
772.661
772.665
772.67
772.674
772.678
772.683
772.688
772.693
772.698
772.703
772.708
772.714
772.72
772.725
772.731
772.737
772.743
772.749
772.756
772.762
772.769
772.775
772.782
772.789
772.796
772.803
772.811
772.818
772.826
772.834
772.842
772.85
772.858
772.866
772.875
772.883
772.892
772.901
772.91
772.919
772.928
772.938
772.947
772.957
772.967
772.977
772.987
772.997
773.007
773.018
773.028
773.039
773.05
773.061
773.072
773.083
773.095
773.106
773.118
773.13
773.142
773.155
773.167
773.18
773.193
773.206
773.219
773.233
773.247
773.261
773.275
773.29
773.305
773.32
773.335
773.351
773.367
773.383
773.399
773.415
773.432
773.449
773.466
773.484
773.501
773.519
773.537
773.555
773.573
773.591
773.61
773.628
773.647
773.666
773.684
773.703
773.723
773.742
773.761
773.78
773.8
773.819
773.839
773.859
773.878
773.898
773.918
773.938
773.958
773.979
773.999
774.02
774.04
774.061
774.082
774.103
774.124
774.145
774.166
774.188
774.21
774.231
774.253
774.276
774.298
774.32
774.343
774.366
774.389
774.412
774.435
774.458
774.482
774.505
774.529
774.553
774.577
774.602
774.626
774.651
774.675
774.7
774.725
774.75
774.775
774.801
774.826
774.852
774.878
774.904
774.93
774.956
774.982
775.008
775.035
775.062
775.089
775.116
775.143
775.17
775.197
775.225
775.253
775.281
775.309
775.337
775.365
775.394
775.422
775.451
775.48
775.509
775.539
775.568
775.598
775.628
775.658
775.688
775.718
775.749
775.78
775.811
775.842
775.873
775.904
775.936
775.967
775.999
776.031
776.063
776.095
776.127
776.159
776.192
776.224
776.257
776.29
776.322
776.355
776.388
776.421
776.454
776.487
776.52
776.553
776.586
776.619
776.652
776.685
776.718
776.751
776.784
776.818
776.851
776.884
776.918
776.951
776.985
777.018
777.052
777.085
777.119
777.153
777.187
777.221
777.255
777.29
777.324
777.359
777.393
777.428
777.463
777.498
777.533
777.568
777.603
777.638
777.674
777.709
777.744
777.78
777.815
777.851
777.887
777.922
777.958
777.993
778.029
778.064
778.1
778.135
778.17
778.205
778.241
778.276
778.311
778.345
778.38
778.415
778.45
778.484
778.518
778.553
778.587
778.621
778.655
778.689
778.723
778.756
778.79
778.823
778.857
778.89
778.923
778.957
778.99
779.023
779.056
779.088
779.121
779.154
779.187
779.219
779.252
779.284
779.316
779.349
779.381
779.413
779.445
779.477
779.509
779.541
779.572
779.604
779.636
779.667
779.699
779.73
779.761
779.792
779.824
779.855
779.886
779.916
779.947
779.978
780.009
780.039
780.07
780.1
780.13
780.16
780.19
780.22
780.25
780.28
780.31
780.339
780.369
780.398
780.428
780.457
780.486
780.515
780.544
780.572
780.601
780.63
780.658
780.686
780.714
780.742
780.77
780.798
780.826
780.853
780.881
780.908
780.935
780.962
780.989
781.016
781.043
781.069
781.096
781.122
781.148
781.174
781.2
781.226
781.252
781.277
781.302
781.328
781.353
781.378
781.402
781.427
781.451
781.476
781.5
781.524
781.548
781.571
781.595
781.619
781.642
781.665
781.687
781.711
781.732
781.757
781.776
781.803
781.819
781.847
781.862
781.891
781.905
781.934
781.947
781.976
781.988
782.017
782.028
772.547
772.553
772.56
772.559
772.56
772.563
772.564
772.567
772.568
772.57
772.572
772.574
772.576
772.581
772.586
772.59
772.594
772.602
772.617
772.625
772.627
772.624
772.624
772.645
772.783
773.062
773.211
773.242
773.209
773.037
772.813
772.665
772.575
772.525
772.498
772.484
772.478
772.475
772.474
772.474
772.475
772.476
772.477
772.478
772.48
772.481
772.483
772.484
772.486
772.488
772.491
772.493
772.495
772.498
772.5
772.503
772.505
772.508
772.51
772.513
772.515
772.517
772.519
772.521
772.523
772.525
772.527
772.529
772.53
772.532
772.533
772.534
772.535
772.536
772.537
772.538
772.539
772.54
772.54
772.541
772.541
772.542
772.542
772.543
772.543
772.543
772.544
772.544
772.545
772.545
772.546
772.546
772.547
772.547
772.548
772.548
772.549
772.549
772.549
772.55
772.55
772.551
772.551
772.551
772.551
772.552
772.552
772.552
772.552
772.552
772.552
772.551
772.551
772.551
772.551
772.551
772.55
772.55
772.55
772.55
772.549
772.549
772.549
772.549
772.548
772.548
772.548
772.548
772.548
772.548
772.548
772.548
772.548
772.548
772.549
772.549
772.549
772.55
772.55
772.55
772.551
772.551
772.552
772.552
772.553
772.553
772.554
772.554
772.555
772.556
772.556
772.557
772.558
772.559
772.559
772.56
772.561
772.562
772.563
772.564
772.565
772.566
772.567
772.568
772.569
772.571
772.572
772.573
772.575
772.576
772.578
772.579
772.581
772.582
772.584
772.586
772.587
772.589
772.59
772.592
772.593
772.595
772.596
772.598
772.599
772.601
772.602
772.603
772.605
772.606
772.607
772.609
772.61
772.612
772.613
772.614
772.616
772.617
772.619
772.621
772.623
772.625
772.627
772.629
772.631
772.633
772.636
772.639
772.642
772.645
772.648
772.651
772.655
772.658
772.662
772.666
772.67
772.675
772.679
772.684
772.689
772.694
772.699
772.704
772.709
772.715
772.72
772.726
772.732
772.738
772.744
772.75
772.756
772.763
772.769
772.776
772.783
772.79
772.797
772.804
772.812
772.819
772.827
772.834
772.842
772.85
772.859
772.867
772.875
772.884
772.893
772.902
772.911
772.92
772.929
772.939
772.948
772.958
772.968
772.978
772.988
772.998
773.008
773.019
773.029
773.04
773.051
773.062
773.073
773.084
773.095
773.107
773.119
773.131
773.143
773.155
773.168
773.181
773.193
773.207
773.22
773.234
773.248
773.262
773.276
773.291
773.306
773.321
773.336
773.352
773.367
773.383
773.4
773.416
773.433
773.45
773.467
773.484
773.502
773.52
773.537
773.555
773.574
773.592
773.61
773.629
773.648
773.666
773.685
773.704
773.723
773.742
773.762
773.781
773.801
773.82
773.84
773.859
773.879
773.899
773.919
773.939
773.959
773.979
774
774.02
774.041
774.062
774.082
774.103
774.125
774.146
774.167
774.189
774.21
774.232
774.254
774.276
774.299
774.321
774.344
774.366
774.389
774.412
774.436
774.459
774.482
774.506
774.53
774.554
774.578
774.602
774.627
774.651
774.676
774.701
774.726
774.751
774.776
774.801
774.827
774.853
774.878
774.904
774.93
774.956
774.983
775.009
775.036
775.062
775.089
775.116
775.143
775.171
775.198
775.226
775.253
775.281
775.309
775.338
775.366
775.394
775.423
775.452
775.481
775.51
775.539
775.569
775.599
775.629
775.659
775.689
775.719
775.75
775.78
775.811
775.842
775.873
775.905
775.936
775.968
776
776.031
776.063
776.096
776.128
776.16
776.193
776.225
776.258
776.29
776.323
776.356
776.389
776.421
776.454
776.487
776.52
776.553
776.586
776.619
776.653
776.686
776.719
776.752
776.785
776.818
776.852
776.885
776.918
776.952
776.985
777.019
777.052
777.086
777.12
777.154
777.188
777.222
777.256
777.29
777.325
777.359
777.394
777.429
777.463
777.498
777.533
777.568
777.604
777.639
777.674
777.71
777.745
777.781
777.816
777.852
777.887
777.923
777.958
777.994
778.029
778.065
778.1
778.136
778.171
778.206
778.241
778.276
778.311
778.346
778.381
778.416
778.45
778.485
778.519
778.553
778.588
778.622
778.656
778.689
778.723
778.757
778.791
778.824
778.858
778.891
778.924
778.957
778.99
779.023
779.056
779.089
779.122
779.155
779.187
779.22
779.252
779.285
779.317
779.349
779.381
779.413
779.445
779.477
779.509
779.541
779.573
779.604
779.636
779.668
779.699
779.73
779.762
779.793
779.824
779.855
779.886
779.917
779.948
779.978
780.009
780.04
780.07
780.1
780.131
780.161
780.191
780.221
780.251
780.281
780.31
780.34
780.369
780.399
780.428
780.457
780.486
780.515
780.544
780.573
780.602
780.63
780.658
780.687
780.715
780.743
780.771
780.799
780.826
780.854
780.881
780.909
780.936
780.963
780.99
781.017
781.043
781.07
781.096
781.123
781.149
781.175
781.201
781.226
781.252
781.278
781.303
781.328
781.353
781.378
781.403
781.427
781.452
781.476
781.5
781.524
781.548
781.572
781.595
781.619
781.642
781.666
781.688
781.712
781.733
781.758
781.777
781.803
781.82
781.848
781.863
781.891
781.905
781.935
781.947
781.977
781.989
782.018
782.029
)
;

boundaryField
{
    inlet
    {
        type            zeroGradient;
    }
    outlet
    {
        type            zeroGradient;
    }
    sides
    {
        type            empty;
    }
    walls
    {
        type            zeroGradient;
    }
}


// ************************************************************************* //
