/*--------------------------------*- C++ -*----------------------------------*\
| =========                 |                                                 |
| \\      /  F ield         | OpenFOAM: The Open Source CFD Toolbox           |
|  \\    /   O peration     | Version:  3.0.x                                 |
|   \\  /    A nd           | Web:      www.OpenFOAM.org                      |
|    \\/     M anipulation  |                                                 |
\*---------------------------------------------------------------------------*/
FoamFile
{
    version     2.0;
    format      ascii;
    class       volScalarField;
    location    "0.1";
    object      p;
}
// * * * * * * * * * * * * * * * * * * * * * * * * * * * * * * * * * * * * * //

dimensions      [1 -1 -2 0 0 0 0];

internalField   nonuniform List<scalar> 
1000
(
1.8e+07
1.8e+07
1.8e+07
1.8e+07
1.8e+07
1.8e+07
1.8e+07
1.8e+07
1.8e+07
1.8e+07
1.8e+07
1.8e+07
1.8e+07
1.8e+07
1.8e+07
1.8e+07
1.8e+07
1.8e+07
1.8e+07
1.8e+07
1.8e+07
1.8e+07
1.8e+07
1.8e+07
1.8e+07
1.8e+07
1.8e+07
1.8e+07
1.8e+07
1.8e+07
1.8e+07
1.8e+07
1.8e+07
1.8e+07
1.8e+07
1.8e+07
1.8e+07
1.8e+07
1.8e+07
1.8e+07
1.8e+07
1.8e+07
1.8e+07
1.8e+07
1.8e+07
1.8e+07
1.8e+07
1.8e+07
1.8e+07
1.8e+07
1.8e+07
1.8e+07
1.8e+07
1.8e+07
1.8e+07
1.8e+07
1.8e+07
1.8e+07
1.8e+07
1.8e+07
1.8e+07
1.8e+07
1.8e+07
1.8e+07
1.8e+07
1.8e+07
1.8e+07
1.8e+07
1.8e+07
1.8e+07
1.8e+07
1.8e+07
1.8e+07
1.8e+07
1.8e+07
1.8e+07
1.8e+07
1.8e+07
1.8e+07
1.8e+07
1.8e+07
1.8e+07
1.8e+07
1.8e+07
1.8e+07
1.8e+07
1.8e+07
1.8e+07
1.8e+07
1.8e+07
1.8e+07
1.8e+07
1.8e+07
1.8e+07
1.8e+07
1.8e+07
1.8e+07
1.8e+07
1.8e+07
1.8e+07
1.8e+07
1.8e+07
1.8e+07
1.8e+07
1.8e+07
1.8e+07
1.8e+07
1.8e+07
1.8e+07
1.8e+07
1.8e+07
1.8e+07
1.8e+07
1.8e+07
1.8e+07
1.8e+07
1.8e+07
1.8e+07
1.8e+07
1.8e+07
1.8e+07
1.8e+07
1.8e+07
1.8e+07
1.8e+07
1.8e+07
1.8e+07
1.8e+07
1.8e+07
1.8e+07
1.8e+07
1.8e+07
1.8e+07
1.8e+07
1.8e+07
1.8e+07
1.8e+07
1.8e+07
1.8e+07
1.8e+07
1.8e+07
1.8e+07
1.8e+07
1.8e+07
1.8e+07
1.8e+07
1.8e+07
1.8e+07
1.8e+07
1.8e+07
1.8e+07
1.8e+07
1.8e+07
1.8e+07
1.8e+07
1.8e+07
1.8e+07
1.8e+07
1.8e+07
1.8e+07
1.8e+07
1.8e+07
1.8e+07
1.8e+07
1.8e+07
1.8e+07
1.8e+07
1.8e+07
1.8e+07
1.8e+07
1.8e+07
1.8e+07
1.8e+07
1.8e+07
1.8e+07
1.8e+07
1.8e+07
1.8e+07
1.8e+07
1.8e+07
1.8e+07
1.8e+07
1.8e+07
1.8e+07
1.8e+07
1.8e+07
1.8e+07
1.8e+07
1.8e+07
1.8e+07
1.8e+07
1.8e+07
1.8e+07
1.8e+07
1.8e+07
1.8e+07
1.8e+07
1.8e+07
1.8e+07
1.8e+07
1.8e+07
1.8e+07
1.8e+07
1.8e+07
1.8e+07
1.8e+07
1.8e+07
1.8e+07
1.8e+07
1.8e+07
1.8e+07
1.8e+07
1.8e+07
1.8e+07
1.8e+07
1.8e+07
1.8e+07
1.8e+07
1.8e+07
1.8e+07
1.8e+07
1.8e+07
1.8e+07
1.8e+07
1.8e+07
1.8e+07
1.8e+07
1.8e+07
1.8e+07
1.8e+07
1.8e+07
1.8e+07
1.8e+07
1.8e+07
1.8e+07
1.8e+07
1.8e+07
1.8e+07
1.8e+07
1.8e+07
1.8e+07
1.8e+07
1.8e+07
1.8e+07
1.8e+07
1.8e+07
1.8e+07
1.8e+07
1.8e+07
1.8e+07
1.8e+07
1.8e+07
1.8e+07
1.8e+07
1.8e+07
1.8e+07
1.8e+07
1.8e+07
1.8e+07
1.8e+07
1.8e+07
1.8e+07
1.8e+07
1.8e+07
1.8e+07
1.8e+07
1.8e+07
1.8e+07
1.8e+07
1.8e+07
1.8e+07
1.8e+07
1.8e+07
1.8e+07
1.8e+07
1.8e+07
1.8e+07
1.8e+07
1.8e+07
1.8e+07
1.8e+07
1.8e+07
1.8e+07
1.8e+07
1.8e+07
1.8e+07
1.8e+07
1.8e+07
1.8e+07
1.8e+07
1.8e+07
1.8e+07
1.8e+07
1.8e+07
1.8e+07
1.8e+07
1.8e+07
1.8e+07
1.8e+07
1.8e+07
1.8e+07
1.8e+07
1.8e+07
1.8e+07
1.8e+07
1.8e+07
1.8e+07
1.8e+07
1.8e+07
1.8e+07
1.8e+07
1.8e+07
1.8e+07
1.8e+07
1.8e+07
1.8e+07
1.8e+07
1.8e+07
1.8e+07
1.8e+07
1.8e+07
1.8e+07
1.8e+07
1.8e+07
1.8e+07
1.8e+07
1.8e+07
1.8e+07
1.8e+07
1.8e+07
1.8e+07
1.8e+07
1.8e+07
1.8e+07
1.8e+07
1.8e+07
1.8e+07
1.8e+07
1.8e+07
1.8e+07
1.8e+07
1.8e+07
1.8e+07
1.8e+07
1.8e+07
1.8e+07
1.8e+07
1.8e+07
1.8e+07
1.8e+07
1.8e+07
1.8e+07
1.8e+07
1.8e+07
1.8e+07
1.8e+07
1.8e+07
1.8e+07
1.8e+07
1.8e+07
1.8e+07
1.8e+07
1.8e+07
1.8e+07
1.8e+07
1.8e+07
1.8e+07
1.8e+07
1.8e+07
1.8e+07
1.8e+07
1.8e+07
1.8e+07
1.8e+07
1.8e+07
1.8e+07
1.8e+07
1.8e+07
1.8e+07
1.8e+07
1.8e+07
1.8e+07
1.8e+07
1.8e+07
1.8e+07
1.8e+07
1.8e+07
1.8e+07
1.8e+07
1.8e+07
1.8e+07
1.8e+07
1.8e+07
1.8e+07
1.8e+07
1.8e+07
1.8e+07
1.8e+07
1.8e+07
1.8e+07
1.8e+07
1.8e+07
1.8e+07
1.8e+07
1.8e+07
1.8e+07
1.8e+07
1.8e+07
1.8e+07
1.8e+07
1.8e+07
1.8e+07
1.8e+07
1.8e+07
1.8e+07
1.8e+07
1.8e+07
1.8e+07
1.8e+07
1.8e+07
1.8e+07
1.8e+07
1.8e+07
1.8e+07
1.8e+07
1.8e+07
1.8e+07
1.8e+07
1.8e+07
1.8e+07
1.8e+07
1.8e+07
1.8e+07
1.8e+07
1.8e+07
1.8e+07
1.8e+07
1.8e+07
1.8e+07
1.8e+07
1.8e+07
1.8e+07
1.8e+07
1.8e+07
1.8e+07
1.8e+07
1.8e+07
1.8e+07
1.8e+07
1.8e+07
1.8e+07
1.8e+07
1.8e+07
1.8e+07
1.8e+07
1.8e+07
1.8e+07
1.8e+07
1.8e+07
1.8e+07
1.8e+07
1.8e+07
1.8e+07
1.8e+07
1.8e+07
1.8e+07
1.8e+07
1.8e+07
1.8e+07
1.8e+07
1.8e+07
1.8e+07
1.8e+07
1.8e+07
1.8e+07
1.8e+07
1.8e+07
1.8e+07
1.8e+07
1.8e+07
1.8e+07
1.8e+07
1.8e+07
1.8e+07
1.8e+07
1.8e+07
1.8e+07
1.8e+07
1.8e+07
1.8e+07
1.8e+07
1.8e+07
1.8e+07
1.8e+07
1.8e+07
1.8e+07
1.8e+07
1.8e+07
1.8e+07
1.8e+07
1.8e+07
1.8e+07
1.8e+07
1.8e+07
1.8e+07
1.8e+07
1.8e+07
1.8e+07
1.8e+07
1.8e+07
1.8e+07
1.8e+07
1.8e+07
1.8e+07
1.8e+07
1.8e+07
1.8e+07
1.8e+07
1.8e+07
1.8e+07
1.8e+07
1.8e+07
1.8e+07
1.8e+07
1.8e+07
1.8e+07
1.8e+07
1.8e+07
1.8e+07
1.8e+07
1.8e+07
1.8e+07
1.8e+07
1.8e+07
1.8e+07
1.8e+07
1.8e+07
1.8e+07
1.8e+07
1.8e+07
1.8e+07
1.8e+07
1.8e+07
1.8e+07
1.8e+07
1.8e+07
1.8e+07
1.8e+07
1.8e+07
1.8e+07
1.8e+07
1.8e+07
1.8e+07
1.8e+07
1.8e+07
1.8e+07
1.8e+07
1.8e+07
1.8e+07
1.8e+07
1.8e+07
1.8e+07
1.8e+07
1.8e+07
1.8e+07
1.8e+07
1.8e+07
1.8e+07
1.8e+07
1.8e+07
1.8e+07
1.8e+07
1.8e+07
1.8e+07
1.8e+07
1.8e+07
1.8e+07
1.8e+07
1.8e+07
1.8e+07
1.8e+07
1.8e+07
1.8e+07
1.8e+07
1.8e+07
1.8e+07
1.8e+07
1.8e+07
1.8e+07
1.8e+07
1.8e+07
1.8e+07
1.8e+07
1.8e+07
1.8e+07
1.8e+07
1.8e+07
1.8e+07
1.8e+07
1.8e+07
1.8e+07
1.8e+07
1.8e+07
1.8e+07
1.8e+07
1.8e+07
1.8e+07
1.8e+07
1.8e+07
1.8e+07
1.8e+07
1.8e+07
1.8e+07
1.8e+07
1.8e+07
1.8e+07
1.8e+07
1.8e+07
1.8e+07
1.8e+07
1.8e+07
1.8e+07
1.8e+07
1.8e+07
1.8e+07
1.8e+07
1.8e+07
1.8e+07
1.8e+07
1.8e+07
1.8e+07
1.8e+07
1.8e+07
1.8e+07
1.8e+07
1.8e+07
1.8e+07
1.8e+07
1.8e+07
1.8e+07
1.8e+07
1.8e+07
1.8e+07
1.8e+07
1.8e+07
1.8e+07
1.8e+07
1.8e+07
1.8e+07
1.8e+07
1.8e+07
1.8e+07
1.8e+07
1.8e+07
1.8e+07
1.8e+07
1.8e+07
1.8e+07
1.8e+07
1.8e+07
1.8e+07
1.8e+07
1.8e+07
1.8e+07
1.8e+07
1.8e+07
1.8e+07
1.8e+07
1.8e+07
1.8e+07
1.8e+07
1.8e+07
1.8e+07
1.8e+07
1.8e+07
1.8e+07
1.8e+07
1.8e+07
1.8e+07
1.8e+07
1.8e+07
1.8e+07
1.8e+07
1.8e+07
1.8e+07
1.8e+07
1.8e+07
1.8e+07
1.8e+07
1.8e+07
1.8e+07
1.8e+07
1.8e+07
1.8e+07
1.8e+07
1.8e+07
1.8e+07
1.8e+07
1.8e+07
1.8e+07
1.8e+07
1.8e+07
1.8e+07
1.8e+07
1.8e+07
1.8e+07
1.8e+07
1.8e+07
1.8e+07
1.8e+07
1.8e+07
1.8e+07
1.8e+07
1.8e+07
1.8e+07
1.8e+07
1.8e+07
1.8e+07
1.8e+07
1.8e+07
1.8e+07
1.8e+07
1.8e+07
1.8e+07
1.8e+07
1.8e+07
1.8e+07
1.8e+07
1.8e+07
1.8e+07
1.8e+07
1.8e+07
1.8e+07
1.8e+07
1.8e+07
1.8e+07
1.8e+07
1.8e+07
1.8e+07
1.8e+07
1.8e+07
1.8e+07
1.8e+07
1.8e+07
1.8e+07
1.8e+07
1.8e+07
1.8e+07
1.8e+07
1.8e+07
1.8e+07
1.8e+07
1.8e+07
1.8e+07
1.8e+07
1.8e+07
1.8e+07
1.8e+07
1.8e+07
1.8e+07
1.8e+07
1.8e+07
1.8e+07
1.8e+07
1.8e+07
1.8e+07
1.8e+07
1.8e+07
1.8e+07
1.8e+07
1.8e+07
1.8e+07
1.8e+07
1.8e+07
1.8e+07
1.8e+07
1.8e+07
1.8e+07
1.8e+07
1.8e+07
1.8e+07
1.8e+07
1.8e+07
1.8e+07
1.8e+07
1.8e+07
1.8e+07
1.8e+07
1.8e+07
1.8e+07
1.8e+07
1.8e+07
1.8e+07
1.8e+07
1.8e+07
1.8e+07
1.8e+07
1.8e+07
1.8e+07
1.8e+07
1.8e+07
1.8e+07
1.8e+07
1.8e+07
1.8e+07
1.8e+07
1.8e+07
1.8e+07
1.8e+07
1.8e+07
1.8e+07
1.8e+07
1.8e+07
1.8e+07
1.8e+07
1.8e+07
1.8e+07
1.8e+07
1.8e+07
1.8e+07
1.8e+07
1.8e+07
1.8e+07
1.8e+07
1.8e+07
1.8e+07
1.8e+07
1.8e+07
1.8e+07
1.8e+07
1.8e+07
1.8e+07
1.8e+07
1.8e+07
1.8e+07
1.8e+07
1.8e+07
1.8e+07
1.8e+07
1.8e+07
1.8e+07
1.8e+07
1.8e+07
1.8e+07
1.8e+07
1.8e+07
1.8e+07
1.8e+07
1.8e+07
1.8e+07
1.8e+07
1.8e+07
1.8e+07
1.8e+07
1.8e+07
1.8e+07
1.8e+07
1.8e+07
1.8e+07
1.8e+07
1.8e+07
1.8e+07
1.8e+07
1.8e+07
1.8e+07
1.8e+07
1.8e+07
1.8e+07
1.8e+07
1.8e+07
1.8e+07
1.8e+07
1.8e+07
1.8e+07
1.8e+07
1.8e+07
1.8e+07
1.8e+07
1.8e+07
1.8e+07
1.8e+07
1.8e+07
1.8e+07
1.8e+07
1.8e+07
1.8e+07
1.8e+07
1.8e+07
1.8e+07
1.8e+07
1.8e+07
1.8e+07
1.8e+07
1.8e+07
1.8e+07
1.8e+07
1.8e+07
1.8e+07
1.8e+07
1.8e+07
1.8e+07
1.8e+07
1.8e+07
1.8e+07
1.8e+07
1.8e+07
1.8e+07
1.8e+07
1.8e+07
1.8e+07
1.8e+07
1.8e+07
1.8e+07
1.8e+07
1.8e+07
1.8e+07
1.8e+07
1.8e+07
1.8e+07
1.8e+07
1.8e+07
1.8e+07
1.8e+07
1.8e+07
1.8e+07
1.8e+07
1.8e+07
1.8e+07
1.8e+07
1.8e+07
1.8e+07
1.8e+07
1.8e+07
1.8e+07
1.8e+07
1.8e+07
1.8e+07
1.80001e+07
1.80001e+07
1.80001e+07
1.80002e+07
1.80004e+07
1.80006e+07
1.80009e+07
1.80013e+07
1.8002e+07
1.80029e+07
1.80041e+07
1.80057e+07
1.80078e+07
1.80106e+07
1.8014e+07
1.80183e+07
1.80235e+07
1.80297e+07
1.80369e+07
1.80451e+07
1.80545e+07
1.80648e+07
1.80761e+07
1.80883e+07
1.81013e+07
1.81152e+07
1.81297e+07
1.81448e+07
1.81606e+07
1.81768e+07
1.81936e+07
1.82108e+07
1.82284e+07
1.82464e+07
1.82648e+07
1.82835e+07
1.83025e+07
1.83219e+07
1.83415e+07
1.83614e+07
1.83815e+07
1.84018e+07
1.84223e+07
1.8443e+07
1.84639e+07
1.84849e+07
1.85061e+07
1.85274e+07
1.85488e+07
1.85702e+07
1.85918e+07
1.86135e+07
1.86352e+07
1.86569e+07
1.86787e+07
1.87006e+07
1.87224e+07
1.87443e+07
1.87662e+07
1.87882e+07
1.88101e+07
1.8832e+07
1.88537e+07
)
;

boundaryField
{
    inlet
    {
        type            zeroGradient;
    }
    backWall
    {
        type            uniformTotalPressure;
        rho             none;
        psi             none;
        gamma           1.548;
        pressure        tableFile;
        pressureCoeffs
        {
            fileName        "$FOAM_RUN/SH1_vct0.2/outlet0.2.dat";
        }
        value           uniform 1.8865e+07;
    }
    sides
    {
        type            empty;
    }
}


// ************************************************************************* //
