/*--------------------------------*- C++ -*----------------------------------*\
| =========                 |                                                 |
| \\      /  F ield         | OpenFOAM: The Open Source CFD Toolbox           |
|  \\    /   O peration     | Version:  3.0.x                                 |
|   \\  /    A nd           | Web:      www.OpenFOAM.org                      |
|    \\/     M anipulation  |                                                 |
\*---------------------------------------------------------------------------*/
FoamFile
{
    version     2.0;
    format      ascii;
    class       volScalarField;
    location    "0.08";
    object      rho;
}
// * * * * * * * * * * * * * * * * * * * * * * * * * * * * * * * * * * * * * //

dimensions      [1 -3 0 0 0 0 0];

internalField   nonuniform List<scalar> 
6900
(
50.5195
50.5197
50.5198
50.5196
50.5191
50.5185
50.5178
50.517
50.5161
50.5152
50.5142
50.5131
50.5121
50.5111
50.5102
50.5093
50.5085
50.5078
50.5072
50.5067
50.5064
50.5062
50.5061
50.5061
50.5063
50.5066
50.507
50.5074
50.508
50.5086
50.5093
50.5101
50.5109
50.5117
50.5125
50.5133
50.5142
50.515
50.5158
50.5166
50.5174
50.5182
50.5189
50.5196
50.5203
50.521
50.5216
50.5222
50.5227
50.5232
50.5237
50.5241
50.5245
50.5249
50.5252
50.5255
50.5258
50.526
50.5262
50.5263
50.5264
50.5265
50.5266
50.5266
50.5266
50.5266
50.5265
50.5265
50.5264
50.5263
50.5262
50.5261
50.526
50.5259
50.5258
50.5257
50.5257
50.5256
50.5255
50.5255
50.5255
50.5255
50.5255
50.5255
50.5256
50.5257
50.5258
50.5259
50.5261
50.5262
50.5264
50.5266
50.5267
50.5269
50.5271
50.5272
50.5274
50.5275
50.5277
50.5278
50.5279
50.5279
50.528
50.528
50.528
50.528
50.5279
50.5278
50.5277
50.5276
50.5275
50.5274
50.5273
50.5271
50.527
50.5268
50.5267
50.5266
50.5265
50.5264
50.5264
50.5264
50.5264
50.5264
50.5265
50.5266
50.5267
50.5269
50.5271
50.5273
50.5275
50.5278
50.5281
50.5284
50.5288
50.5291
50.5295
50.5299
50.5303
50.5308
50.5312
50.5318
50.5323
50.5329
50.5336
50.5343
50.5351
50.5359
50.5368
50.5378
50.5388
50.5399
50.5411
50.5423
50.5435
50.5448
50.5461
50.5473
50.5486
50.5499
50.5511
50.5523
50.5534
50.5545
50.5555
50.5564
50.5572
50.5579
50.5586
50.5591
50.5595
50.5599
50.5602
50.5604
50.5606
50.5607
50.5608
50.5609
50.5609
50.561
50.5612
50.5613
50.5616
50.5618
50.5622
50.5626
50.563
50.5635
50.5641
50.5647
50.5653
50.5659
50.5666
50.5673
50.5681
50.5688
50.5697
50.5704
50.5718
50.5699
50.5195
50.5197
50.5198
50.5196
50.5192
50.5186
50.5179
50.517
50.5162
50.5152
50.5142
50.5132
50.5121
50.5111
50.5102
50.5093
50.5085
50.5078
50.5072
50.5068
50.5064
50.5062
50.5061
50.5062
50.5063
50.5066
50.507
50.5075
50.508
50.5087
50.5094
50.5101
50.5109
50.5117
50.5125
50.5134
50.5142
50.515
50.5158
50.5167
50.5174
50.5182
50.519
50.5197
50.5203
50.521
50.5216
50.5222
50.5227
50.5233
50.5237
50.5242
50.5246
50.5249
50.5253
50.5255
50.5258
50.526
50.5262
50.5263
50.5264
50.5265
50.5266
50.5266
50.5266
50.5266
50.5266
50.5265
50.5264
50.5263
50.5262
50.5261
50.526
50.5259
50.5258
50.5258
50.5257
50.5256
50.5256
50.5255
50.5255
50.5255
50.5255
50.5256
50.5256
50.5257
50.5258
50.5259
50.5261
50.5262
50.5264
50.5266
50.5268
50.5269
50.5271
50.5273
50.5274
50.5276
50.5277
50.5278
50.5279
50.528
50.528
50.528
50.528
50.528
50.5279
50.5279
50.5278
50.5277
50.5275
50.5274
50.5273
50.5271
50.527
50.5269
50.5267
50.5266
50.5265
50.5265
50.5264
50.5264
50.5264
50.5264
50.5265
50.5266
50.5267
50.5269
50.5271
50.5273
50.5276
50.5278
50.5281
50.5284
50.5288
50.5291
50.5295
50.5299
50.5303
50.5308
50.5313
50.5318
50.5324
50.533
50.5336
50.5343
50.5351
50.536
50.5369
50.5378
50.5389
50.54
50.5411
50.5423
50.5435
50.5448
50.5461
50.5474
50.5486
50.5499
50.5511
50.5523
50.5535
50.5545
50.5555
50.5564
50.5572
50.5579
50.5586
50.5591
50.5596
50.5599
50.5602
50.5604
50.5606
50.5607
50.5608
50.5609
50.561
50.5611
50.5612
50.5614
50.5616
50.5619
50.5622
50.5626
50.5631
50.5636
50.5641
50.5647
50.5653
50.5659
50.5666
50.5673
50.5681
50.5688
50.5697
50.5704
50.5718
50.5702
50.5195
50.5197
50.5198
50.5196
50.5192
50.5186
50.5179
50.517
50.5162
50.5152
50.5142
50.5132
50.5121
50.5111
50.5102
50.5093
50.5085
50.5078
50.5072
50.5068
50.5064
50.5062
50.5061
50.5062
50.5063
50.5066
50.507
50.5075
50.508
50.5087
50.5094
50.5101
50.5109
50.5117
50.5125
50.5134
50.5142
50.515
50.5158
50.5167
50.5174
50.5182
50.519
50.5197
50.5203
50.521
50.5216
50.5222
50.5227
50.5233
50.5237
50.5242
50.5246
50.5249
50.5253
50.5255
50.5258
50.526
50.5262
50.5263
50.5264
50.5265
50.5266
50.5266
50.5266
50.5266
50.5266
50.5265
50.5264
50.5263
50.5262
50.5261
50.526
50.5259
50.5258
50.5258
50.5257
50.5256
50.5256
50.5255
50.5255
50.5255
50.5255
50.5256
50.5256
50.5257
50.5258
50.5259
50.5261
50.5262
50.5264
50.5266
50.5268
50.5269
50.5271
50.5273
50.5274
50.5276
50.5277
50.5278
50.5279
50.528
50.528
50.528
50.528
50.528
50.5279
50.5279
50.5278
50.5277
50.5275
50.5274
50.5273
50.5271
50.527
50.5269
50.5267
50.5266
50.5265
50.5265
50.5264
50.5264
50.5264
50.5264
50.5265
50.5266
50.5267
50.5269
50.5271
50.5273
50.5276
50.5278
50.5281
50.5284
50.5288
50.5291
50.5295
50.5299
50.5303
50.5308
50.5313
50.5318
50.5324
50.533
50.5336
50.5343
50.5351
50.536
50.5369
50.5378
50.5389
50.54
50.5411
50.5423
50.5435
50.5448
50.5461
50.5474
50.5486
50.5499
50.5511
50.5523
50.5535
50.5545
50.5555
50.5564
50.5572
50.5579
50.5586
50.5591
50.5596
50.5599
50.5602
50.5604
50.5606
50.5607
50.5608
50.5609
50.561
50.5611
50.5612
50.5614
50.5616
50.5619
50.5622
50.5626
50.5631
50.5636
50.5641
50.5647
50.5653
50.5659
50.5666
50.5673
50.5681
50.5688
50.5697
50.5705
50.5714
50.5723
50.5195
50.5197
50.5198
50.5196
50.5192
50.5186
50.5179
50.517
50.5162
50.5152
50.5142
50.5132
50.5121
50.5111
50.5102
50.5093
50.5085
50.5078
50.5072
50.5068
50.5064
50.5062
50.5061
50.5062
50.5063
50.5066
50.507
50.5075
50.508
50.5087
50.5094
50.5101
50.5109
50.5117
50.5125
50.5134
50.5142
50.515
50.5158
50.5167
50.5174
50.5182
50.519
50.5197
50.5203
50.521
50.5216
50.5222
50.5227
50.5233
50.5237
50.5242
50.5246
50.5249
50.5253
50.5255
50.5258
50.526
50.5262
50.5263
50.5264
50.5265
50.5266
50.5266
50.5266
50.5266
50.5266
50.5265
50.5264
50.5263
50.5262
50.5261
50.526
50.5259
50.5258
50.5258
50.5257
50.5256
50.5256
50.5255
50.5255
50.5255
50.5255
50.5256
50.5256
50.5257
50.5258
50.5259
50.5261
50.5262
50.5264
50.5266
50.5268
50.5269
50.5271
50.5273
50.5274
50.5276
50.5277
50.5278
50.5279
50.528
50.528
50.528
50.528
50.528
50.5279
50.5279
50.5278
50.5277
50.5275
50.5274
50.5273
50.5271
50.527
50.5269
50.5267
50.5266
50.5265
50.5265
50.5264
50.5264
50.5264
50.5264
50.5265
50.5266
50.5267
50.5269
50.5271
50.5273
50.5276
50.5278
50.5281
50.5284
50.5288
50.5291
50.5295
50.5299
50.5303
50.5308
50.5313
50.5318
50.5324
50.533
50.5336
50.5343
50.5351
50.536
50.5369
50.5378
50.5389
50.54
50.5411
50.5423
50.5435
50.5448
50.5461
50.5474
50.5486
50.5499
50.5511
50.5523
50.5535
50.5545
50.5555
50.5564
50.5572
50.5579
50.5586
50.5591
50.5596
50.5599
50.5602
50.5604
50.5606
50.5607
50.5608
50.5609
50.561
50.5611
50.5612
50.5614
50.5616
50.5619
50.5622
50.5626
50.5631
50.5636
50.5641
50.5647
50.5653
50.566
50.5666
50.5673
50.5681
50.5689
50.5696
50.5705
50.5706
50.5775
50.5195
50.5197
50.5198
50.5196
50.5191
50.5185
50.5178
50.517
50.5161
50.5152
50.5142
50.5131
50.5121
50.5111
50.5102
50.5093
50.5085
50.5078
50.5072
50.5067
50.5064
50.5062
50.5061
50.5061
50.5063
50.5066
50.507
50.5074
50.508
50.5086
50.5093
50.5101
50.5109
50.5117
50.5125
50.5133
50.5142
50.515
50.5158
50.5166
50.5174
50.5182
50.5189
50.5196
50.5203
50.521
50.5216
50.5222
50.5227
50.5232
50.5237
50.5241
50.5245
50.5249
50.5252
50.5255
50.5258
50.526
50.5262
50.5263
50.5264
50.5265
50.5266
50.5266
50.5266
50.5266
50.5265
50.5265
50.5264
50.5263
50.5262
50.5261
50.526
50.5259
50.5258
50.5257
50.5257
50.5256
50.5255
50.5255
50.5255
50.5255
50.5255
50.5255
50.5256
50.5257
50.5258
50.5259
50.5261
50.5262
50.5264
50.5266
50.5267
50.5269
50.5271
50.5272
50.5274
50.5275
50.5277
50.5278
50.5279
50.5279
50.528
50.528
50.528
50.528
50.5279
50.5278
50.5277
50.5276
50.5275
50.5274
50.5273
50.5271
50.527
50.5268
50.5267
50.5266
50.5265
50.5264
50.5264
50.5264
50.5264
50.5264
50.5265
50.5266
50.5267
50.5269
50.5271
50.5273
50.5275
50.5278
50.5281
50.5284
50.5288
50.5291
50.5295
50.5299
50.5303
50.5308
50.5312
50.5318
50.5323
50.5329
50.5336
50.5343
50.5351
50.5359
50.5368
50.5378
50.5388
50.5399
50.5411
50.5423
50.5435
50.5448
50.5461
50.5473
50.5486
50.5499
50.5511
50.5523
50.5534
50.5545
50.5555
50.5564
50.5572
50.5579
50.5586
50.5591
50.5595
50.5599
50.5602
50.5604
50.5606
50.5607
50.5608
50.5609
50.5609
50.561
50.5612
50.5613
50.5616
50.5618
50.5622
50.5626
50.563
50.5635
50.5641
50.5647
50.5653
50.5659
50.5666
50.5673
50.568
50.5688
50.5696
50.5705
50.57
50.5829
50.588
50.5947
50.5956
50.5939
50.5922
50.5906
50.5888
50.5878
50.5898
50.5906
50.5869
50.5777
50.5671
50.5587
50.5514
50.5449
50.5426
50.5492
50.5616
50.5635
50.5846
50.588
50.588
50.5864
50.5849
50.5833
50.5815
50.5806
50.583
50.5837
50.5788
50.5687
50.5584
50.5506
50.5437
50.5378
50.5359
50.5443
50.5557
50.5539
50.5736
50.5737
50.5729
50.5711
50.5685
50.5653
50.5613
50.5564
50.5503
50.5438
50.5372
50.5307
50.5235
50.515
50.5055
50.4951
50.4838
50.471
50.458
50.4467
50.552
50.5493
50.5503
50.5519
50.551
50.5476
50.5426
50.5359
50.5302
50.523
50.5168
50.51
50.5038
50.4977
50.492
50.4872
50.4832
50.4795
50.4769
50.475
50.5426
50.531
50.5268
50.5263
50.5244
50.5197
50.5136
50.5058
50.4986
50.4902
50.4825
50.4743
50.4668
50.4593
50.453
50.4468
50.4419
50.4375
50.4342
50.4326
50.4903
50.4599
50.4703
50.476
50.4697
50.4656
50.4663
50.4674
50.468
50.4679
50.4659
50.4492
50.3735
50.2881
50.267
50.2879
50.3945
50.5057
50.5471
50.5508
50.5362
50.5094
50.4942
50.4869
50.4838
50.4827
50.4825
50.4827
50.4832
50.4837
50.4844
50.4851
50.4858
50.4866
50.4875
50.4884
50.4893
50.4903
50.4913
50.4923
50.4934
50.4944
50.4955
50.4966
50.4977
50.4988
50.4998
50.5008
50.5018
50.5028
50.5037
50.5045
50.5053
50.506
50.5066
50.5072
50.5077
50.5082
50.5085
50.5089
50.5091
50.5094
50.5095
50.5097
50.5098
50.5099
50.51
50.5101
50.5102
50.5103
50.5104
50.5105
50.5106
50.5108
50.511
50.5112
50.5115
50.5118
50.5121
50.5124
50.5128
50.5132
50.5136
50.5141
50.5146
50.515
50.5156
50.5161
50.5166
50.5172
50.5177
50.5183
50.5189
50.5195
50.5201
50.5207
50.5213
50.5219
50.5226
50.5232
50.5239
50.5245
50.5252
50.5258
50.5264
50.5271
50.5277
50.5283
50.5289
50.5295
50.53
50.5306
50.5311
50.5315
50.532
50.5323
50.5327
50.533
50.5332
50.5334
50.5336
50.5337
50.5337
50.5338
50.5337
50.5337
50.5335
50.5334
50.5332
50.533
50.5327
50.5325
50.5322
50.5319
50.5316
50.5312
50.5309
50.5306
50.5303
50.53
50.5297
50.5294
50.5291
50.5289
50.5287
50.5285
50.5284
50.5283
50.5283
50.5282
50.5283
50.5283
50.5285
50.5286
50.5289
50.5291
50.5294
50.5297
50.5301
50.5304
50.5308
50.5312
50.5316
50.532
50.5324
50.5328
50.5332
50.5335
50.5338
50.5341
50.5343
50.5345
50.5346
50.5347
50.5347
50.5347
50.5347
50.5346
50.5345
50.5344
50.5342
50.534
50.5337
50.5334
50.5332
50.5328
50.5325
50.5322
50.5318
50.5314
50.531
50.5307
50.5303
50.5299
50.5296
50.5293
50.529
50.5288
50.5275
50.5356
50.4852
50.4592
50.4702
50.4749
50.4686
50.4646
50.465
50.4661
50.467
50.468
50.4685
50.4665
50.4512
50.4284
50.4212
50.4244
50.4412
50.4619
50.4726
50.4771
50.4789
50.4798
50.4804
50.4809
50.4814
50.4818
50.4821
50.4826
50.4831
50.4837
50.4844
50.4851
50.4858
50.4866
50.4875
50.4884
50.4893
50.4903
50.4913
50.4923
50.4934
50.4945
50.4956
50.4966
50.4977
50.4988
50.4998
50.5009
50.5018
50.5028
50.5037
50.5045
50.5053
50.506
50.5066
50.5072
50.5077
50.5082
50.5086
50.5089
50.5092
50.5094
50.5096
50.5097
50.5098
50.5099
50.51
50.5101
50.5102
50.5103
50.5104
50.5105
50.5106
50.5108
50.511
50.5112
50.5115
50.5118
50.5121
50.5125
50.5128
50.5132
50.5137
50.5141
50.5146
50.5151
50.5156
50.5161
50.5166
50.5172
50.5178
50.5183
50.5189
50.5195
50.5201
50.5207
50.5213
50.522
50.5226
50.5233
50.5239
50.5245
50.5252
50.5258
50.5265
50.5271
50.5277
50.5284
50.5289
50.5295
50.5301
50.5306
50.5311
50.5315
50.532
50.5324
50.5327
50.533
50.5332
50.5335
50.5336
50.5337
50.5338
50.5338
50.5338
50.5337
50.5336
50.5334
50.5332
50.533
50.5328
50.5325
50.5322
50.5319
50.5316
50.5313
50.5309
50.5306
50.5303
50.53
50.5297
50.5294
50.5292
50.5289
50.5287
50.5286
50.5284
50.5283
50.5283
50.5283
50.5283
50.5284
50.5285
50.5287
50.5289
50.5291
50.5294
50.5297
50.5301
50.5305
50.5308
50.5312
50.5316
50.5321
50.5325
50.5328
50.5332
50.5335
50.5338
50.5341
50.5343
50.5345
50.5346
50.5347
50.5348
50.5348
50.5347
50.5346
50.5345
50.5344
50.5342
50.534
50.5337
50.5335
50.5332
50.5329
50.5325
50.5322
50.5318
50.5314
50.5311
50.5307
50.5303
50.53
50.5296
50.5293
50.529
50.5288
50.5279
50.5312
50.4259
50.4386
50.4463
50.4471
50.4465
50.4468
50.4477
50.4492
50.4526
50.4601
50.466
50.4695
50.4714
50.4727
50.4737
50.4749
50.4762
50.4775
50.4785
50.4792
50.4797
50.4799
50.4802
50.4805
50.4809
50.4814
50.4819
50.4824
50.483
50.4837
50.4843
50.4851
50.4858
50.4866
50.4875
50.4884
50.4893
50.4903
50.4913
50.4923
50.4934
50.4945
50.4956
50.4966
50.4977
50.4988
50.4998
50.5009
50.5018
50.5028
50.5037
50.5045
50.5053
50.506
50.5066
50.5072
50.5077
50.5082
50.5086
50.5089
50.5092
50.5094
50.5096
50.5097
50.5098
50.5099
50.51
50.5101
50.5102
50.5103
50.5104
50.5105
50.5106
50.5108
50.511
50.5112
50.5115
50.5118
50.5121
50.5125
50.5128
50.5132
50.5137
50.5141
50.5146
50.5151
50.5156
50.5161
50.5166
50.5172
50.5178
50.5183
50.5189
50.5195
50.5201
50.5207
50.5213
50.522
50.5226
50.5233
50.5239
50.5245
50.5252
50.5258
50.5265
50.5271
50.5277
50.5284
50.5289
50.5295
50.5301
50.5306
50.5311
50.5315
50.532
50.5324
50.5327
50.533
50.5332
50.5335
50.5336
50.5337
50.5338
50.5338
50.5338
50.5337
50.5336
50.5334
50.5332
50.533
50.5328
50.5325
50.5322
50.5319
50.5316
50.5313
50.5309
50.5306
50.5303
50.53
50.5297
50.5294
50.5292
50.5289
50.5287
50.5286
50.5284
50.5283
50.5283
50.5283
50.5283
50.5284
50.5285
50.5287
50.5289
50.5291
50.5294
50.5297
50.5301
50.5305
50.5308
50.5312
50.5316
50.5321
50.5325
50.5328
50.5332
50.5335
50.5338
50.5341
50.5343
50.5345
50.5346
50.5347
50.5348
50.5348
50.5347
50.5346
50.5345
50.5344
50.5342
50.534
50.5337
50.5335
50.5332
50.5329
50.5325
50.5322
50.5318
50.5314
50.5311
50.5307
50.5303
50.5299
50.5296
50.5293
50.5291
50.5288
50.5287
50.5285
50.4671
50.4657
50.4658
50.4651
50.4646
50.4646
50.4653
50.466
50.4662
50.4657
50.4647
50.465
50.466
50.4669
50.4655
50.4621
50.4621
50.4641
50.4701
50.4763
50.4794
50.4808
50.4813
50.4815
50.4815
50.4817
50.4821
50.4825
50.4831
50.4837
50.4843
50.4851
50.4858
50.4866
50.4875
50.4884
50.4893
50.4903
50.4913
50.4923
50.4934
50.4945
50.4956
50.4966
50.4977
50.4988
50.4998
50.5009
50.5018
50.5028
50.5037
50.5045
50.5053
50.506
50.5066
50.5072
50.5077
50.5082
50.5086
50.5089
50.5092
50.5094
50.5096
50.5097
50.5098
50.5099
50.51
50.5101
50.5102
50.5103
50.5104
50.5105
50.5106
50.5108
50.511
50.5112
50.5115
50.5118
50.5121
50.5125
50.5128
50.5132
50.5137
50.5141
50.5146
50.5151
50.5156
50.5161
50.5166
50.5172
50.5178
50.5183
50.5189
50.5195
50.5201
50.5207
50.5213
50.522
50.5226
50.5233
50.5239
50.5245
50.5252
50.5258
50.5265
50.5271
50.5277
50.5284
50.5289
50.5295
50.5301
50.5306
50.5311
50.5315
50.532
50.5324
50.5327
50.533
50.5332
50.5335
50.5336
50.5337
50.5338
50.5338
50.5338
50.5337
50.5336
50.5334
50.5332
50.533
50.5328
50.5325
50.5322
50.5319
50.5316
50.5313
50.5309
50.5306
50.5303
50.53
50.5297
50.5294
50.5292
50.5289
50.5287
50.5286
50.5284
50.5283
50.5283
50.5283
50.5283
50.5284
50.5285
50.5287
50.5289
50.5291
50.5294
50.5297
50.5301
50.5305
50.5308
50.5312
50.5316
50.5321
50.5325
50.5328
50.5332
50.5335
50.5338
50.5341
50.5343
50.5345
50.5346
50.5347
50.5348
50.5348
50.5347
50.5346
50.5345
50.5344
50.5342
50.534
50.5337
50.5335
50.5332
50.5329
50.5325
50.5322
50.5318
50.5314
50.5311
50.5307
50.5303
50.5299
50.5296
50.5293
50.5291
50.5289
50.5291
50.5279
50.4524
50.4567
50.4575
50.457
50.4565
50.4564
50.4571
50.4576
50.4569
50.4569
50.4582
50.4642
50.4723
50.4734
50.4611
50.4189
50.3914
50.386
50.3914
50.4154
50.4438
50.4613
50.4712
50.4764
50.4791
50.4806
50.4816
50.4823
50.483
50.4836
50.4843
50.485
50.4858
50.4866
50.4875
50.4884
50.4893
50.4903
50.4913
50.4923
50.4934
50.4944
50.4955
50.4966
50.4977
50.4988
50.4998
50.5008
50.5018
50.5028
50.5037
50.5045
50.5053
50.506
50.5066
50.5072
50.5077
50.5082
50.5085
50.5089
50.5091
50.5094
50.5095
50.5097
50.5098
50.5099
50.51
50.5101
50.5102
50.5103
50.5104
50.5105
50.5106
50.5108
50.511
50.5112
50.5115
50.5118
50.5121
50.5124
50.5128
50.5132
50.5136
50.5141
50.5146
50.515
50.5156
50.5161
50.5166
50.5172
50.5177
50.5183
50.5189
50.5195
50.5201
50.5207
50.5213
50.5219
50.5226
50.5232
50.5239
50.5245
50.5252
50.5258
50.5264
50.5271
50.5277
50.5283
50.5289
50.5295
50.53
50.5306
50.5311
50.5315
50.532
50.5323
50.5327
50.533
50.5332
50.5334
50.5336
50.5337
50.5337
50.5338
50.5337
50.5337
50.5335
50.5334
50.5332
50.533
50.5327
50.5325
50.5322
50.5319
50.5316
50.5312
50.5309
50.5306
50.5303
50.53
50.5297
50.5294
50.5291
50.5289
50.5287
50.5285
50.5284
50.5283
50.5283
50.5282
50.5283
50.5283
50.5285
50.5286
50.5289
50.5291
50.5294
50.5297
50.5301
50.5304
50.5308
50.5312
50.5316
50.532
50.5324
50.5328
50.5332
50.5335
50.5338
50.5341
50.5343
50.5345
50.5346
50.5347
50.5347
50.5347
50.5347
50.5346
50.5345
50.5344
50.5342
50.534
50.5337
50.5334
50.5332
50.5328
50.5325
50.5322
50.5318
50.5314
50.531
50.5307
50.5303
50.5299
50.5296
50.5293
50.529
50.5288
50.5291
50.5277
50.5005
50.4883
50.4838
50.4829
50.4807
50.4759
50.4694
50.4626
50.4548
50.4472
50.4394
50.4313
50.4241
50.4169
50.4108
50.4048
50.4
50.3956
50.3923
50.3906
50.509
50.506
50.5065
50.5077
50.5065
50.5029
50.4972
50.4922
50.4851
50.4794
50.4726
50.466
50.4599
50.4538
50.4485
50.444
50.44
50.4364
50.4338
50.4316
50.5292
50.5291
50.5281
50.5261
50.5235
50.5202
50.5163
50.5111
50.5054
50.4991
50.493
50.4866
50.479
50.4702
50.4606
50.4503
50.4387
50.426
50.4144
50.4043
50.5393
50.5426
50.5424
50.5408
50.5393
50.5378
50.5364
50.5365
50.5377
50.5359
50.5291
50.5189
50.5109
50.5044
50.4984
50.4948
50.4978
50.5094
50.5154
50.507
50.5426
50.5491
50.5498
50.548
50.5464
50.5448
50.5434
50.5432
50.5443
50.5428
50.5371
50.5272
50.5187
50.5118
50.5054
50.5011
50.5041
50.5133
50.5227
50.5174
50.41
50.4139
50.414
50.4131
50.4124
50.4122
50.4125
50.413
50.4125
50.4118
50.4125
50.416
50.4253
50.4286
50.4233
50.3894
50.3524
50.3407
50.3428
50.3591
50.3901
50.4114
50.4241
50.4312
50.435
50.4373
50.4388
50.44
50.4412
50.4423
50.4434
50.4446
50.4458
50.4471
50.4485
50.4499
50.4513
50.4528
50.4544
50.4559
50.4575
50.4592
50.4608
50.4624
50.4641
50.4657
50.4673
50.4688
50.4703
50.4717
50.4731
50.4744
50.4756
50.4768
50.4778
50.4787
50.4795
50.4802
50.4809
50.4814
50.4818
50.4821
50.4823
50.4824
50.4825
50.4825
50.4824
50.4824
50.4822
50.4821
50.482
50.4818
50.4818
50.4817
50.4817
50.4818
50.4819
50.4821
50.4824
50.4828
50.4833
50.4839
50.4846
50.4853
50.4862
50.4871
50.4881
50.4892
50.4904
50.4916
50.4928
50.4941
50.4955
50.4969
50.4983
50.4998
50.5011
50.5027
50.5031
50.5127
50.4243
50.4228
50.4221
50.4209
50.4202
50.42
50.4204
50.4209
50.421
50.4209
50.4198
50.4192
50.4199
50.421
50.4213
50.419
50.4181
50.4195
50.4231
50.4297
50.4339
50.436
50.4371
50.4379
50.4383
50.4388
50.4395
50.4404
50.4413
50.4424
50.4435
50.4446
50.4459
50.4472
50.4485
50.4499
50.4514
50.4529
50.4544
50.456
50.4576
50.4592
50.4608
50.4625
50.4641
50.4657
50.4673
50.4688
50.4703
50.4718
50.4731
50.4744
50.4757
50.4768
50.4778
50.4787
50.4796
50.4803
50.4809
50.4814
50.4818
50.4821
50.4823
50.4825
50.4825
50.4825
50.4825
50.4824
50.4823
50.4821
50.482
50.4819
50.4818
50.4817
50.4817
50.4818
50.4819
50.4822
50.4825
50.4829
50.4833
50.4839
50.4846
50.4854
50.4862
50.4872
50.4882
50.4892
50.4904
50.4916
50.4928
50.4942
50.4955
50.4969
50.4983
50.4998
50.5012
50.5027
50.5035
50.5083
50.3862
50.3964
50.4033
50.4035
50.4024
50.4021
50.4025
50.4035
50.4057
50.412
50.4184
50.4224
50.4245
50.4259
50.4271
50.4283
50.4298
50.4314
50.4329
50.434
50.4349
50.4356
50.4361
50.4368
50.4375
50.4384
50.4393
50.4402
50.4412
50.4423
50.4434
50.4446
50.4459
50.4472
50.4485
50.4499
50.4514
50.4529
50.4544
50.456
50.4576
50.4592
50.4608
50.4625
50.4641
50.4657
50.4673
50.4688
50.4703
50.4718
50.4731
50.4744
50.4757
50.4768
50.4778
50.4787
50.4796
50.4803
50.4809
50.4814
50.4818
50.4821
50.4823
50.4825
50.4825
50.4825
50.4825
50.4824
50.4823
50.4821
50.482
50.4819
50.4818
50.4817
50.4817
50.4818
50.4819
50.4822
50.4825
50.4829
50.4833
50.4839
50.4846
50.4854
50.4862
50.4871
50.4882
50.4892
50.4904
50.4916
50.4928
50.4941
50.4955
50.4969
50.4983
50.4997
50.5012
50.5027
50.5044
50.5058
50.4323
50.4145
50.4281
50.4322
50.4244
50.4201
50.4198
50.4203
50.4208
50.4217
50.4224
50.4218
50.4125
50.3879
50.3752
50.3757
50.3869
50.4114
50.4263
50.4329
50.4351
50.436
50.4367
50.4374
50.4381
50.4389
50.4396
50.4405
50.4414
50.4424
50.4435
50.4447
50.4459
50.4472
50.4485
50.4499
50.4514
50.4529
50.4544
50.456
50.4576
50.4592
50.4608
50.4625
50.4641
50.4657
50.4673
50.4688
50.4703
50.4718
50.4731
50.4744
50.4757
50.4768
50.4778
50.4787
50.4796
50.4803
50.4809
50.4814
50.4818
50.4821
50.4823
50.4825
50.4825
50.4825
50.4825
50.4824
50.4823
50.4821
50.482
50.4819
50.4818
50.4817
50.4817
50.4818
50.4819
50.4822
50.4825
50.4829
50.4833
50.4839
50.4846
50.4854
50.4862
50.4871
50.4882
50.4892
50.4904
50.4916
50.4928
50.4941
50.4955
50.4969
50.4983
50.4997
50.5013
50.5028
50.5048
50.5052
50.4374
50.415
50.4282
50.4332
50.4254
50.421
50.4211
50.4216
50.4217
50.4217
50.4211
50.4137
50.3688
50.2732
50.2317
50.2361
50.2997
50.4271
50.4908
50.5052
50.4992
50.4743
50.455
50.4456
50.4416
50.4402
50.4401
50.4407
50.4415
50.4424
50.4435
50.4446
50.4459
50.4471
50.4485
50.4499
50.4513
50.4528
50.4544
50.4559
50.4575
50.4592
50.4608
50.4624
50.4641
50.4657
50.4673
50.4688
50.4703
50.4717
50.4731
50.4744
50.4756
50.4768
50.4778
50.4787
50.4795
50.4802
50.4809
50.4814
50.4818
50.4821
50.4823
50.4824
50.4825
50.4825
50.4824
50.4824
50.4822
50.4821
50.482
50.4818
50.4818
50.4817
50.4817
50.4818
50.4819
50.4821
50.4824
50.4828
50.4833
50.4839
50.4846
50.4853
50.4862
50.4871
50.4881
50.4892
50.4904
50.4916
50.4928
50.4941
50.4955
50.4968
50.4983
50.4997
50.5013
50.5028
50.5048
50.505
50.4795
50.4677
50.4635
50.4629
50.461
50.4566
50.4504
50.444
50.4365
50.4293
50.4217
50.414
50.407
50.4001
50.3942
50.3886
50.384
50.3798
50.3768
50.3754
50.488
50.4851
50.486
50.4876
50.4867
50.4835
50.4781
50.4734
50.4667
50.4613
50.4548
50.4486
50.4428
50.437
50.432
50.4277
50.424
50.4207
50.4183
50.4164
50.5074
50.5079
50.5072
50.5056
50.5034
50.5005
50.497
50.4922
50.4868
50.4808
50.475
50.4689
50.4618
50.4534
50.4441
50.4341
50.4229
50.4106
50.3992
50.3894
50.5172
50.5209
50.5213
50.5202
50.5191
50.518
50.5169
50.5172
50.5189
50.5177
50.5113
50.5014
50.4936
50.4875
50.4818
50.4783
50.4813
50.4934
50.5
50.4924
50.5205
50.5275
50.5287
50.5273
50.5261
50.5249
50.5239
50.5239
50.5254
50.5245
50.5193
50.5097
50.5014
50.4949
50.4888
50.4847
50.4878
50.4973
50.5073
50.5028
50.3954
50.4007
50.4022
50.4024
50.4027
50.4033
50.4045
50.4055
50.4053
50.4058
50.4077
50.4144
50.4211
50.4212
50.4045
50.3616
50.3394
50.3367
50.3444
50.3715
50.3971
50.4123
50.4205
50.4245
50.4264
50.4271
50.4274
50.4274
50.4273
50.4271
50.4269
50.4267
50.4264
50.4262
50.426
50.4258
50.4256
50.4255
50.4253
50.4252
50.4251
50.425
50.425
50.425
50.425
50.4251
50.4252
50.4253
50.4255
50.4256
50.4259
50.4261
50.4263
50.4266
50.4268
50.4271
50.4274
50.4276
50.4279
50.4282
50.4284
50.4287
50.4289
50.4291
50.4293
50.4295
50.4296
50.4297
50.4298
50.4299
50.4299
50.4299
50.4299
50.4299
50.4298
50.4297
50.4296
50.4295
50.4293
50.4291
50.4289
50.4287
50.4284
50.4282
50.428
50.4277
50.4274
50.4272
50.427
50.4267
50.4265
50.4263
50.4261
50.4259
50.4258
50.4257
50.4256
50.4256
50.4255
50.4256
50.4256
50.4257
50.4258
50.4259
50.4261
50.4263
50.4266
50.4268
50.4271
50.4274
50.4277
50.428
50.4284
50.4287
50.4291
50.4295
50.4298
50.4302
50.4306
50.4309
50.4312
50.4316
50.4319
50.4322
50.4325
50.4328
50.4331
50.4334
50.4337
50.4339
50.4342
50.4345
50.4348
50.4351
50.4354
50.4357
50.436
50.4363
50.4367
50.437
50.4374
50.4378
50.4382
50.4386
50.439
50.4395
50.4399
50.4404
50.4409
50.4413
50.4418
50.4423
50.4428
50.4433
50.4438
50.4443
50.4447
50.4452
50.4456
50.446
50.4464
50.4468
50.4471
50.4474
50.4476
50.4478
50.448
50.4482
50.4483
50.4483
50.4484
50.4484
50.4484
50.4484
50.4484
50.4484
50.4484
50.4485
50.4485
50.4486
50.4488
50.4489
50.4492
50.4494
50.4497
50.4501
50.4505
50.4509
50.4514
50.4519
50.4525
50.4531
50.4537
50.4544
50.4551
50.4558
50.4567
50.4575
50.4588
50.4582
50.4095
50.4094
50.4103
50.4104
50.4106
50.4113
50.4126
50.4136
50.4143
50.4143
50.4137
50.4142
50.4155
50.4166
50.4158
50.4137
50.4141
50.4161
50.4214
50.4261
50.4283
50.429
50.4291
50.4288
50.4284
50.428
50.4278
50.4276
50.4273
50.4271
50.4269
50.4267
50.4265
50.4262
50.426
50.4258
50.4257
50.4255
50.4253
50.4252
50.4251
50.4251
50.425
50.425
50.4251
50.4251
50.4252
50.4253
50.4255
50.4257
50.4259
50.4261
50.4263
50.4266
50.4268
50.4271
50.4274
50.4277
50.4279
50.4282
50.4284
50.4287
50.4289
50.4291
50.4293
50.4295
50.4296
50.4297
50.4298
50.4299
50.4299
50.43
50.4299
50.4299
50.4298
50.4297
50.4296
50.4295
50.4293
50.4291
50.4289
50.4287
50.4285
50.4282
50.428
50.4277
50.4275
50.4272
50.427
50.4267
50.4265
50.4263
50.4261
50.426
50.4258
50.4257
50.4256
50.4256
50.4256
50.4256
50.4256
50.4257
50.4258
50.4259
50.4261
50.4263
50.4266
50.4268
50.4271
50.4274
50.4277
50.4281
50.4284
50.4288
50.4291
50.4295
50.4299
50.4302
50.4306
50.4309
50.4313
50.4316
50.4319
50.4322
50.4325
50.4328
50.4331
50.4334
50.4337
50.434
50.4342
50.4345
50.4348
50.4351
50.4354
50.4357
50.436
50.4363
50.4367
50.4371
50.4374
50.4378
50.4382
50.4386
50.4391
50.4395
50.4399
50.4404
50.4409
50.4414
50.4419
50.4423
50.4428
50.4433
50.4438
50.4443
50.4448
50.4452
50.4456
50.4461
50.4464
50.4468
50.4471
50.4474
50.4477
50.4479
50.448
50.4482
50.4483
50.4484
50.4484
50.4484
50.4484
50.4484
50.4484
50.4484
50.4484
50.4485
50.4485
50.4486
50.4488
50.449
50.4492
50.4494
50.4498
50.4501
50.4505
50.451
50.4514
50.452
50.4525
50.4531
50.4538
50.4544
50.4551
50.4558
50.4567
50.4575
50.4588
50.4584
50.3713
50.3836
50.3916
50.3929
50.393
50.3937
50.395
50.3969
50.4007
50.4082
50.4141
50.4177
50.4198
50.4212
50.4225
50.4239
50.4253
50.4266
50.4275
50.428
50.4282
50.4281
50.428
50.4279
50.4278
50.4277
50.4276
50.4275
50.4273
50.4271
50.4269
50.4267
50.4265
50.4262
50.426
50.4258
50.4256
50.4255
50.4253
50.4252
50.4251
50.4251
50.425
50.425
50.4251
50.4251
50.4252
50.4253
50.4255
50.4257
50.4259
50.4261
50.4263
50.4266
50.4268
50.4271
50.4274
50.4277
50.4279
50.4282
50.4284
50.4287
50.4289
50.4291
50.4293
50.4295
50.4296
50.4297
50.4298
50.4299
50.4299
50.43
50.4299
50.4299
50.4298
50.4297
50.4296
50.4295
50.4293
50.4291
50.4289
50.4287
50.4285
50.4282
50.428
50.4277
50.4275
50.4272
50.427
50.4267
50.4265
50.4263
50.4261
50.426
50.4258
50.4257
50.4256
50.4256
50.4256
50.4256
50.4256
50.4257
50.4258
50.4259
50.4261
50.4263
50.4266
50.4268
50.4271
50.4274
50.4277
50.4281
50.4284
50.4288
50.4291
50.4295
50.4299
50.4302
50.4306
50.4309
50.4313
50.4316
50.4319
50.4322
50.4325
50.4328
50.4331
50.4334
50.4337
50.434
50.4342
50.4345
50.4348
50.4351
50.4354
50.4357
50.436
50.4363
50.4367
50.4371
50.4374
50.4378
50.4382
50.4386
50.4391
50.4395
50.4399
50.4404
50.4409
50.4414
50.4419
50.4423
50.4428
50.4433
50.4438
50.4443
50.4448
50.4452
50.4456
50.4461
50.4464
50.4468
50.4471
50.4474
50.4477
50.4479
50.448
50.4482
50.4483
50.4484
50.4484
50.4484
50.4484
50.4484
50.4484
50.4484
50.4484
50.4485
50.4485
50.4486
50.4488
50.449
50.4492
50.4494
50.4498
50.4501
50.4505
50.451
50.4514
50.452
50.4525
50.4531
50.4538
50.4544
50.4551
50.4558
50.4567
50.4574
50.4583
50.4592
50.4175
50.4017
50.4166
50.4208
50.4141
50.4113
50.4121
50.4134
50.4145
50.4156
50.4163
50.4137
50.3966
50.3761
50.3711
50.3757
50.3951
50.4152
50.4246
50.4279
50.4285
50.4286
50.4286
50.4286
50.4284
50.4281
50.4279
50.4276
50.4274
50.4272
50.4269
50.4267
50.4265
50.4263
50.426
50.4258
50.4257
50.4255
50.4253
50.4252
50.4251
50.4251
50.425
50.425
50.4251
50.4251
50.4252
50.4253
50.4255
50.4257
50.4259
50.4261
50.4263
50.4266
50.4268
50.4271
50.4274
50.4277
50.4279
50.4282
50.4284
50.4287
50.4289
50.4291
50.4293
50.4295
50.4296
50.4297
50.4298
50.4299
50.4299
50.43
50.4299
50.4299
50.4298
50.4297
50.4296
50.4295
50.4293
50.4291
50.4289
50.4287
50.4285
50.4282
50.428
50.4277
50.4275
50.4272
50.427
50.4267
50.4265
50.4263
50.4261
50.426
50.4258
50.4257
50.4256
50.4256
50.4256
50.4256
50.4256
50.4257
50.4258
50.4259
50.4261
50.4263
50.4266
50.4268
50.4271
50.4274
50.4277
50.4281
50.4284
50.4288
50.4291
50.4295
50.4299
50.4302
50.4306
50.4309
50.4313
50.4316
50.4319
50.4322
50.4325
50.4328
50.4331
50.4334
50.4337
50.434
50.4342
50.4345
50.4348
50.4351
50.4354
50.4357
50.436
50.4363
50.4367
50.4371
50.4374
50.4378
50.4382
50.4386
50.4391
50.4395
50.4399
50.4404
50.4409
50.4414
50.4419
50.4423
50.4428
50.4433
50.4438
50.4443
50.4448
50.4452
50.4456
50.4461
50.4464
50.4468
50.4471
50.4474
50.4477
50.4479
50.448
50.4482
50.4483
50.4484
50.4484
50.4484
50.4484
50.4484
50.4484
50.4484
50.4484
50.4485
50.4485
50.4486
50.4488
50.449
50.4492
50.4494
50.4498
50.4501
50.4505
50.451
50.4514
50.452
50.4525
50.4531
50.4537
50.4544
50.4551
50.4559
50.4566
50.4574
50.4576
50.4621
50.4225
50.4021
50.4169
50.4219
50.415
50.4121
50.4133
50.4147
50.4155
50.4157
50.4138
50.3958
50.3194
50.2456
50.2311
50.2565
50.3651
50.4609
50.4931
50.4939
50.477
50.4528
50.4397
50.4332
50.4302
50.4288
50.4281
50.4277
50.4274
50.4271
50.4269
50.4267
50.4264
50.4262
50.426
50.4258
50.4256
50.4255
50.4253
50.4252
50.4251
50.425
50.425
50.425
50.425
50.4251
50.4252
50.4253
50.4255
50.4256
50.4259
50.4261
50.4263
50.4266
50.4268
50.4271
50.4274
50.4276
50.4279
50.4282
50.4284
50.4287
50.4289
50.4291
50.4293
50.4295
50.4296
50.4297
50.4298
50.4299
50.4299
50.4299
50.4299
50.4299
50.4298
50.4297
50.4296
50.4295
50.4293
50.4291
50.4289
50.4287
50.4284
50.4282
50.428
50.4277
50.4274
50.4272
50.427
50.4267
50.4265
50.4263
50.4261
50.4259
50.4258
50.4257
50.4256
50.4256
50.4255
50.4256
50.4256
50.4257
50.4258
50.4259
50.4261
50.4263
50.4266
50.4268
50.4271
50.4274
50.4277
50.428
50.4284
50.4287
50.4291
50.4295
50.4298
50.4302
50.4306
50.4309
50.4312
50.4316
50.4319
50.4322
50.4325
50.4328
50.4331
50.4334
50.4337
50.4339
50.4342
50.4345
50.4348
50.4351
50.4354
50.4357
50.436
50.4363
50.4367
50.437
50.4374
50.4378
50.4382
50.4386
50.439
50.4395
50.4399
50.4404
50.4409
50.4413
50.4418
50.4423
50.4428
50.4433
50.4438
50.4443
50.4447
50.4452
50.4456
50.446
50.4464
50.4468
50.4471
50.4474
50.4476
50.4478
50.448
50.4482
50.4483
50.4483
50.4484
50.4484
50.4484
50.4484
50.4484
50.4484
50.4484
50.4485
50.4485
50.4486
50.4488
50.4489
50.4491
50.4494
50.4497
50.4501
50.4505
50.4509
50.4514
50.4519
50.4525
50.4531
50.4537
50.4544
50.4551
50.4559
50.4565
50.4574
50.4571
50.4667
50.4741
50.481
50.482
50.4803
50.4788
50.4772
50.4756
50.4746
50.4767
50.4772
50.4731
50.4634
50.4536
50.4459
50.4389
50.4324
50.4303
50.4396
50.4503
50.4492
50.4707
50.4743
50.4744
50.473
50.4715
50.4701
50.4684
50.4675
50.47
50.4704
50.4651
50.4545
50.4452
50.438
50.4313
50.4255
50.4236
50.4348
50.4441
50.4396
50.4605
50.4606
50.4598
50.458
50.4556
50.4524
50.4487
50.4437
50.4379
50.4314
50.4251
50.4188
50.4116
50.4031
50.3936
50.3834
50.3722
50.3594
50.347
50.3362
50.4398
50.4368
50.4376
50.439
50.4381
50.4345
50.4289
50.4238
50.4167
50.4109
50.4041
50.3974
50.3912
50.3851
50.3793
50.3746
50.3704
50.3666
50.3637
50.3617
50.4311
50.4188
50.4143
50.4136
50.4115
50.4068
50.4003
50.3935
50.3856
50.3779
50.3699
50.3617
50.3542
50.3468
50.3403
50.3342
50.329
50.3245
50.3209
50.319
50.3621
50.348
50.3615
50.3606
50.3571
50.3574
50.3584
50.357
50.3356
50.2556
50.2039
50.205
50.2603
50.3696
50.417
50.4239
50.4139
50.393
50.3819
50.3771
50.3754
50.375
50.3752
50.3757
50.3762
50.3768
50.3775
50.3781
50.3788
50.3796
50.3803
50.3811
50.3819
50.3827
50.3835
50.3843
50.385
50.3857
50.3864
50.3871
50.3876
50.3881
50.3885
50.3889
50.3891
50.3893
50.3894
50.3895
50.3895
50.3894
50.3893
50.3891
50.389
50.3888
50.3887
50.3886
50.3885
50.3886
50.3886
50.3888
50.3891
50.3894
50.3899
50.3904
50.3911
50.3918
50.3926
50.3936
50.3945
50.3956
50.3967
50.3978
50.399
50.4002
50.4014
50.4026
50.4038
50.405
50.4061
50.4072
50.4083
50.4093
50.4103
50.4112
50.412
50.4127
50.4134
50.414
50.4146
50.4151
50.4155
50.4158
50.4161
50.4164
50.4165
50.4167
50.4168
50.4168
50.4169
50.4169
50.4168
50.4168
50.4167
50.4167
50.4166
50.4165
50.4164
50.4163
50.4163
50.4162
50.4161
50.4161
50.4161
50.4161
50.4161
50.4161
50.4161
50.4162
50.4163
50.4164
50.4165
50.4166
50.4167
50.4169
50.417
50.4171
50.4173
50.4175
50.4176
50.4177
50.4179
50.418
50.4181
50.4182
50.4183
50.4184
50.4184
50.4185
50.4185
50.4185
50.4185
50.4184
50.4184
50.4183
50.4183
50.4182
50.4181
50.418
50.4179
50.4178
50.4177
50.4176
50.4175
50.4174
50.4174
50.4173
50.4173
50.4173
50.4173
50.4173
50.4173
50.4174
50.4175
50.4176
50.4177
50.4179
50.4181
50.4183
50.4186
50.4189
50.4193
50.4196
50.42
50.4204
50.4209
50.4214
50.4219
50.4225
50.4231
50.4237
50.4243
50.425
50.4257
50.4264
50.4271
50.4279
50.4286
50.4294
50.4301
50.4309
50.4317
50.4324
50.4331
50.4338
50.4345
50.4351
50.4357
50.4362
50.4367
50.4371
50.4374
50.4377
50.4379
50.4381
50.4382
50.4382
50.4382
50.4381
50.438
50.4378
50.4377
50.4375
50.4374
50.4373
50.4372
50.4372
50.4373
50.4374
50.4376
50.438
50.4384
50.4389
50.4395
50.4402
50.441
50.4419
50.4429
50.4439
50.445
50.4462
50.4473
50.4486
50.4498
50.451
50.4522
50.4534
50.4545
50.4557
50.4567
50.4578
50.4587
50.4596
50.4605
50.4613
50.462
50.4627
50.4633
50.4638
50.4643
50.4648
50.4652
50.4655
50.4658
50.4661
50.4663
50.4665
50.4667
50.4669
50.467
50.4671
50.4672
50.4673
50.4673
50.4674
50.4674
50.4675
50.4675
50.4675
50.4676
50.4676
50.4676
50.4676
50.4676
50.4676
50.4676
50.4676
50.4676
50.4676
50.4676
50.4676
50.4676
50.4676
50.4676
50.4676
50.4676
50.4676
50.4676
50.4676
50.4676
50.4676
50.4676
50.4676
50.4676
50.4676
50.4676
50.4676
50.4676
50.4676
50.4676
50.4676
50.4676
50.4676
50.4676
50.4676
50.4676
50.4676
50.4676
50.4676
50.4676
50.4676
50.4676
50.4676
50.4676
50.4676
50.4676
50.4676
50.4676
50.4676
50.4676
50.4676
50.4676
50.4676
50.4676
50.4676
50.4676
50.4676
50.4676
50.4676
50.4676
50.4676
50.4676
50.4676
50.4676
50.4676
50.4676
50.4676
50.4676
50.4676
50.4676
50.4676
50.4676
50.4676
50.4676
50.4676
50.4676
50.4676
50.4676
50.4676
50.4676
50.4676
50.4676
50.4676
50.4676
50.4676
50.4676
50.4676
50.4676
50.4676
50.4676
50.4676
50.4676
50.4676
50.4676
50.4676
50.4676
50.4676
50.4676
50.4676
50.4676
50.4676
50.4676
50.4676
50.4676
50.4676
50.4676
50.4677
50.4677
50.4677
50.4677
50.4677
50.4677
50.4677
50.4677
50.4677
50.4677
50.4677
50.4677
50.4677
50.4678
50.4678
50.4678
50.4679
50.4679
50.468
50.468
50.4681
50.4682
50.4683
50.4684
50.4685
50.4687
50.4688
50.469
50.4692
50.4694
50.4697
50.47
50.4703
50.4706
50.471
50.4714
50.4718
50.4723
50.4728
50.4734
50.474
50.4746
50.4753
50.476
50.4768
50.4776
50.4785
50.4794
50.4804
50.4814
50.4825
50.4836
50.4848
50.486
50.4873
50.4886
50.4899
50.4914
50.4928
50.4944
50.496
50.4976
50.4993
50.501
50.5028
50.5047
50.5066
50.5085
50.5105
50.5126
50.5147
50.5169
50.5191
50.5214
50.5237
50.5261
50.5285
50.531
50.5335
50.5361
50.5388
50.5415
50.5443
50.5471
50.55
50.5529
50.5559
50.5589
50.562
50.5651
50.5683
50.5716
50.5749
50.5783
50.5817
50.5852
50.5887
50.5923
50.5959
50.5996
50.6034
50.6072
50.611
50.615
50.6189
50.623
50.627
50.6312
50.6354
50.6396
50.6439
50.6483
50.6527
50.6572
50.6617
50.6663
50.6709
50.6756
50.6803
50.6851
50.69
50.6949
50.6998
50.7048
50.7099
50.715
50.7202
50.7254
50.7307
50.7361
50.7414
50.7469
50.7524
50.7579
50.7635
50.7692
50.7749
50.7807
50.7865
50.7924
50.7983
50.8043
50.8103
50.8164
50.8225
50.8287
50.8349
50.8412
50.8475
50.8539
50.8604
50.8669
50.8734
50.88
50.8866
50.8933
50.9001
50.9069
50.9137
50.9206
50.9275
50.9345
50.9416
50.9486
50.9558
50.963
50.9702
50.9775
50.9848
50.9922
50.9996
51.0071
51.0146
51.0221
51.0297
51.0374
51.0451
51.0528
51.0606
51.0684
51.0763
51.0842
51.0922
51.1002
51.1083
51.1164
51.1245
51.1327
51.1409
51.1492
51.1575
51.1658
51.1742
51.1826
51.1911
51.1996
51.2082
51.2167
51.2254
51.234
51.2427
51.2515
51.2603
51.2691
51.2779
51.2868
51.2958
51.3047
51.3137
51.3228
51.3318
51.3409
51.3501
51.3592
51.3685
51.3776
51.3871
51.3962
51.4058
51.4148
51.4246
51.4336
51.4436
51.4525
51.4626
50.358
50.348
50.3603
50.3596
50.356
50.356
50.3571
50.3581
50.356
50.3418
50.3272
50.3258
50.3325
50.3502
50.3627
50.3685
50.371
50.3722
50.373
50.3737
50.3742
50.3746
50.3751
50.3756
50.3762
50.3768
50.3775
50.3782
50.3789
50.3796
50.3804
50.3811
50.3819
50.3827
50.3835
50.3843
50.385
50.3858
50.3865
50.3871
50.3876
50.3881
50.3886
50.3889
50.3892
50.3894
50.3895
50.3895
50.3895
50.3894
50.3893
50.3891
50.389
50.3888
50.3887
50.3886
50.3886
50.3886
50.3887
50.3888
50.3891
50.3895
50.3899
50.3905
50.3911
50.3918
50.3927
50.3936
50.3946
50.3956
50.3967
50.3979
50.399
50.4002
50.4014
50.4026
50.4038
50.405
50.4062
50.4073
50.4083
50.4093
50.4103
50.4112
50.412
50.4128
50.4134
50.4141
50.4146
50.4151
50.4155
50.4158
50.4161
50.4164
50.4166
50.4167
50.4168
50.4169
50.4169
50.4169
50.4169
50.4168
50.4168
50.4167
50.4166
50.4165
50.4164
50.4164
50.4163
50.4162
50.4162
50.4161
50.4161
50.4161
50.4161
50.4161
50.4162
50.4162
50.4163
50.4164
50.4165
50.4166
50.4167
50.4169
50.417
50.4172
50.4173
50.4175
50.4176
50.4178
50.4179
50.418
50.4181
50.4182
50.4183
50.4184
50.4184
50.4185
50.4185
50.4185
50.4185
50.4185
50.4184
50.4184
50.4183
50.4182
50.4181
50.418
50.4179
50.4178
50.4177
50.4176
50.4175
50.4175
50.4174
50.4173
50.4173
50.4173
50.4173
50.4173
50.4173
50.4174
50.4175
50.4176
50.4178
50.4179
50.4181
50.4184
50.4186
50.4189
50.4193
50.4196
50.42
50.4205
50.4209
50.4214
50.422
50.4225
50.4231
50.4237
50.4243
50.425
50.4257
50.4264
50.4271
50.4279
50.4286
50.4294
50.4302
50.4309
50.4317
50.4324
50.4331
50.4338
50.4345
50.4351
50.4357
50.4362
50.4367
50.4371
50.4375
50.4377
50.438
50.4381
50.4382
50.4382
50.4382
50.4381
50.438
50.4379
50.4377
50.4376
50.4374
50.4373
50.4373
50.4372
50.4373
50.4374
50.4377
50.438
50.4384
50.4389
50.4395
50.4402
50.441
50.4419
50.4429
50.4439
50.445
50.4462
50.4474
50.4486
50.4498
50.451
50.4522
50.4534
50.4546
50.4557
50.4568
50.4578
50.4588
50.4597
50.4605
50.4613
50.462
50.4627
50.4633
50.4639
50.4644
50.4648
50.4652
50.4656
50.4659
50.4661
50.4664
50.4666
50.4667
50.4669
50.467
50.4671
50.4672
50.4673
50.4674
50.4674
50.4675
50.4675
50.4675
50.4676
50.4676
50.4676
50.4676
50.4676
50.4676
50.4676
50.4676
50.4677
50.4677
50.4677
50.4677
50.4677
50.4677
50.4677
50.4677
50.4677
50.4677
50.4677
50.4677
50.4677
50.4677
50.4677
50.4677
50.4677
50.4677
50.4677
50.4677
50.4677
50.4677
50.4677
50.4677
50.4677
50.4677
50.4677
50.4677
50.4677
50.4677
50.4677
50.4677
50.4677
50.4677
50.4677
50.4677
50.4677
50.4677
50.4677
50.4677
50.4677
50.4677
50.4677
50.4677
50.4677
50.4677
50.4677
50.4677
50.4677
50.4677
50.4677
50.4677
50.4677
50.4677
50.4677
50.4677
50.4677
50.4677
50.4677
50.4677
50.4677
50.4677
50.4677
50.4677
50.4677
50.4677
50.4677
50.4677
50.4677
50.4677
50.4677
50.4677
50.4677
50.4677
50.4677
50.4677
50.4677
50.4677
50.4677
50.4677
50.4677
50.4677
50.4677
50.4677
50.4677
50.4677
50.4677
50.4677
50.4677
50.4677
50.4677
50.4677
50.4677
50.4677
50.4677
50.4677
50.4677
50.4677
50.4677
50.4677
50.4677
50.4677
50.4677
50.4677
50.4677
50.4677
50.4677
50.4677
50.4677
50.4677
50.4677
50.4678
50.4678
50.4678
50.4678
50.4679
50.4679
50.4679
50.468
50.4681
50.4681
50.4682
50.4683
50.4684
50.4686
50.4687
50.4689
50.469
50.4692
50.4695
50.4697
50.47
50.4703
50.4706
50.471
50.4714
50.4719
50.4723
50.4729
50.4734
50.474
50.4747
50.4753
50.4761
50.4768
50.4777
50.4785
50.4795
50.4804
50.4814
50.4825
50.4836
50.4848
50.486
50.4873
50.4886
50.49
50.4914
50.4929
50.4944
50.496
50.4976
50.4993
50.501
50.5028
50.5047
50.5066
50.5085
50.5105
50.5126
50.5147
50.5169
50.5191
50.5214
50.5237
50.5261
50.5285
50.531
50.5336
50.5362
50.5388
50.5415
50.5443
50.5471
50.55
50.5529
50.5559
50.5589
50.562
50.5652
50.5684
50.5716
50.5749
50.5783
50.5817
50.5852
50.5887
50.5923
50.596
50.5996
50.6034
50.6072
50.6111
50.615
50.619
50.623
50.6271
50.6312
50.6354
50.6396
50.6439
50.6483
50.6527
50.6572
50.6617
50.6663
50.6709
50.6756
50.6803
50.6851
50.69
50.6949
50.6999
50.7049
50.7099
50.7151
50.7202
50.7255
50.7307
50.7361
50.7415
50.7469
50.7524
50.758
50.7636
50.7692
50.7749
50.7807
50.7865
50.7924
50.7983
50.8043
50.8103
50.8164
50.8225
50.8287
50.8349
50.8412
50.8476
50.854
50.8604
50.8669
50.8734
50.88
50.8867
50.8934
50.9001
50.9069
50.9137
50.9206
50.9276
50.9345
50.9416
50.9487
50.9558
50.963
50.9702
50.9775
50.9848
50.9922
50.9996
51.0071
51.0146
51.0222
51.0298
51.0374
51.0451
51.0529
51.0606
51.0685
51.0763
51.0843
51.0922
51.1002
51.1083
51.1164
51.1245
51.1327
51.1409
51.1492
51.1575
51.1658
51.1742
51.1827
51.1911
51.1996
51.2082
51.2168
51.2254
51.2341
51.2428
51.2515
51.2603
51.2691
51.278
51.2869
51.2958
51.3047
51.3137
51.3228
51.3319
51.341
51.3501
51.3593
51.3685
51.3777
51.3871
51.3962
51.4058
51.4149
51.4246
51.4336
51.4436
51.4525
51.4626
50.3108
50.3293
50.3379
50.339
50.3387
50.3397
50.3435
50.3513
50.3575
50.3613
50.3639
50.3659
50.3678
50.3694
50.3706
50.3713
50.3719
50.3723
50.3728
50.3732
50.3738
50.3743
50.3749
50.3755
50.3762
50.3768
50.3775
50.3782
50.3789
50.3796
50.3804
50.3811
50.3819
50.3827
50.3835
50.3843
50.385
50.3858
50.3865
50.3871
50.3876
50.3881
50.3886
50.3889
50.3892
50.3894
50.3895
50.3895
50.3895
50.3894
50.3893
50.3891
50.389
50.3888
50.3887
50.3886
50.3886
50.3886
50.3887
50.3888
50.3891
50.3895
50.3899
50.3905
50.3911
50.3918
50.3927
50.3936
50.3946
50.3956
50.3967
50.3979
50.399
50.4002
50.4014
50.4026
50.4038
50.405
50.4062
50.4073
50.4083
50.4093
50.4103
50.4112
50.412
50.4128
50.4134
50.4141
50.4146
50.4151
50.4155
50.4158
50.4161
50.4164
50.4166
50.4167
50.4168
50.4169
50.4169
50.4169
50.4169
50.4168
50.4168
50.4167
50.4166
50.4165
50.4164
50.4164
50.4163
50.4162
50.4162
50.4161
50.4161
50.4161
50.4161
50.4161
50.4162
50.4162
50.4163
50.4164
50.4165
50.4166
50.4167
50.4169
50.417
50.4172
50.4173
50.4175
50.4176
50.4178
50.4179
50.418
50.4181
50.4182
50.4183
50.4184
50.4184
50.4185
50.4185
50.4185
50.4185
50.4185
50.4184
50.4184
50.4183
50.4182
50.4181
50.418
50.4179
50.4178
50.4177
50.4176
50.4175
50.4175
50.4174
50.4173
50.4173
50.4173
50.4173
50.4173
50.4173
50.4174
50.4175
50.4176
50.4178
50.4179
50.4181
50.4184
50.4186
50.4189
50.4193
50.4196
50.42
50.4205
50.4209
50.4214
50.422
50.4225
50.4231
50.4237
50.4243
50.425
50.4257
50.4264
50.4271
50.4279
50.4286
50.4294
50.4302
50.4309
50.4317
50.4324
50.4331
50.4338
50.4345
50.4351
50.4357
50.4362
50.4367
50.4371
50.4375
50.4377
50.438
50.4381
50.4382
50.4382
50.4382
50.4381
50.438
50.4379
50.4377
50.4376
50.4374
50.4373
50.4373
50.4372
50.4373
50.4374
50.4377
50.438
50.4384
50.4389
50.4395
50.4402
50.441
50.4419
50.4429
50.4439
50.445
50.4462
50.4474
50.4486
50.4498
50.451
50.4522
50.4534
50.4546
50.4557
50.4568
50.4578
50.4588
50.4597
50.4605
50.4613
50.462
50.4627
50.4633
50.4639
50.4644
50.4648
50.4652
50.4656
50.4659
50.4661
50.4664
50.4666
50.4667
50.4669
50.467
50.4671
50.4672
50.4673
50.4674
50.4674
50.4675
50.4675
50.4675
50.4676
50.4676
50.4676
50.4676
50.4676
50.4676
50.4676
50.4676
50.4677
50.4677
50.4677
50.4677
50.4677
50.4677
50.4677
50.4677
50.4677
50.4677
50.4677
50.4677
50.4677
50.4677
50.4677
50.4677
50.4677
50.4677
50.4677
50.4677
50.4677
50.4677
50.4677
50.4677
50.4677
50.4677
50.4677
50.4677
50.4677
50.4677
50.4677
50.4677
50.4677
50.4677
50.4677
50.4677
50.4677
50.4677
50.4677
50.4677
50.4677
50.4677
50.4677
50.4677
50.4677
50.4677
50.4677
50.4677
50.4677
50.4677
50.4677
50.4677
50.4677
50.4677
50.4677
50.4677
50.4677
50.4677
50.4677
50.4677
50.4677
50.4677
50.4677
50.4677
50.4677
50.4677
50.4677
50.4677
50.4677
50.4677
50.4677
50.4677
50.4677
50.4677
50.4677
50.4677
50.4677
50.4677
50.4677
50.4677
50.4677
50.4677
50.4677
50.4677
50.4677
50.4677
50.4677
50.4677
50.4677
50.4677
50.4677
50.4677
50.4677
50.4677
50.4677
50.4677
50.4677
50.4677
50.4677
50.4677
50.4677
50.4677
50.4677
50.4677
50.4677
50.4677
50.4677
50.4677
50.4677
50.4677
50.4677
50.4678
50.4678
50.4678
50.4678
50.4679
50.4679
50.4679
50.468
50.4681
50.4681
50.4682
50.4683
50.4684
50.4686
50.4687
50.4689
50.469
50.4692
50.4695
50.4697
50.47
50.4703
50.4706
50.471
50.4714
50.4719
50.4723
50.4729
50.4734
50.474
50.4747
50.4753
50.4761
50.4768
50.4777
50.4785
50.4795
50.4804
50.4814
50.4825
50.4836
50.4848
50.486
50.4873
50.4886
50.49
50.4914
50.4929
50.4944
50.496
50.4976
50.4993
50.501
50.5028
50.5047
50.5066
50.5085
50.5105
50.5126
50.5147
50.5169
50.5191
50.5214
50.5237
50.5261
50.5285
50.531
50.5336
50.5362
50.5388
50.5415
50.5443
50.5471
50.55
50.5529
50.5559
50.5589
50.562
50.5652
50.5684
50.5716
50.5749
50.5783
50.5817
50.5852
50.5887
50.5923
50.596
50.5996
50.6034
50.6072
50.6111
50.615
50.619
50.623
50.6271
50.6312
50.6354
50.6396
50.6439
50.6483
50.6527
50.6572
50.6617
50.6663
50.6709
50.6756
50.6803
50.6851
50.69
50.6949
50.6999
50.7049
50.7099
50.7151
50.7202
50.7255
50.7307
50.7361
50.7415
50.7469
50.7524
50.758
50.7636
50.7692
50.7749
50.7807
50.7865
50.7924
50.7983
50.8043
50.8103
50.8164
50.8225
50.8287
50.8349
50.8412
50.8476
50.854
50.8604
50.8669
50.8734
50.88
50.8867
50.8934
50.9001
50.9069
50.9137
50.9206
50.9276
50.9345
50.9416
50.9487
50.9558
50.963
50.9702
50.9775
50.9848
50.9922
50.9996
51.0071
51.0146
51.0222
51.0298
51.0374
51.0451
51.0529
51.0606
51.0685
51.0763
51.0843
51.0922
51.1002
51.1083
51.1164
51.1245
51.1327
51.1409
51.1492
51.1575
51.1658
51.1742
51.1827
51.1911
51.1996
51.2082
51.2168
51.2254
51.2341
51.2428
51.2515
51.2603
51.2691
51.278
51.2869
51.2958
51.3047
51.3137
51.3228
51.3319
51.341
51.3501
51.3593
51.3685
51.3777
51.3871
51.3962
51.4058
51.4149
51.4246
51.4336
51.4436
51.4525
51.4626
50.3504
50.3524
50.3556
50.3563
50.356
50.356
50.3559
50.3555
50.3564
50.3575
50.3572
50.3555
50.3563
50.3588
50.3648
50.37
50.3725
50.3734
50.3739
50.374
50.3742
50.3746
50.375
50.3756
50.3762
50.3768
50.3775
50.3782
50.3789
50.3796
50.3804
50.3811
50.3819
50.3827
50.3835
50.3843
50.385
50.3858
50.3865
50.3871
50.3876
50.3881
50.3886
50.3889
50.3892
50.3894
50.3895
50.3895
50.3895
50.3894
50.3893
50.3891
50.389
50.3888
50.3887
50.3886
50.3886
50.3886
50.3887
50.3888
50.3891
50.3895
50.3899
50.3905
50.3911
50.3918
50.3927
50.3936
50.3946
50.3956
50.3967
50.3979
50.399
50.4002
50.4014
50.4026
50.4038
50.405
50.4062
50.4073
50.4083
50.4093
50.4103
50.4112
50.412
50.4128
50.4134
50.4141
50.4146
50.4151
50.4155
50.4158
50.4161
50.4164
50.4166
50.4167
50.4168
50.4169
50.4169
50.4169
50.4169
50.4168
50.4168
50.4167
50.4166
50.4165
50.4164
50.4164
50.4163
50.4162
50.4162
50.4161
50.4161
50.4161
50.4161
50.4161
50.4162
50.4162
50.4163
50.4164
50.4165
50.4166
50.4167
50.4169
50.417
50.4172
50.4173
50.4175
50.4176
50.4178
50.4179
50.418
50.4181
50.4182
50.4183
50.4184
50.4184
50.4185
50.4185
50.4185
50.4185
50.4185
50.4184
50.4184
50.4183
50.4182
50.4181
50.418
50.4179
50.4178
50.4177
50.4176
50.4175
50.4175
50.4174
50.4173
50.4173
50.4173
50.4173
50.4173
50.4173
50.4174
50.4175
50.4176
50.4178
50.4179
50.4181
50.4184
50.4186
50.4189
50.4193
50.4196
50.42
50.4205
50.4209
50.4214
50.422
50.4225
50.4231
50.4237
50.4243
50.425
50.4257
50.4264
50.4271
50.4279
50.4286
50.4294
50.4302
50.4309
50.4317
50.4324
50.4331
50.4338
50.4345
50.4351
50.4357
50.4362
50.4367
50.4371
50.4375
50.4377
50.438
50.4381
50.4382
50.4382
50.4382
50.4381
50.438
50.4379
50.4377
50.4376
50.4374
50.4373
50.4373
50.4372
50.4373
50.4374
50.4377
50.438
50.4384
50.4389
50.4395
50.4402
50.441
50.4419
50.4429
50.4439
50.445
50.4462
50.4474
50.4486
50.4498
50.451
50.4522
50.4534
50.4546
50.4557
50.4568
50.4578
50.4588
50.4597
50.4605
50.4613
50.462
50.4627
50.4633
50.4639
50.4644
50.4648
50.4652
50.4656
50.4659
50.4661
50.4664
50.4666
50.4667
50.4669
50.467
50.4671
50.4672
50.4673
50.4674
50.4674
50.4675
50.4675
50.4675
50.4676
50.4676
50.4676
50.4676
50.4676
50.4676
50.4676
50.4676
50.4677
50.4677
50.4677
50.4677
50.4677
50.4677
50.4677
50.4677
50.4677
50.4677
50.4677
50.4677
50.4677
50.4677
50.4677
50.4677
50.4677
50.4677
50.4677
50.4677
50.4677
50.4677
50.4677
50.4677
50.4677
50.4677
50.4677
50.4677
50.4677
50.4677
50.4677
50.4677
50.4677
50.4677
50.4677
50.4677
50.4677
50.4677
50.4677
50.4677
50.4677
50.4677
50.4677
50.4677
50.4677
50.4677
50.4677
50.4677
50.4677
50.4677
50.4677
50.4677
50.4677
50.4677
50.4677
50.4677
50.4677
50.4677
50.4677
50.4677
50.4677
50.4677
50.4677
50.4677
50.4677
50.4677
50.4677
50.4677
50.4677
50.4677
50.4677
50.4677
50.4677
50.4677
50.4677
50.4677
50.4677
50.4677
50.4677
50.4677
50.4677
50.4677
50.4677
50.4677
50.4677
50.4677
50.4677
50.4677
50.4677
50.4677
50.4677
50.4677
50.4677
50.4677
50.4677
50.4677
50.4677
50.4677
50.4677
50.4677
50.4677
50.4677
50.4677
50.4677
50.4677
50.4677
50.4677
50.4677
50.4677
50.4677
50.4677
50.4678
50.4678
50.4678
50.4678
50.4679
50.4679
50.4679
50.468
50.4681
50.4681
50.4682
50.4683
50.4684
50.4686
50.4687
50.4689
50.469
50.4692
50.4695
50.4697
50.47
50.4703
50.4706
50.471
50.4714
50.4719
50.4723
50.4729
50.4734
50.474
50.4747
50.4753
50.4761
50.4768
50.4777
50.4785
50.4795
50.4804
50.4814
50.4825
50.4836
50.4848
50.486
50.4873
50.4886
50.49
50.4914
50.4929
50.4944
50.496
50.4976
50.4993
50.501
50.5028
50.5047
50.5066
50.5085
50.5105
50.5126
50.5147
50.5169
50.5191
50.5214
50.5237
50.5261
50.5285
50.531
50.5336
50.5362
50.5388
50.5415
50.5443
50.5471
50.55
50.5529
50.5559
50.5589
50.562
50.5652
50.5684
50.5716
50.5749
50.5783
50.5817
50.5852
50.5887
50.5923
50.596
50.5996
50.6034
50.6072
50.6111
50.615
50.619
50.623
50.6271
50.6312
50.6354
50.6396
50.6439
50.6483
50.6527
50.6572
50.6617
50.6663
50.6709
50.6756
50.6803
50.6851
50.69
50.6949
50.6999
50.7049
50.7099
50.7151
50.7202
50.7255
50.7307
50.7361
50.7415
50.7469
50.7524
50.758
50.7636
50.7692
50.7749
50.7807
50.7865
50.7924
50.7983
50.8043
50.8103
50.8164
50.8225
50.8287
50.8349
50.8412
50.8476
50.854
50.8604
50.8669
50.8734
50.88
50.8867
50.8934
50.9001
50.9069
50.9137
50.9206
50.9276
50.9345
50.9416
50.9487
50.9558
50.963
50.9702
50.9775
50.9848
50.9922
50.9996
51.0071
51.0146
51.0222
51.0298
51.0374
51.0451
51.0529
51.0606
51.0685
51.0763
51.0843
51.0922
51.1002
51.1083
51.1164
51.1245
51.1327
51.1409
51.1492
51.1575
51.1658
51.1742
51.1827
51.1911
51.1996
51.2082
51.2168
51.2254
51.2341
51.2428
51.2515
51.2603
51.2691
51.278
51.2869
51.2958
51.3047
51.3137
51.3228
51.3319
51.341
51.3501
51.3593
51.3685
51.3777
51.3871
51.3962
51.4058
51.4149
51.4246
51.4336
51.4436
51.4525
51.4626
50.3373
50.3435
50.3475
50.3485
50.3481
50.3472
50.3467
50.3484
50.3538
50.3585
50.3573
50.3353
50.3025
50.2927
50.2957
50.314
50.3409
50.3573
50.366
50.3704
50.3727
50.3739
50.3748
50.3755
50.3761
50.3768
50.3774
50.3781
50.3788
50.3796
50.3803
50.3811
50.3819
50.3827
50.3835
50.3843
50.385
50.3857
50.3864
50.3871
50.3876
50.3881
50.3885
50.3889
50.3891
50.3893
50.3894
50.3895
50.3895
50.3894
50.3893
50.3891
50.389
50.3888
50.3887
50.3886
50.3885
50.3886
50.3886
50.3888
50.3891
50.3894
50.3899
50.3904
50.3911
50.3918
50.3926
50.3936
50.3945
50.3956
50.3967
50.3978
50.399
50.4002
50.4014
50.4026
50.4038
50.405
50.4061
50.4072
50.4083
50.4093
50.4103
50.4112
50.412
50.4127
50.4134
50.414
50.4146
50.4151
50.4155
50.4158
50.4161
50.4164
50.4165
50.4167
50.4168
50.4168
50.4169
50.4169
50.4168
50.4168
50.4167
50.4167
50.4166
50.4165
50.4164
50.4163
50.4163
50.4162
50.4161
50.4161
50.4161
50.4161
50.4161
50.4161
50.4161
50.4162
50.4163
50.4164
50.4165
50.4166
50.4167
50.4169
50.417
50.4171
50.4173
50.4175
50.4176
50.4177
50.4179
50.418
50.4181
50.4182
50.4183
50.4184
50.4184
50.4185
50.4185
50.4185
50.4185
50.4184
50.4184
50.4183
50.4183
50.4182
50.4181
50.418
50.4179
50.4178
50.4177
50.4176
50.4175
50.4174
50.4174
50.4173
50.4173
50.4173
50.4173
50.4173
50.4173
50.4174
50.4175
50.4176
50.4177
50.4179
50.4181
50.4183
50.4186
50.4189
50.4193
50.4196
50.42
50.4204
50.4209
50.4214
50.4219
50.4225
50.4231
50.4237
50.4243
50.425
50.4257
50.4264
50.4271
50.4279
50.4286
50.4294
50.4301
50.4309
50.4317
50.4324
50.4331
50.4338
50.4345
50.4351
50.4357
50.4362
50.4367
50.4371
50.4374
50.4377
50.4379
50.4381
50.4382
50.4382
50.4382
50.4381
50.438
50.4378
50.4377
50.4375
50.4374
50.4373
50.4372
50.4372
50.4373
50.4374
50.4376
50.438
50.4384
50.4389
50.4395
50.4402
50.441
50.4419
50.4429
50.4439
50.445
50.4462
50.4473
50.4486
50.4498
50.451
50.4522
50.4534
50.4545
50.4557
50.4567
50.4578
50.4587
50.4596
50.4605
50.4613
50.462
50.4627
50.4633
50.4638
50.4643
50.4648
50.4652
50.4655
50.4658
50.4661
50.4663
50.4665
50.4667
50.4669
50.467
50.4671
50.4672
50.4673
50.4673
50.4674
50.4674
50.4675
50.4675
50.4675
50.4676
50.4676
50.4676
50.4676
50.4676
50.4676
50.4676
50.4676
50.4676
50.4676
50.4676
50.4676
50.4676
50.4676
50.4676
50.4676
50.4676
50.4676
50.4676
50.4676
50.4676
50.4676
50.4676
50.4676
50.4676
50.4676
50.4676
50.4676
50.4676
50.4676
50.4676
50.4676
50.4676
50.4676
50.4676
50.4676
50.4676
50.4676
50.4676
50.4676
50.4676
50.4676
50.4676
50.4676
50.4676
50.4676
50.4676
50.4676
50.4676
50.4676
50.4676
50.4676
50.4676
50.4676
50.4676
50.4676
50.4676
50.4676
50.4676
50.4676
50.4676
50.4676
50.4676
50.4676
50.4676
50.4676
50.4676
50.4676
50.4676
50.4676
50.4676
50.4676
50.4676
50.4676
50.4676
50.4676
50.4676
50.4676
50.4676
50.4676
50.4676
50.4676
50.4676
50.4676
50.4676
50.4676
50.4676
50.4676
50.4676
50.4676
50.4676
50.4676
50.4676
50.4676
50.4676
50.4676
50.4676
50.4676
50.4676
50.4676
50.4676
50.4676
50.4676
50.4676
50.4676
50.4676
50.4676
50.4677
50.4677
50.4677
50.4677
50.4677
50.4677
50.4677
50.4677
50.4677
50.4677
50.4677
50.4677
50.4677
50.4678
50.4678
50.4678
50.4679
50.4679
50.468
50.468
50.4681
50.4682
50.4683
50.4684
50.4685
50.4687
50.4688
50.469
50.4692
50.4694
50.4697
50.47
50.4703
50.4706
50.471
50.4714
50.4718
50.4723
50.4728
50.4734
50.474
50.4746
50.4753
50.476
50.4768
50.4776
50.4785
50.4794
50.4804
50.4814
50.4825
50.4836
50.4848
50.486
50.4873
50.4886
50.4899
50.4914
50.4928
50.4944
50.496
50.4976
50.4993
50.501
50.5028
50.5047
50.5066
50.5085
50.5105
50.5126
50.5147
50.5169
50.5191
50.5214
50.5237
50.5261
50.5285
50.531
50.5335
50.5361
50.5388
50.5415
50.5443
50.5471
50.55
50.5529
50.5559
50.5589
50.562
50.5651
50.5683
50.5716
50.5749
50.5783
50.5817
50.5852
50.5887
50.5923
50.5959
50.5996
50.6034
50.6072
50.611
50.615
50.6189
50.623
50.627
50.6312
50.6354
50.6396
50.6439
50.6483
50.6527
50.6572
50.6617
50.6663
50.6709
50.6756
50.6803
50.6851
50.69
50.6949
50.6998
50.7048
50.7099
50.715
50.7202
50.7254
50.7307
50.7361
50.7414
50.7469
50.7524
50.7579
50.7635
50.7692
50.7749
50.7807
50.7865
50.7924
50.7983
50.8043
50.8103
50.8164
50.8225
50.8287
50.8349
50.8412
50.8475
50.8539
50.8604
50.8669
50.8734
50.88
50.8866
50.8933
50.9001
50.9069
50.9137
50.9206
50.9275
50.9345
50.9416
50.9486
50.9558
50.963
50.9702
50.9775
50.9848
50.9922
50.9996
51.0071
51.0146
51.0221
51.0297
51.0374
51.0451
51.0528
51.0606
51.0684
51.0763
51.0842
51.0922
51.1002
51.1083
51.1164
51.1245
51.1327
51.1409
51.1492
51.1575
51.1658
51.1742
51.1826
51.1911
51.1996
51.2082
51.2167
51.2254
51.234
51.2427
51.2515
51.2603
51.2691
51.2779
51.2868
51.2958
51.3047
51.3137
51.3228
51.3318
51.3409
51.3501
51.3592
51.3685
51.3776
51.3871
51.3962
51.4058
51.4148
51.4246
51.4336
51.4436
51.4525
51.4626
)
;

boundaryField
{
    inlet
    {
        type            calculated;
        value           nonuniform List<scalar> 5(50.5195 50.5195 50.5195 50.5195 50.5195);
    }
    outlet
    {
        type            calculated;
        value           nonuniform List<scalar> 5(51.4686 51.4686 51.4686 51.4686 51.4686);
    }
    sides
    {
        type            empty;
    }
    walls
    {
        type            calculated;
        value           nonuniform List<scalar> 
2760
(
50.5195
50.5197
50.5198
50.5196
50.5191
50.5185
50.5178
50.517
50.5161
50.5152
50.5142
50.5131
50.5121
50.5111
50.5102
50.5093
50.5085
50.5078
50.5072
50.5067
50.5064
50.5062
50.5061
50.5061
50.5063
50.5066
50.507
50.5074
50.508
50.5086
50.5093
50.5101
50.5109
50.5117
50.5125
50.5133
50.5142
50.515
50.5158
50.5166
50.5174
50.5182
50.5189
50.5196
50.5203
50.521
50.5216
50.5222
50.5227
50.5232
50.5237
50.5241
50.5245
50.5249
50.5252
50.5255
50.5258
50.526
50.5262
50.5263
50.5264
50.5265
50.5266
50.5266
50.5266
50.5266
50.5265
50.5265
50.5264
50.5263
50.5262
50.5261
50.526
50.5259
50.5258
50.5257
50.5257
50.5256
50.5255
50.5255
50.5255
50.5255
50.5255
50.5255
50.5256
50.5257
50.5258
50.5259
50.5261
50.5262
50.5264
50.5266
50.5267
50.5269
50.5271
50.5272
50.5274
50.5275
50.5277
50.5278
50.5279
50.5279
50.528
50.528
50.528
50.528
50.5279
50.5278
50.5277
50.5276
50.5275
50.5274
50.5273
50.5271
50.527
50.5268
50.5267
50.5266
50.5265
50.5264
50.5264
50.5264
50.5264
50.5264
50.5265
50.5266
50.5267
50.5269
50.5271
50.5273
50.5275
50.5278
50.5281
50.5284
50.5288
50.5291
50.5295
50.5299
50.5303
50.5308
50.5312
50.5318
50.5323
50.5329
50.5336
50.5343
50.5351
50.5359
50.5368
50.5378
50.5388
50.5399
50.5411
50.5423
50.5435
50.5448
50.5461
50.5473
50.5486
50.5499
50.5511
50.5523
50.5534
50.5545
50.5555
50.5564
50.5572
50.5579
50.5586
50.5591
50.5595
50.5599
50.5602
50.5604
50.5606
50.5607
50.5608
50.5609
50.5609
50.561
50.5612
50.5613
50.5616
50.5618
50.5622
50.5626
50.563
50.5635
50.5641
50.5647
50.5653
50.5659
50.5666
50.5673
50.5681
50.5688
50.5697
50.5704
50.5718
50.5699
50.5195
50.5197
50.5198
50.5196
50.5191
50.5185
50.5178
50.517
50.5161
50.5152
50.5142
50.5131
50.5121
50.5111
50.5102
50.5093
50.5085
50.5078
50.5072
50.5067
50.5064
50.5062
50.5061
50.5061
50.5063
50.5066
50.507
50.5074
50.508
50.5086
50.5093
50.5101
50.5109
50.5117
50.5125
50.5133
50.5142
50.515
50.5158
50.5166
50.5174
50.5182
50.5189
50.5196
50.5203
50.521
50.5216
50.5222
50.5227
50.5232
50.5237
50.5241
50.5245
50.5249
50.5252
50.5255
50.5258
50.526
50.5262
50.5263
50.5264
50.5265
50.5266
50.5266
50.5266
50.5266
50.5265
50.5265
50.5264
50.5263
50.5262
50.5261
50.526
50.5259
50.5258
50.5257
50.5257
50.5256
50.5255
50.5255
50.5255
50.5255
50.5255
50.5255
50.5256
50.5257
50.5258
50.5259
50.5261
50.5262
50.5264
50.5266
50.5267
50.5269
50.5271
50.5272
50.5274
50.5275
50.5277
50.5278
50.5279
50.5279
50.528
50.528
50.528
50.528
50.5279
50.5278
50.5277
50.5276
50.5275
50.5274
50.5273
50.5271
50.527
50.5268
50.5267
50.5266
50.5265
50.5264
50.5264
50.5264
50.5264
50.5264
50.5265
50.5266
50.5267
50.5269
50.5271
50.5273
50.5275
50.5278
50.5281
50.5284
50.5288
50.5291
50.5295
50.5299
50.5303
50.5308
50.5312
50.5318
50.5323
50.5329
50.5336
50.5343
50.5351
50.5359
50.5368
50.5378
50.5388
50.5399
50.5411
50.5423
50.5435
50.5448
50.5461
50.5473
50.5486
50.5499
50.5511
50.5523
50.5534
50.5545
50.5555
50.5564
50.5572
50.5579
50.5586
50.5591
50.5595
50.5599
50.5602
50.5604
50.5606
50.5607
50.5608
50.5609
50.5609
50.561
50.5612
50.5613
50.5616
50.5618
50.5622
50.5626
50.563
50.5635
50.5641
50.5647
50.5653
50.5659
50.5666
50.5673
50.568
50.5688
50.5696
50.5705
50.57
50.5829
50.588
50.5947
50.5956
50.5939
50.5922
50.5906
50.5888
50.5878
50.5898
50.5906
50.5869
50.5777
50.5671
50.5587
50.5514
50.5449
50.5426
50.5492
50.5616
50.5635
50.5426
50.531
50.5268
50.5263
50.5244
50.5197
50.5136
50.5058
50.4986
50.4902
50.4825
50.4743
50.4668
50.4593
50.453
50.4468
50.4419
50.4375
50.4342
50.4326
50.4903
50.4599
50.4703
50.476
50.4697
50.4656
50.4663
50.4674
50.468
50.4679
50.4659
50.4492
50.3735
50.2881
50.267
50.2879
50.3945
50.5057
50.5471
50.5508
50.5362
50.5094
50.4942
50.4869
50.4838
50.4827
50.4825
50.4827
50.4832
50.4837
50.4844
50.4851
50.4858
50.4866
50.4875
50.4884
50.4893
50.4903
50.4913
50.4923
50.4934
50.4944
50.4955
50.4966
50.4977
50.4988
50.4998
50.5008
50.5018
50.5028
50.5037
50.5045
50.5053
50.506
50.5066
50.5072
50.5077
50.5082
50.5085
50.5089
50.5091
50.5094
50.5095
50.5097
50.5098
50.5099
50.51
50.5101
50.5102
50.5103
50.5104
50.5105
50.5106
50.5108
50.511
50.5112
50.5115
50.5118
50.5121
50.5124
50.5128
50.5132
50.5136
50.5141
50.5146
50.515
50.5156
50.5161
50.5166
50.5172
50.5177
50.5183
50.5189
50.5195
50.5201
50.5207
50.5213
50.5219
50.5226
50.5232
50.5239
50.5245
50.5252
50.5258
50.5264
50.5271
50.5277
50.5283
50.5289
50.5295
50.53
50.5306
50.5311
50.5315
50.532
50.5323
50.5327
50.533
50.5332
50.5334
50.5336
50.5337
50.5337
50.5338
50.5337
50.5337
50.5335
50.5334
50.5332
50.533
50.5327
50.5325
50.5322
50.5319
50.5316
50.5312
50.5309
50.5306
50.5303
50.53
50.5297
50.5294
50.5291
50.5289
50.5287
50.5285
50.5284
50.5283
50.5283
50.5282
50.5283
50.5283
50.5285
50.5286
50.5289
50.5291
50.5294
50.5297
50.5301
50.5304
50.5308
50.5312
50.5316
50.532
50.5324
50.5328
50.5332
50.5335
50.5338
50.5341
50.5343
50.5345
50.5346
50.5347
50.5347
50.5347
50.5347
50.5346
50.5345
50.5344
50.5342
50.534
50.5337
50.5334
50.5332
50.5328
50.5325
50.5322
50.5318
50.5314
50.531
50.5307
50.5303
50.5299
50.5296
50.5293
50.529
50.5288
50.5275
50.5356
50.4524
50.4567
50.4575
50.457
50.4565
50.4564
50.4571
50.4576
50.4569
50.4569
50.4582
50.4642
50.4723
50.4734
50.4611
50.4189
50.3914
50.386
50.3914
50.4154
50.4438
50.4613
50.4712
50.4764
50.4791
50.4806
50.4816
50.4823
50.483
50.4836
50.4843
50.485
50.4858
50.4866
50.4875
50.4884
50.4893
50.4903
50.4913
50.4923
50.4934
50.4944
50.4955
50.4966
50.4977
50.4988
50.4998
50.5008
50.5018
50.5028
50.5037
50.5045
50.5053
50.506
50.5066
50.5072
50.5077
50.5082
50.5085
50.5089
50.5091
50.5094
50.5095
50.5097
50.5098
50.5099
50.51
50.5101
50.5102
50.5103
50.5104
50.5105
50.5106
50.5108
50.511
50.5112
50.5115
50.5118
50.5121
50.5124
50.5128
50.5132
50.5136
50.5141
50.5146
50.515
50.5156
50.5161
50.5166
50.5172
50.5177
50.5183
50.5189
50.5195
50.5201
50.5207
50.5213
50.5219
50.5226
50.5232
50.5239
50.5245
50.5252
50.5258
50.5264
50.5271
50.5277
50.5283
50.5289
50.5295
50.53
50.5306
50.5311
50.5315
50.532
50.5323
50.5327
50.533
50.5332
50.5334
50.5336
50.5337
50.5337
50.5338
50.5337
50.5337
50.5335
50.5334
50.5332
50.533
50.5327
50.5325
50.5322
50.5319
50.5316
50.5312
50.5309
50.5306
50.5303
50.53
50.5297
50.5294
50.5291
50.5289
50.5287
50.5285
50.5284
50.5283
50.5283
50.5282
50.5283
50.5283
50.5285
50.5286
50.5289
50.5291
50.5294
50.5297
50.5301
50.5304
50.5308
50.5312
50.5316
50.532
50.5324
50.5328
50.5332
50.5335
50.5338
50.5341
50.5343
50.5345
50.5346
50.5347
50.5347
50.5347
50.5347
50.5346
50.5345
50.5344
50.5342
50.534
50.5337
50.5334
50.5332
50.5328
50.5325
50.5322
50.5318
50.5314
50.531
50.5307
50.5303
50.5299
50.5296
50.5293
50.529
50.5288
50.5291
50.5277
50.5005
50.4883
50.4838
50.4829
50.4807
50.4759
50.4694
50.4626
50.4548
50.4472
50.4394
50.4313
50.4241
50.4169
50.4108
50.4048
50.4
50.3956
50.3923
50.3906
50.5426
50.5491
50.5498
50.548
50.5464
50.5448
50.5434
50.5432
50.5443
50.5428
50.5371
50.5272
50.5187
50.5118
50.5054
50.5011
50.5041
50.5133
50.5227
50.5174
50.41
50.4139
50.414
50.4131
50.4124
50.4122
50.4125
50.413
50.4125
50.4118
50.4125
50.416
50.4253
50.4286
50.4233
50.3894
50.3524
50.3407
50.3428
50.3591
50.3901
50.4114
50.4241
50.4312
50.435
50.4373
50.4388
50.44
50.4412
50.4423
50.4434
50.4446
50.4458
50.4471
50.4485
50.4499
50.4513
50.4528
50.4544
50.4559
50.4575
50.4592
50.4608
50.4624
50.4641
50.4657
50.4673
50.4688
50.4703
50.4717
50.4731
50.4744
50.4756
50.4768
50.4778
50.4787
50.4795
50.4802
50.4809
50.4814
50.4818
50.4821
50.4823
50.4824
50.4825
50.4825
50.4824
50.4824
50.4822
50.4821
50.482
50.4818
50.4818
50.4817
50.4817
50.4818
50.4819
50.4821
50.4824
50.4828
50.4833
50.4839
50.4846
50.4853
50.4862
50.4871
50.4881
50.4892
50.4904
50.4916
50.4928
50.4941
50.4955
50.4969
50.4983
50.4998
50.5011
50.5027
50.5031
50.5127
50.4374
50.415
50.4282
50.4332
50.4254
50.421
50.4211
50.4216
50.4217
50.4217
50.4211
50.4137
50.3688
50.2732
50.2317
50.2361
50.2997
50.4271
50.4908
50.5052
50.4992
50.4743
50.455
50.4456
50.4416
50.4402
50.4401
50.4407
50.4415
50.4424
50.4435
50.4446
50.4459
50.4471
50.4485
50.4499
50.4513
50.4528
50.4544
50.4559
50.4575
50.4592
50.4608
50.4624
50.4641
50.4657
50.4673
50.4688
50.4703
50.4717
50.4731
50.4744
50.4756
50.4768
50.4778
50.4787
50.4795
50.4802
50.4809
50.4814
50.4818
50.4821
50.4823
50.4824
50.4825
50.4825
50.4824
50.4824
50.4822
50.4821
50.482
50.4818
50.4818
50.4817
50.4817
50.4818
50.4819
50.4821
50.4824
50.4828
50.4833
50.4839
50.4846
50.4853
50.4862
50.4871
50.4881
50.4892
50.4904
50.4916
50.4928
50.4941
50.4955
50.4968
50.4983
50.4997
50.5013
50.5028
50.5048
50.505
50.4795
50.4677
50.4635
50.4629
50.461
50.4566
50.4504
50.444
50.4365
50.4293
50.4217
50.414
50.407
50.4001
50.3942
50.3886
50.384
50.3798
50.3768
50.3754
50.5205
50.5275
50.5287
50.5273
50.5261
50.5249
50.5239
50.5239
50.5254
50.5245
50.5193
50.5097
50.5014
50.4949
50.4888
50.4847
50.4878
50.4973
50.5073
50.5028
50.3954
50.4007
50.4022
50.4024
50.4027
50.4033
50.4045
50.4055
50.4053
50.4058
50.4077
50.4144
50.4211
50.4212
50.4045
50.3616
50.3394
50.3367
50.3444
50.3715
50.3971
50.4123
50.4205
50.4245
50.4264
50.4271
50.4274
50.4274
50.4273
50.4271
50.4269
50.4267
50.4264
50.4262
50.426
50.4258
50.4256
50.4255
50.4253
50.4252
50.4251
50.425
50.425
50.425
50.425
50.4251
50.4252
50.4253
50.4255
50.4256
50.4259
50.4261
50.4263
50.4266
50.4268
50.4271
50.4274
50.4276
50.4279
50.4282
50.4284
50.4287
50.4289
50.4291
50.4293
50.4295
50.4296
50.4297
50.4298
50.4299
50.4299
50.4299
50.4299
50.4299
50.4298
50.4297
50.4296
50.4295
50.4293
50.4291
50.4289
50.4287
50.4284
50.4282
50.428
50.4277
50.4274
50.4272
50.427
50.4267
50.4265
50.4263
50.4261
50.4259
50.4258
50.4257
50.4256
50.4256
50.4255
50.4256
50.4256
50.4257
50.4258
50.4259
50.4261
50.4263
50.4266
50.4268
50.4271
50.4274
50.4277
50.428
50.4284
50.4287
50.4291
50.4295
50.4298
50.4302
50.4306
50.4309
50.4312
50.4316
50.4319
50.4322
50.4325
50.4328
50.4331
50.4334
50.4337
50.4339
50.4342
50.4345
50.4348
50.4351
50.4354
50.4357
50.436
50.4363
50.4367
50.437
50.4374
50.4378
50.4382
50.4386
50.439
50.4395
50.4399
50.4404
50.4409
50.4413
50.4418
50.4423
50.4428
50.4433
50.4438
50.4443
50.4447
50.4452
50.4456
50.446
50.4464
50.4468
50.4471
50.4474
50.4476
50.4478
50.448
50.4482
50.4483
50.4483
50.4484
50.4484
50.4484
50.4484
50.4484
50.4484
50.4484
50.4485
50.4485
50.4486
50.4488
50.4489
50.4492
50.4494
50.4497
50.4501
50.4505
50.4509
50.4514
50.4519
50.4525
50.4531
50.4537
50.4544
50.4551
50.4558
50.4567
50.4575
50.4588
50.4582
50.4225
50.4021
50.4169
50.4219
50.415
50.4121
50.4133
50.4147
50.4155
50.4157
50.4138
50.3958
50.3194
50.2456
50.2311
50.2565
50.3651
50.4609
50.4931
50.4939
50.477
50.4528
50.4397
50.4332
50.4302
50.4288
50.4281
50.4277
50.4274
50.4271
50.4269
50.4267
50.4264
50.4262
50.426
50.4258
50.4256
50.4255
50.4253
50.4252
50.4251
50.425
50.425
50.425
50.425
50.4251
50.4252
50.4253
50.4255
50.4256
50.4259
50.4261
50.4263
50.4266
50.4268
50.4271
50.4274
50.4276
50.4279
50.4282
50.4284
50.4287
50.4289
50.4291
50.4293
50.4295
50.4296
50.4297
50.4298
50.4299
50.4299
50.4299
50.4299
50.4299
50.4298
50.4297
50.4296
50.4295
50.4293
50.4291
50.4289
50.4287
50.4284
50.4282
50.428
50.4277
50.4274
50.4272
50.427
50.4267
50.4265
50.4263
50.4261
50.4259
50.4258
50.4257
50.4256
50.4256
50.4255
50.4256
50.4256
50.4257
50.4258
50.4259
50.4261
50.4263
50.4266
50.4268
50.4271
50.4274
50.4277
50.428
50.4284
50.4287
50.4291
50.4295
50.4298
50.4302
50.4306
50.4309
50.4312
50.4316
50.4319
50.4322
50.4325
50.4328
50.4331
50.4334
50.4337
50.4339
50.4342
50.4345
50.4348
50.4351
50.4354
50.4357
50.436
50.4363
50.4367
50.437
50.4374
50.4378
50.4382
50.4386
50.439
50.4395
50.4399
50.4404
50.4409
50.4413
50.4418
50.4423
50.4428
50.4433
50.4438
50.4443
50.4447
50.4452
50.4456
50.446
50.4464
50.4468
50.4471
50.4474
50.4476
50.4478
50.448
50.4482
50.4483
50.4483
50.4484
50.4484
50.4484
50.4484
50.4484
50.4484
50.4484
50.4485
50.4485
50.4486
50.4488
50.4489
50.4491
50.4494
50.4497
50.4501
50.4505
50.4509
50.4514
50.4519
50.4525
50.4531
50.4537
50.4544
50.4551
50.4559
50.4565
50.4574
50.4571
50.4667
50.4741
50.481
50.482
50.4803
50.4788
50.4772
50.4756
50.4746
50.4767
50.4772
50.4731
50.4634
50.4536
50.4459
50.4389
50.4324
50.4303
50.4396
50.4503
50.4492
50.4311
50.4188
50.4143
50.4136
50.4115
50.4068
50.4003
50.3935
50.3856
50.3779
50.3699
50.3617
50.3542
50.3468
50.3403
50.3342
50.329
50.3245
50.3209
50.319
50.3621
50.348
50.3615
50.3606
50.3571
50.3574
50.3584
50.357
50.3356
50.2556
50.2039
50.205
50.2603
50.3696
50.417
50.4239
50.4139
50.393
50.3819
50.3771
50.3754
50.375
50.3752
50.3757
50.3762
50.3768
50.3775
50.3781
50.3788
50.3796
50.3803
50.3811
50.3819
50.3827
50.3835
50.3843
50.385
50.3857
50.3864
50.3871
50.3876
50.3881
50.3885
50.3889
50.3891
50.3893
50.3894
50.3895
50.3895
50.3894
50.3893
50.3891
50.389
50.3888
50.3887
50.3886
50.3885
50.3886
50.3886
50.3888
50.3891
50.3894
50.3899
50.3904
50.3911
50.3918
50.3926
50.3936
50.3945
50.3956
50.3967
50.3978
50.399
50.4002
50.4014
50.4026
50.4038
50.405
50.4061
50.4072
50.4083
50.4093
50.4103
50.4112
50.412
50.4127
50.4134
50.414
50.4146
50.4151
50.4155
50.4158
50.4161
50.4164
50.4165
50.4167
50.4168
50.4168
50.4169
50.4169
50.4168
50.4168
50.4167
50.4167
50.4166
50.4165
50.4164
50.4163
50.4163
50.4162
50.4161
50.4161
50.4161
50.4161
50.4161
50.4161
50.4161
50.4162
50.4163
50.4164
50.4165
50.4166
50.4167
50.4169
50.417
50.4171
50.4173
50.4175
50.4176
50.4177
50.4179
50.418
50.4181
50.4182
50.4183
50.4184
50.4184
50.4185
50.4185
50.4185
50.4185
50.4184
50.4184
50.4183
50.4183
50.4182
50.4181
50.418
50.4179
50.4178
50.4177
50.4176
50.4175
50.4174
50.4174
50.4173
50.4173
50.4173
50.4173
50.4173
50.4173
50.4174
50.4175
50.4176
50.4177
50.4179
50.4181
50.4183
50.4186
50.4189
50.4193
50.4196
50.42
50.4204
50.4209
50.4214
50.4219
50.4225
50.4231
50.4237
50.4243
50.425
50.4257
50.4264
50.4271
50.4279
50.4286
50.4294
50.4301
50.4309
50.4317
50.4324
50.4331
50.4338
50.4345
50.4351
50.4357
50.4362
50.4367
50.4371
50.4374
50.4377
50.4379
50.4381
50.4382
50.4382
50.4382
50.4381
50.438
50.4378
50.4377
50.4375
50.4374
50.4373
50.4372
50.4372
50.4373
50.4374
50.4376
50.438
50.4384
50.4389
50.4395
50.4402
50.441
50.4419
50.4429
50.4439
50.445
50.4462
50.4473
50.4486
50.4498
50.451
50.4522
50.4534
50.4545
50.4557
50.4567
50.4578
50.4587
50.4596
50.4605
50.4613
50.462
50.4627
50.4633
50.4638
50.4643
50.4648
50.4652
50.4655
50.4658
50.4661
50.4663
50.4665
50.4667
50.4669
50.467
50.4671
50.4672
50.4673
50.4673
50.4674
50.4674
50.4675
50.4675
50.4675
50.4676
50.4676
50.4676
50.4676
50.4676
50.4676
50.4676
50.4676
50.4676
50.4676
50.4676
50.4676
50.4676
50.4676
50.4676
50.4676
50.4676
50.4676
50.4676
50.4676
50.4676
50.4676
50.4676
50.4676
50.4676
50.4676
50.4676
50.4676
50.4676
50.4676
50.4676
50.4676
50.4676
50.4676
50.4676
50.4676
50.4676
50.4676
50.4676
50.4676
50.4676
50.4676
50.4676
50.4676
50.4676
50.4676
50.4676
50.4676
50.4676
50.4676
50.4676
50.4676
50.4676
50.4676
50.4676
50.4676
50.4676
50.4676
50.4676
50.4676
50.4676
50.4676
50.4676
50.4676
50.4676
50.4676
50.4676
50.4676
50.4676
50.4676
50.4676
50.4676
50.4676
50.4676
50.4676
50.4676
50.4676
50.4676
50.4676
50.4676
50.4676
50.4676
50.4676
50.4676
50.4676
50.4676
50.4676
50.4676
50.4676
50.4676
50.4676
50.4676
50.4676
50.4676
50.4676
50.4676
50.4676
50.4676
50.4676
50.4676
50.4676
50.4676
50.4676
50.4676
50.4676
50.4676
50.4676
50.4677
50.4677
50.4677
50.4677
50.4677
50.4677
50.4677
50.4677
50.4677
50.4677
50.4677
50.4677
50.4677
50.4678
50.4678
50.4678
50.4679
50.4679
50.468
50.468
50.4681
50.4682
50.4683
50.4684
50.4685
50.4687
50.4688
50.469
50.4692
50.4694
50.4697
50.47
50.4703
50.4706
50.471
50.4714
50.4718
50.4723
50.4728
50.4734
50.474
50.4746
50.4753
50.476
50.4768
50.4776
50.4785
50.4794
50.4804
50.4814
50.4825
50.4836
50.4848
50.486
50.4873
50.4886
50.4899
50.4914
50.4928
50.4944
50.496
50.4976
50.4993
50.501
50.5028
50.5047
50.5066
50.5085
50.5105
50.5126
50.5147
50.5169
50.5191
50.5214
50.5237
50.5261
50.5285
50.531
50.5335
50.5361
50.5388
50.5415
50.5443
50.5471
50.55
50.5529
50.5559
50.5589
50.562
50.5651
50.5683
50.5716
50.5749
50.5783
50.5817
50.5852
50.5887
50.5923
50.5959
50.5996
50.6034
50.6072
50.611
50.615
50.6189
50.623
50.627
50.6312
50.6354
50.6396
50.6439
50.6483
50.6527
50.6572
50.6617
50.6663
50.6709
50.6756
50.6803
50.6851
50.69
50.6949
50.6998
50.7048
50.7099
50.715
50.7202
50.7254
50.7307
50.7361
50.7414
50.7469
50.7524
50.7579
50.7635
50.7692
50.7749
50.7807
50.7865
50.7924
50.7983
50.8043
50.8103
50.8164
50.8225
50.8287
50.8349
50.8412
50.8475
50.8539
50.8604
50.8669
50.8734
50.88
50.8866
50.8933
50.9001
50.9069
50.9137
50.9206
50.9275
50.9345
50.9416
50.9486
50.9558
50.963
50.9702
50.9775
50.9848
50.9922
50.9996
51.0071
51.0146
51.0221
51.0297
51.0374
51.0451
51.0528
51.0606
51.0684
51.0763
51.0842
51.0922
51.1002
51.1083
51.1164
51.1245
51.1327
51.1409
51.1492
51.1575
51.1658
51.1742
51.1826
51.1911
51.1996
51.2082
51.2167
51.2254
51.234
51.2427
51.2515
51.2603
51.2691
51.2779
51.2868
51.2958
51.3047
51.3137
51.3228
51.3318
51.3409
51.3501
51.3592
51.3685
51.3776
51.3871
51.3962
51.4058
51.4148
51.4246
51.4336
51.4436
51.4525
51.4626
50.3373
50.3435
50.3475
50.3485
50.3481
50.3472
50.3467
50.3484
50.3538
50.3585
50.3573
50.3353
50.3025
50.2927
50.2957
50.314
50.3409
50.3573
50.366
50.3704
50.3727
50.3739
50.3748
50.3755
50.3761
50.3768
50.3774
50.3781
50.3788
50.3796
50.3803
50.3811
50.3819
50.3827
50.3835
50.3843
50.385
50.3857
50.3864
50.3871
50.3876
50.3881
50.3885
50.3889
50.3891
50.3893
50.3894
50.3895
50.3895
50.3894
50.3893
50.3891
50.389
50.3888
50.3887
50.3886
50.3885
50.3886
50.3886
50.3888
50.3891
50.3894
50.3899
50.3904
50.3911
50.3918
50.3926
50.3936
50.3945
50.3956
50.3967
50.3978
50.399
50.4002
50.4014
50.4026
50.4038
50.405
50.4061
50.4072
50.4083
50.4093
50.4103
50.4112
50.412
50.4127
50.4134
50.414
50.4146
50.4151
50.4155
50.4158
50.4161
50.4164
50.4165
50.4167
50.4168
50.4168
50.4169
50.4169
50.4168
50.4168
50.4167
50.4167
50.4166
50.4165
50.4164
50.4163
50.4163
50.4162
50.4161
50.4161
50.4161
50.4161
50.4161
50.4161
50.4161
50.4162
50.4163
50.4164
50.4165
50.4166
50.4167
50.4169
50.417
50.4171
50.4173
50.4175
50.4176
50.4177
50.4179
50.418
50.4181
50.4182
50.4183
50.4184
50.4184
50.4185
50.4185
50.4185
50.4185
50.4184
50.4184
50.4183
50.4183
50.4182
50.4181
50.418
50.4179
50.4178
50.4177
50.4176
50.4175
50.4174
50.4174
50.4173
50.4173
50.4173
50.4173
50.4173
50.4173
50.4174
50.4175
50.4176
50.4177
50.4179
50.4181
50.4183
50.4186
50.4189
50.4193
50.4196
50.42
50.4204
50.4209
50.4214
50.4219
50.4225
50.4231
50.4237
50.4243
50.425
50.4257
50.4264
50.4271
50.4279
50.4286
50.4294
50.4301
50.4309
50.4317
50.4324
50.4331
50.4338
50.4345
50.4351
50.4357
50.4362
50.4367
50.4371
50.4374
50.4377
50.4379
50.4381
50.4382
50.4382
50.4382
50.4381
50.438
50.4378
50.4377
50.4375
50.4374
50.4373
50.4372
50.4372
50.4373
50.4374
50.4376
50.438
50.4384
50.4389
50.4395
50.4402
50.441
50.4419
50.4429
50.4439
50.445
50.4462
50.4473
50.4486
50.4498
50.451
50.4522
50.4534
50.4545
50.4557
50.4567
50.4578
50.4587
50.4596
50.4605
50.4613
50.462
50.4627
50.4633
50.4638
50.4643
50.4648
50.4652
50.4655
50.4658
50.4661
50.4663
50.4665
50.4667
50.4669
50.467
50.4671
50.4672
50.4673
50.4673
50.4674
50.4674
50.4675
50.4675
50.4675
50.4676
50.4676
50.4676
50.4676
50.4676
50.4676
50.4676
50.4676
50.4676
50.4676
50.4676
50.4676
50.4676
50.4676
50.4676
50.4676
50.4676
50.4676
50.4676
50.4676
50.4676
50.4676
50.4676
50.4676
50.4676
50.4676
50.4676
50.4676
50.4676
50.4676
50.4676
50.4676
50.4676
50.4676
50.4676
50.4676
50.4676
50.4676
50.4676
50.4676
50.4676
50.4676
50.4676
50.4676
50.4676
50.4676
50.4676
50.4676
50.4676
50.4676
50.4676
50.4676
50.4676
50.4676
50.4676
50.4676
50.4676
50.4676
50.4676
50.4676
50.4676
50.4676
50.4676
50.4676
50.4676
50.4676
50.4676
50.4676
50.4676
50.4676
50.4676
50.4676
50.4676
50.4676
50.4676
50.4676
50.4676
50.4676
50.4676
50.4676
50.4676
50.4676
50.4676
50.4676
50.4676
50.4676
50.4676
50.4676
50.4676
50.4676
50.4676
50.4676
50.4676
50.4676
50.4676
50.4676
50.4676
50.4676
50.4676
50.4676
50.4676
50.4676
50.4676
50.4676
50.4676
50.4676
50.4676
50.4677
50.4677
50.4677
50.4677
50.4677
50.4677
50.4677
50.4677
50.4677
50.4677
50.4677
50.4677
50.4677
50.4678
50.4678
50.4678
50.4679
50.4679
50.468
50.468
50.4681
50.4682
50.4683
50.4684
50.4685
50.4687
50.4688
50.469
50.4692
50.4694
50.4697
50.47
50.4703
50.4706
50.471
50.4714
50.4718
50.4723
50.4728
50.4734
50.474
50.4746
50.4753
50.476
50.4768
50.4776
50.4785
50.4794
50.4804
50.4814
50.4825
50.4836
50.4848
50.486
50.4873
50.4886
50.4899
50.4914
50.4928
50.4944
50.496
50.4976
50.4993
50.501
50.5028
50.5047
50.5066
50.5085
50.5105
50.5126
50.5147
50.5169
50.5191
50.5214
50.5237
50.5261
50.5285
50.531
50.5335
50.5361
50.5388
50.5415
50.5443
50.5471
50.55
50.5529
50.5559
50.5589
50.562
50.5651
50.5683
50.5716
50.5749
50.5783
50.5817
50.5852
50.5887
50.5923
50.5959
50.5996
50.6034
50.6072
50.611
50.615
50.6189
50.623
50.627
50.6312
50.6354
50.6396
50.6439
50.6483
50.6527
50.6572
50.6617
50.6663
50.6709
50.6756
50.6803
50.6851
50.69
50.6949
50.6998
50.7048
50.7099
50.715
50.7202
50.7254
50.7307
50.7361
50.7414
50.7469
50.7524
50.7579
50.7635
50.7692
50.7749
50.7807
50.7865
50.7924
50.7983
50.8043
50.8103
50.8164
50.8225
50.8287
50.8349
50.8412
50.8475
50.8539
50.8604
50.8669
50.8734
50.88
50.8866
50.8933
50.9001
50.9069
50.9137
50.9206
50.9275
50.9345
50.9416
50.9486
50.9558
50.963
50.9702
50.9775
50.9848
50.9922
50.9996
51.0071
51.0146
51.0221
51.0297
51.0374
51.0451
51.0528
51.0606
51.0684
51.0763
51.0842
51.0922
51.1002
51.1083
51.1164
51.1245
51.1327
51.1409
51.1492
51.1575
51.1658
51.1742
51.1826
51.1911
51.1996
51.2082
51.2167
51.2254
51.234
51.2427
51.2515
51.2603
51.2691
51.2779
51.2868
51.2958
51.3047
51.3137
51.3228
51.3318
51.3409
51.3501
51.3592
51.3685
51.3776
51.3871
51.3962
51.4058
51.4148
51.4246
51.4336
51.4436
51.4525
51.4626
)
;
    }
}


// ************************************************************************* //
