/*--------------------------------*- C++ -*----------------------------------*\
| =========                 |                                                 |
| \\      /  F ield         | OpenFOAM: The Open Source CFD Toolbox           |
|  \\    /   O peration     | Version:  3.0.x                                 |
|   \\  /    A nd           | Web:      www.OpenFOAM.org                      |
|    \\/     M anipulation  |                                                 |
\*---------------------------------------------------------------------------*/
FoamFile
{
    version     2.0;
    format      ascii;
    class       volScalarField;
    location    "0.007";
    object      rho;
}
// * * * * * * * * * * * * * * * * * * * * * * * * * * * * * * * * * * * * * //

dimensions      [1 -3 0 0 0 0 0];

internalField   nonuniform List<scalar> 
1000
(
50.4677
50.4677
50.4677
50.4677
50.4677
50.4677
50.4677
50.4677
50.4677
50.4677
50.4677
50.4677
50.4677
50.4677
50.4677
50.4677
50.4677
50.4677
50.4677
50.4677
50.4677
50.4677
50.4677
50.4677
50.4677
50.4677
50.4677
50.4677
50.4677
50.4677
50.4677
50.4677
50.4677
50.4677
50.4677
50.4677
50.4677
50.4677
50.4677
50.4677
50.4677
50.4677
50.4677
50.4677
50.4677
50.4677
50.4677
50.4677
50.4677
50.4677
50.4677
50.4677
50.4677
50.4677
50.4677
50.4677
50.4677
50.4677
50.4677
50.4677
50.4677
50.4677
50.4677
50.4677
50.4677
50.4677
50.4677
50.4677
50.4677
50.4677
50.4677
50.4677
50.4677
50.4677
50.4677
50.4677
50.4677
50.4677
50.4677
50.4677
50.4677
50.4677
50.4677
50.4677
50.4677
50.4677
50.4677
50.4677
50.4677
50.4677
50.4677
50.4677
50.4677
50.4677
50.4677
50.4677
50.4677
50.4677
50.4677
50.4677
50.4677
50.4677
50.4677
50.4677
50.4677
50.4677
50.4677
50.4677
50.4677
50.4677
50.4677
50.4677
50.4677
50.4677
50.4677
50.4677
50.4677
50.4677
50.4677
50.4677
50.4677
50.4677
50.4677
50.4677
50.4677
50.4677
50.4677
50.4677
50.4677
50.4677
50.4677
50.4677
50.4677
50.4677
50.4677
50.4677
50.4677
50.4677
50.4677
50.4677
50.4677
50.4677
50.4677
50.4677
50.4677
50.4677
50.4677
50.4677
50.4677
50.4677
50.4677
50.4677
50.4677
50.4677
50.4677
50.4677
50.4677
50.4677
50.4677
50.4677
50.4677
50.4677
50.4677
50.4677
50.4677
50.4677
50.4677
50.4677
50.4677
50.4677
50.4677
50.4677
50.4677
50.4677
50.4677
50.4677
50.4677
50.4677
50.4677
50.4677
50.4677
50.4677
50.4677
50.4677
50.4677
50.4677
50.4677
50.4677
50.4677
50.4677
50.4677
50.4677
50.4677
50.4677
50.4677
50.4677
50.4677
50.4677
50.4677
50.4677
50.4677
50.4677
50.4677
50.4677
50.4677
50.4677
50.4677
50.4677
50.4677
50.4677
50.4677
50.4677
50.4677
50.4677
50.4677
50.4677
50.4677
50.4677
50.4677
50.4677
50.4677
50.4677
50.4677
50.4677
50.4677
50.4677
50.4677
50.4677
50.4677
50.4677
50.4677
50.4677
50.4677
50.4677
50.4677
50.4677
50.4677
50.4677
50.4677
50.4677
50.4677
50.4677
50.4677
50.4677
50.4677
50.4677
50.4677
50.4677
50.4677
50.4677
50.4677
50.4677
50.4677
50.4677
50.4677
50.4677
50.4677
50.4677
50.4677
50.4677
50.4677
50.4677
50.4677
50.4677
50.4677
50.4677
50.4677
50.4677
50.4677
50.4677
50.4677
50.4677
50.4677
50.4677
50.4677
50.4677
50.4677
50.4677
50.4677
50.4677
50.4677
50.4677
50.4677
50.4677
50.4677
50.4677
50.4677
50.4677
50.4677
50.4677
50.4677
50.4677
50.4677
50.4677
50.4677
50.4677
50.4677
50.4677
50.4677
50.4677
50.4677
50.4677
50.4677
50.4677
50.4677
50.4677
50.4677
50.4677
50.4677
50.4677
50.4677
50.4677
50.4677
50.4677
50.4677
50.4677
50.4677
50.4677
50.4677
50.4677
50.4677
50.4677
50.4677
50.4677
50.4677
50.4677
50.4677
50.4677
50.4677
50.4677
50.4677
50.4677
50.4677
50.4677
50.4677
50.4677
50.4677
50.4677
50.4677
50.4677
50.4677
50.4677
50.4677
50.4677
50.4677
50.4677
50.4677
50.4677
50.4677
50.4677
50.4677
50.4677
50.4677
50.4677
50.4677
50.4677
50.4677
50.4677
50.4677
50.4677
50.4677
50.4677
50.4677
50.4677
50.4677
50.4677
50.4677
50.4677
50.4677
50.4677
50.4677
50.4677
50.4677
50.4677
50.4677
50.4677
50.4677
50.4677
50.4677
50.4677
50.4677
50.4677
50.4677
50.4677
50.4677
50.4677
50.4677
50.4677
50.4677
50.4677
50.4677
50.4677
50.4677
50.4677
50.4677
50.4677
50.4677
50.4677
50.4677
50.4677
50.4677
50.4677
50.4677
50.4677
50.4677
50.4677
50.4677
50.4677
50.4677
50.4677
50.4677
50.4677
50.4677
50.4677
50.4677
50.4677
50.4677
50.4677
50.4677
50.4677
50.4677
50.4677
50.4677
50.4677
50.4677
50.4677
50.4677
50.4677
50.4677
50.4677
50.4677
50.4677
50.4677
50.4677
50.4677
50.4677
50.4677
50.4677
50.4677
50.4677
50.4677
50.4677
50.4677
50.4677
50.4677
50.4677
50.4677
50.4677
50.4677
50.4677
50.4677
50.4677
50.4677
50.4677
50.4677
50.4677
50.4677
50.4677
50.4677
50.4677
50.4677
50.4677
50.4677
50.4677
50.4677
50.4677
50.4677
50.4677
50.4677
50.4677
50.4677
50.4677
50.4677
50.4677
50.4677
50.4677
50.4677
50.4677
50.4677
50.4677
50.4677
50.4677
50.4677
50.4677
50.4677
50.4677
50.4677
50.4677
50.4677
50.4677
50.4677
50.4677
50.4677
50.4677
50.4677
50.4677
50.4677
50.4677
50.4677
50.4677
50.4677
50.4677
50.4677
50.4677
50.4677
50.4677
50.4677
50.4677
50.4677
50.4677
50.4677
50.4677
50.4677
50.4677
50.4677
50.4677
50.4677
50.4678
50.4678
50.4678
50.4679
50.4679
50.468
50.4681
50.4682
50.4684
50.4686
50.4689
50.4692
50.4697
50.4702
50.4709
50.4718
50.473
50.4744
50.4762
50.4785
50.4814
50.4851
50.4897
50.4954
50.5026
50.5115
50.5227
50.5366
50.5538
50.5751
50.6015
50.6339
50.6738
50.7225
50.782
50.8541
50.9411
51.0453
51.1693
51.3155
51.4862
51.6831
51.9072
52.1585
52.4356
52.7354
53.0535
53.3839
53.7195
54.0528
54.3764
54.6837
54.9694
55.2299
55.4628
55.6678
55.8454
55.9972
56.1254
56.2327
56.3216
56.3947
56.4543
56.5027
56.5417
56.5728
56.5974
56.6165
56.6311
56.6417
56.6491
56.6537
56.656
56.6564
56.6563
56.656
56.6556
56.6553
56.655
56.6548
56.6546
56.6545
56.6544
56.6543
56.6543
56.6543
56.6542
56.6542
56.6542
56.6542
56.6542
56.6542
56.6543
56.6543
56.6543
56.6543
56.6543
56.6543
56.6543
56.6544
56.6544
56.6544
56.6544
56.6544
56.6544
56.6544
56.6545
56.6545
56.6545
56.6545
56.6545
56.6545
56.6545
56.6545
56.6546
56.6546
56.6546
56.6546
56.6546
56.6546
56.6546
56.6546
56.6546
56.6546
56.6546
56.6547
56.6547
56.6547
56.6547
56.6547
56.6547
56.6547
56.6547
56.6547
56.6547
56.6547
56.6547
56.6547
56.6547
56.6548
56.6548
56.6548
56.6548
56.6548
56.6548
56.6548
56.6548
56.6548
56.6548
56.6548
56.6548
56.6548
56.6548
56.6548
56.6548
56.6548
56.6548
56.6548
56.6549
56.6549
56.6549
56.6549
56.6549
56.6549
56.6549
56.6549
56.6549
56.6549
56.6549
56.6549
56.6549
56.6549
56.6549
56.6549
56.6549
56.6549
56.6549
56.6549
56.6549
56.6549
56.6549
56.6549
56.6549
56.6549
56.6549
56.6549
56.6549
56.6549
56.6549
56.6549
56.6549
56.6549
56.6549
56.6549
56.655
56.655
56.655
56.655
56.655
56.655
56.655
56.655
56.655
56.655
56.655
56.655
56.655
56.655
56.655
56.655
56.655
56.655
56.655
56.655
56.655
56.655
56.655
56.655
56.655
56.655
56.655
56.655
56.655
56.655
56.655
56.655
56.655
56.655
56.655
56.655
56.655
56.655
56.655
56.655
56.655
56.655
56.655
56.655
56.655
56.655
56.655
56.655
56.655
56.655
56.655
56.655
56.655
56.655
56.655
56.655
56.655
56.655
56.655
56.655
56.655
56.655
56.655
56.655
56.655
56.655
56.655
56.6549
56.6549
56.6549
56.6549
56.6549
56.6549
56.6549
56.6549
56.6549
56.6549
56.6549
56.6549
56.6549
56.6549
56.6549
56.6549
56.6549
56.6549
56.6549
56.6549
56.6549
56.6549
56.6549
56.6549
56.6549
56.6549
56.6549
56.6549
56.6549
56.6549
56.6549
56.6549
56.6549
56.6549
56.6549
56.6549
56.6549
56.6549
56.6549
56.6548
56.6548
56.6548
56.6548
56.6548
56.6548
56.6548
56.6548
56.6548
56.6548
56.6548
56.6548
56.6548
56.6548
56.6548
56.6548
56.6548
56.6548
56.6548
56.6548
56.6548
56.6548
56.6548
56.6547
56.6547
56.6547
56.6547
56.6547
56.6547
56.6547
56.6547
56.6547
56.6547
56.6547
56.6547
56.6547
56.6547
56.6547
56.6547
56.6547
56.6546
56.6546
56.6546
56.6546
56.6546
56.6546
56.6546
56.6546
56.6546
56.6546
56.6546
56.6546
56.6546
56.6545
56.6545
56.6545
56.6545
56.6545
56.6545
56.6545
56.6545
56.6545
56.6545
56.6545
56.6545
56.6544
56.6544
56.6544
56.6544
56.6544
56.6544
56.6544
56.6544
56.6544
56.6543
56.6543
56.6543
56.6543
56.6543
56.6543
56.6543
56.6543
56.6542
56.6542
56.6542
56.6542
56.6542
56.6542
56.6542
56.6541
56.6541
56.6541
56.6541
56.6541
56.6541
56.6541
56.654
56.654
56.654
56.654
56.654
56.6539
56.6539
56.6539
56.6539
56.6539
56.6538
56.6538
56.6538
56.6538
56.6538
56.6537
56.6537
56.6537
56.6537
56.6536
56.6536
56.6536
56.6536
56.6535
56.6535
56.6534
56.6535
56.6534
56.6534
56.6533
56.6534
56.6532
56.6533
56.6531
56.6533
56.653
56.6533
56.6529
56.6532
56.6527
56.6532
56.6526
56.6532
56.6524
56.6532
56.6522
56.6531
56.652
56.6531
56.6518
56.6531
56.6515
56.6531
56.6512
56.6531
56.651
56.653
56.6507
56.653
56.6504
56.6529
56.6501
56.6527
56.6497
56.6526
56.6494
56.6523
56.6491
56.652
56.6487
56.6516
56.6483
56.6511
56.6479
56.6504
56.6473
56.6495
56.6466
56.6483
56.6455
56.6465
56.6437
56.6439
56.6396
56.6344
56.612
56.603
)
;

boundaryField
{
    inlet
    {
        type            calculated;
        value           uniform 50.4677;
    }
    backWall
    {
        type            calculated;
        value           uniform 56.603;
    }
    sides
    {
        type            empty;
    }
}


// ************************************************************************* //
