/*--------------------------------*- C++ -*----------------------------------*\
| =========                 |                                                 |
| \\      /  F ield         | OpenFOAM: The Open Source CFD Toolbox           |
|  \\    /   O peration     | Version:  3.0.x                                 |
|   \\  /    A nd           | Web:      www.OpenFOAM.org                      |
|    \\/     M anipulation  |                                                 |
\*---------------------------------------------------------------------------*/
FoamFile
{
    version     2.0;
    format      ascii;
    class       volScalarField;
    location    "0.33";
    object      T;
}
// * * * * * * * * * * * * * * * * * * * * * * * * * * * * * * * * * * * * * //

dimensions      [0 0 0 1 0 0 0];

internalField   nonuniform List<scalar> 
6900
(
774.445
774.445
774.445
774.445
774.444
774.444
774.444
774.444
774.444
774.444
774.444
774.443
774.443
774.44
774.437
774.434
774.432
774.43
774.428
774.428
774.427
774.427
774.427
774.426
774.424
774.422
774.419
774.416
774.413
774.409
774.406
774.403
774.4
774.398
774.397
774.396
774.396
774.395
774.394
774.392
774.39
774.387
774.384
774.382
774.38
774.378
774.377
774.376
774.375
774.375
774.374
774.374
774.374
774.374
774.374
774.374
774.374
774.374
774.374
774.374
774.374
774.374
774.375
774.375
774.375
774.375
774.376
774.376
774.376
774.376
774.377
774.377
774.377
774.377
774.377
774.377
774.377
774.377
774.377
774.377
774.377
774.377
774.377
774.377
774.377
774.377
774.376
774.376
774.376
774.376
774.376
774.376
774.376
774.376
774.376
774.376
774.376
774.376
774.376
774.376
774.377
774.377
774.377
774.378
774.378
774.378
774.379
774.379
774.379
774.379
774.379
774.379
774.379
774.379
774.379
774.379
774.379
774.379
774.378
774.378
774.378
774.377
774.377
774.377
774.377
774.376
774.376
774.376
774.376
774.376
774.375
774.376
774.376
774.376
774.376
774.376
774.377
774.377
774.377
774.378
774.378
774.378
774.379
774.379
774.379
774.38
774.38
774.38
774.38
774.379
774.379
774.379
774.378
774.378
774.378
774.377
774.376
774.376
774.375
774.375
774.374
774.374
774.373
774.373
774.372
774.372
774.372
774.371
774.371
774.371
774.371
774.372
774.372
774.372
774.372
774.373
774.373
774.373
774.374
774.374
774.374
774.373
774.373
774.372
774.372
774.371
774.37
774.369
774.367
774.366
774.365
774.363
774.362
774.36
774.359
774.358
774.355
774.355
774.354
774.424
774.442
774.442
774.442
774.442
774.442
774.442
774.442
774.442
774.442
774.442
774.441
774.441
774.44
774.438
774.435
774.432
774.429
774.427
774.426
774.426
774.425
774.425
774.425
774.424
774.422
774.42
774.417
774.414
774.411
774.407
774.404
774.401
774.398
774.396
774.395
774.394
774.394
774.393
774.393
774.391
774.388
774.386
774.383
774.38
774.378
774.376
774.375
774.374
774.373
774.373
774.373
774.373
774.372
774.372
774.372
774.372
774.372
774.372
774.372
774.372
774.373
774.373
774.373
774.373
774.373
774.374
774.374
774.374
774.375
774.375
774.375
774.375
774.375
774.376
774.376
774.376
774.376
774.376
774.376
774.376
774.376
774.376
774.375
774.375
774.375
774.375
774.375
774.375
774.374
774.374
774.374
774.374
774.374
774.374
774.374
774.374
774.374
774.374
774.375
774.375
774.375
774.375
774.376
774.376
774.376
774.377
774.377
774.377
774.377
774.378
774.378
774.378
774.378
774.378
774.378
774.378
774.377
774.377
774.377
774.377
774.376
774.376
774.376
774.375
774.375
774.375
774.374
774.374
774.374
774.374
774.374
774.374
774.374
774.374
774.374
774.375
774.375
774.375
774.376
774.376
774.377
774.377
774.377
774.378
774.378
774.378
774.378
774.378
774.378
774.378
774.378
774.377
774.377
774.377
774.376
774.375
774.375
774.374
774.374
774.373
774.373
774.372
774.372
774.371
774.371
774.37
774.37
774.37
774.37
774.37
774.37
774.37
774.37
774.371
774.371
774.371
774.372
774.372
774.372
774.372
774.372
774.372
774.371
774.371
774.37
774.369
774.368
774.367
774.366
774.365
774.363
774.362
774.36
774.359
774.357
774.356
774.354
774.354
774.353
774.417
774.442
774.442
774.442
774.442
774.442
774.442
774.442
774.442
774.442
774.442
774.442
774.441
774.44
774.438
774.435
774.432
774.429
774.427
774.426
774.426
774.425
774.425
774.425
774.424
774.422
774.42
774.417
774.414
774.411
774.407
774.404
774.401
774.398
774.396
774.395
774.394
774.394
774.394
774.393
774.391
774.388
774.386
774.383
774.38
774.378
774.376
774.375
774.374
774.373
774.373
774.373
774.373
774.372
774.372
774.372
774.372
774.372
774.372
774.372
774.372
774.373
774.373
774.373
774.373
774.373
774.374
774.374
774.374
774.375
774.375
774.375
774.375
774.375
774.376
774.376
774.376
774.376
774.376
774.376
774.376
774.376
774.376
774.375
774.375
774.375
774.375
774.375
774.375
774.374
774.374
774.374
774.374
774.374
774.374
774.374
774.374
774.374
774.374
774.375
774.375
774.375
774.375
774.376
774.376
774.376
774.377
774.377
774.377
774.377
774.378
774.378
774.378
774.378
774.378
774.378
774.378
774.377
774.377
774.377
774.377
774.376
774.376
774.376
774.375
774.375
774.375
774.374
774.374
774.374
774.374
774.374
774.374
774.374
774.374
774.374
774.375
774.375
774.375
774.376
774.376
774.377
774.377
774.377
774.378
774.378
774.378
774.378
774.378
774.378
774.378
774.378
774.377
774.377
774.377
774.376
774.375
774.375
774.374
774.374
774.373
774.373
774.372
774.372
774.371
774.371
774.37
774.37
774.37
774.37
774.37
774.37
774.37
774.37
774.371
774.371
774.371
774.372
774.372
774.372
774.372
774.372
774.372
774.371
774.371
774.37
774.369
774.368
774.367
774.366
774.365
774.363
774.362
774.36
774.359
774.357
774.356
774.354
774.353
774.351
774.354
774.442
774.442
774.442
774.442
774.442
774.442
774.442
774.442
774.442
774.442
774.441
774.441
774.44
774.438
774.435
774.432
774.429
774.427
774.426
774.426
774.425
774.425
774.425
774.424
774.422
774.42
774.417
774.414
774.411
774.407
774.404
774.401
774.398
774.396
774.395
774.394
774.394
774.393
774.393
774.391
774.388
774.386
774.383
774.38
774.378
774.376
774.375
774.374
774.373
774.373
774.373
774.373
774.372
774.372
774.372
774.372
774.372
774.372
774.372
774.372
774.373
774.373
774.373
774.373
774.373
774.374
774.374
774.374
774.375
774.375
774.375
774.375
774.375
774.376
774.376
774.376
774.376
774.376
774.376
774.376
774.376
774.376
774.375
774.375
774.375
774.375
774.375
774.375
774.374
774.374
774.374
774.374
774.374
774.374
774.374
774.374
774.374
774.374
774.375
774.375
774.375
774.375
774.376
774.376
774.376
774.377
774.377
774.377
774.377
774.378
774.378
774.378
774.378
774.378
774.378
774.378
774.377
774.377
774.377
774.377
774.376
774.376
774.376
774.375
774.375
774.375
774.374
774.374
774.374
774.374
774.374
774.374
774.374
774.374
774.374
774.375
774.375
774.375
774.376
774.376
774.377
774.377
774.377
774.378
774.378
774.378
774.378
774.378
774.378
774.378
774.378
774.377
774.377
774.377
774.376
774.375
774.375
774.374
774.374
774.373
774.373
774.372
774.372
774.371
774.371
774.37
774.37
774.37
774.37
774.37
774.37
774.37
774.37
774.371
774.371
774.371
774.372
774.372
774.372
774.372
774.372
774.372
774.372
774.371
774.37
774.369
774.368
774.367
774.366
774.364
774.363
774.362
774.36
774.359
774.358
774.356
774.355
774.35
774.354
774.223
774.445
774.445
774.445
774.445
774.444
774.444
774.444
774.444
774.444
774.444
774.444
774.443
774.443
774.44
774.437
774.434
774.432
774.43
774.428
774.428
774.427
774.427
774.427
774.426
774.424
774.422
774.419
774.416
774.413
774.409
774.406
774.403
774.4
774.398
774.397
774.396
774.396
774.395
774.394
774.392
774.39
774.387
774.384
774.382
774.38
774.378
774.377
774.376
774.375
774.375
774.374
774.374
774.374
774.374
774.374
774.374
774.374
774.374
774.374
774.374
774.374
774.374
774.375
774.375
774.375
774.375
774.376
774.376
774.376
774.376
774.377
774.377
774.377
774.377
774.377
774.377
774.377
774.377
774.377
774.377
774.377
774.377
774.377
774.377
774.377
774.377
774.376
774.376
774.376
774.376
774.376
774.376
774.376
774.376
774.376
774.376
774.376
774.376
774.376
774.376
774.377
774.377
774.377
774.378
774.378
774.378
774.379
774.379
774.379
774.379
774.379
774.379
774.379
774.379
774.379
774.379
774.379
774.379
774.378
774.378
774.378
774.377
774.377
774.377
774.377
774.376
774.376
774.376
774.376
774.376
774.375
774.376
774.376
774.376
774.376
774.376
774.377
774.377
774.377
774.378
774.378
774.378
774.379
774.379
774.379
774.38
774.38
774.38
774.38
774.379
774.379
774.379
774.378
774.378
774.378
774.377
774.376
774.376
774.375
774.375
774.374
774.374
774.373
774.373
774.372
774.372
774.372
774.371
774.371
774.371
774.371
774.372
774.372
774.372
774.372
774.373
774.373
774.373
774.374
774.374
774.374
774.373
774.373
774.372
774.372
774.371
774.37
774.369
774.367
774.366
774.365
774.363
774.362
774.36
774.359
774.357
774.356
774.35
774.363
774.134
774.407
774.42
774.419
774.418
774.416
774.415
774.412
774.406
774.397
774.382
774.362
774.355
774.36
774.374
774.381
774.344
774.304
774.275
774.243
774.192
774.393
774.397
774.395
774.391
774.386
774.383
774.378
774.368
774.357
774.343
774.318
774.301
774.307
774.324
774.333
774.294
774.232
774.213
774.198
774.166
774.353
774.352
774.349
774.344
774.338
774.331
774.323
774.317
774.308
774.301
774.291
774.281
774.273
774.265
774.258
774.258
774.265
774.266
774.258
774.232
774.279
774.28
774.286
774.285
774.28
774.264
774.249
774.226
774.21
774.187
774.168
774.148
774.137
774.121
774.101
774.09
774.077
774.066
774.056
774.053
774.225
774.203
774.2
774.203
774.202
774.198
774.185
774.171
774.155
774.141
774.123
774.111
774.094
774.085
774.07
774.064
774.053
774.055
774.061
774.093
773.994
774.028
774.028
774.047
774.03
774.003
774
774.007
774.012
774.008
774.002
774.001
774.001
774
773.999
773.997
773.995
773.994
773.993
773.991
773.989
773.988
773.986
773.984
773.983
773.981
773.98
773.979
773.977
773.976
773.975
773.974
773.973
773.972
773.972
773.971
773.971
773.971
773.971
773.97
773.969
773.968
773.968
773.969
773.969
773.969
773.968
773.966
773.965
773.964
773.963
773.961
773.96
773.959
773.957
773.957
773.957
773.957
773.957
773.957
773.957
773.956
773.955
773.955
773.955
773.957
773.962
773.967
773.971
773.972
773.973
773.974
773.98
774.008
774.111
774.229
774.285
774.291
774.264
774.145
774.009
773.928
773.889
773.874
773.872
773.875
773.882
773.889
773.893
773.897
773.899
773.9
773.901
773.902
773.902
773.902
773.902
773.902
773.902
773.902
773.902
773.902
773.902
773.901
773.901
773.901
773.9
773.899
773.899
773.898
773.897
773.897
773.896
773.895
773.894
773.893
773.892
773.891
773.891
773.89
773.889
773.888
773.887
773.886
773.885
773.885
773.884
773.884
773.883
773.883
773.883
773.883
773.883
773.883
773.883
773.883
773.883
773.884
773.884
773.885
773.886
773.886
773.887
773.888
773.888
773.889
773.889
773.89
773.891
773.891
773.892
773.892
773.892
773.892
773.892
773.892
773.892
773.892
773.892
773.891
773.891
773.891
773.89
773.89
773.889
773.888
773.888
773.887
773.886
773.885
773.885
773.884
773.883
773.883
773.882
773.882
773.882
773.881
773.881
773.881
773.881
773.882
773.882
773.882
773.883
773.884
773.884
773.885
773.886
773.886
773.887
773.888
773.888
773.889
773.889
773.889
773.889
773.886
773.892
773.706
773.991
774.022
774.04
774.055
774.041
774.018
774.017
774.026
774.029
774.024
774.02
774.019
774.019
774.018
774.015
774.014
774.012
774.01
774.008
774.006
774.005
774.003
774.001
773.999
773.998
773.997
773.995
773.994
773.993
773.991
773.99
773.99
773.989
773.989
773.988
773.988
773.988
773.988
773.988
773.988
773.988
773.988
773.99
773.99
773.99
773.989
773.986
773.984
773.983
773.981
773.979
773.978
773.977
773.977
773.977
773.978
773.979
773.98
773.98
773.98
773.979
773.979
773.979
773.982
773.987
773.992
773.996
773.999
774
774.001
774.002
774.007
774.034
774.119
774.204
774.246
774.253
774.236
774.154
774.037
773.959
773.915
773.894
773.887
773.885
773.886
773.89
773.893
773.896
773.898
773.899
773.9
773.9
773.901
773.901
773.901
773.901
773.901
773.901
773.901
773.901
773.9
773.9
773.9
773.899
773.899
773.899
773.898
773.897
773.897
773.896
773.895
773.894
773.894
773.893
773.892
773.891
773.89
773.889
773.888
773.887
773.886
773.886
773.885
773.884
773.883
773.883
773.882
773.882
773.881
773.881
773.881
773.881
773.881
773.881
773.882
773.882
773.882
773.883
773.883
773.884
773.885
773.885
773.886
773.887
773.887
773.888
773.889
773.889
773.89
773.89
773.89
773.891
773.891
773.891
773.891
773.891
773.891
773.89
773.89
773.89
773.889
773.889
773.888
773.888
773.887
773.886
773.885
773.885
773.884
773.883
773.883
773.882
773.881
773.881
773.88
773.88
773.88
773.88
773.88
773.88
773.88
773.881
773.881
773.882
773.882
773.883
773.883
773.884
773.885
773.886
773.886
773.887
773.887
773.888
773.888
773.888
773.885
773.885
773.78
774.223
774.263
774.285
774.282
774.278
774.279
774.281
774.281
774.28
774.278
774.276
774.274
774.271
774.268
774.264
774.261
774.258
774.255
774.252
774.25
774.247
774.245
774.243
774.242
774.241
774.24
774.24
774.239
774.239
774.238
774.237
774.236
774.235
774.233
774.232
774.231
774.231
774.231
774.231
774.232
774.233
774.235
774.236
774.237
774.239
774.241
774.243
774.246
774.249
774.251
774.252
774.252
774.251
774.247
774.233
774.192
774.138
774.09
774.05
774.019
773.996
773.981
773.971
773.966
773.963
773.962
773.962
773.963
773.964
773.964
773.964
773.963
773.96
773.955
773.948
773.941
773.934
773.927
773.922
773.918
773.915
773.913
773.911
773.91
773.909
773.908
773.907
773.906
773.905
773.904
773.903
773.903
773.903
773.902
773.902
773.902
773.902
773.901
773.901
773.901
773.901
773.901
773.9
773.9
773.9
773.899
773.899
773.898
773.897
773.897
773.896
773.895
773.894
773.894
773.893
773.892
773.891
773.89
773.889
773.888
773.887
773.886
773.886
773.885
773.884
773.883
773.883
773.882
773.882
773.881
773.881
773.881
773.881
773.881
773.881
773.882
773.882
773.882
773.883
773.883
773.884
773.885
773.885
773.886
773.887
773.887
773.888
773.889
773.889
773.89
773.89
773.89
773.891
773.891
773.891
773.891
773.891
773.891
773.89
773.89
773.89
773.889
773.889
773.888
773.888
773.887
773.886
773.885
773.885
773.884
773.883
773.883
773.882
773.881
773.881
773.88
773.88
773.88
773.88
773.88
773.88
773.88
773.881
773.881
773.881
773.882
773.883
773.883
773.884
773.885
773.886
773.886
773.887
773.887
773.888
773.888
773.888
773.888
773.888
773.891
774.034
774.029
774.03
774.026
774.018
774.015
774.016
774.016
774.015
774.012
774.01
774.01
774.009
774.008
774.007
774.006
774.005
774.004
774.003
774.001
774
773.999
773.997
773.996
773.994
773.992
773.991
773.989
773.988
773.987
773.985
773.984
773.983
773.981
773.98
773.979
773.978
773.977
773.976
773.975
773.975
773.975
773.975
773.975
773.974
773.974
773.973
773.973
773.973
773.972
773.971
773.97
773.97
773.969
773.969
773.968
773.968
773.968
773.968
773.968
773.97
773.972
773.974
773.979
773.989
774.001
774.009
774.012
774.017
774.029
774.062
774.1
774.123
774.129
774.128
774.115
774.064
773.995
773.945
773.914
773.898
773.891
773.889
773.889
773.891
773.894
773.896
773.898
773.899
773.9
773.9
773.901
773.901
773.901
773.901
773.901
773.901
773.901
773.901
773.901
773.901
773.901
773.9
773.9
773.899
773.899
773.899
773.898
773.897
773.897
773.896
773.895
773.894
773.894
773.893
773.892
773.891
773.89
773.889
773.888
773.887
773.886
773.886
773.885
773.884
773.883
773.883
773.882
773.882
773.881
773.881
773.881
773.881
773.881
773.881
773.882
773.882
773.882
773.883
773.883
773.884
773.885
773.885
773.886
773.887
773.887
773.888
773.889
773.889
773.89
773.89
773.89
773.891
773.891
773.891
773.891
773.891
773.891
773.89
773.89
773.89
773.889
773.889
773.888
773.888
773.887
773.886
773.885
773.885
773.884
773.883
773.883
773.882
773.881
773.881
773.881
773.88
773.88
773.88
773.88
773.88
773.88
773.881
773.881
773.881
773.882
773.883
773.883
773.884
773.885
773.886
773.886
773.887
773.887
773.888
773.888
773.888
773.889
773.892
773.945
774.16
774.159
774.159
774.155
774.146
774.143
774.143
774.142
774.139
774.137
774.137
774.136
774.135
774.134
774.133
774.132
774.13
774.129
774.127
774.126
774.124
774.122
774.12
774.118
774.116
774.114
774.112
774.11
774.107
774.105
774.103
774.101
774.099
774.098
774.096
774.095
774.094
774.093
774.093
774.093
774.093
774.093
774.093
774.093
774.092
774.091
774.09
774.089
774.088
774.087
774.086
774.085
774.084
774.083
774.082
774.081
774.081
774.081
774.081
774.082
774.084
774.09
774.097
774.101
774.102
774.102
774.101
774.106
774.14
774.246
774.342
774.385
774.391
774.376
774.3
774.184
774.095
774.032
773.988
773.959
773.94
773.928
773.92
773.915
773.912
773.909
773.908
773.907
773.906
773.905
773.905
773.904
773.904
773.904
773.903
773.903
773.903
773.903
773.903
773.902
773.902
773.902
773.902
773.901
773.901
773.901
773.9
773.9
773.899
773.898
773.897
773.897
773.896
773.895
773.894
773.893
773.892
773.891
773.891
773.89
773.889
773.888
773.887
773.886
773.885
773.885
773.884
773.884
773.883
773.883
773.883
773.883
773.883
773.883
773.883
773.883
773.883
773.884
773.884
773.885
773.886
773.886
773.887
773.888
773.888
773.889
773.889
773.89
773.891
773.891
773.892
773.892
773.892
773.892
773.892
773.892
773.892
773.892
773.892
773.891
773.891
773.891
773.89
773.89
773.889
773.888
773.888
773.887
773.886
773.885
773.885
773.884
773.883
773.883
773.882
773.882
773.882
773.881
773.881
773.881
773.881
773.882
773.882
773.882
773.883
773.884
773.884
773.885
773.886
773.886
773.887
773.888
773.888
773.889
773.889
773.89
773.89
773.891
773.893
773.951
773.772
773.751
773.746
773.747
773.746
773.74
773.726
773.717
773.698
773.688
773.67
773.658
773.641
773.631
773.619
773.613
773.606
773.608
773.615
773.647
773.823
773.823
773.828
773.827
773.82
773.804
773.786
773.772
773.748
773.735
773.716
773.69
773.681
773.665
773.65
773.634
773.623
773.613
773.604
773.595
773.891
773.89
773.887
773.883
773.878
773.871
773.865
773.857
773.849
773.839
773.831
773.825
773.821
773.822
773.817
773.803
773.79
773.786
773.774
773.769
773.933
773.936
773.934
773.93
773.925
773.92
773.912
773.901
773.891
773.888
773.896
773.896
773.858
773.835
773.833
773.813
773.753
773.718
773.731
773.731
773.945
773.959
773.957
773.957
773.955
773.952
773.946
773.938
773.931
773.932
773.939
773.937
773.908
773.885
773.874
773.845
773.791
773.78
773.795
773.778
773.699
773.698
773.695
773.687
773.686
773.686
773.685
773.682
773.681
773.68
773.679
773.678
773.676
773.675
773.674
773.673
773.672
773.671
773.67
773.669
773.669
773.669
773.669
773.669
773.669
773.669
773.669
773.669
773.669
773.669
773.669
773.668
773.668
773.668
773.667
773.667
773.668
773.668
773.668
773.668
773.669
773.669
773.67
773.671
773.671
773.672
773.672
773.673
773.673
773.674
773.675
773.676
773.677
773.677
773.678
773.678
773.679
773.681
773.684
773.687
773.69
773.695
773.702
773.709
773.715
773.719
773.721
773.724
773.729
773.755
773.846
773.956
774.017
774.035
774.03
773.981
773.87
773.778
773.714
773.67
773.642
773.626
773.617
773.613
773.612
773.613
773.615
773.618
773.622
773.625
773.63
773.634
773.638
773.642
773.647
773.65
773.656
773.657
773.664
773.498
773.575
773.574
773.565
773.56
773.56
773.561
773.561
773.558
773.556
773.556
773.556
773.556
773.554
773.554
773.553
773.553
773.552
773.551
773.551
773.55
773.55
773.55
773.55
773.55
773.55
773.551
773.551
773.552
773.552
773.552
773.553
773.553
773.553
773.553
773.553
773.553
773.553
773.554
773.554
773.554
773.555
773.556
773.556
773.557
773.557
773.558
773.559
773.56
773.561
773.561
773.562
773.563
773.564
773.565
773.566
773.567
773.568
773.57
773.572
773.574
773.576
773.581
773.587
773.591
773.598
773.609
773.621
773.632
773.64
773.646
773.658
773.688
773.729
773.761
773.777
773.78
773.776
773.746
773.682
773.631
773.599
773.584
773.58
773.581
773.584
773.591
773.598
773.606
773.612
773.618
773.624
773.629
773.634
773.639
773.644
773.647
773.653
773.655
773.658
773.566
773.788
773.8
773.807
773.807
773.812
773.814
773.813
773.81
773.809
773.808
773.807
773.806
773.805
773.804
773.804
773.804
773.803
773.802
773.801
773.799
773.797
773.796
773.794
773.793
773.793
773.792
773.792
773.793
773.793
773.794
773.794
773.795
773.796
773.796
773.797
773.797
773.798
773.799
773.8
773.802
773.804
773.806
773.809
773.811
773.813
773.815
773.817
773.82
773.825
773.829
773.833
773.836
773.838
773.839
773.838
773.83
773.8
773.75
773.704
773.666
773.637
773.616
773.602
773.594
773.59
773.589
773.59
773.592
773.595
773.599
773.603
773.606
773.608
773.608
773.608
773.605
773.602
773.6
773.597
773.596
773.596
773.598
773.6
773.603
773.606
773.61
773.613
773.617
773.621
773.625
773.628
773.633
773.637
773.641
773.645
773.649
773.653
773.658
773.661
773.668
773.601
773.592
773.589
773.57
773.549
773.559
773.574
773.572
773.562
773.559
773.56
773.562
773.562
773.56
773.559
773.559
773.559
773.559
773.559
773.559
773.559
773.559
773.559
773.559
773.559
773.559
773.559
773.559
773.558
773.558
773.558
773.558
773.558
773.558
773.559
773.56
773.56
773.561
773.562
773.563
773.565
773.566
773.566
773.567
773.567
773.568
773.569
773.57
773.571
773.571
773.572
773.572
773.573
773.574
773.576
773.579
773.581
773.583
773.584
773.586
773.588
773.589
773.593
773.598
773.605
773.611
773.617
773.622
773.626
773.63
773.633
773.636
773.643
773.665
773.738
773.835
773.894
773.914
773.909
773.862
773.75
773.664
773.614
773.591
773.585
773.586
773.59
773.599
773.607
773.615
773.621
773.627
773.633
773.638
773.643
773.648
773.652
773.659
773.663
773.718
773.623
773.592
773.581
773.559
773.537
773.543
773.558
773.557
773.547
773.543
773.544
773.546
773.546
773.545
773.544
773.543
773.543
773.543
773.543
773.543
773.543
773.543
773.543
773.543
773.543
773.543
773.543
773.543
773.543
773.543
773.543
773.543
773.543
773.543
773.544
773.544
773.545
773.545
773.546
773.547
773.548
773.549
773.55
773.551
773.551
773.552
773.552
773.553
773.554
773.555
773.556
773.556
773.556
773.556
773.557
773.558
773.56
773.562
773.563
773.565
773.565
773.567
773.568
773.571
773.574
773.579
773.585
773.591
773.596
773.602
773.606
773.61
773.613
773.62
773.639
773.71
773.841
773.925
773.952
773.945
773.879
773.739
773.643
773.593
773.576
773.574
773.578
773.59
773.602
773.612
773.62
773.627
773.633
773.639
773.644
773.649
773.653
773.66
773.665
773.723
773.559
773.539
773.535
773.537
773.537
773.532
773.52
773.512
773.495
773.487
773.47
773.46
773.446
773.438
773.427
773.423
773.417
773.419
773.427
773.456
773.605
773.608
773.613
773.612
773.606
773.593
773.577
773.564
773.543
773.532
773.51
773.494
773.487
773.468
773.456
773.442
773.434
773.424
773.415
773.409
773.672
773.671
773.671
773.667
773.664
773.658
773.653
773.647
773.64
773.632
773.626
773.623
773.623
773.622
773.613
773.604
773.597
773.593
773.586
773.585
773.711
773.715
773.714
773.711
773.709
773.705
773.698
773.691
773.688
773.693
773.705
773.681
773.649
773.644
773.633
773.591
773.547
773.551
773.573
773.57
773.722
773.737
773.736
773.737
773.737
773.734
773.731
773.726
773.726
773.733
773.743
773.723
773.698
773.683
773.666
773.622
773.604
773.611
773.635
773.602
773.505
773.518
773.519
773.519
773.524
773.531
773.536
773.539
773.546
773.552
773.557
773.563
773.569
773.576
773.584
773.591
773.598
773.606
773.613
773.621
773.628
773.636
773.643
773.651
773.658
773.666
773.674
773.682
773.691
773.699
773.708
773.717
773.726
773.735
773.744
773.754
773.763
773.772
773.782
773.792
773.801
773.811
773.821
773.832
773.842
773.852
773.863
773.874
773.884
773.895
773.907
773.918
773.929
773.939
773.951
773.964
773.977
773.99
774.004
774.021
774.04
774.061
774.08
774.093
774.102
774.113
774.14
774.228
774.361
774.454
774.496
774.502
774.481
774.397
774.305
774.243
774.203
774.183
774.179
774.18
774.183
774.193
774.206
774.22
774.234
774.249
774.265
774.28
774.296
774.312
774.328
774.344
774.36
774.377
774.393
774.41
774.427
774.443
774.46
774.477
774.494
774.512
774.529
774.546
774.564
774.581
774.599
774.617
774.635
774.653
774.671
774.689
774.708
774.726
774.745
774.764
774.783
774.802
774.821
774.841
774.86
774.88
774.9
774.92
774.94
774.96
774.98
775.001
775.022
775.042
775.063
775.084
775.105
775.127
775.148
775.17
775.191
775.213
775.235
775.257
775.279
775.301
775.323
775.346
775.368
775.391
775.414
775.437
775.46
775.483
775.506
775.53
775.553
775.577
775.6
775.624
775.648
775.672
775.696
775.721
775.745
775.77
775.794
775.819
775.843
775.868
775.893
775.918
775.943
775.968
775.993
776.018
776.044
776.069
776.094
776.12
776.146
776.171
776.197
776.223
776.249
776.275
776.301
776.328
776.353
776.381
776.405
776.434
776.457
776.487
776.51
776.541
776.562
776.595
776.615
776.649
776.668
776.702
776.726
776.753
773.392
773.396
773.397
773.398
773.403
773.412
773.416
773.419
773.425
773.432
773.438
773.443
773.45
773.457
773.464
773.471
773.479
773.487
773.494
773.502
773.51
773.518
773.526
773.534
773.543
773.551
773.559
773.567
773.575
773.584
773.593
773.602
773.611
773.62
773.629
773.639
773.648
773.658
773.667
773.677
773.687
773.697
773.707
773.717
773.728
773.738
773.749
773.76
773.77
773.781
773.793
773.804
773.815
773.828
773.841
773.853
773.864
773.877
773.892
773.909
773.925
773.941
773.961
773.986
774.013
774.032
774.044
774.064
774.106
774.16
774.211
774.245
774.26
774.262
774.251
774.205
774.161
774.141
774.137
774.139
774.146
774.164
774.184
774.203
774.222
774.24
774.257
774.275
774.292
774.308
774.325
774.342
774.358
774.375
774.391
774.408
774.425
774.442
774.459
774.476
774.493
774.51
774.527
774.545
774.562
774.58
774.598
774.615
774.633
774.652
774.67
774.688
774.706
774.725
774.744
774.763
774.782
774.801
774.82
774.839
774.859
774.879
774.898
774.918
774.938
774.959
774.979
775
775.02
775.041
775.062
775.083
775.104
775.125
775.147
775.168
775.19
775.211
775.233
775.255
775.277
775.3
775.322
775.344
775.367
775.389
775.412
775.435
775.458
775.482
775.505
775.528
775.552
775.575
775.599
775.623
775.647
775.671
775.695
775.719
775.744
775.768
775.793
775.817
775.842
775.867
775.891
775.916
775.941
775.967
775.992
776.017
776.042
776.068
776.093
776.119
776.144
776.17
776.196
776.222
776.248
776.274
776.3
776.327
776.352
776.38
776.404
776.433
776.456
776.486
776.508
776.54
776.561
776.593
776.614
776.647
776.667
776.701
776.721
776.762
773.61
773.617
773.63
773.644
773.655
773.66
773.663
773.67
773.676
773.682
773.688
773.694
773.7
773.705
773.711
773.716
773.722
773.729
773.736
773.743
773.751
773.76
773.768
773.777
773.785
773.794
773.803
773.812
773.82
773.829
773.838
773.847
773.856
773.865
773.874
773.883
773.892
773.902
773.912
773.923
773.934
773.945
773.956
773.969
773.982
773.997
774.012
774.027
774.041
774.056
774.068
774.078
774.083
774.081
774.066
774.027
773.992
773.965
773.946
773.94
773.94
773.943
773.949
773.961
773.974
773.989
774.004
774.02
774.035
774.049
774.061
774.072
774.082
774.092
774.101
774.11
774.12
774.131
774.145
774.158
774.173
774.188
774.202
774.218
774.233
774.248
774.264
774.279
774.295
774.311
774.327
774.343
774.359
774.375
774.392
774.408
774.425
774.442
774.459
774.476
774.493
774.51
774.527
774.545
774.562
774.58
774.598
774.615
774.633
774.652
774.67
774.688
774.706
774.725
774.744
774.763
774.782
774.801
774.82
774.839
774.859
774.879
774.898
774.918
774.938
774.959
774.979
775
775.02
775.041
775.062
775.083
775.104
775.125
775.147
775.168
775.19
775.211
775.233
775.255
775.277
775.3
775.322
775.344
775.367
775.389
775.412
775.435
775.458
775.482
775.505
775.528
775.552
775.575
775.599
775.623
775.647
775.671
775.695
775.719
775.744
775.768
775.793
775.817
775.842
775.867
775.891
775.916
775.941
775.967
775.992
776.017
776.042
776.068
776.093
776.119
776.144
776.17
776.196
776.222
776.248
776.274
776.3
776.326
776.352
776.379
776.404
776.432
776.457
776.484
776.511
776.537
776.564
776.592
776.615
776.646
776.669
776.696
776.724
776.752
773.424
773.424
773.42
773.404
773.398
773.418
773.434
773.431
773.431
773.435
773.447
773.454
773.458
773.465
773.472
773.479
773.486
773.493
773.501
773.508
773.516
773.523
773.531
773.539
773.548
773.556
773.565
773.574
773.583
773.592
773.602
773.611
773.621
773.63
773.64
773.649
773.658
773.667
773.677
773.687
773.696
773.706
773.716
773.726
773.737
773.747
773.758
773.769
773.779
773.79
773.801
773.813
773.825
773.837
773.85
773.864
773.876
773.887
773.898
773.912
773.927
773.945
773.965
773.984
774.004
774.023
774.04
774.054
774.064
774.077
774.106
774.188
774.3
774.38
774.416
774.419
774.39
774.295
774.216
774.177
774.166
774.167
774.174
774.193
774.215
774.235
774.254
774.272
774.29
774.307
774.324
774.341
774.358
774.375
774.391
774.408
774.425
774.442
774.459
774.476
774.493
774.51
774.527
774.545
774.562
774.58
774.598
774.615
774.633
774.652
774.67
774.688
774.706
774.725
774.744
774.763
774.782
774.801
774.82
774.839
774.859
774.879
774.898
774.918
774.938
774.959
774.979
775
775.02
775.041
775.062
775.083
775.104
775.125
775.147
775.168
775.19
775.211
775.233
775.255
775.277
775.3
775.322
775.344
775.367
775.389
775.412
775.435
775.458
775.482
775.505
775.528
775.552
775.575
775.599
775.623
775.647
775.671
775.695
775.719
775.744
775.768
775.793
775.817
775.842
775.867
775.891
775.916
775.941
775.967
775.992
776.017
776.042
776.068
776.093
776.119
776.144
776.17
776.196
776.222
776.248
776.274
776.3
776.325
776.353
776.377
776.406
776.43
776.46
776.482
776.513
776.535
776.566
776.587
776.621
776.64
776.675
776.692
776.731
776.742
773.446
773.419
773.411
773.393
773.385
773.401
773.419
773.417
773.415
773.419
773.43
773.438
773.442
773.448
773.456
773.464
773.471
773.478
773.486
773.493
773.501
773.509
773.517
773.525
773.533
773.542
773.55
773.559
773.568
773.577
773.586
773.595
773.605
773.614
773.623
773.633
773.642
773.651
773.661
773.671
773.681
773.691
773.7
773.711
773.721
773.731
773.742
773.753
773.763
773.774
773.785
773.796
773.807
773.82
773.831
773.844
773.857
773.869
773.881
773.893
773.904
773.918
773.933
773.951
773.969
773.988
774.009
774.028
774.042
774.053
774.065
774.092
774.174
774.324
774.429
774.471
774.47
774.419
774.291
774.204
774.167
774.159
774.162
774.179
774.206
774.23
774.251
774.271
774.29
774.307
774.325
774.342
774.359
774.376
774.392
774.409
774.426
774.443
774.46
774.477
774.494
774.511
774.529
774.546
774.564
774.581
774.599
774.617
774.635
774.653
774.671
774.689
774.708
774.726
774.745
774.764
774.783
774.802
774.821
774.841
774.86
774.88
774.9
774.92
774.94
774.96
774.98
775.001
775.022
775.042
775.063
775.084
775.105
775.127
775.148
775.17
775.191
775.213
775.235
775.257
775.279
775.301
775.323
775.346
775.368
775.391
775.414
775.437
775.46
775.483
775.506
775.53
775.553
775.577
775.6
775.624
775.648
775.672
775.696
775.721
775.745
775.77
775.794
775.819
775.843
775.868
775.893
775.918
775.943
775.968
775.993
776.018
776.044
776.069
776.094
776.12
776.146
776.171
776.197
776.223
776.249
776.275
776.302
776.327
776.355
776.379
776.408
776.431
776.461
776.483
776.514
776.536
776.568
776.588
776.622
776.641
776.676
776.693
776.737
776.725
776.785
776.804
776.816
776.824
776.834
776.842
776.848
776.852
776.854
776.859
776.864
776.875
776.897
776.908
776.905
776.887
776.87
776.864
776.865
776.855
776.781
776.792
776.8
776.807
776.816
776.823
776.829
776.833
776.836
776.84
776.844
776.853
776.874
776.887
776.885
776.859
776.845
776.842
776.85
776.851
776.768
776.774
776.779
776.783
776.787
776.791
776.797
776.801
776.806
776.811
776.815
776.821
776.829
776.835
776.844
776.862
776.879
776.888
776.888
776.892
776.755
776.758
776.762
776.763
776.761
776.759
776.755
776.752
776.749
776.747
776.744
776.744
776.741
776.741
776.739
776.742
776.744
776.746
776.75
776.752
776.728
776.725
776.728
776.73
776.732
776.733
776.732
776.732
776.73
776.73
776.728
776.728
776.727
776.728
776.727
776.728
776.73
776.732
776.739
776.752
776.845
776.865
776.914
776.93
776.948
776.987
777.023
777.057
777.089
777.122
777.157
777.192
777.225
777.258
777.291
777.325
777.36
777.395
777.431
777.466
777.502
777.538
777.574
777.61
777.646
777.681
777.716
777.753
777.789
777.825
777.86
777.896
777.932
777.967
778.002
778.038
778.075
778.112
778.148
778.184
778.218
778.252
778.289
778.325
778.357
778.39
778.433
778.484
778.53
778.558
778.575
778.603
778.692
778.914
779.088
779.148
779.141
779.047
778.918
778.863
778.854
778.868
778.919
778.969
779.011
779.049
779.085
779.12
779.154
779.187
779.22
779.253
779.285
779.317
779.349
779.381
779.413
779.445
779.476
779.507
779.539
779.57
779.601
779.632
779.663
779.693
779.724
779.755
779.785
779.815
779.846
779.876
779.906
779.936
779.966
779.995
780.025
780.054
780.083
780.112
780.141
780.17
780.199
780.227
780.256
780.284
780.312
780.339
780.367
780.394
780.422
780.449
780.476
780.503
780.529
780.556
780.582
780.608
780.634
780.66
780.686
780.712
780.737
780.763
780.788
780.813
780.838
780.863
780.888
780.913
780.938
780.962
780.987
781.011
781.035
781.059
781.083
781.107
781.131
781.154
781.178
781.201
781.224
781.247
781.27
781.292
781.315
781.337
781.359
781.38
781.402
781.423
781.444
781.465
781.486
781.506
781.526
781.546
781.566
781.586
781.605
781.624
781.644
781.662
781.681
781.699
781.718
781.736
781.754
781.771
781.789
781.806
781.824
781.841
781.857
781.874
781.891
781.907
781.923
781.939
781.955
781.97
781.986
782.001
782.016
782.031
782.045
782.06
782.074
782.087
782.101
782.114
782.128
782.141
782.153
782.166
782.178
782.19
782.202
782.213
782.225
782.236
782.247
782.257
782.268
782.278
782.288
782.298
782.308
782.317
782.327
782.336
782.345
782.354
782.362
782.371
782.379
782.387
782.395
782.403
782.41
782.417
782.425
782.432
782.438
782.445
782.451
782.457
782.463
782.469
782.475
782.48
782.485
782.49
782.495
782.5
782.504
782.509
782.513
782.516
782.52
782.524
782.527
782.53
782.533
782.536
782.539
782.542
782.544
782.546
782.549
782.551
782.553
782.555
782.557
782.559
782.561
782.562
782.564
782.566
782.567
782.569
782.571
782.572
782.574
782.575
782.576
782.578
782.579
782.581
782.582
782.584
782.585
782.586
782.588
782.589
782.591
782.592
782.594
782.595
782.596
782.598
782.599
782.601
782.602
782.604
782.605
782.607
782.608
782.61
782.612
782.613
782.615
782.616
782.618
782.62
782.621
782.623
782.625
782.626
782.628
782.63
782.631
782.633
782.635
782.636
782.638
782.64
782.641
782.643
782.644
782.646
782.648
782.649
782.651
782.652
782.654
782.655
782.656
782.658
782.659
782.66
782.662
782.663
782.664
782.666
782.667
782.668
782.669
782.67
782.672
782.673
782.674
782.675
782.676
782.678
782.679
782.68
782.681
782.682
782.683
782.684
782.686
782.687
782.688
782.689
782.69
782.691
782.692
782.693
782.694
782.695
782.696
782.697
782.698
782.699
782.7
782.7
782.701
782.702
782.703
782.703
782.704
782.704
782.705
782.706
782.706
782.706
782.707
782.707
782.708
782.708
782.708
782.709
782.709
782.709
782.71
782.71
782.71
782.711
782.711
782.711
782.711
782.712
782.712
782.712
782.712
782.713
782.713
782.713
782.713
782.714
782.714
782.714
782.714
782.715
782.715
782.715
782.716
782.716
782.716
782.717
782.717
782.717
782.718
782.718
782.719
782.719
782.719
782.72
782.72
782.721
782.722
782.722
782.723
782.724
782.724
782.725
782.726
782.727
782.728
782.729
782.73
782.731
782.732
782.733
782.734
782.736
782.737
782.738
782.74
782.741
782.743
782.744
782.746
782.748
782.749
782.751
782.753
782.755
782.757
782.759
782.761
782.763
782.765
782.767
782.77
782.772
782.774
782.776
782.779
782.781
782.783
782.786
782.788
782.791
782.793
782.796
782.798
782.801
782.804
782.806
782.809
782.812
782.814
782.817
782.82
782.822
782.825
782.828
782.831
782.833
782.836
782.839
782.842
782.844
782.847
782.85
782.853
782.856
782.859
782.862
782.864
782.867
782.87
782.873
782.876
782.879
782.882
782.885
782.888
782.892
782.895
782.898
782.901
782.904
782.908
782.911
782.914
782.918
782.921
782.924
782.928
782.931
782.935
782.938
782.942
782.945
782.949
782.953
782.956
782.96
782.964
782.967
782.971
782.975
782.978
782.982
782.986
782.989
782.993
782.996
783
783.004
783.007
783.011
783.014
783.017
783.021
783.024
783.027
783.03
783.034
783.037
783.04
783.043
783.045
783.048
783.051
783.054
783.057
783.059
783.062
783.064
783.067
783.069
783.071
783.074
783.076
783.078
783.08
783.082
783.084
783.086
783.088
783.09
783.092
783.094
783.095
783.097
783.099
783.101
783.102
783.104
783.105
783.107
783.108
783.11
783.111
783.113
783.114
783.116
783.117
783.118
783.12
783.121
783.122
783.123
783.125
783.126
783.127
783.128
783.13
783.13
783.132
783.133
783.135
783.135
783.137
783.137
783.139
783.139
783.142
783.141
783.144
783.143
783.146
783.144
783.145
783.14
776.847
776.874
776.934
776.95
776.973
777.017
777.053
777.088
777.121
777.154
777.187
777.218
777.249
777.28
777.312
777.344
777.377
777.412
777.447
777.482
777.518
777.554
777.59
777.625
777.661
777.697
777.733
777.769
777.805
777.841
777.877
777.912
777.949
777.985
778.023
778.061
778.103
778.146
778.179
778.209
778.24
778.273
778.307
778.34
778.374
778.415
778.465
778.513
778.544
778.562
778.587
778.654
778.815
778.963
779.038
779.049
779.022
778.936
778.88
778.863
778.864
778.889
778.936
778.977
779.015
779.051
779.086
779.12
779.153
779.186
779.219
779.252
779.284
779.316
779.348
779.38
779.412
779.443
779.475
779.506
779.537
779.569
779.6
779.631
779.661
779.692
779.723
779.753
779.784
779.814
779.844
779.875
779.905
779.935
779.964
779.994
780.024
780.053
780.082
780.111
780.14
780.169
780.198
780.226
780.254
780.282
780.31
780.338
780.366
780.393
780.42
780.448
780.475
780.501
780.528
780.554
780.581
780.607
780.633
780.659
780.685
780.711
780.736
780.762
780.787
780.812
780.837
780.862
780.887
780.912
780.936
780.961
780.985
781.01
781.034
781.058
781.082
781.106
781.13
781.153
781.177
781.2
781.223
781.246
781.268
781.291
781.313
781.335
781.357
781.379
781.401
781.422
781.443
781.464
781.485
781.505
781.525
781.545
781.565
781.585
781.604
781.623
781.642
781.661
781.68
781.698
781.717
781.735
781.752
781.77
781.788
781.805
781.822
781.839
781.856
781.873
781.889
781.906
781.922
781.938
781.954
781.969
781.985
782
782.015
782.03
782.044
782.058
782.072
782.086
782.1
782.113
782.127
782.139
782.152
782.165
782.177
782.189
782.201
782.212
782.224
782.235
782.246
782.256
782.267
782.277
782.287
782.297
782.307
782.316
782.326
782.335
782.344
782.353
782.361
782.37
782.378
782.386
782.394
782.402
782.409
782.416
782.424
782.43
782.437
782.444
782.45
782.456
782.462
782.468
782.474
782.479
782.484
782.489
782.494
782.499
782.503
782.507
782.512
782.515
782.519
782.523
782.526
782.529
782.532
782.535
782.538
782.54
782.543
782.545
782.548
782.55
782.552
782.554
782.556
782.558
782.56
782.561
782.563
782.565
782.566
782.568
782.57
782.571
782.573
782.574
782.575
782.577
782.578
782.58
782.581
782.583
782.584
782.586
782.587
782.588
782.59
782.591
782.593
782.594
782.595
782.597
782.598
782.6
782.601
782.603
782.604
782.606
782.607
782.609
782.611
782.612
782.614
782.615
782.617
782.619
782.62
782.622
782.624
782.625
782.627
782.629
782.63
782.632
782.634
782.635
782.637
782.639
782.64
782.642
782.644
782.645
782.647
782.648
782.65
782.651
782.653
782.654
782.655
782.657
782.658
782.66
782.661
782.662
782.663
782.665
782.666
782.667
782.668
782.67
782.671
782.672
782.673
782.674
782.676
782.677
782.678
782.679
782.68
782.681
782.682
782.684
782.685
782.686
782.687
782.688
782.689
782.69
782.691
782.692
782.693
782.694
782.695
782.696
782.697
782.698
782.699
782.7
782.7
782.701
782.702
782.702
782.703
782.704
782.704
782.705
782.705
782.706
782.706
782.707
782.707
782.707
782.708
782.708
782.708
782.709
782.709
782.709
782.709
782.71
782.71
782.71
782.711
782.711
782.711
782.711
782.712
782.712
782.712
782.712
782.713
782.713
782.713
782.713
782.714
782.714
782.714
782.715
782.715
782.715
782.716
782.716
782.716
782.717
782.717
782.717
782.718
782.718
782.719
782.719
782.72
782.72
782.721
782.722
782.722
782.723
782.724
782.724
782.725
782.726
782.727
782.728
782.729
782.73
782.731
782.732
782.734
782.735
782.736
782.738
782.739
782.74
782.742
782.744
782.745
782.747
782.749
782.751
782.752
782.754
782.756
782.758
782.76
782.762
782.765
782.767
782.769
782.771
782.773
782.776
782.778
782.78
782.783
782.785
782.788
782.79
782.793
782.795
782.798
782.8
782.803
782.806
782.808
782.811
782.814
782.816
782.819
782.822
782.824
782.827
782.83
782.833
782.835
782.838
782.841
782.844
782.847
782.849
782.852
782.855
782.858
782.861
782.864
782.867
782.87
782.873
782.876
782.879
782.882
782.885
782.888
782.891
782.894
782.897
782.9
782.904
782.907
782.91
782.914
782.917
782.92
782.924
782.927
782.931
782.934
782.938
782.941
782.945
782.948
782.952
782.956
782.959
782.963
782.967
782.97
782.974
782.978
782.981
782.985
782.989
782.992
782.996
782.999
783.003
783.006
783.01
783.013
783.017
783.02
783.023
783.027
783.03
783.033
783.036
783.039
783.042
783.045
783.048
783.051
783.053
783.056
783.059
783.061
783.064
783.066
783.069
783.071
783.073
783.075
783.078
783.08
783.082
783.084
783.086
783.088
783.09
783.091
783.093
783.095
783.097
783.098
783.1
783.102
783.103
783.105
783.106
783.108
783.109
783.111
783.112
783.114
783.115
783.116
783.118
783.119
783.12
783.122
783.123
783.124
783.125
783.127
783.128
783.129
783.13
783.132
783.132
783.134
783.134
783.137
783.136
783.139
783.139
783.141
783.141
783.143
783.143
783.145
783.144
783.144
783.14
776.97
777.021
777.088
777.14
777.188
777.234
777.275
777.311
777.345
777.379
777.412
777.444
777.476
777.509
777.542
777.576
777.61
777.644
777.68
777.716
777.753
777.791
777.828
777.864
777.901
777.938
777.975
778.01
778.045
778.082
778.121
778.161
778.201
778.242
778.285
778.328
778.363
778.386
778.392
778.389
778.372
778.363
778.362
778.365
778.376
778.404
778.438
778.473
778.51
778.547
778.582
778.617
778.649
778.679
778.708
778.737
778.766
778.796
778.828
778.86
778.893
778.927
778.96
778.992
779.025
779.058
779.09
779.123
779.155
779.188
779.22
779.252
779.284
779.316
779.348
779.38
779.412
779.443
779.475
779.506
779.537
779.569
779.6
779.631
779.661
779.692
779.723
779.753
779.784
779.814
779.844
779.875
779.905
779.935
779.964
779.994
780.024
780.053
780.082
780.111
780.14
780.169
780.198
780.226
780.254
780.282
780.31
780.338
780.366
780.393
780.42
780.448
780.475
780.501
780.528
780.554
780.581
780.607
780.633
780.659
780.685
780.711
780.736
780.762
780.787
780.812
780.837
780.862
780.887
780.912
780.936
780.961
780.985
781.01
781.034
781.058
781.082
781.106
781.13
781.153
781.177
781.2
781.223
781.246
781.268
781.291
781.313
781.335
781.357
781.379
781.401
781.422
781.443
781.464
781.485
781.505
781.525
781.545
781.565
781.585
781.604
781.623
781.642
781.661
781.68
781.698
781.717
781.735
781.752
781.77
781.788
781.805
781.822
781.839
781.856
781.873
781.889
781.906
781.922
781.938
781.954
781.969
781.985
782
782.015
782.03
782.044
782.058
782.072
782.086
782.1
782.113
782.127
782.139
782.152
782.165
782.177
782.189
782.201
782.212
782.224
782.235
782.246
782.256
782.267
782.277
782.287
782.297
782.307
782.316
782.326
782.335
782.344
782.353
782.361
782.37
782.378
782.386
782.394
782.402
782.409
782.416
782.424
782.43
782.437
782.444
782.45
782.456
782.462
782.468
782.474
782.479
782.484
782.489
782.494
782.499
782.503
782.507
782.512
782.515
782.519
782.523
782.526
782.529
782.532
782.535
782.538
782.54
782.543
782.545
782.548
782.55
782.552
782.554
782.556
782.558
782.56
782.561
782.563
782.565
782.566
782.568
782.57
782.571
782.573
782.574
782.575
782.577
782.578
782.58
782.581
782.583
782.584
782.586
782.587
782.588
782.59
782.591
782.593
782.594
782.595
782.597
782.598
782.6
782.601
782.603
782.604
782.606
782.607
782.609
782.611
782.612
782.614
782.615
782.617
782.619
782.62
782.622
782.624
782.625
782.627
782.629
782.63
782.632
782.634
782.635
782.637
782.639
782.64
782.642
782.644
782.645
782.647
782.648
782.65
782.651
782.653
782.654
782.655
782.657
782.658
782.66
782.661
782.662
782.663
782.665
782.666
782.667
782.668
782.67
782.671
782.672
782.673
782.674
782.676
782.677
782.678
782.679
782.68
782.681
782.682
782.684
782.685
782.686
782.687
782.688
782.689
782.69
782.691
782.692
782.693
782.694
782.695
782.696
782.697
782.698
782.699
782.7
782.7
782.701
782.702
782.702
782.703
782.704
782.704
782.705
782.705
782.706
782.706
782.707
782.707
782.707
782.708
782.708
782.708
782.709
782.709
782.709
782.709
782.71
782.71
782.71
782.711
782.711
782.711
782.711
782.712
782.712
782.712
782.712
782.713
782.713
782.713
782.713
782.714
782.714
782.714
782.715
782.715
782.715
782.716
782.716
782.716
782.717
782.717
782.717
782.718
782.718
782.719
782.719
782.72
782.72
782.721
782.722
782.722
782.723
782.724
782.724
782.725
782.726
782.727
782.728
782.729
782.73
782.731
782.732
782.734
782.735
782.736
782.738
782.739
782.74
782.742
782.744
782.745
782.747
782.749
782.751
782.752
782.754
782.756
782.758
782.76
782.762
782.765
782.767
782.769
782.771
782.773
782.776
782.778
782.78
782.783
782.785
782.788
782.79
782.793
782.795
782.798
782.8
782.803
782.806
782.808
782.811
782.814
782.816
782.819
782.822
782.824
782.827
782.83
782.833
782.835
782.838
782.841
782.844
782.847
782.849
782.852
782.855
782.858
782.861
782.864
782.867
782.87
782.873
782.876
782.879
782.882
782.885
782.888
782.891
782.894
782.897
782.9
782.904
782.907
782.91
782.914
782.917
782.92
782.924
782.927
782.931
782.934
782.938
782.941
782.945
782.948
782.952
782.956
782.959
782.963
782.967
782.97
782.974
782.978
782.981
782.985
782.989
782.992
782.996
782.999
783.003
783.006
783.01
783.013
783.017
783.02
783.023
783.027
783.03
783.033
783.036
783.039
783.042
783.045
783.048
783.051
783.053
783.056
783.059
783.061
783.064
783.066
783.069
783.071
783.073
783.075
783.078
783.08
783.082
783.084
783.086
783.088
783.09
783.091
783.093
783.095
783.097
783.098
783.1
783.102
783.103
783.105
783.106
783.108
783.109
783.111
783.112
783.114
783.115
783.116
783.118
783.119
783.12
783.122
783.123
783.124
783.125
783.127
783.128
783.129
783.13
783.132
783.132
783.134
783.134
783.137
783.136
783.139
783.139
783.141
783.141
783.143
783.143
783.145
783.144
783.144
783.14
776.785
776.813
776.859
776.894
776.933
776.974
777.014
777.052
777.09
777.127
777.164
777.199
777.235
777.271
777.307
777.342
777.377
777.411
777.446
777.481
777.515
777.55
777.585
777.62
777.656
777.691
777.726
777.761
777.798
777.833
777.867
777.902
777.939
777.974
778.009
778.044
778.083
778.122
778.156
778.187
778.225
778.27
778.308
778.336
778.375
778.432
778.486
778.517
778.543
778.595
778.678
778.769
778.837
778.864
778.866
778.853
778.828
778.816
778.816
778.827
778.865
778.907
778.945
778.982
779.018
779.053
779.087
779.121
779.154
779.187
779.219
779.252
779.284
779.316
779.348
779.38
779.412
779.443
779.475
779.506
779.537
779.569
779.6
779.631
779.661
779.692
779.723
779.753
779.784
779.814
779.844
779.875
779.905
779.935
779.964
779.994
780.024
780.053
780.082
780.111
780.14
780.169
780.198
780.226
780.254
780.282
780.31
780.338
780.366
780.393
780.42
780.448
780.475
780.501
780.528
780.554
780.581
780.607
780.633
780.659
780.685
780.711
780.736
780.762
780.787
780.812
780.837
780.862
780.887
780.912
780.936
780.961
780.985
781.01
781.034
781.058
781.082
781.106
781.13
781.153
781.177
781.2
781.223
781.246
781.268
781.291
781.313
781.335
781.357
781.379
781.401
781.422
781.443
781.464
781.485
781.505
781.525
781.545
781.565
781.585
781.604
781.623
781.642
781.661
781.68
781.698
781.717
781.735
781.752
781.77
781.788
781.805
781.822
781.839
781.856
781.873
781.889
781.906
781.922
781.938
781.954
781.969
781.985
782
782.015
782.03
782.044
782.058
782.072
782.086
782.1
782.113
782.127
782.139
782.152
782.165
782.177
782.189
782.201
782.212
782.224
782.235
782.246
782.256
782.267
782.277
782.287
782.297
782.307
782.316
782.326
782.335
782.344
782.353
782.361
782.37
782.378
782.386
782.394
782.402
782.409
782.416
782.424
782.43
782.437
782.444
782.45
782.456
782.462
782.468
782.474
782.479
782.484
782.489
782.494
782.499
782.503
782.507
782.512
782.515
782.519
782.523
782.526
782.529
782.532
782.535
782.538
782.54
782.543
782.545
782.548
782.55
782.552
782.554
782.556
782.558
782.56
782.561
782.563
782.565
782.566
782.568
782.57
782.571
782.573
782.574
782.575
782.577
782.578
782.58
782.581
782.583
782.584
782.586
782.587
782.588
782.59
782.591
782.593
782.594
782.595
782.597
782.598
782.6
782.601
782.603
782.604
782.606
782.607
782.609
782.611
782.612
782.614
782.615
782.617
782.619
782.62
782.622
782.624
782.625
782.627
782.629
782.63
782.632
782.634
782.635
782.637
782.639
782.64
782.642
782.644
782.645
782.647
782.648
782.65
782.651
782.653
782.654
782.655
782.657
782.658
782.66
782.661
782.662
782.663
782.665
782.666
782.667
782.668
782.67
782.671
782.672
782.673
782.674
782.676
782.677
782.678
782.679
782.68
782.681
782.682
782.684
782.685
782.686
782.687
782.688
782.689
782.69
782.691
782.692
782.693
782.694
782.695
782.696
782.697
782.698
782.699
782.7
782.7
782.701
782.702
782.702
782.703
782.704
782.704
782.705
782.705
782.706
782.706
782.707
782.707
782.707
782.708
782.708
782.708
782.709
782.709
782.709
782.709
782.71
782.71
782.71
782.711
782.711
782.711
782.711
782.712
782.712
782.712
782.712
782.713
782.713
782.713
782.713
782.714
782.714
782.714
782.715
782.715
782.715
782.716
782.716
782.716
782.717
782.717
782.717
782.718
782.718
782.719
782.719
782.72
782.72
782.721
782.722
782.722
782.723
782.724
782.724
782.725
782.726
782.727
782.728
782.729
782.73
782.731
782.732
782.734
782.735
782.736
782.738
782.739
782.74
782.742
782.744
782.745
782.747
782.749
782.751
782.752
782.754
782.756
782.758
782.76
782.762
782.765
782.767
782.769
782.771
782.773
782.776
782.778
782.78
782.783
782.785
782.788
782.79
782.793
782.795
782.798
782.8
782.803
782.806
782.808
782.811
782.814
782.816
782.819
782.822
782.824
782.827
782.83
782.833
782.835
782.838
782.841
782.844
782.847
782.849
782.852
782.855
782.858
782.861
782.864
782.867
782.87
782.873
782.876
782.879
782.882
782.885
782.888
782.891
782.894
782.897
782.9
782.904
782.907
782.91
782.914
782.917
782.92
782.924
782.927
782.931
782.934
782.938
782.941
782.945
782.948
782.952
782.956
782.959
782.963
782.967
782.97
782.974
782.978
782.981
782.985
782.989
782.992
782.996
782.999
783.003
783.006
783.01
783.013
783.017
783.02
783.023
783.027
783.03
783.033
783.036
783.039
783.042
783.045
783.048
783.051
783.053
783.056
783.059
783.061
783.064
783.066
783.069
783.071
783.073
783.075
783.078
783.08
783.082
783.084
783.086
783.088
783.09
783.091
783.093
783.095
783.097
783.098
783.1
783.102
783.103
783.105
783.106
783.108
783.109
783.111
783.112
783.114
783.115
783.116
783.118
783.119
783.12
783.122
783.123
783.124
783.125
783.127
783.128
783.129
783.13
783.132
783.132
783.134
783.134
783.137
783.136
783.139
783.139
783.141
783.141
783.143
783.143
783.145
783.144
783.144
783.14
776.797
776.854
776.906
776.947
776.992
777.038
777.082
777.126
777.17
777.213
777.255
777.295
777.335
777.373
777.41
777.446
777.482
777.517
777.553
777.589
777.624
777.66
777.696
777.731
777.767
777.803
777.838
777.872
777.908
777.944
777.979
778.014
778.051
778.088
778.125
778.16
778.197
778.234
778.272
778.309
778.342
778.374
778.41
778.459
778.512
778.551
778.571
778.591
778.639
778.786
778.962
779.066
779.098
779.094
779.039
778.948
778.9
778.883
778.879
778.882
778.899
778.93
778.961
778.993
779.026
779.058
779.091
779.124
779.156
779.189
779.221
779.253
779.286
779.318
779.35
779.381
779.413
779.445
779.476
779.507
779.539
779.57
779.601
779.632
779.663
779.693
779.724
779.755
779.785
779.815
779.846
779.876
779.906
779.936
779.966
779.995
780.025
780.054
780.083
780.112
780.141
780.17
780.199
780.227
780.256
780.284
780.312
780.339
780.367
780.394
780.422
780.449
780.476
780.503
780.529
780.556
780.582
780.608
780.634
780.66
780.686
780.712
780.737
780.763
780.788
780.813
780.838
780.863
780.888
780.913
780.938
780.962
780.987
781.011
781.035
781.059
781.083
781.107
781.131
781.154
781.178
781.201
781.224
781.247
781.27
781.292
781.315
781.337
781.359
781.38
781.402
781.423
781.444
781.465
781.486
781.506
781.526
781.546
781.566
781.586
781.605
781.624
781.644
781.662
781.681
781.699
781.718
781.736
781.754
781.771
781.789
781.806
781.824
781.841
781.857
781.874
781.891
781.907
781.923
781.939
781.955
781.97
781.986
782.001
782.016
782.031
782.045
782.06
782.074
782.087
782.101
782.114
782.128
782.141
782.153
782.166
782.178
782.19
782.202
782.213
782.225
782.236
782.247
782.257
782.268
782.278
782.288
782.298
782.308
782.317
782.327
782.336
782.345
782.354
782.362
782.371
782.379
782.387
782.395
782.403
782.41
782.417
782.425
782.432
782.438
782.445
782.451
782.457
782.463
782.469
782.475
782.48
782.485
782.49
782.495
782.5
782.504
782.509
782.513
782.516
782.52
782.524
782.527
782.53
782.533
782.536
782.539
782.542
782.544
782.546
782.549
782.551
782.553
782.555
782.557
782.559
782.561
782.562
782.564
782.566
782.567
782.569
782.571
782.572
782.574
782.575
782.576
782.578
782.579
782.581
782.582
782.584
782.585
782.586
782.588
782.589
782.591
782.592
782.594
782.595
782.596
782.598
782.599
782.601
782.602
782.604
782.605
782.607
782.608
782.61
782.612
782.613
782.615
782.616
782.618
782.62
782.621
782.623
782.625
782.626
782.628
782.63
782.631
782.633
782.635
782.636
782.638
782.64
782.641
782.643
782.644
782.646
782.648
782.649
782.651
782.652
782.654
782.655
782.656
782.658
782.659
782.66
782.662
782.663
782.664
782.666
782.667
782.668
782.669
782.67
782.672
782.673
782.674
782.675
782.676
782.678
782.679
782.68
782.681
782.682
782.683
782.684
782.686
782.687
782.688
782.689
782.69
782.691
782.692
782.693
782.694
782.695
782.696
782.697
782.698
782.699
782.7
782.7
782.701
782.702
782.703
782.703
782.704
782.704
782.705
782.706
782.706
782.706
782.707
782.707
782.708
782.708
782.708
782.709
782.709
782.709
782.71
782.71
782.71
782.711
782.711
782.711
782.711
782.712
782.712
782.712
782.712
782.713
782.713
782.713
782.713
782.714
782.714
782.714
782.714
782.715
782.715
782.715
782.716
782.716
782.716
782.717
782.717
782.717
782.718
782.718
782.719
782.719
782.719
782.72
782.72
782.721
782.722
782.722
782.723
782.724
782.724
782.725
782.726
782.727
782.728
782.729
782.73
782.731
782.732
782.733
782.734
782.736
782.737
782.738
782.74
782.741
782.743
782.744
782.746
782.748
782.749
782.751
782.753
782.755
782.757
782.759
782.761
782.763
782.765
782.767
782.77
782.772
782.774
782.776
782.779
782.781
782.783
782.786
782.788
782.791
782.793
782.796
782.798
782.801
782.804
782.806
782.809
782.812
782.814
782.817
782.82
782.822
782.825
782.828
782.831
782.833
782.836
782.839
782.842
782.844
782.847
782.85
782.853
782.856
782.859
782.862
782.864
782.867
782.87
782.873
782.876
782.879
782.882
782.885
782.888
782.892
782.895
782.898
782.901
782.904
782.908
782.911
782.914
782.918
782.921
782.924
782.928
782.931
782.935
782.938
782.942
782.945
782.949
782.953
782.956
782.96
782.964
782.967
782.971
782.975
782.978
782.982
782.986
782.989
782.993
782.996
783
783.004
783.007
783.011
783.014
783.017
783.021
783.024
783.027
783.03
783.034
783.037
783.04
783.043
783.045
783.048
783.051
783.054
783.057
783.059
783.062
783.064
783.067
783.069
783.071
783.074
783.076
783.078
783.08
783.082
783.084
783.086
783.088
783.09
783.092
783.094
783.095
783.097
783.099
783.101
783.102
783.104
783.105
783.107
783.108
783.11
783.111
783.113
783.114
783.116
783.117
783.118
783.12
783.121
783.122
783.123
783.125
783.126
783.127
783.128
783.13
783.13
783.132
783.133
783.135
783.135
783.137
783.137
783.139
783.139
783.142
783.141
783.144
783.143
783.146
783.144
783.145
783.14
)
;

boundaryField
{
    inlet
    {
        type            zeroGradient;
    }
    outlet
    {
        type            zeroGradient;
    }
    sides
    {
        type            empty;
    }
    walls
    {
        type            zeroGradient;
    }
}


// ************************************************************************* //
