/*--------------------------------*- C++ -*----------------------------------*\
| =========                 |                                                 |
| \\      /  F ield         | OpenFOAM: The Open Source CFD Toolbox           |
|  \\    /   O peration     | Version:  3.0.x                                 |
|   \\  /    A nd           | Web:      www.OpenFOAM.org                      |
|    \\/     M anipulation  |                                                 |
\*---------------------------------------------------------------------------*/
FoamFile
{
    version     2.0;
    format      ascii;
    class       volScalarField;
    location    "0.09";
    object      p;
}
// * * * * * * * * * * * * * * * * * * * * * * * * * * * * * * * * * * * * * //

dimensions      [1 -1 -2 0 0 0 0];

internalField   nonuniform List<scalar> 
6900
(
1.80314e+07
1.80315e+07
1.80316e+07
1.80318e+07
1.8032e+07
1.80322e+07
1.80324e+07
1.80327e+07
1.8033e+07
1.80333e+07
1.80336e+07
1.80339e+07
1.80342e+07
1.80345e+07
1.80348e+07
1.80351e+07
1.80353e+07
1.80355e+07
1.80357e+07
1.80358e+07
1.80359e+07
1.8036e+07
1.8036e+07
1.8036e+07
1.80359e+07
1.80358e+07
1.80356e+07
1.80354e+07
1.80352e+07
1.80349e+07
1.80346e+07
1.80342e+07
1.80338e+07
1.80334e+07
1.8033e+07
1.80326e+07
1.80321e+07
1.80317e+07
1.80312e+07
1.80308e+07
1.80303e+07
1.80299e+07
1.80294e+07
1.8029e+07
1.80286e+07
1.80283e+07
1.80279e+07
1.80276e+07
1.80273e+07
1.8027e+07
1.80267e+07
1.80265e+07
1.80263e+07
1.80261e+07
1.80259e+07
1.80257e+07
1.80256e+07
1.80255e+07
1.80254e+07
1.80254e+07
1.80253e+07
1.80253e+07
1.80253e+07
1.80253e+07
1.80253e+07
1.80253e+07
1.80254e+07
1.80254e+07
1.80255e+07
1.80255e+07
1.80256e+07
1.80256e+07
1.80256e+07
1.80257e+07
1.80257e+07
1.80257e+07
1.80258e+07
1.80258e+07
1.80258e+07
1.80258e+07
1.80258e+07
1.80258e+07
1.80257e+07
1.80257e+07
1.80257e+07
1.80256e+07
1.80256e+07
1.80256e+07
1.80255e+07
1.80255e+07
1.80254e+07
1.80254e+07
1.80253e+07
1.80253e+07
1.80253e+07
1.80253e+07
1.80253e+07
1.80253e+07
1.80253e+07
1.80253e+07
1.80254e+07
1.80254e+07
1.80255e+07
1.80255e+07
1.80256e+07
1.80257e+07
1.80258e+07
1.8026e+07
1.80261e+07
1.80262e+07
1.80264e+07
1.80266e+07
1.80267e+07
1.80269e+07
1.80271e+07
1.80273e+07
1.80276e+07
1.80278e+07
1.80281e+07
1.80284e+07
1.80287e+07
1.8029e+07
1.80294e+07
1.80298e+07
1.80302e+07
1.80306e+07
1.8031e+07
1.80315e+07
1.8032e+07
1.80325e+07
1.8033e+07
1.80335e+07
1.8034e+07
1.80345e+07
1.8035e+07
1.80355e+07
1.8036e+07
1.80364e+07
1.80369e+07
1.80373e+07
1.80377e+07
1.8038e+07
1.80383e+07
1.80386e+07
1.80389e+07
1.80391e+07
1.80393e+07
1.80394e+07
1.80396e+07
1.80397e+07
1.80398e+07
1.80399e+07
1.80399e+07
1.804e+07
1.80401e+07
1.80402e+07
1.80403e+07
1.80404e+07
1.80405e+07
1.80407e+07
1.80408e+07
1.8041e+07
1.80412e+07
1.80414e+07
1.80416e+07
1.80419e+07
1.80422e+07
1.80425e+07
1.80428e+07
1.80431e+07
1.80434e+07
1.80437e+07
1.80441e+07
1.80445e+07
1.80448e+07
1.80452e+07
1.80456e+07
1.8046e+07
1.80464e+07
1.80469e+07
1.80473e+07
1.80477e+07
1.80481e+07
1.80484e+07
1.80488e+07
1.80491e+07
1.80494e+07
1.80497e+07
1.805e+07
1.80502e+07
1.80505e+07
1.80507e+07
1.80509e+07
1.80511e+07
1.80513e+07
1.80515e+07
1.80517e+07
1.80519e+07
1.80523e+07
1.80532e+07
1.80314e+07
1.80315e+07
1.80316e+07
1.80318e+07
1.8032e+07
1.80322e+07
1.80324e+07
1.80327e+07
1.8033e+07
1.80333e+07
1.80336e+07
1.80339e+07
1.80342e+07
1.80345e+07
1.80348e+07
1.80351e+07
1.80353e+07
1.80355e+07
1.80357e+07
1.80358e+07
1.80359e+07
1.8036e+07
1.8036e+07
1.8036e+07
1.80359e+07
1.80358e+07
1.80356e+07
1.80354e+07
1.80352e+07
1.80349e+07
1.80346e+07
1.80342e+07
1.80338e+07
1.80334e+07
1.8033e+07
1.80326e+07
1.80321e+07
1.80317e+07
1.80312e+07
1.80308e+07
1.80303e+07
1.80299e+07
1.80294e+07
1.8029e+07
1.80286e+07
1.80283e+07
1.80279e+07
1.80276e+07
1.80273e+07
1.8027e+07
1.80267e+07
1.80265e+07
1.80263e+07
1.80261e+07
1.80259e+07
1.80257e+07
1.80256e+07
1.80255e+07
1.80254e+07
1.80254e+07
1.80253e+07
1.80253e+07
1.80253e+07
1.80253e+07
1.80253e+07
1.80253e+07
1.80254e+07
1.80254e+07
1.80255e+07
1.80255e+07
1.80256e+07
1.80256e+07
1.80256e+07
1.80257e+07
1.80257e+07
1.80257e+07
1.80258e+07
1.80258e+07
1.80258e+07
1.80258e+07
1.80258e+07
1.80258e+07
1.80257e+07
1.80257e+07
1.80257e+07
1.80256e+07
1.80256e+07
1.80256e+07
1.80255e+07
1.80255e+07
1.80254e+07
1.80254e+07
1.80253e+07
1.80253e+07
1.80253e+07
1.80253e+07
1.80253e+07
1.80253e+07
1.80253e+07
1.80253e+07
1.80254e+07
1.80254e+07
1.80255e+07
1.80255e+07
1.80256e+07
1.80257e+07
1.80258e+07
1.8026e+07
1.80261e+07
1.80262e+07
1.80264e+07
1.80266e+07
1.80267e+07
1.80269e+07
1.80271e+07
1.80273e+07
1.80276e+07
1.80278e+07
1.80281e+07
1.80284e+07
1.80287e+07
1.8029e+07
1.80294e+07
1.80298e+07
1.80302e+07
1.80306e+07
1.8031e+07
1.80315e+07
1.8032e+07
1.80325e+07
1.8033e+07
1.80335e+07
1.8034e+07
1.80345e+07
1.8035e+07
1.80355e+07
1.8036e+07
1.80364e+07
1.80369e+07
1.80373e+07
1.80377e+07
1.8038e+07
1.80383e+07
1.80386e+07
1.80389e+07
1.80391e+07
1.80393e+07
1.80394e+07
1.80396e+07
1.80397e+07
1.80398e+07
1.80399e+07
1.80399e+07
1.804e+07
1.80401e+07
1.80402e+07
1.80403e+07
1.80404e+07
1.80405e+07
1.80407e+07
1.80408e+07
1.8041e+07
1.80412e+07
1.80414e+07
1.80416e+07
1.80419e+07
1.80422e+07
1.80425e+07
1.80428e+07
1.80431e+07
1.80434e+07
1.80437e+07
1.80441e+07
1.80445e+07
1.80448e+07
1.80452e+07
1.80456e+07
1.8046e+07
1.80464e+07
1.80469e+07
1.80473e+07
1.80477e+07
1.80481e+07
1.80484e+07
1.80488e+07
1.80491e+07
1.80494e+07
1.80497e+07
1.805e+07
1.80502e+07
1.80505e+07
1.80507e+07
1.80509e+07
1.80511e+07
1.80513e+07
1.80515e+07
1.80517e+07
1.80519e+07
1.80523e+07
1.80531e+07
1.80314e+07
1.80315e+07
1.80316e+07
1.80318e+07
1.8032e+07
1.80322e+07
1.80324e+07
1.80327e+07
1.8033e+07
1.80333e+07
1.80336e+07
1.80339e+07
1.80342e+07
1.80345e+07
1.80348e+07
1.80351e+07
1.80353e+07
1.80355e+07
1.80357e+07
1.80358e+07
1.80359e+07
1.8036e+07
1.8036e+07
1.8036e+07
1.80359e+07
1.80358e+07
1.80356e+07
1.80354e+07
1.80352e+07
1.80349e+07
1.80346e+07
1.80342e+07
1.80338e+07
1.80334e+07
1.8033e+07
1.80326e+07
1.80321e+07
1.80317e+07
1.80312e+07
1.80308e+07
1.80303e+07
1.80299e+07
1.80294e+07
1.8029e+07
1.80286e+07
1.80283e+07
1.80279e+07
1.80276e+07
1.80273e+07
1.8027e+07
1.80267e+07
1.80265e+07
1.80263e+07
1.80261e+07
1.80259e+07
1.80257e+07
1.80256e+07
1.80255e+07
1.80254e+07
1.80254e+07
1.80253e+07
1.80253e+07
1.80253e+07
1.80253e+07
1.80253e+07
1.80253e+07
1.80254e+07
1.80254e+07
1.80255e+07
1.80255e+07
1.80256e+07
1.80256e+07
1.80256e+07
1.80257e+07
1.80257e+07
1.80257e+07
1.80258e+07
1.80258e+07
1.80258e+07
1.80258e+07
1.80258e+07
1.80258e+07
1.80257e+07
1.80257e+07
1.80257e+07
1.80256e+07
1.80256e+07
1.80256e+07
1.80255e+07
1.80255e+07
1.80254e+07
1.80254e+07
1.80253e+07
1.80253e+07
1.80253e+07
1.80253e+07
1.80253e+07
1.80253e+07
1.80253e+07
1.80253e+07
1.80254e+07
1.80254e+07
1.80255e+07
1.80255e+07
1.80256e+07
1.80257e+07
1.80258e+07
1.8026e+07
1.80261e+07
1.80262e+07
1.80264e+07
1.80266e+07
1.80267e+07
1.80269e+07
1.80271e+07
1.80273e+07
1.80276e+07
1.80278e+07
1.80281e+07
1.80284e+07
1.80287e+07
1.8029e+07
1.80294e+07
1.80298e+07
1.80302e+07
1.80306e+07
1.8031e+07
1.80315e+07
1.8032e+07
1.80325e+07
1.8033e+07
1.80335e+07
1.8034e+07
1.80345e+07
1.8035e+07
1.80355e+07
1.8036e+07
1.80364e+07
1.80369e+07
1.80373e+07
1.80377e+07
1.8038e+07
1.80383e+07
1.80386e+07
1.80389e+07
1.80391e+07
1.80393e+07
1.80394e+07
1.80396e+07
1.80397e+07
1.80398e+07
1.80399e+07
1.80399e+07
1.804e+07
1.80401e+07
1.80402e+07
1.80403e+07
1.80404e+07
1.80405e+07
1.80407e+07
1.80408e+07
1.8041e+07
1.80412e+07
1.80414e+07
1.80416e+07
1.80419e+07
1.80422e+07
1.80425e+07
1.80428e+07
1.80431e+07
1.80434e+07
1.80437e+07
1.80441e+07
1.80445e+07
1.80448e+07
1.80452e+07
1.80456e+07
1.8046e+07
1.80464e+07
1.80469e+07
1.80473e+07
1.80477e+07
1.80481e+07
1.80484e+07
1.80488e+07
1.80491e+07
1.80494e+07
1.80497e+07
1.805e+07
1.80502e+07
1.80505e+07
1.80507e+07
1.80509e+07
1.80511e+07
1.80513e+07
1.80515e+07
1.80517e+07
1.80519e+07
1.80522e+07
1.80525e+07
1.80314e+07
1.80315e+07
1.80316e+07
1.80318e+07
1.8032e+07
1.80322e+07
1.80324e+07
1.80327e+07
1.8033e+07
1.80333e+07
1.80336e+07
1.80339e+07
1.80342e+07
1.80345e+07
1.80348e+07
1.80351e+07
1.80353e+07
1.80355e+07
1.80357e+07
1.80358e+07
1.80359e+07
1.8036e+07
1.8036e+07
1.8036e+07
1.80359e+07
1.80358e+07
1.80356e+07
1.80354e+07
1.80352e+07
1.80349e+07
1.80346e+07
1.80342e+07
1.80338e+07
1.80334e+07
1.8033e+07
1.80326e+07
1.80321e+07
1.80317e+07
1.80312e+07
1.80308e+07
1.80303e+07
1.80299e+07
1.80294e+07
1.8029e+07
1.80286e+07
1.80283e+07
1.80279e+07
1.80276e+07
1.80273e+07
1.8027e+07
1.80267e+07
1.80265e+07
1.80263e+07
1.80261e+07
1.80259e+07
1.80257e+07
1.80256e+07
1.80255e+07
1.80254e+07
1.80254e+07
1.80253e+07
1.80253e+07
1.80253e+07
1.80253e+07
1.80253e+07
1.80253e+07
1.80254e+07
1.80254e+07
1.80255e+07
1.80255e+07
1.80256e+07
1.80256e+07
1.80256e+07
1.80257e+07
1.80257e+07
1.80257e+07
1.80258e+07
1.80258e+07
1.80258e+07
1.80258e+07
1.80258e+07
1.80258e+07
1.80257e+07
1.80257e+07
1.80257e+07
1.80256e+07
1.80256e+07
1.80256e+07
1.80255e+07
1.80255e+07
1.80254e+07
1.80254e+07
1.80253e+07
1.80253e+07
1.80253e+07
1.80253e+07
1.80253e+07
1.80253e+07
1.80253e+07
1.80253e+07
1.80254e+07
1.80254e+07
1.80255e+07
1.80255e+07
1.80256e+07
1.80257e+07
1.80258e+07
1.8026e+07
1.80261e+07
1.80262e+07
1.80264e+07
1.80266e+07
1.80267e+07
1.80269e+07
1.80271e+07
1.80273e+07
1.80276e+07
1.80278e+07
1.80281e+07
1.80284e+07
1.80287e+07
1.8029e+07
1.80294e+07
1.80298e+07
1.80302e+07
1.80306e+07
1.8031e+07
1.80315e+07
1.8032e+07
1.80325e+07
1.8033e+07
1.80335e+07
1.8034e+07
1.80345e+07
1.8035e+07
1.80355e+07
1.8036e+07
1.80364e+07
1.80369e+07
1.80373e+07
1.80377e+07
1.8038e+07
1.80383e+07
1.80386e+07
1.80389e+07
1.80391e+07
1.80393e+07
1.80394e+07
1.80396e+07
1.80397e+07
1.80398e+07
1.80399e+07
1.80399e+07
1.804e+07
1.80401e+07
1.80402e+07
1.80403e+07
1.80404e+07
1.80405e+07
1.80407e+07
1.80408e+07
1.8041e+07
1.80412e+07
1.80414e+07
1.80416e+07
1.80419e+07
1.80422e+07
1.80425e+07
1.80428e+07
1.80431e+07
1.80434e+07
1.80437e+07
1.80441e+07
1.80445e+07
1.80448e+07
1.80452e+07
1.80456e+07
1.8046e+07
1.80464e+07
1.80469e+07
1.80473e+07
1.80477e+07
1.80481e+07
1.80484e+07
1.80488e+07
1.80491e+07
1.80494e+07
1.80497e+07
1.805e+07
1.80502e+07
1.80505e+07
1.80507e+07
1.80509e+07
1.80511e+07
1.80513e+07
1.80515e+07
1.80517e+07
1.80519e+07
1.80519e+07
1.80515e+07
1.80314e+07
1.80315e+07
1.80316e+07
1.80318e+07
1.8032e+07
1.80322e+07
1.80324e+07
1.80327e+07
1.8033e+07
1.80333e+07
1.80336e+07
1.80339e+07
1.80342e+07
1.80345e+07
1.80348e+07
1.80351e+07
1.80353e+07
1.80355e+07
1.80357e+07
1.80358e+07
1.80359e+07
1.8036e+07
1.8036e+07
1.8036e+07
1.80359e+07
1.80358e+07
1.80356e+07
1.80354e+07
1.80352e+07
1.80349e+07
1.80346e+07
1.80342e+07
1.80338e+07
1.80334e+07
1.8033e+07
1.80326e+07
1.80321e+07
1.80317e+07
1.80312e+07
1.80308e+07
1.80303e+07
1.80299e+07
1.80294e+07
1.8029e+07
1.80286e+07
1.80283e+07
1.80279e+07
1.80276e+07
1.80273e+07
1.8027e+07
1.80267e+07
1.80265e+07
1.80263e+07
1.80261e+07
1.80259e+07
1.80257e+07
1.80256e+07
1.80255e+07
1.80254e+07
1.80254e+07
1.80253e+07
1.80253e+07
1.80253e+07
1.80253e+07
1.80253e+07
1.80253e+07
1.80254e+07
1.80254e+07
1.80255e+07
1.80255e+07
1.80256e+07
1.80256e+07
1.80256e+07
1.80257e+07
1.80257e+07
1.80257e+07
1.80258e+07
1.80258e+07
1.80258e+07
1.80258e+07
1.80258e+07
1.80258e+07
1.80257e+07
1.80257e+07
1.80257e+07
1.80256e+07
1.80256e+07
1.80256e+07
1.80255e+07
1.80255e+07
1.80254e+07
1.80254e+07
1.80253e+07
1.80253e+07
1.80253e+07
1.80253e+07
1.80253e+07
1.80253e+07
1.80253e+07
1.80253e+07
1.80254e+07
1.80254e+07
1.80255e+07
1.80255e+07
1.80256e+07
1.80257e+07
1.80258e+07
1.8026e+07
1.80261e+07
1.80262e+07
1.80264e+07
1.80266e+07
1.80267e+07
1.80269e+07
1.80271e+07
1.80273e+07
1.80276e+07
1.80278e+07
1.80281e+07
1.80284e+07
1.80287e+07
1.8029e+07
1.80294e+07
1.80298e+07
1.80302e+07
1.80306e+07
1.8031e+07
1.80315e+07
1.8032e+07
1.80325e+07
1.8033e+07
1.80335e+07
1.8034e+07
1.80345e+07
1.8035e+07
1.80355e+07
1.8036e+07
1.80364e+07
1.80369e+07
1.80373e+07
1.80377e+07
1.8038e+07
1.80383e+07
1.80386e+07
1.80389e+07
1.80391e+07
1.80393e+07
1.80394e+07
1.80396e+07
1.80397e+07
1.80398e+07
1.80399e+07
1.80399e+07
1.804e+07
1.80401e+07
1.80402e+07
1.80403e+07
1.80404e+07
1.80405e+07
1.80407e+07
1.80408e+07
1.8041e+07
1.80412e+07
1.80414e+07
1.80416e+07
1.80419e+07
1.80422e+07
1.80425e+07
1.80428e+07
1.80431e+07
1.80434e+07
1.80437e+07
1.80441e+07
1.80445e+07
1.80448e+07
1.80452e+07
1.80456e+07
1.8046e+07
1.80464e+07
1.80469e+07
1.80473e+07
1.80477e+07
1.80481e+07
1.80484e+07
1.80488e+07
1.80491e+07
1.80494e+07
1.80497e+07
1.805e+07
1.80502e+07
1.80505e+07
1.80507e+07
1.80509e+07
1.80511e+07
1.80513e+07
1.80515e+07
1.80517e+07
1.80519e+07
1.80519e+07
1.80515e+07
1.80592e+07
1.80619e+07
1.80621e+07
1.80616e+07
1.80611e+07
1.80608e+07
1.80605e+07
1.806e+07
1.80583e+07
1.80557e+07
1.80535e+07
1.8052e+07
1.8051e+07
1.80511e+07
1.80537e+07
1.80561e+07
1.80552e+07
1.80498e+07
1.80407e+07
1.80325e+07
1.80577e+07
1.8059e+07
1.80589e+07
1.80584e+07
1.80579e+07
1.80575e+07
1.80573e+07
1.80566e+07
1.80548e+07
1.8052e+07
1.80498e+07
1.80485e+07
1.80476e+07
1.80478e+07
1.80505e+07
1.80525e+07
1.80508e+07
1.8044e+07
1.80343e+07
1.80264e+07
1.80529e+07
1.80529e+07
1.80525e+07
1.80518e+07
1.80507e+07
1.80494e+07
1.80478e+07
1.8046e+07
1.80439e+07
1.80418e+07
1.80392e+07
1.80362e+07
1.80329e+07
1.80293e+07
1.80254e+07
1.80216e+07
1.8018e+07
1.80148e+07
1.80117e+07
1.80082e+07
1.80437e+07
1.80427e+07
1.80432e+07
1.80437e+07
1.80432e+07
1.80416e+07
1.80395e+07
1.80366e+07
1.80343e+07
1.80312e+07
1.80286e+07
1.80259e+07
1.80233e+07
1.80208e+07
1.80185e+07
1.80163e+07
1.80143e+07
1.80126e+07
1.80112e+07
1.80104e+07
1.80391e+07
1.80346e+07
1.8033e+07
1.80328e+07
1.80321e+07
1.80303e+07
1.80279e+07
1.80247e+07
1.80219e+07
1.80185e+07
1.80155e+07
1.80124e+07
1.80094e+07
1.80065e+07
1.80039e+07
1.80014e+07
1.79992e+07
1.79973e+07
1.79962e+07
1.79963e+07
1.80093e+07
1.80086e+07
1.80121e+07
1.80097e+07
1.80079e+07
1.80079e+07
1.80086e+07
1.80089e+07
1.80089e+07
1.80091e+07
1.80094e+07
1.80099e+07
1.80103e+07
1.80108e+07
1.80114e+07
1.8012e+07
1.80127e+07
1.80134e+07
1.8014e+07
1.80146e+07
1.80151e+07
1.80155e+07
1.80159e+07
1.80161e+07
1.80164e+07
1.80166e+07
1.80168e+07
1.8017e+07
1.80172e+07
1.80174e+07
1.80176e+07
1.80177e+07
1.80179e+07
1.8018e+07
1.80182e+07
1.80183e+07
1.80185e+07
1.80186e+07
1.80188e+07
1.80189e+07
1.80191e+07
1.80192e+07
1.80194e+07
1.80196e+07
1.80197e+07
1.80199e+07
1.802e+07
1.80202e+07
1.80204e+07
1.80206e+07
1.80207e+07
1.80209e+07
1.80211e+07
1.80213e+07
1.80214e+07
1.80216e+07
1.80218e+07
1.8022e+07
1.80222e+07
1.80224e+07
1.80226e+07
1.80228e+07
1.8023e+07
1.80232e+07
1.80234e+07
1.80236e+07
1.80238e+07
1.8024e+07
1.80242e+07
1.80244e+07
1.80246e+07
1.80248e+07
1.80251e+07
1.80253e+07
1.80255e+07
1.80257e+07
1.80259e+07
1.80261e+07
1.80263e+07
1.80265e+07
1.80267e+07
1.80269e+07
1.80271e+07
1.80273e+07
1.80275e+07
1.80276e+07
1.80278e+07
1.80279e+07
1.8028e+07
1.80281e+07
1.80282e+07
1.80283e+07
1.80283e+07
1.80283e+07
1.80283e+07
1.80283e+07
1.80283e+07
1.80283e+07
1.80282e+07
1.80282e+07
1.80281e+07
1.8028e+07
1.80279e+07
1.80278e+07
1.80277e+07
1.80276e+07
1.80274e+07
1.80273e+07
1.80272e+07
1.8027e+07
1.80269e+07
1.80268e+07
1.80267e+07
1.80266e+07
1.80265e+07
1.80264e+07
1.80263e+07
1.80263e+07
1.80262e+07
1.80262e+07
1.80262e+07
1.80262e+07
1.80262e+07
1.80262e+07
1.80263e+07
1.80263e+07
1.80264e+07
1.80265e+07
1.80266e+07
1.80267e+07
1.80268e+07
1.80269e+07
1.8027e+07
1.80271e+07
1.80273e+07
1.80274e+07
1.80275e+07
1.80276e+07
1.80277e+07
1.80278e+07
1.80278e+07
1.80279e+07
1.80279e+07
1.8028e+07
1.8028e+07
1.8028e+07
1.8028e+07
1.8028e+07
1.80279e+07
1.80279e+07
1.80278e+07
1.80277e+07
1.80277e+07
1.80276e+07
1.80275e+07
1.80274e+07
1.80272e+07
1.80271e+07
1.8027e+07
1.80269e+07
1.80268e+07
1.80266e+07
1.80265e+07
1.80264e+07
1.80263e+07
1.80262e+07
1.80261e+07
1.80261e+07
1.8026e+07
1.8026e+07
1.8026e+07
1.8026e+07
1.8026e+07
1.80261e+07
1.80261e+07
1.80262e+07
1.80263e+07
1.80264e+07
1.80265e+07
1.80267e+07
1.80268e+07
1.8027e+07
1.80272e+07
1.80273e+07
1.80275e+07
1.80277e+07
1.80278e+07
1.8028e+07
1.80282e+07
1.80284e+07
1.80285e+07
1.80287e+07
1.80289e+07
1.8029e+07
1.80292e+07
1.80294e+07
1.80296e+07
1.80298e+07
1.80297e+07
1.8029e+07
1.80078e+07
1.80085e+07
1.80121e+07
1.80097e+07
1.80079e+07
1.80079e+07
1.80086e+07
1.80089e+07
1.80089e+07
1.80091e+07
1.80094e+07
1.80098e+07
1.80103e+07
1.80108e+07
1.80114e+07
1.8012e+07
1.80127e+07
1.80133e+07
1.8014e+07
1.80146e+07
1.80151e+07
1.80155e+07
1.80158e+07
1.80161e+07
1.80164e+07
1.80166e+07
1.80168e+07
1.8017e+07
1.80172e+07
1.80174e+07
1.80176e+07
1.80177e+07
1.80179e+07
1.8018e+07
1.80182e+07
1.80183e+07
1.80185e+07
1.80186e+07
1.80188e+07
1.80189e+07
1.80191e+07
1.80192e+07
1.80194e+07
1.80196e+07
1.80197e+07
1.80199e+07
1.802e+07
1.80202e+07
1.80204e+07
1.80206e+07
1.80207e+07
1.80209e+07
1.80211e+07
1.80213e+07
1.80214e+07
1.80216e+07
1.80218e+07
1.8022e+07
1.80222e+07
1.80224e+07
1.80226e+07
1.80228e+07
1.8023e+07
1.80232e+07
1.80234e+07
1.80236e+07
1.80238e+07
1.8024e+07
1.80242e+07
1.80244e+07
1.80246e+07
1.80248e+07
1.80251e+07
1.80253e+07
1.80255e+07
1.80257e+07
1.80259e+07
1.80261e+07
1.80263e+07
1.80265e+07
1.80267e+07
1.80269e+07
1.80271e+07
1.80273e+07
1.80275e+07
1.80276e+07
1.80278e+07
1.80279e+07
1.8028e+07
1.80281e+07
1.80282e+07
1.80283e+07
1.80283e+07
1.80283e+07
1.80283e+07
1.80283e+07
1.80283e+07
1.80283e+07
1.80282e+07
1.80282e+07
1.80281e+07
1.8028e+07
1.80279e+07
1.80278e+07
1.80277e+07
1.80276e+07
1.80274e+07
1.80273e+07
1.80272e+07
1.8027e+07
1.80269e+07
1.80268e+07
1.80267e+07
1.80266e+07
1.80265e+07
1.80264e+07
1.80263e+07
1.80263e+07
1.80262e+07
1.80262e+07
1.80262e+07
1.80262e+07
1.80262e+07
1.80262e+07
1.80263e+07
1.80263e+07
1.80264e+07
1.80265e+07
1.80266e+07
1.80267e+07
1.80268e+07
1.80269e+07
1.8027e+07
1.80271e+07
1.80273e+07
1.80274e+07
1.80275e+07
1.80276e+07
1.80277e+07
1.80278e+07
1.80278e+07
1.80279e+07
1.80279e+07
1.8028e+07
1.8028e+07
1.8028e+07
1.8028e+07
1.8028e+07
1.80279e+07
1.80279e+07
1.80278e+07
1.80277e+07
1.80277e+07
1.80276e+07
1.80275e+07
1.80274e+07
1.80272e+07
1.80271e+07
1.8027e+07
1.80269e+07
1.80268e+07
1.80266e+07
1.80265e+07
1.80264e+07
1.80263e+07
1.80262e+07
1.80261e+07
1.80261e+07
1.8026e+07
1.8026e+07
1.8026e+07
1.8026e+07
1.8026e+07
1.80261e+07
1.80261e+07
1.80262e+07
1.80263e+07
1.80264e+07
1.80265e+07
1.80267e+07
1.80268e+07
1.8027e+07
1.80272e+07
1.80273e+07
1.80275e+07
1.80277e+07
1.80278e+07
1.8028e+07
1.80282e+07
1.80284e+07
1.80285e+07
1.80287e+07
1.80289e+07
1.8029e+07
1.80292e+07
1.80294e+07
1.80296e+07
1.80298e+07
1.80297e+07
1.8029e+07
1.79987e+07
1.80034e+07
1.80065e+07
1.80072e+07
1.80073e+07
1.80075e+07
1.80079e+07
1.80082e+07
1.80086e+07
1.8009e+07
1.80095e+07
1.801e+07
1.80105e+07
1.8011e+07
1.80116e+07
1.80122e+07
1.80129e+07
1.80135e+07
1.80141e+07
1.80147e+07
1.80151e+07
1.80155e+07
1.80159e+07
1.80162e+07
1.80164e+07
1.80166e+07
1.80168e+07
1.8017e+07
1.80172e+07
1.80174e+07
1.80176e+07
1.80177e+07
1.80179e+07
1.8018e+07
1.80182e+07
1.80183e+07
1.80185e+07
1.80186e+07
1.80188e+07
1.80189e+07
1.80191e+07
1.80192e+07
1.80194e+07
1.80196e+07
1.80197e+07
1.80199e+07
1.802e+07
1.80202e+07
1.80204e+07
1.80206e+07
1.80207e+07
1.80209e+07
1.80211e+07
1.80213e+07
1.80214e+07
1.80216e+07
1.80218e+07
1.8022e+07
1.80222e+07
1.80224e+07
1.80226e+07
1.80228e+07
1.8023e+07
1.80232e+07
1.80234e+07
1.80236e+07
1.80238e+07
1.8024e+07
1.80242e+07
1.80244e+07
1.80246e+07
1.80248e+07
1.80251e+07
1.80253e+07
1.80255e+07
1.80257e+07
1.80259e+07
1.80261e+07
1.80263e+07
1.80265e+07
1.80267e+07
1.80269e+07
1.80271e+07
1.80273e+07
1.80275e+07
1.80276e+07
1.80278e+07
1.80279e+07
1.8028e+07
1.80281e+07
1.80282e+07
1.80283e+07
1.80283e+07
1.80283e+07
1.80283e+07
1.80283e+07
1.80283e+07
1.80283e+07
1.80282e+07
1.80282e+07
1.80281e+07
1.8028e+07
1.80279e+07
1.80278e+07
1.80277e+07
1.80276e+07
1.80274e+07
1.80273e+07
1.80272e+07
1.8027e+07
1.80269e+07
1.80268e+07
1.80267e+07
1.80266e+07
1.80265e+07
1.80264e+07
1.80263e+07
1.80263e+07
1.80262e+07
1.80262e+07
1.80262e+07
1.80262e+07
1.80262e+07
1.80262e+07
1.80263e+07
1.80263e+07
1.80264e+07
1.80265e+07
1.80266e+07
1.80267e+07
1.80268e+07
1.80269e+07
1.8027e+07
1.80271e+07
1.80273e+07
1.80274e+07
1.80275e+07
1.80276e+07
1.80277e+07
1.80278e+07
1.80278e+07
1.80279e+07
1.80279e+07
1.8028e+07
1.8028e+07
1.8028e+07
1.8028e+07
1.8028e+07
1.80279e+07
1.80279e+07
1.80278e+07
1.80277e+07
1.80277e+07
1.80276e+07
1.80275e+07
1.80274e+07
1.80272e+07
1.80271e+07
1.8027e+07
1.80269e+07
1.80268e+07
1.80266e+07
1.80265e+07
1.80264e+07
1.80263e+07
1.80262e+07
1.80261e+07
1.80261e+07
1.8026e+07
1.8026e+07
1.8026e+07
1.8026e+07
1.8026e+07
1.80261e+07
1.80261e+07
1.80262e+07
1.80263e+07
1.80264e+07
1.80265e+07
1.80267e+07
1.80268e+07
1.8027e+07
1.80272e+07
1.80273e+07
1.80275e+07
1.80277e+07
1.80278e+07
1.8028e+07
1.80282e+07
1.80284e+07
1.80285e+07
1.80287e+07
1.80289e+07
1.8029e+07
1.80292e+07
1.80294e+07
1.80296e+07
1.80298e+07
1.80301e+07
1.80304e+07
1.80083e+07
1.80081e+07
1.80078e+07
1.80076e+07
1.80075e+07
1.80077e+07
1.8008e+07
1.80083e+07
1.80087e+07
1.80091e+07
1.80096e+07
1.80101e+07
1.80106e+07
1.80112e+07
1.80118e+07
1.80124e+07
1.80131e+07
1.80137e+07
1.80143e+07
1.80148e+07
1.80152e+07
1.80156e+07
1.80159e+07
1.80162e+07
1.80164e+07
1.80167e+07
1.80169e+07
1.8017e+07
1.80172e+07
1.80174e+07
1.80176e+07
1.80177e+07
1.80179e+07
1.8018e+07
1.80182e+07
1.80183e+07
1.80185e+07
1.80186e+07
1.80188e+07
1.80189e+07
1.80191e+07
1.80192e+07
1.80194e+07
1.80196e+07
1.80197e+07
1.80199e+07
1.802e+07
1.80202e+07
1.80204e+07
1.80206e+07
1.80207e+07
1.80209e+07
1.80211e+07
1.80213e+07
1.80214e+07
1.80216e+07
1.80218e+07
1.8022e+07
1.80222e+07
1.80224e+07
1.80226e+07
1.80228e+07
1.8023e+07
1.80232e+07
1.80234e+07
1.80236e+07
1.80238e+07
1.8024e+07
1.80242e+07
1.80244e+07
1.80246e+07
1.80248e+07
1.80251e+07
1.80253e+07
1.80255e+07
1.80257e+07
1.80259e+07
1.80261e+07
1.80263e+07
1.80265e+07
1.80267e+07
1.80269e+07
1.80271e+07
1.80273e+07
1.80275e+07
1.80276e+07
1.80278e+07
1.80279e+07
1.8028e+07
1.80281e+07
1.80282e+07
1.80283e+07
1.80283e+07
1.80283e+07
1.80283e+07
1.80283e+07
1.80283e+07
1.80283e+07
1.80282e+07
1.80282e+07
1.80281e+07
1.8028e+07
1.80279e+07
1.80278e+07
1.80277e+07
1.80276e+07
1.80274e+07
1.80273e+07
1.80272e+07
1.8027e+07
1.80269e+07
1.80268e+07
1.80267e+07
1.80266e+07
1.80265e+07
1.80264e+07
1.80263e+07
1.80263e+07
1.80262e+07
1.80262e+07
1.80262e+07
1.80262e+07
1.80262e+07
1.80262e+07
1.80263e+07
1.80263e+07
1.80264e+07
1.80265e+07
1.80266e+07
1.80267e+07
1.80268e+07
1.80269e+07
1.8027e+07
1.80271e+07
1.80273e+07
1.80274e+07
1.80275e+07
1.80276e+07
1.80277e+07
1.80278e+07
1.80278e+07
1.80279e+07
1.80279e+07
1.8028e+07
1.8028e+07
1.8028e+07
1.8028e+07
1.8028e+07
1.80279e+07
1.80279e+07
1.80278e+07
1.80277e+07
1.80277e+07
1.80276e+07
1.80275e+07
1.80274e+07
1.80272e+07
1.80271e+07
1.8027e+07
1.80269e+07
1.80268e+07
1.80266e+07
1.80265e+07
1.80264e+07
1.80263e+07
1.80262e+07
1.80261e+07
1.80261e+07
1.8026e+07
1.8026e+07
1.8026e+07
1.8026e+07
1.8026e+07
1.80261e+07
1.80261e+07
1.80262e+07
1.80263e+07
1.80264e+07
1.80265e+07
1.80267e+07
1.80268e+07
1.8027e+07
1.80272e+07
1.80273e+07
1.80275e+07
1.80277e+07
1.80278e+07
1.8028e+07
1.80282e+07
1.80284e+07
1.80285e+07
1.80287e+07
1.80289e+07
1.8029e+07
1.80292e+07
1.80294e+07
1.80296e+07
1.80299e+07
1.80303e+07
1.80313e+07
1.80057e+07
1.80077e+07
1.80077e+07
1.80075e+07
1.80075e+07
1.80076e+07
1.8008e+07
1.80083e+07
1.80087e+07
1.80091e+07
1.80096e+07
1.80101e+07
1.80106e+07
1.80112e+07
1.80118e+07
1.80124e+07
1.80131e+07
1.80137e+07
1.80143e+07
1.80148e+07
1.80152e+07
1.80156e+07
1.80159e+07
1.80162e+07
1.80164e+07
1.80167e+07
1.80169e+07
1.8017e+07
1.80172e+07
1.80174e+07
1.80176e+07
1.80177e+07
1.80179e+07
1.8018e+07
1.80182e+07
1.80183e+07
1.80185e+07
1.80186e+07
1.80188e+07
1.80189e+07
1.80191e+07
1.80192e+07
1.80194e+07
1.80196e+07
1.80197e+07
1.80199e+07
1.802e+07
1.80202e+07
1.80204e+07
1.80206e+07
1.80207e+07
1.80209e+07
1.80211e+07
1.80213e+07
1.80214e+07
1.80216e+07
1.80218e+07
1.8022e+07
1.80222e+07
1.80224e+07
1.80226e+07
1.80228e+07
1.8023e+07
1.80232e+07
1.80234e+07
1.80236e+07
1.80238e+07
1.8024e+07
1.80242e+07
1.80244e+07
1.80246e+07
1.80248e+07
1.80251e+07
1.80253e+07
1.80255e+07
1.80257e+07
1.80259e+07
1.80261e+07
1.80263e+07
1.80265e+07
1.80267e+07
1.80269e+07
1.80271e+07
1.80273e+07
1.80275e+07
1.80276e+07
1.80278e+07
1.80279e+07
1.8028e+07
1.80281e+07
1.80282e+07
1.80283e+07
1.80283e+07
1.80283e+07
1.80283e+07
1.80283e+07
1.80283e+07
1.80283e+07
1.80282e+07
1.80282e+07
1.80281e+07
1.8028e+07
1.80279e+07
1.80278e+07
1.80277e+07
1.80276e+07
1.80274e+07
1.80273e+07
1.80272e+07
1.8027e+07
1.80269e+07
1.80268e+07
1.80267e+07
1.80266e+07
1.80265e+07
1.80264e+07
1.80263e+07
1.80263e+07
1.80262e+07
1.80262e+07
1.80262e+07
1.80262e+07
1.80262e+07
1.80262e+07
1.80263e+07
1.80263e+07
1.80264e+07
1.80265e+07
1.80266e+07
1.80267e+07
1.80268e+07
1.80269e+07
1.8027e+07
1.80271e+07
1.80273e+07
1.80274e+07
1.80275e+07
1.80276e+07
1.80277e+07
1.80278e+07
1.80278e+07
1.80279e+07
1.80279e+07
1.8028e+07
1.8028e+07
1.8028e+07
1.8028e+07
1.8028e+07
1.80279e+07
1.80279e+07
1.80278e+07
1.80277e+07
1.80277e+07
1.80276e+07
1.80275e+07
1.80274e+07
1.80272e+07
1.80271e+07
1.8027e+07
1.80269e+07
1.80268e+07
1.80266e+07
1.80265e+07
1.80264e+07
1.80263e+07
1.80262e+07
1.80261e+07
1.80261e+07
1.8026e+07
1.8026e+07
1.8026e+07
1.8026e+07
1.8026e+07
1.80261e+07
1.80261e+07
1.80262e+07
1.80263e+07
1.80264e+07
1.80265e+07
1.80267e+07
1.80268e+07
1.8027e+07
1.80272e+07
1.80273e+07
1.80275e+07
1.80277e+07
1.80278e+07
1.8028e+07
1.80282e+07
1.80284e+07
1.80285e+07
1.80287e+07
1.80289e+07
1.8029e+07
1.80292e+07
1.80294e+07
1.80296e+07
1.80299e+07
1.80303e+07
1.80313e+07
1.80181e+07
1.80134e+07
1.80117e+07
1.80115e+07
1.80107e+07
1.80089e+07
1.80063e+07
1.80038e+07
1.80006e+07
1.79978e+07
1.79947e+07
1.79917e+07
1.79888e+07
1.7986e+07
1.79834e+07
1.7981e+07
1.79789e+07
1.79771e+07
1.79761e+07
1.79763e+07
1.80222e+07
1.80212e+07
1.80216e+07
1.8022e+07
1.80215e+07
1.80199e+07
1.80175e+07
1.80154e+07
1.80125e+07
1.80102e+07
1.80074e+07
1.80048e+07
1.80022e+07
1.79999e+07
1.79976e+07
1.79955e+07
1.79935e+07
1.79919e+07
1.79907e+07
1.79899e+07
1.80308e+07
1.80308e+07
1.80305e+07
1.80297e+07
1.80287e+07
1.80275e+07
1.8026e+07
1.80242e+07
1.80223e+07
1.80201e+07
1.80175e+07
1.80146e+07
1.80114e+07
1.80077e+07
1.80041e+07
1.80008e+07
1.79978e+07
1.79949e+07
1.79918e+07
1.79882e+07
1.80352e+07
1.80366e+07
1.80366e+07
1.8036e+07
1.80356e+07
1.80352e+07
1.80348e+07
1.80338e+07
1.80316e+07
1.80295e+07
1.80279e+07
1.80268e+07
1.80265e+07
1.8029e+07
1.80312e+07
1.80304e+07
1.80248e+07
1.80156e+07
1.80071e+07
1.80011e+07
1.80367e+07
1.80394e+07
1.80397e+07
1.80392e+07
1.80387e+07
1.80384e+07
1.8038e+07
1.80371e+07
1.80351e+07
1.8033e+07
1.80313e+07
1.80301e+07
1.80297e+07
1.8032e+07
1.80345e+07
1.80343e+07
1.80297e+07
1.80214e+07
1.8013e+07
1.80065e+07
1.79855e+07
1.79871e+07
1.79869e+07
1.79868e+07
1.79868e+07
1.7987e+07
1.79873e+07
1.79876e+07
1.79879e+07
1.79884e+07
1.79888e+07
1.79893e+07
1.79898e+07
1.79903e+07
1.79909e+07
1.79915e+07
1.79921e+07
1.79928e+07
1.79933e+07
1.79939e+07
1.79944e+07
1.79948e+07
1.79951e+07
1.79954e+07
1.79957e+07
1.79959e+07
1.79961e+07
1.79963e+07
1.79965e+07
1.79967e+07
1.79968e+07
1.7997e+07
1.79971e+07
1.79972e+07
1.79974e+07
1.79975e+07
1.79976e+07
1.79977e+07
1.79978e+07
1.79979e+07
1.7998e+07
1.79981e+07
1.79982e+07
1.79984e+07
1.79985e+07
1.79986e+07
1.79988e+07
1.7999e+07
1.79991e+07
1.79993e+07
1.79995e+07
1.79998e+07
1.8e+07
1.80003e+07
1.80005e+07
1.80008e+07
1.80011e+07
1.80014e+07
1.80018e+07
1.80021e+07
1.80025e+07
1.80028e+07
1.80032e+07
1.80036e+07
1.8004e+07
1.80044e+07
1.80049e+07
1.80053e+07
1.80058e+07
1.80063e+07
1.80067e+07
1.80072e+07
1.80077e+07
1.80082e+07
1.80087e+07
1.80093e+07
1.80098e+07
1.80103e+07
1.80108e+07
1.80112e+07
1.80117e+07
1.80122e+07
1.80126e+07
1.8013e+07
1.80134e+07
1.80138e+07
1.80141e+07
1.80144e+07
1.80147e+07
1.80149e+07
1.80152e+07
1.80153e+07
1.80155e+07
1.80156e+07
1.80157e+07
1.80157e+07
1.80158e+07
1.80157e+07
1.80154e+07
1.80144e+07
1.7988e+07
1.79875e+07
1.79871e+07
1.79868e+07
1.79868e+07
1.7987e+07
1.79873e+07
1.79876e+07
1.7988e+07
1.79884e+07
1.79888e+07
1.79893e+07
1.79898e+07
1.79903e+07
1.79909e+07
1.79915e+07
1.79921e+07
1.79928e+07
1.79933e+07
1.79939e+07
1.79944e+07
1.79948e+07
1.79951e+07
1.79954e+07
1.79957e+07
1.79959e+07
1.79961e+07
1.79963e+07
1.79965e+07
1.79967e+07
1.79968e+07
1.7997e+07
1.79971e+07
1.79972e+07
1.79974e+07
1.79975e+07
1.79976e+07
1.79977e+07
1.79978e+07
1.79979e+07
1.7998e+07
1.79981e+07
1.79982e+07
1.79984e+07
1.79985e+07
1.79986e+07
1.79988e+07
1.7999e+07
1.79991e+07
1.79993e+07
1.79995e+07
1.79998e+07
1.8e+07
1.80003e+07
1.80005e+07
1.80008e+07
1.80011e+07
1.80014e+07
1.80018e+07
1.80021e+07
1.80025e+07
1.80028e+07
1.80032e+07
1.80036e+07
1.8004e+07
1.80044e+07
1.80049e+07
1.80053e+07
1.80058e+07
1.80063e+07
1.80067e+07
1.80072e+07
1.80077e+07
1.80082e+07
1.80087e+07
1.80093e+07
1.80098e+07
1.80103e+07
1.80108e+07
1.80112e+07
1.80117e+07
1.80122e+07
1.80126e+07
1.8013e+07
1.80134e+07
1.80138e+07
1.80141e+07
1.80144e+07
1.80147e+07
1.80149e+07
1.80152e+07
1.80153e+07
1.80155e+07
1.80156e+07
1.80157e+07
1.80157e+07
1.80158e+07
1.80157e+07
1.80154e+07
1.80144e+07
1.79784e+07
1.79825e+07
1.79855e+07
1.79864e+07
1.79866e+07
1.79869e+07
1.79872e+07
1.79875e+07
1.79879e+07
1.79883e+07
1.79887e+07
1.79892e+07
1.79897e+07
1.79902e+07
1.79908e+07
1.79913e+07
1.7992e+07
1.79926e+07
1.79932e+07
1.79937e+07
1.79943e+07
1.79947e+07
1.79951e+07
1.79954e+07
1.79957e+07
1.79959e+07
1.79961e+07
1.79963e+07
1.79965e+07
1.79967e+07
1.79968e+07
1.7997e+07
1.79971e+07
1.79972e+07
1.79974e+07
1.79975e+07
1.79976e+07
1.79977e+07
1.79978e+07
1.79979e+07
1.7998e+07
1.79981e+07
1.79982e+07
1.79984e+07
1.79985e+07
1.79986e+07
1.79988e+07
1.7999e+07
1.79991e+07
1.79993e+07
1.79995e+07
1.79998e+07
1.8e+07
1.80003e+07
1.80005e+07
1.80008e+07
1.80011e+07
1.80014e+07
1.80018e+07
1.80021e+07
1.80025e+07
1.80028e+07
1.80032e+07
1.80036e+07
1.8004e+07
1.80044e+07
1.80049e+07
1.80053e+07
1.80058e+07
1.80063e+07
1.80067e+07
1.80072e+07
1.80077e+07
1.80082e+07
1.80087e+07
1.80093e+07
1.80098e+07
1.80103e+07
1.80108e+07
1.80112e+07
1.80117e+07
1.80122e+07
1.80126e+07
1.8013e+07
1.80134e+07
1.80138e+07
1.80141e+07
1.80144e+07
1.80147e+07
1.80149e+07
1.80152e+07
1.80153e+07
1.80155e+07
1.80156e+07
1.80157e+07
1.80158e+07
1.80158e+07
1.80158e+07
1.80158e+07
1.80158e+07
1.79887e+07
1.79898e+07
1.79909e+07
1.79884e+07
1.79871e+07
1.79873e+07
1.79883e+07
1.79885e+07
1.79883e+07
1.79884e+07
1.79887e+07
1.79891e+07
1.79895e+07
1.799e+07
1.79906e+07
1.79911e+07
1.79918e+07
1.79924e+07
1.7993e+07
1.79936e+07
1.79942e+07
1.79946e+07
1.7995e+07
1.79954e+07
1.79957e+07
1.79959e+07
1.79961e+07
1.79963e+07
1.79965e+07
1.79967e+07
1.79968e+07
1.7997e+07
1.79971e+07
1.79972e+07
1.79974e+07
1.79975e+07
1.79976e+07
1.79977e+07
1.79978e+07
1.79979e+07
1.7998e+07
1.79981e+07
1.79982e+07
1.79984e+07
1.79985e+07
1.79986e+07
1.79988e+07
1.7999e+07
1.79991e+07
1.79993e+07
1.79995e+07
1.79998e+07
1.8e+07
1.80003e+07
1.80005e+07
1.80008e+07
1.80011e+07
1.80014e+07
1.80018e+07
1.80021e+07
1.80025e+07
1.80028e+07
1.80032e+07
1.80036e+07
1.8004e+07
1.80044e+07
1.80049e+07
1.80053e+07
1.80058e+07
1.80063e+07
1.80067e+07
1.80072e+07
1.80077e+07
1.80082e+07
1.80087e+07
1.80093e+07
1.80098e+07
1.80103e+07
1.80108e+07
1.80112e+07
1.80117e+07
1.80122e+07
1.80126e+07
1.8013e+07
1.80134e+07
1.80138e+07
1.80141e+07
1.80144e+07
1.80147e+07
1.80149e+07
1.80152e+07
1.80153e+07
1.80155e+07
1.80156e+07
1.80157e+07
1.80158e+07
1.80158e+07
1.80159e+07
1.80161e+07
1.80168e+07
1.79899e+07
1.79899e+07
1.79909e+07
1.79884e+07
1.79871e+07
1.79873e+07
1.79883e+07
1.79885e+07
1.79883e+07
1.79884e+07
1.79887e+07
1.79891e+07
1.79895e+07
1.799e+07
1.79906e+07
1.79911e+07
1.79918e+07
1.79924e+07
1.7993e+07
1.79937e+07
1.79942e+07
1.79946e+07
1.7995e+07
1.79954e+07
1.79957e+07
1.79959e+07
1.79961e+07
1.79963e+07
1.79965e+07
1.79967e+07
1.79968e+07
1.7997e+07
1.79971e+07
1.79972e+07
1.79974e+07
1.79975e+07
1.79976e+07
1.79977e+07
1.79978e+07
1.79979e+07
1.7998e+07
1.79981e+07
1.79982e+07
1.79984e+07
1.79985e+07
1.79986e+07
1.79988e+07
1.7999e+07
1.79991e+07
1.79993e+07
1.79995e+07
1.79998e+07
1.8e+07
1.80003e+07
1.80005e+07
1.80008e+07
1.80011e+07
1.80014e+07
1.80018e+07
1.80021e+07
1.80025e+07
1.80028e+07
1.80032e+07
1.80036e+07
1.8004e+07
1.80044e+07
1.80049e+07
1.80053e+07
1.80058e+07
1.80063e+07
1.80067e+07
1.80072e+07
1.80077e+07
1.80082e+07
1.80087e+07
1.80093e+07
1.80098e+07
1.80103e+07
1.80108e+07
1.80112e+07
1.80117e+07
1.80122e+07
1.80126e+07
1.8013e+07
1.80134e+07
1.80138e+07
1.80141e+07
1.80144e+07
1.80147e+07
1.80149e+07
1.80152e+07
1.80153e+07
1.80155e+07
1.80156e+07
1.80157e+07
1.80158e+07
1.80158e+07
1.80159e+07
1.80161e+07
1.80168e+07
1.80036e+07
1.79988e+07
1.79971e+07
1.79967e+07
1.79959e+07
1.7994e+07
1.79914e+07
1.79887e+07
1.79856e+07
1.79827e+07
1.79795e+07
1.79764e+07
1.79735e+07
1.79707e+07
1.7968e+07
1.79655e+07
1.79633e+07
1.79615e+07
1.79604e+07
1.79604e+07
1.80076e+07
1.80065e+07
1.80068e+07
1.80071e+07
1.80065e+07
1.80049e+07
1.80024e+07
1.80002e+07
1.79973e+07
1.79949e+07
1.7992e+07
1.79894e+07
1.79868e+07
1.79844e+07
1.79821e+07
1.79799e+07
1.79778e+07
1.79761e+07
1.79748e+07
1.79739e+07
1.80161e+07
1.8016e+07
1.80156e+07
1.80148e+07
1.80137e+07
1.80124e+07
1.80109e+07
1.8009e+07
1.80071e+07
1.80048e+07
1.80022e+07
1.79992e+07
1.79959e+07
1.79922e+07
1.79886e+07
1.79852e+07
1.79821e+07
1.79791e+07
1.7976e+07
1.79724e+07
1.80204e+07
1.80217e+07
1.80216e+07
1.8021e+07
1.80205e+07
1.802e+07
1.80197e+07
1.80186e+07
1.80164e+07
1.80141e+07
1.80124e+07
1.80113e+07
1.80109e+07
1.80132e+07
1.80153e+07
1.80146e+07
1.80092e+07
1.8e+07
1.79913e+07
1.79854e+07
1.80219e+07
1.80244e+07
1.80247e+07
1.80241e+07
1.80236e+07
1.80232e+07
1.80228e+07
1.80218e+07
1.80198e+07
1.80176e+07
1.80158e+07
1.80146e+07
1.80141e+07
1.80162e+07
1.80186e+07
1.80185e+07
1.8014e+07
1.80058e+07
1.79973e+07
1.79907e+07
1.79692e+07
1.79705e+07
1.79699e+07
1.79694e+07
1.79689e+07
1.79687e+07
1.79686e+07
1.79685e+07
1.79685e+07
1.79686e+07
1.79687e+07
1.79688e+07
1.79691e+07
1.79694e+07
1.79697e+07
1.79702e+07
1.79707e+07
1.79712e+07
1.79717e+07
1.79722e+07
1.79726e+07
1.79731e+07
1.79735e+07
1.79739e+07
1.79744e+07
1.79748e+07
1.79752e+07
1.79757e+07
1.79762e+07
1.79766e+07
1.79771e+07
1.79776e+07
1.79781e+07
1.79785e+07
1.7979e+07
1.79794e+07
1.79799e+07
1.79803e+07
1.79806e+07
1.7981e+07
1.79813e+07
1.79816e+07
1.79819e+07
1.79822e+07
1.79824e+07
1.79826e+07
1.79827e+07
1.79828e+07
1.7983e+07
1.7983e+07
1.79831e+07
1.79831e+07
1.79831e+07
1.79831e+07
1.79831e+07
1.79831e+07
1.79831e+07
1.7983e+07
1.79829e+07
1.79829e+07
1.79828e+07
1.79827e+07
1.79827e+07
1.79826e+07
1.79825e+07
1.79824e+07
1.79824e+07
1.79823e+07
1.79823e+07
1.79822e+07
1.79822e+07
1.79822e+07
1.79821e+07
1.79821e+07
1.79822e+07
1.79822e+07
1.79822e+07
1.79823e+07
1.79823e+07
1.79824e+07
1.79825e+07
1.79825e+07
1.79826e+07
1.79827e+07
1.79828e+07
1.79829e+07
1.7983e+07
1.7983e+07
1.79831e+07
1.79832e+07
1.79833e+07
1.79833e+07
1.79834e+07
1.79834e+07
1.79834e+07
1.79835e+07
1.79835e+07
1.79835e+07
1.79834e+07
1.79834e+07
1.79834e+07
1.79833e+07
1.79833e+07
1.79832e+07
1.79832e+07
1.79831e+07
1.7983e+07
1.79829e+07
1.79828e+07
1.79827e+07
1.79826e+07
1.79826e+07
1.79825e+07
1.79824e+07
1.79823e+07
1.79822e+07
1.79822e+07
1.79821e+07
1.7982e+07
1.7982e+07
1.7982e+07
1.79819e+07
1.79819e+07
1.79819e+07
1.79819e+07
1.79819e+07
1.79819e+07
1.7982e+07
1.7982e+07
1.79821e+07
1.79821e+07
1.79822e+07
1.79822e+07
1.79823e+07
1.79823e+07
1.79824e+07
1.79825e+07
1.79825e+07
1.79826e+07
1.79826e+07
1.79827e+07
1.79827e+07
1.79828e+07
1.79828e+07
1.79829e+07
1.79829e+07
1.79829e+07
1.7983e+07
1.7983e+07
1.79831e+07
1.79831e+07
1.79831e+07
1.79832e+07
1.79832e+07
1.79832e+07
1.79833e+07
1.79834e+07
1.79834e+07
1.79835e+07
1.79836e+07
1.79836e+07
1.79837e+07
1.79839e+07
1.7984e+07
1.79841e+07
1.79843e+07
1.79844e+07
1.79846e+07
1.79848e+07
1.7985e+07
1.79852e+07
1.79855e+07
1.79857e+07
1.7986e+07
1.79863e+07
1.79866e+07
1.79869e+07
1.79872e+07
1.79875e+07
1.79878e+07
1.7988e+07
1.79883e+07
1.79886e+07
1.79888e+07
1.79891e+07
1.79893e+07
1.79895e+07
1.79896e+07
1.79898e+07
1.79899e+07
1.799e+07
1.79901e+07
1.79902e+07
1.79902e+07
1.79903e+07
1.79903e+07
1.79903e+07
1.79904e+07
1.79906e+07
1.79913e+07
1.79716e+07
1.79708e+07
1.797e+07
1.79694e+07
1.79689e+07
1.79687e+07
1.79686e+07
1.79685e+07
1.79685e+07
1.79686e+07
1.79687e+07
1.79688e+07
1.79691e+07
1.79694e+07
1.79697e+07
1.79702e+07
1.79707e+07
1.79712e+07
1.79717e+07
1.79722e+07
1.79726e+07
1.79731e+07
1.79735e+07
1.79739e+07
1.79744e+07
1.79748e+07
1.79752e+07
1.79757e+07
1.79762e+07
1.79766e+07
1.79771e+07
1.79776e+07
1.79781e+07
1.79785e+07
1.7979e+07
1.79794e+07
1.79799e+07
1.79803e+07
1.79806e+07
1.7981e+07
1.79813e+07
1.79816e+07
1.79819e+07
1.79822e+07
1.79824e+07
1.79826e+07
1.79827e+07
1.79828e+07
1.7983e+07
1.7983e+07
1.79831e+07
1.79831e+07
1.79831e+07
1.79831e+07
1.79831e+07
1.79831e+07
1.79831e+07
1.7983e+07
1.79829e+07
1.79829e+07
1.79828e+07
1.79827e+07
1.79827e+07
1.79826e+07
1.79825e+07
1.79824e+07
1.79824e+07
1.79823e+07
1.79823e+07
1.79822e+07
1.79822e+07
1.79822e+07
1.79821e+07
1.79821e+07
1.79822e+07
1.79822e+07
1.79822e+07
1.79823e+07
1.79823e+07
1.79824e+07
1.79825e+07
1.79825e+07
1.79826e+07
1.79827e+07
1.79828e+07
1.79829e+07
1.7983e+07
1.7983e+07
1.79831e+07
1.79832e+07
1.79833e+07
1.79833e+07
1.79834e+07
1.79834e+07
1.79834e+07
1.79835e+07
1.79835e+07
1.79835e+07
1.79834e+07
1.79834e+07
1.79834e+07
1.79833e+07
1.79833e+07
1.79832e+07
1.79832e+07
1.79831e+07
1.7983e+07
1.79829e+07
1.79828e+07
1.79827e+07
1.79826e+07
1.79826e+07
1.79825e+07
1.79824e+07
1.79823e+07
1.79822e+07
1.79822e+07
1.79821e+07
1.7982e+07
1.7982e+07
1.7982e+07
1.79819e+07
1.79819e+07
1.79819e+07
1.79819e+07
1.79819e+07
1.79819e+07
1.7982e+07
1.7982e+07
1.79821e+07
1.79821e+07
1.79822e+07
1.79822e+07
1.79823e+07
1.79823e+07
1.79824e+07
1.79825e+07
1.79825e+07
1.79826e+07
1.79826e+07
1.79827e+07
1.79827e+07
1.79828e+07
1.79828e+07
1.79829e+07
1.79829e+07
1.79829e+07
1.7983e+07
1.7983e+07
1.79831e+07
1.79831e+07
1.79831e+07
1.79832e+07
1.79832e+07
1.79832e+07
1.79833e+07
1.79834e+07
1.79834e+07
1.79835e+07
1.79836e+07
1.79836e+07
1.79837e+07
1.79839e+07
1.7984e+07
1.79841e+07
1.79843e+07
1.79844e+07
1.79846e+07
1.79848e+07
1.7985e+07
1.79852e+07
1.79855e+07
1.79857e+07
1.7986e+07
1.79863e+07
1.79866e+07
1.79869e+07
1.79872e+07
1.79875e+07
1.79878e+07
1.7988e+07
1.79883e+07
1.79886e+07
1.79888e+07
1.79891e+07
1.79893e+07
1.79895e+07
1.79896e+07
1.79898e+07
1.79899e+07
1.799e+07
1.79901e+07
1.79902e+07
1.79902e+07
1.79903e+07
1.79903e+07
1.79903e+07
1.79904e+07
1.79906e+07
1.79913e+07
1.79622e+07
1.7966e+07
1.79687e+07
1.79691e+07
1.79688e+07
1.79687e+07
1.79685e+07
1.79685e+07
1.79685e+07
1.79685e+07
1.79686e+07
1.79687e+07
1.79689e+07
1.79692e+07
1.79696e+07
1.797e+07
1.79705e+07
1.7971e+07
1.79715e+07
1.79721e+07
1.79725e+07
1.7973e+07
1.79735e+07
1.79739e+07
1.79743e+07
1.79748e+07
1.79752e+07
1.79757e+07
1.79762e+07
1.79766e+07
1.79771e+07
1.79776e+07
1.79781e+07
1.79785e+07
1.7979e+07
1.79794e+07
1.79799e+07
1.79803e+07
1.79806e+07
1.7981e+07
1.79813e+07
1.79816e+07
1.79819e+07
1.79822e+07
1.79824e+07
1.79826e+07
1.79827e+07
1.79828e+07
1.7983e+07
1.7983e+07
1.79831e+07
1.79831e+07
1.79831e+07
1.79831e+07
1.79831e+07
1.79831e+07
1.79831e+07
1.7983e+07
1.79829e+07
1.79829e+07
1.79828e+07
1.79827e+07
1.79827e+07
1.79826e+07
1.79825e+07
1.79824e+07
1.79824e+07
1.79823e+07
1.79823e+07
1.79822e+07
1.79822e+07
1.79822e+07
1.79821e+07
1.79821e+07
1.79822e+07
1.79822e+07
1.79822e+07
1.79823e+07
1.79823e+07
1.79824e+07
1.79825e+07
1.79825e+07
1.79826e+07
1.79827e+07
1.79828e+07
1.79829e+07
1.7983e+07
1.7983e+07
1.79831e+07
1.79832e+07
1.79833e+07
1.79833e+07
1.79834e+07
1.79834e+07
1.79834e+07
1.79835e+07
1.79835e+07
1.79835e+07
1.79834e+07
1.79834e+07
1.79834e+07
1.79833e+07
1.79833e+07
1.79832e+07
1.79832e+07
1.79831e+07
1.7983e+07
1.79829e+07
1.79828e+07
1.79827e+07
1.79826e+07
1.79826e+07
1.79825e+07
1.79824e+07
1.79823e+07
1.79822e+07
1.79822e+07
1.79821e+07
1.7982e+07
1.7982e+07
1.7982e+07
1.79819e+07
1.79819e+07
1.79819e+07
1.79819e+07
1.79819e+07
1.79819e+07
1.7982e+07
1.7982e+07
1.79821e+07
1.79821e+07
1.79822e+07
1.79822e+07
1.79823e+07
1.79823e+07
1.79824e+07
1.79825e+07
1.79825e+07
1.79826e+07
1.79826e+07
1.79827e+07
1.79827e+07
1.79828e+07
1.79828e+07
1.79829e+07
1.79829e+07
1.79829e+07
1.7983e+07
1.7983e+07
1.79831e+07
1.79831e+07
1.79831e+07
1.79832e+07
1.79832e+07
1.79832e+07
1.79833e+07
1.79834e+07
1.79834e+07
1.79835e+07
1.79836e+07
1.79836e+07
1.79837e+07
1.79839e+07
1.7984e+07
1.79841e+07
1.79843e+07
1.79844e+07
1.79846e+07
1.79848e+07
1.7985e+07
1.79852e+07
1.79855e+07
1.79857e+07
1.7986e+07
1.79863e+07
1.79866e+07
1.79869e+07
1.79872e+07
1.79875e+07
1.79878e+07
1.7988e+07
1.79883e+07
1.79886e+07
1.79888e+07
1.79891e+07
1.79893e+07
1.79895e+07
1.79896e+07
1.79898e+07
1.79899e+07
1.799e+07
1.79901e+07
1.79902e+07
1.79902e+07
1.79903e+07
1.79903e+07
1.79903e+07
1.79903e+07
1.79903e+07
1.79904e+07
1.79724e+07
1.79731e+07
1.79737e+07
1.79709e+07
1.79693e+07
1.79692e+07
1.79695e+07
1.79692e+07
1.79687e+07
1.79685e+07
1.79685e+07
1.79686e+07
1.79688e+07
1.7969e+07
1.79694e+07
1.79698e+07
1.79703e+07
1.79708e+07
1.79714e+07
1.7972e+07
1.79725e+07
1.7973e+07
1.79734e+07
1.79739e+07
1.79743e+07
1.79748e+07
1.79752e+07
1.79757e+07
1.79762e+07
1.79766e+07
1.79771e+07
1.79776e+07
1.79781e+07
1.79785e+07
1.7979e+07
1.79794e+07
1.79799e+07
1.79803e+07
1.79806e+07
1.7981e+07
1.79813e+07
1.79816e+07
1.79819e+07
1.79822e+07
1.79824e+07
1.79826e+07
1.79827e+07
1.79828e+07
1.7983e+07
1.7983e+07
1.79831e+07
1.79831e+07
1.79831e+07
1.79831e+07
1.79831e+07
1.79831e+07
1.79831e+07
1.7983e+07
1.79829e+07
1.79829e+07
1.79828e+07
1.79827e+07
1.79827e+07
1.79826e+07
1.79825e+07
1.79824e+07
1.79824e+07
1.79823e+07
1.79823e+07
1.79822e+07
1.79822e+07
1.79822e+07
1.79821e+07
1.79821e+07
1.79822e+07
1.79822e+07
1.79822e+07
1.79823e+07
1.79823e+07
1.79824e+07
1.79825e+07
1.79825e+07
1.79826e+07
1.79827e+07
1.79828e+07
1.79829e+07
1.7983e+07
1.7983e+07
1.79831e+07
1.79832e+07
1.79833e+07
1.79833e+07
1.79834e+07
1.79834e+07
1.79834e+07
1.79835e+07
1.79835e+07
1.79835e+07
1.79834e+07
1.79834e+07
1.79834e+07
1.79833e+07
1.79833e+07
1.79832e+07
1.79832e+07
1.79831e+07
1.7983e+07
1.79829e+07
1.79828e+07
1.79827e+07
1.79826e+07
1.79826e+07
1.79825e+07
1.79824e+07
1.79823e+07
1.79822e+07
1.79822e+07
1.79821e+07
1.7982e+07
1.7982e+07
1.7982e+07
1.79819e+07
1.79819e+07
1.79819e+07
1.79819e+07
1.79819e+07
1.79819e+07
1.7982e+07
1.7982e+07
1.79821e+07
1.79821e+07
1.79822e+07
1.79822e+07
1.79823e+07
1.79823e+07
1.79824e+07
1.79825e+07
1.79825e+07
1.79826e+07
1.79826e+07
1.79827e+07
1.79827e+07
1.79828e+07
1.79828e+07
1.79829e+07
1.79829e+07
1.79829e+07
1.7983e+07
1.7983e+07
1.79831e+07
1.79831e+07
1.79831e+07
1.79832e+07
1.79832e+07
1.79832e+07
1.79833e+07
1.79834e+07
1.79834e+07
1.79835e+07
1.79836e+07
1.79836e+07
1.79837e+07
1.79839e+07
1.7984e+07
1.79841e+07
1.79843e+07
1.79844e+07
1.79846e+07
1.79848e+07
1.7985e+07
1.79852e+07
1.79855e+07
1.79857e+07
1.7986e+07
1.79863e+07
1.79866e+07
1.79869e+07
1.79872e+07
1.79875e+07
1.79878e+07
1.7988e+07
1.79883e+07
1.79886e+07
1.79888e+07
1.79891e+07
1.79893e+07
1.79895e+07
1.79896e+07
1.79898e+07
1.79899e+07
1.799e+07
1.79901e+07
1.79902e+07
1.79902e+07
1.79903e+07
1.79903e+07
1.79903e+07
1.79903e+07
1.799e+07
1.79889e+07
1.79735e+07
1.79732e+07
1.79738e+07
1.79709e+07
1.79693e+07
1.79692e+07
1.79695e+07
1.79692e+07
1.79687e+07
1.79685e+07
1.79685e+07
1.79686e+07
1.79688e+07
1.7969e+07
1.79694e+07
1.79698e+07
1.79703e+07
1.79709e+07
1.79714e+07
1.7972e+07
1.79725e+07
1.7973e+07
1.79734e+07
1.79739e+07
1.79743e+07
1.79748e+07
1.79752e+07
1.79757e+07
1.79762e+07
1.79766e+07
1.79771e+07
1.79776e+07
1.79781e+07
1.79785e+07
1.7979e+07
1.79794e+07
1.79799e+07
1.79803e+07
1.79806e+07
1.7981e+07
1.79813e+07
1.79816e+07
1.79819e+07
1.79822e+07
1.79824e+07
1.79826e+07
1.79827e+07
1.79828e+07
1.7983e+07
1.7983e+07
1.79831e+07
1.79831e+07
1.79831e+07
1.79831e+07
1.79831e+07
1.79831e+07
1.79831e+07
1.7983e+07
1.79829e+07
1.79829e+07
1.79828e+07
1.79827e+07
1.79827e+07
1.79826e+07
1.79825e+07
1.79824e+07
1.79824e+07
1.79823e+07
1.79823e+07
1.79822e+07
1.79822e+07
1.79822e+07
1.79821e+07
1.79821e+07
1.79822e+07
1.79822e+07
1.79822e+07
1.79823e+07
1.79823e+07
1.79824e+07
1.79825e+07
1.79825e+07
1.79826e+07
1.79827e+07
1.79828e+07
1.79829e+07
1.7983e+07
1.7983e+07
1.79831e+07
1.79832e+07
1.79833e+07
1.79833e+07
1.79834e+07
1.79834e+07
1.79834e+07
1.79835e+07
1.79835e+07
1.79835e+07
1.79834e+07
1.79834e+07
1.79834e+07
1.79833e+07
1.79833e+07
1.79832e+07
1.79832e+07
1.79831e+07
1.7983e+07
1.79829e+07
1.79828e+07
1.79827e+07
1.79826e+07
1.79826e+07
1.79825e+07
1.79824e+07
1.79823e+07
1.79822e+07
1.79822e+07
1.79821e+07
1.7982e+07
1.7982e+07
1.7982e+07
1.79819e+07
1.79819e+07
1.79819e+07
1.79819e+07
1.79819e+07
1.79819e+07
1.7982e+07
1.7982e+07
1.79821e+07
1.79821e+07
1.79822e+07
1.79822e+07
1.79823e+07
1.79823e+07
1.79824e+07
1.79825e+07
1.79825e+07
1.79826e+07
1.79826e+07
1.79827e+07
1.79827e+07
1.79828e+07
1.79828e+07
1.79829e+07
1.79829e+07
1.79829e+07
1.7983e+07
1.7983e+07
1.79831e+07
1.79831e+07
1.79831e+07
1.79832e+07
1.79832e+07
1.79832e+07
1.79833e+07
1.79834e+07
1.79834e+07
1.79835e+07
1.79836e+07
1.79836e+07
1.79837e+07
1.79839e+07
1.7984e+07
1.79841e+07
1.79843e+07
1.79844e+07
1.79846e+07
1.79848e+07
1.7985e+07
1.79852e+07
1.79855e+07
1.79857e+07
1.7986e+07
1.79863e+07
1.79866e+07
1.79869e+07
1.79872e+07
1.79875e+07
1.79878e+07
1.7988e+07
1.79883e+07
1.79886e+07
1.79888e+07
1.79891e+07
1.79893e+07
1.79895e+07
1.79896e+07
1.79898e+07
1.79899e+07
1.799e+07
1.79901e+07
1.79902e+07
1.79902e+07
1.79903e+07
1.79903e+07
1.79903e+07
1.79903e+07
1.799e+07
1.79889e+07
1.79966e+07
1.79993e+07
1.79996e+07
1.7999e+07
1.79985e+07
1.79981e+07
1.79978e+07
1.79971e+07
1.79954e+07
1.79928e+07
1.79907e+07
1.79893e+07
1.79885e+07
1.79889e+07
1.79913e+07
1.7993e+07
1.79911e+07
1.79846e+07
1.79756e+07
1.79695e+07
1.79952e+07
1.79965e+07
1.79964e+07
1.79958e+07
1.79952e+07
1.79948e+07
1.79945e+07
1.79938e+07
1.79919e+07
1.79892e+07
1.79871e+07
1.79858e+07
1.79851e+07
1.79857e+07
1.79881e+07
1.79893e+07
1.79866e+07
1.79789e+07
1.79694e+07
1.7964e+07
1.79906e+07
1.79906e+07
1.79901e+07
1.79893e+07
1.79882e+07
1.79869e+07
1.79853e+07
1.79834e+07
1.79814e+07
1.79791e+07
1.79764e+07
1.79734e+07
1.79701e+07
1.79664e+07
1.79626e+07
1.79588e+07
1.79554e+07
1.79523e+07
1.79492e+07
1.79455e+07
1.79817e+07
1.79806e+07
1.79809e+07
1.79813e+07
1.79807e+07
1.7979e+07
1.79765e+07
1.79742e+07
1.79712e+07
1.79687e+07
1.79657e+07
1.79629e+07
1.79603e+07
1.79577e+07
1.79553e+07
1.79531e+07
1.79509e+07
1.79491e+07
1.79476e+07
1.79466e+07
1.79775e+07
1.79726e+07
1.79708e+07
1.79705e+07
1.79697e+07
1.79678e+07
1.7965e+07
1.79623e+07
1.7959e+07
1.7956e+07
1.79527e+07
1.79495e+07
1.79465e+07
1.79435e+07
1.79408e+07
1.79382e+07
1.79358e+07
1.79338e+07
1.79325e+07
1.79323e+07
1.7942e+07
1.79442e+07
1.7947e+07
1.79447e+07
1.79433e+07
1.79431e+07
1.79432e+07
1.79432e+07
1.79434e+07
1.79436e+07
1.7944e+07
1.79445e+07
1.79451e+07
1.79458e+07
1.79464e+07
1.79471e+07
1.79477e+07
1.79482e+07
1.79488e+07
1.79492e+07
1.79497e+07
1.79502e+07
1.79508e+07
1.79513e+07
1.79518e+07
1.79523e+07
1.79528e+07
1.79533e+07
1.79538e+07
1.79542e+07
1.79547e+07
1.79551e+07
1.79555e+07
1.79559e+07
1.79562e+07
1.79566e+07
1.79569e+07
1.79572e+07
1.79574e+07
1.79577e+07
1.7958e+07
1.79582e+07
1.79585e+07
1.79587e+07
1.79589e+07
1.79592e+07
1.79594e+07
1.79596e+07
1.79599e+07
1.79601e+07
1.79604e+07
1.79607e+07
1.79609e+07
1.79612e+07
1.79615e+07
1.79618e+07
1.79621e+07
1.79624e+07
1.79627e+07
1.7963e+07
1.79633e+07
1.79636e+07
1.79639e+07
1.79642e+07
1.79645e+07
1.79648e+07
1.7965e+07
1.79653e+07
1.79655e+07
1.79657e+07
1.79658e+07
1.7966e+07
1.79661e+07
1.79662e+07
1.79662e+07
1.79663e+07
1.79663e+07
1.79663e+07
1.79663e+07
1.79663e+07
1.79663e+07
1.79663e+07
1.79663e+07
1.79663e+07
1.79663e+07
1.79664e+07
1.79665e+07
1.79666e+07
1.79667e+07
1.79669e+07
1.79671e+07
1.79673e+07
1.79676e+07
1.79679e+07
1.79683e+07
1.79686e+07
1.7969e+07
1.79694e+07
1.79698e+07
1.79703e+07
1.79708e+07
1.79712e+07
1.79717e+07
1.79722e+07
1.79726e+07
1.79731e+07
1.79736e+07
1.7974e+07
1.79744e+07
1.79748e+07
1.79752e+07
1.79756e+07
1.79759e+07
1.79762e+07
1.79765e+07
1.79768e+07
1.7977e+07
1.79772e+07
1.79774e+07
1.79776e+07
1.79777e+07
1.79778e+07
1.79779e+07
1.7978e+07
1.7978e+07
1.79781e+07
1.79781e+07
1.79781e+07
1.79781e+07
1.79781e+07
1.79781e+07
1.79781e+07
1.79781e+07
1.79781e+07
1.79781e+07
1.7978e+07
1.7978e+07
1.7978e+07
1.7978e+07
1.7978e+07
1.7978e+07
1.7978e+07
1.7978e+07
1.7978e+07
1.7978e+07
1.7978e+07
1.79781e+07
1.79781e+07
1.79781e+07
1.79782e+07
1.79782e+07
1.79783e+07
1.79783e+07
1.79784e+07
1.79785e+07
1.79785e+07
1.79786e+07
1.79786e+07
1.79787e+07
1.79787e+07
1.79787e+07
1.79788e+07
1.79788e+07
1.79788e+07
1.79789e+07
1.79789e+07
1.79789e+07
1.79789e+07
1.79789e+07
1.79789e+07
1.79789e+07
1.79788e+07
1.79788e+07
1.79788e+07
1.79788e+07
1.79787e+07
1.79787e+07
1.79787e+07
1.79786e+07
1.79786e+07
1.79786e+07
1.79785e+07
1.79785e+07
1.79785e+07
1.79785e+07
1.79785e+07
1.79785e+07
1.79785e+07
1.79786e+07
1.79786e+07
1.79786e+07
1.79787e+07
1.79788e+07
1.79788e+07
1.79789e+07
1.7979e+07
1.79792e+07
1.79793e+07
1.79794e+07
1.79796e+07
1.79798e+07
1.79799e+07
1.79801e+07
1.79803e+07
1.79806e+07
1.79808e+07
1.7981e+07
1.79813e+07
1.79816e+07
1.79818e+07
1.79821e+07
1.79824e+07
1.79827e+07
1.7983e+07
1.79833e+07
1.79836e+07
1.79839e+07
1.79843e+07
1.79846e+07
1.79848e+07
1.79851e+07
1.79854e+07
1.79857e+07
1.79859e+07
1.79861e+07
1.79863e+07
1.79865e+07
1.79867e+07
1.79868e+07
1.79869e+07
1.7987e+07
1.79871e+07
1.79871e+07
1.79872e+07
1.79872e+07
1.79872e+07
1.79872e+07
1.79872e+07
1.79872e+07
1.79871e+07
1.79871e+07
1.79871e+07
1.79872e+07
1.79872e+07
1.79873e+07
1.79874e+07
1.79875e+07
1.79877e+07
1.79879e+07
1.79881e+07
1.79884e+07
1.79886e+07
1.7989e+07
1.79893e+07
1.79897e+07
1.79901e+07
1.79905e+07
1.7991e+07
1.79915e+07
1.79919e+07
1.79924e+07
1.79929e+07
1.79933e+07
1.79938e+07
1.79943e+07
1.79947e+07
1.79952e+07
1.79956e+07
1.7996e+07
1.79963e+07
1.79967e+07
1.7997e+07
1.79973e+07
1.79976e+07
1.79979e+07
1.79981e+07
1.79984e+07
1.79986e+07
1.79987e+07
1.79989e+07
1.79991e+07
1.79992e+07
1.79993e+07
1.79994e+07
1.79995e+07
1.79996e+07
1.79996e+07
1.79997e+07
1.79997e+07
1.79998e+07
1.79998e+07
1.79998e+07
1.79999e+07
1.79999e+07
1.79999e+07
1.79999e+07
1.79999e+07
1.8e+07
1.8e+07
1.8e+07
1.8e+07
1.8e+07
1.8e+07
1.8e+07
1.8e+07
1.8e+07
1.8e+07
1.8e+07
1.8e+07
1.8e+07
1.8e+07
1.8e+07
1.8e+07
1.8e+07
1.8e+07
1.8e+07
1.8e+07
1.8e+07
1.8e+07
1.8e+07
1.8e+07
1.8e+07
1.8e+07
1.8e+07
1.8e+07
1.8e+07
1.8e+07
1.8e+07
1.8e+07
1.8e+07
1.8e+07
1.8e+07
1.8e+07
1.8e+07
1.8e+07
1.8e+07
1.8e+07
1.8e+07
1.8e+07
1.8e+07
1.8e+07
1.8e+07
1.8e+07
1.8e+07
1.8e+07
1.8e+07
1.8e+07
1.8e+07
1.8e+07
1.8e+07
1.8e+07
1.8e+07
1.8e+07
1.8e+07
1.8e+07
1.8e+07
1.8e+07
1.8e+07
1.8e+07
1.8e+07
1.8e+07
1.8e+07
1.80001e+07
1.80001e+07
1.80001e+07
1.80001e+07
1.80001e+07
1.80001e+07
1.80002e+07
1.80002e+07
1.80002e+07
1.80003e+07
1.80003e+07
1.80004e+07
1.80004e+07
1.80005e+07
1.80005e+07
1.80006e+07
1.80007e+07
1.80008e+07
1.80009e+07
1.8001e+07
1.80012e+07
1.80013e+07
1.80015e+07
1.80017e+07
1.80018e+07
1.8002e+07
1.80023e+07
1.80025e+07
1.80028e+07
1.8003e+07
1.80033e+07
1.80036e+07
1.80039e+07
1.80043e+07
1.80047e+07
1.8005e+07
1.80055e+07
1.80059e+07
1.80063e+07
1.80068e+07
1.80073e+07
1.80078e+07
1.80083e+07
1.80089e+07
1.80095e+07
1.80101e+07
1.80107e+07
1.80114e+07
1.8012e+07
1.80127e+07
1.80134e+07
1.80142e+07
1.80149e+07
1.80157e+07
1.80165e+07
1.80173e+07
1.80182e+07
1.80191e+07
1.802e+07
1.80209e+07
1.80218e+07
1.80228e+07
1.80238e+07
1.80248e+07
1.80258e+07
1.80269e+07
1.8028e+07
1.80291e+07
1.80302e+07
1.80314e+07
1.80325e+07
1.80337e+07
1.8035e+07
1.80362e+07
1.80375e+07
1.80388e+07
1.80401e+07
1.80414e+07
1.80428e+07
1.80442e+07
1.80456e+07
1.8047e+07
1.80485e+07
1.805e+07
1.80515e+07
1.8053e+07
1.80546e+07
1.80561e+07
1.80578e+07
1.80594e+07
1.8061e+07
1.80627e+07
1.80644e+07
1.80661e+07
1.80679e+07
1.80696e+07
1.80714e+07
1.80732e+07
1.80751e+07
1.80769e+07
1.80788e+07
1.80807e+07
1.80827e+07
1.80846e+07
1.80866e+07
1.80886e+07
1.80907e+07
1.80927e+07
1.80948e+07
1.80969e+07
1.8099e+07
1.81012e+07
1.81033e+07
1.81055e+07
1.81077e+07
1.811e+07
1.81122e+07
1.81145e+07
1.81168e+07
1.81192e+07
1.81215e+07
1.81239e+07
1.81263e+07
1.81288e+07
1.81312e+07
1.81337e+07
1.81362e+07
1.81387e+07
1.81412e+07
1.81438e+07
1.81464e+07
1.8149e+07
1.81516e+07
1.81543e+07
1.8157e+07
1.81597e+07
1.81624e+07
1.81651e+07
1.81679e+07
1.81707e+07
1.81735e+07
1.81763e+07
1.81792e+07
1.81821e+07
1.8185e+07
1.81879e+07
1.81908e+07
1.81938e+07
1.81968e+07
1.81998e+07
1.82028e+07
1.82058e+07
1.82089e+07
1.8212e+07
1.82151e+07
1.82182e+07
1.82214e+07
1.82246e+07
1.82278e+07
1.8231e+07
1.82342e+07
1.82375e+07
1.82407e+07
1.8244e+07
1.82474e+07
1.82507e+07
1.8254e+07
1.82574e+07
1.82608e+07
1.82642e+07
1.82677e+07
1.82711e+07
1.82746e+07
1.82781e+07
1.82816e+07
1.82851e+07
1.82886e+07
1.82922e+07
1.82958e+07
1.82994e+07
1.8303e+07
1.83066e+07
1.83103e+07
1.8314e+07
1.83176e+07
1.83214e+07
1.83251e+07
1.83288e+07
1.83326e+07
1.83363e+07
1.83401e+07
1.83439e+07
1.83478e+07
1.83516e+07
1.83555e+07
1.83593e+07
1.83632e+07
1.83671e+07
1.8371e+07
1.8375e+07
1.83789e+07
1.83829e+07
1.83869e+07
1.83908e+07
1.83949e+07
1.83989e+07
1.84029e+07
1.8407e+07
1.8411e+07
1.84151e+07
1.84192e+07
1.84233e+07
1.84274e+07
1.84315e+07
1.84357e+07
1.84398e+07
1.8444e+07
1.84482e+07
1.84524e+07
1.84566e+07
1.84608e+07
1.8465e+07
1.84693e+07
1.84735e+07
1.84778e+07
1.84821e+07
1.84864e+07
1.84907e+07
1.8495e+07
1.84993e+07
1.85036e+07
1.85079e+07
1.85123e+07
1.85167e+07
1.8521e+07
1.85254e+07
1.85298e+07
1.85342e+07
1.79408e+07
1.79441e+07
1.7947e+07
1.79447e+07
1.79433e+07
1.79431e+07
1.79432e+07
1.79432e+07
1.79434e+07
1.79436e+07
1.7944e+07
1.79445e+07
1.79451e+07
1.79458e+07
1.79464e+07
1.79471e+07
1.79477e+07
1.79482e+07
1.79487e+07
1.79492e+07
1.79497e+07
1.79502e+07
1.79508e+07
1.79513e+07
1.79518e+07
1.79523e+07
1.79528e+07
1.79533e+07
1.79538e+07
1.79542e+07
1.79547e+07
1.79551e+07
1.79555e+07
1.79559e+07
1.79562e+07
1.79566e+07
1.79569e+07
1.79572e+07
1.79574e+07
1.79577e+07
1.7958e+07
1.79582e+07
1.79585e+07
1.79587e+07
1.79589e+07
1.79592e+07
1.79594e+07
1.79596e+07
1.79599e+07
1.79601e+07
1.79604e+07
1.79607e+07
1.79609e+07
1.79612e+07
1.79615e+07
1.79618e+07
1.79621e+07
1.79624e+07
1.79627e+07
1.7963e+07
1.79633e+07
1.79636e+07
1.79639e+07
1.79642e+07
1.79645e+07
1.79648e+07
1.7965e+07
1.79653e+07
1.79655e+07
1.79657e+07
1.79658e+07
1.7966e+07
1.79661e+07
1.79662e+07
1.79662e+07
1.79663e+07
1.79663e+07
1.79663e+07
1.79663e+07
1.79663e+07
1.79663e+07
1.79663e+07
1.79663e+07
1.79663e+07
1.79663e+07
1.79664e+07
1.79665e+07
1.79666e+07
1.79667e+07
1.79669e+07
1.79671e+07
1.79673e+07
1.79676e+07
1.79679e+07
1.79683e+07
1.79686e+07
1.7969e+07
1.79694e+07
1.79698e+07
1.79703e+07
1.79708e+07
1.79712e+07
1.79717e+07
1.79722e+07
1.79726e+07
1.79731e+07
1.79736e+07
1.7974e+07
1.79744e+07
1.79748e+07
1.79752e+07
1.79756e+07
1.79759e+07
1.79762e+07
1.79765e+07
1.79768e+07
1.7977e+07
1.79772e+07
1.79774e+07
1.79776e+07
1.79777e+07
1.79778e+07
1.79779e+07
1.7978e+07
1.7978e+07
1.79781e+07
1.79781e+07
1.79781e+07
1.79781e+07
1.79781e+07
1.79781e+07
1.79781e+07
1.79781e+07
1.79781e+07
1.79781e+07
1.7978e+07
1.7978e+07
1.7978e+07
1.7978e+07
1.7978e+07
1.7978e+07
1.7978e+07
1.7978e+07
1.7978e+07
1.7978e+07
1.7978e+07
1.79781e+07
1.79781e+07
1.79781e+07
1.79782e+07
1.79782e+07
1.79783e+07
1.79783e+07
1.79784e+07
1.79785e+07
1.79785e+07
1.79786e+07
1.79786e+07
1.79787e+07
1.79787e+07
1.79787e+07
1.79788e+07
1.79788e+07
1.79788e+07
1.79789e+07
1.79789e+07
1.79789e+07
1.79789e+07
1.79789e+07
1.79789e+07
1.79789e+07
1.79788e+07
1.79788e+07
1.79788e+07
1.79788e+07
1.79787e+07
1.79787e+07
1.79787e+07
1.79786e+07
1.79786e+07
1.79786e+07
1.79785e+07
1.79785e+07
1.79785e+07
1.79785e+07
1.79785e+07
1.79785e+07
1.79785e+07
1.79786e+07
1.79786e+07
1.79786e+07
1.79787e+07
1.79788e+07
1.79788e+07
1.79789e+07
1.7979e+07
1.79792e+07
1.79793e+07
1.79794e+07
1.79796e+07
1.79798e+07
1.79799e+07
1.79801e+07
1.79803e+07
1.79806e+07
1.79808e+07
1.7981e+07
1.79813e+07
1.79816e+07
1.79818e+07
1.79821e+07
1.79824e+07
1.79827e+07
1.7983e+07
1.79833e+07
1.79836e+07
1.79839e+07
1.79843e+07
1.79846e+07
1.79848e+07
1.79851e+07
1.79854e+07
1.79857e+07
1.79859e+07
1.79861e+07
1.79863e+07
1.79865e+07
1.79867e+07
1.79868e+07
1.79869e+07
1.7987e+07
1.79871e+07
1.79871e+07
1.79872e+07
1.79872e+07
1.79872e+07
1.79872e+07
1.79872e+07
1.79872e+07
1.79871e+07
1.79871e+07
1.79871e+07
1.79872e+07
1.79872e+07
1.79873e+07
1.79874e+07
1.79875e+07
1.79877e+07
1.79879e+07
1.79881e+07
1.79884e+07
1.79886e+07
1.7989e+07
1.79893e+07
1.79897e+07
1.79901e+07
1.79905e+07
1.7991e+07
1.79915e+07
1.79919e+07
1.79924e+07
1.79929e+07
1.79933e+07
1.79938e+07
1.79943e+07
1.79947e+07
1.79952e+07
1.79956e+07
1.7996e+07
1.79963e+07
1.79967e+07
1.7997e+07
1.79973e+07
1.79976e+07
1.79979e+07
1.79981e+07
1.79984e+07
1.79986e+07
1.79987e+07
1.79989e+07
1.79991e+07
1.79992e+07
1.79993e+07
1.79994e+07
1.79995e+07
1.79996e+07
1.79996e+07
1.79997e+07
1.79997e+07
1.79998e+07
1.79998e+07
1.79998e+07
1.79999e+07
1.79999e+07
1.79999e+07
1.79999e+07
1.79999e+07
1.8e+07
1.8e+07
1.8e+07
1.8e+07
1.8e+07
1.8e+07
1.8e+07
1.8e+07
1.8e+07
1.8e+07
1.8e+07
1.8e+07
1.8e+07
1.8e+07
1.8e+07
1.8e+07
1.8e+07
1.8e+07
1.8e+07
1.8e+07
1.8e+07
1.8e+07
1.8e+07
1.8e+07
1.8e+07
1.8e+07
1.8e+07
1.8e+07
1.8e+07
1.8e+07
1.8e+07
1.8e+07
1.8e+07
1.8e+07
1.8e+07
1.8e+07
1.8e+07
1.8e+07
1.8e+07
1.8e+07
1.8e+07
1.8e+07
1.8e+07
1.8e+07
1.8e+07
1.8e+07
1.8e+07
1.8e+07
1.8e+07
1.8e+07
1.8e+07
1.8e+07
1.8e+07
1.8e+07
1.8e+07
1.8e+07
1.8e+07
1.8e+07
1.8e+07
1.8e+07
1.8e+07
1.8e+07
1.8e+07
1.8e+07
1.8e+07
1.80001e+07
1.80001e+07
1.80001e+07
1.80001e+07
1.80001e+07
1.80001e+07
1.80002e+07
1.80002e+07
1.80002e+07
1.80003e+07
1.80003e+07
1.80004e+07
1.80004e+07
1.80005e+07
1.80005e+07
1.80006e+07
1.80007e+07
1.80008e+07
1.80009e+07
1.8001e+07
1.80012e+07
1.80013e+07
1.80015e+07
1.80017e+07
1.80018e+07
1.8002e+07
1.80023e+07
1.80025e+07
1.80028e+07
1.8003e+07
1.80033e+07
1.80036e+07
1.80039e+07
1.80043e+07
1.80047e+07
1.8005e+07
1.80055e+07
1.80059e+07
1.80063e+07
1.80068e+07
1.80073e+07
1.80078e+07
1.80083e+07
1.80089e+07
1.80095e+07
1.80101e+07
1.80107e+07
1.80114e+07
1.8012e+07
1.80127e+07
1.80134e+07
1.80142e+07
1.80149e+07
1.80157e+07
1.80165e+07
1.80173e+07
1.80182e+07
1.80191e+07
1.802e+07
1.80209e+07
1.80218e+07
1.80228e+07
1.80238e+07
1.80248e+07
1.80258e+07
1.80269e+07
1.8028e+07
1.80291e+07
1.80302e+07
1.80314e+07
1.80325e+07
1.80337e+07
1.8035e+07
1.80362e+07
1.80375e+07
1.80388e+07
1.80401e+07
1.80414e+07
1.80428e+07
1.80442e+07
1.80456e+07
1.8047e+07
1.80485e+07
1.805e+07
1.80515e+07
1.8053e+07
1.80546e+07
1.80561e+07
1.80578e+07
1.80594e+07
1.8061e+07
1.80627e+07
1.80644e+07
1.80661e+07
1.80679e+07
1.80696e+07
1.80714e+07
1.80732e+07
1.80751e+07
1.80769e+07
1.80788e+07
1.80807e+07
1.80827e+07
1.80846e+07
1.80866e+07
1.80886e+07
1.80907e+07
1.80927e+07
1.80948e+07
1.80969e+07
1.8099e+07
1.81012e+07
1.81033e+07
1.81055e+07
1.81077e+07
1.811e+07
1.81122e+07
1.81145e+07
1.81168e+07
1.81192e+07
1.81215e+07
1.81239e+07
1.81263e+07
1.81288e+07
1.81312e+07
1.81337e+07
1.81362e+07
1.81387e+07
1.81412e+07
1.81438e+07
1.81464e+07
1.8149e+07
1.81516e+07
1.81543e+07
1.8157e+07
1.81597e+07
1.81624e+07
1.81651e+07
1.81679e+07
1.81707e+07
1.81735e+07
1.81763e+07
1.81792e+07
1.81821e+07
1.8185e+07
1.81879e+07
1.81908e+07
1.81938e+07
1.81968e+07
1.81998e+07
1.82028e+07
1.82058e+07
1.82089e+07
1.8212e+07
1.82151e+07
1.82182e+07
1.82214e+07
1.82246e+07
1.82278e+07
1.8231e+07
1.82342e+07
1.82375e+07
1.82407e+07
1.8244e+07
1.82474e+07
1.82507e+07
1.8254e+07
1.82574e+07
1.82608e+07
1.82642e+07
1.82677e+07
1.82711e+07
1.82746e+07
1.82781e+07
1.82816e+07
1.82851e+07
1.82886e+07
1.82922e+07
1.82958e+07
1.82994e+07
1.8303e+07
1.83066e+07
1.83103e+07
1.8314e+07
1.83176e+07
1.83214e+07
1.83251e+07
1.83288e+07
1.83326e+07
1.83363e+07
1.83401e+07
1.83439e+07
1.83478e+07
1.83516e+07
1.83555e+07
1.83593e+07
1.83632e+07
1.83671e+07
1.8371e+07
1.8375e+07
1.83789e+07
1.83829e+07
1.83869e+07
1.83908e+07
1.83949e+07
1.83989e+07
1.84029e+07
1.8407e+07
1.8411e+07
1.84151e+07
1.84192e+07
1.84233e+07
1.84274e+07
1.84315e+07
1.84357e+07
1.84398e+07
1.8444e+07
1.84482e+07
1.84524e+07
1.84566e+07
1.84608e+07
1.8465e+07
1.84693e+07
1.84735e+07
1.84778e+07
1.84821e+07
1.84864e+07
1.84907e+07
1.8495e+07
1.84993e+07
1.85036e+07
1.85079e+07
1.85123e+07
1.85167e+07
1.8521e+07
1.85254e+07
1.85298e+07
1.85342e+07
1.79334e+07
1.794e+07
1.79433e+07
1.79435e+07
1.79431e+07
1.7943e+07
1.79431e+07
1.79432e+07
1.79435e+07
1.79438e+07
1.79442e+07
1.79447e+07
1.79453e+07
1.79459e+07
1.79466e+07
1.79472e+07
1.79477e+07
1.79483e+07
1.79488e+07
1.79493e+07
1.79498e+07
1.79502e+07
1.79508e+07
1.79513e+07
1.79518e+07
1.79523e+07
1.79528e+07
1.79533e+07
1.79538e+07
1.79542e+07
1.79547e+07
1.79551e+07
1.79555e+07
1.79559e+07
1.79562e+07
1.79566e+07
1.79569e+07
1.79572e+07
1.79574e+07
1.79577e+07
1.7958e+07
1.79582e+07
1.79585e+07
1.79587e+07
1.79589e+07
1.79592e+07
1.79594e+07
1.79596e+07
1.79599e+07
1.79601e+07
1.79604e+07
1.79607e+07
1.79609e+07
1.79612e+07
1.79615e+07
1.79618e+07
1.79621e+07
1.79624e+07
1.79627e+07
1.7963e+07
1.79633e+07
1.79636e+07
1.79639e+07
1.79642e+07
1.79645e+07
1.79648e+07
1.7965e+07
1.79653e+07
1.79655e+07
1.79657e+07
1.79658e+07
1.7966e+07
1.79661e+07
1.79662e+07
1.79662e+07
1.79663e+07
1.79663e+07
1.79663e+07
1.79663e+07
1.79663e+07
1.79663e+07
1.79663e+07
1.79663e+07
1.79663e+07
1.79663e+07
1.79664e+07
1.79665e+07
1.79666e+07
1.79667e+07
1.79669e+07
1.79671e+07
1.79673e+07
1.79676e+07
1.79679e+07
1.79683e+07
1.79686e+07
1.7969e+07
1.79694e+07
1.79698e+07
1.79703e+07
1.79708e+07
1.79712e+07
1.79717e+07
1.79722e+07
1.79726e+07
1.79731e+07
1.79736e+07
1.7974e+07
1.79744e+07
1.79748e+07
1.79752e+07
1.79756e+07
1.79759e+07
1.79762e+07
1.79765e+07
1.79768e+07
1.7977e+07
1.79772e+07
1.79774e+07
1.79776e+07
1.79777e+07
1.79778e+07
1.79779e+07
1.7978e+07
1.7978e+07
1.79781e+07
1.79781e+07
1.79781e+07
1.79781e+07
1.79781e+07
1.79781e+07
1.79781e+07
1.79781e+07
1.79781e+07
1.79781e+07
1.7978e+07
1.7978e+07
1.7978e+07
1.7978e+07
1.7978e+07
1.7978e+07
1.7978e+07
1.7978e+07
1.7978e+07
1.7978e+07
1.7978e+07
1.79781e+07
1.79781e+07
1.79781e+07
1.79782e+07
1.79782e+07
1.79783e+07
1.79783e+07
1.79784e+07
1.79785e+07
1.79785e+07
1.79786e+07
1.79786e+07
1.79787e+07
1.79787e+07
1.79787e+07
1.79788e+07
1.79788e+07
1.79788e+07
1.79789e+07
1.79789e+07
1.79789e+07
1.79789e+07
1.79789e+07
1.79789e+07
1.79789e+07
1.79788e+07
1.79788e+07
1.79788e+07
1.79788e+07
1.79787e+07
1.79787e+07
1.79787e+07
1.79786e+07
1.79786e+07
1.79786e+07
1.79785e+07
1.79785e+07
1.79785e+07
1.79785e+07
1.79785e+07
1.79785e+07
1.79785e+07
1.79786e+07
1.79786e+07
1.79786e+07
1.79787e+07
1.79788e+07
1.79788e+07
1.79789e+07
1.7979e+07
1.79792e+07
1.79793e+07
1.79794e+07
1.79796e+07
1.79798e+07
1.79799e+07
1.79801e+07
1.79803e+07
1.79806e+07
1.79808e+07
1.7981e+07
1.79813e+07
1.79816e+07
1.79818e+07
1.79821e+07
1.79824e+07
1.79827e+07
1.7983e+07
1.79833e+07
1.79836e+07
1.79839e+07
1.79843e+07
1.79846e+07
1.79848e+07
1.79851e+07
1.79854e+07
1.79857e+07
1.79859e+07
1.79861e+07
1.79863e+07
1.79865e+07
1.79867e+07
1.79868e+07
1.79869e+07
1.7987e+07
1.79871e+07
1.79871e+07
1.79872e+07
1.79872e+07
1.79872e+07
1.79872e+07
1.79872e+07
1.79872e+07
1.79871e+07
1.79871e+07
1.79871e+07
1.79872e+07
1.79872e+07
1.79873e+07
1.79874e+07
1.79875e+07
1.79877e+07
1.79879e+07
1.79881e+07
1.79884e+07
1.79886e+07
1.7989e+07
1.79893e+07
1.79897e+07
1.79901e+07
1.79905e+07
1.7991e+07
1.79915e+07
1.79919e+07
1.79924e+07
1.79929e+07
1.79933e+07
1.79938e+07
1.79943e+07
1.79947e+07
1.79952e+07
1.79956e+07
1.7996e+07
1.79963e+07
1.79967e+07
1.7997e+07
1.79973e+07
1.79976e+07
1.79979e+07
1.79981e+07
1.79984e+07
1.79986e+07
1.79987e+07
1.79989e+07
1.79991e+07
1.79992e+07
1.79993e+07
1.79994e+07
1.79995e+07
1.79996e+07
1.79996e+07
1.79997e+07
1.79997e+07
1.79998e+07
1.79998e+07
1.79998e+07
1.79999e+07
1.79999e+07
1.79999e+07
1.79999e+07
1.79999e+07
1.8e+07
1.8e+07
1.8e+07
1.8e+07
1.8e+07
1.8e+07
1.8e+07
1.8e+07
1.8e+07
1.8e+07
1.8e+07
1.8e+07
1.8e+07
1.8e+07
1.8e+07
1.8e+07
1.8e+07
1.8e+07
1.8e+07
1.8e+07
1.8e+07
1.8e+07
1.8e+07
1.8e+07
1.8e+07
1.8e+07
1.8e+07
1.8e+07
1.8e+07
1.8e+07
1.8e+07
1.8e+07
1.8e+07
1.8e+07
1.8e+07
1.8e+07
1.8e+07
1.8e+07
1.8e+07
1.8e+07
1.8e+07
1.8e+07
1.8e+07
1.8e+07
1.8e+07
1.8e+07
1.8e+07
1.8e+07
1.8e+07
1.8e+07
1.8e+07
1.8e+07
1.8e+07
1.8e+07
1.8e+07
1.8e+07
1.8e+07
1.8e+07
1.8e+07
1.8e+07
1.8e+07
1.8e+07
1.8e+07
1.8e+07
1.8e+07
1.80001e+07
1.80001e+07
1.80001e+07
1.80001e+07
1.80001e+07
1.80001e+07
1.80002e+07
1.80002e+07
1.80002e+07
1.80003e+07
1.80003e+07
1.80004e+07
1.80004e+07
1.80005e+07
1.80005e+07
1.80006e+07
1.80007e+07
1.80008e+07
1.80009e+07
1.8001e+07
1.80012e+07
1.80013e+07
1.80015e+07
1.80017e+07
1.80018e+07
1.8002e+07
1.80023e+07
1.80025e+07
1.80028e+07
1.8003e+07
1.80033e+07
1.80036e+07
1.80039e+07
1.80043e+07
1.80047e+07
1.8005e+07
1.80055e+07
1.80059e+07
1.80063e+07
1.80068e+07
1.80073e+07
1.80078e+07
1.80083e+07
1.80089e+07
1.80095e+07
1.80101e+07
1.80107e+07
1.80114e+07
1.8012e+07
1.80127e+07
1.80134e+07
1.80142e+07
1.80149e+07
1.80157e+07
1.80165e+07
1.80173e+07
1.80182e+07
1.80191e+07
1.802e+07
1.80209e+07
1.80218e+07
1.80228e+07
1.80238e+07
1.80248e+07
1.80258e+07
1.80269e+07
1.8028e+07
1.80291e+07
1.80302e+07
1.80314e+07
1.80325e+07
1.80337e+07
1.8035e+07
1.80362e+07
1.80375e+07
1.80388e+07
1.80401e+07
1.80414e+07
1.80428e+07
1.80442e+07
1.80456e+07
1.8047e+07
1.80485e+07
1.805e+07
1.80515e+07
1.8053e+07
1.80546e+07
1.80561e+07
1.80578e+07
1.80594e+07
1.8061e+07
1.80627e+07
1.80644e+07
1.80661e+07
1.80679e+07
1.80696e+07
1.80714e+07
1.80732e+07
1.80751e+07
1.80769e+07
1.80788e+07
1.80807e+07
1.80827e+07
1.80846e+07
1.80866e+07
1.80886e+07
1.80907e+07
1.80927e+07
1.80948e+07
1.80969e+07
1.8099e+07
1.81012e+07
1.81033e+07
1.81055e+07
1.81077e+07
1.811e+07
1.81122e+07
1.81145e+07
1.81168e+07
1.81192e+07
1.81215e+07
1.81239e+07
1.81263e+07
1.81288e+07
1.81312e+07
1.81337e+07
1.81362e+07
1.81387e+07
1.81412e+07
1.81438e+07
1.81464e+07
1.8149e+07
1.81516e+07
1.81543e+07
1.8157e+07
1.81597e+07
1.81624e+07
1.81651e+07
1.81679e+07
1.81707e+07
1.81735e+07
1.81763e+07
1.81792e+07
1.81821e+07
1.8185e+07
1.81879e+07
1.81908e+07
1.81938e+07
1.81968e+07
1.81998e+07
1.82028e+07
1.82058e+07
1.82089e+07
1.8212e+07
1.82151e+07
1.82182e+07
1.82214e+07
1.82246e+07
1.82278e+07
1.8231e+07
1.82342e+07
1.82375e+07
1.82407e+07
1.8244e+07
1.82474e+07
1.82507e+07
1.8254e+07
1.82574e+07
1.82608e+07
1.82642e+07
1.82677e+07
1.82711e+07
1.82746e+07
1.82781e+07
1.82816e+07
1.82851e+07
1.82886e+07
1.82922e+07
1.82958e+07
1.82994e+07
1.8303e+07
1.83066e+07
1.83103e+07
1.8314e+07
1.83176e+07
1.83214e+07
1.83251e+07
1.83288e+07
1.83326e+07
1.83363e+07
1.83401e+07
1.83439e+07
1.83478e+07
1.83516e+07
1.83555e+07
1.83593e+07
1.83632e+07
1.83671e+07
1.8371e+07
1.8375e+07
1.83789e+07
1.83829e+07
1.83869e+07
1.83908e+07
1.83949e+07
1.83989e+07
1.84029e+07
1.8407e+07
1.8411e+07
1.84151e+07
1.84192e+07
1.84233e+07
1.84274e+07
1.84315e+07
1.84357e+07
1.84398e+07
1.8444e+07
1.84482e+07
1.84524e+07
1.84566e+07
1.84608e+07
1.8465e+07
1.84693e+07
1.84735e+07
1.84778e+07
1.84821e+07
1.84864e+07
1.84907e+07
1.8495e+07
1.84993e+07
1.85036e+07
1.85079e+07
1.85123e+07
1.85167e+07
1.8521e+07
1.85254e+07
1.85298e+07
1.85342e+07
1.79429e+07
1.79434e+07
1.7944e+07
1.79437e+07
1.79432e+07
1.7943e+07
1.79431e+07
1.79433e+07
1.79436e+07
1.79439e+07
1.79443e+07
1.79449e+07
1.79455e+07
1.79461e+07
1.79467e+07
1.79473e+07
1.79478e+07
1.79483e+07
1.79488e+07
1.79493e+07
1.79498e+07
1.79503e+07
1.79508e+07
1.79513e+07
1.79518e+07
1.79523e+07
1.79528e+07
1.79533e+07
1.79538e+07
1.79542e+07
1.79547e+07
1.79551e+07
1.79555e+07
1.79559e+07
1.79562e+07
1.79566e+07
1.79569e+07
1.79572e+07
1.79574e+07
1.79577e+07
1.7958e+07
1.79582e+07
1.79585e+07
1.79587e+07
1.79589e+07
1.79592e+07
1.79594e+07
1.79596e+07
1.79599e+07
1.79601e+07
1.79604e+07
1.79607e+07
1.79609e+07
1.79612e+07
1.79615e+07
1.79618e+07
1.79621e+07
1.79624e+07
1.79627e+07
1.7963e+07
1.79633e+07
1.79636e+07
1.79639e+07
1.79642e+07
1.79645e+07
1.79648e+07
1.7965e+07
1.79653e+07
1.79655e+07
1.79657e+07
1.79658e+07
1.7966e+07
1.79661e+07
1.79662e+07
1.79662e+07
1.79663e+07
1.79663e+07
1.79663e+07
1.79663e+07
1.79663e+07
1.79663e+07
1.79663e+07
1.79663e+07
1.79663e+07
1.79663e+07
1.79664e+07
1.79665e+07
1.79666e+07
1.79667e+07
1.79669e+07
1.79671e+07
1.79673e+07
1.79676e+07
1.79679e+07
1.79683e+07
1.79686e+07
1.7969e+07
1.79694e+07
1.79698e+07
1.79703e+07
1.79708e+07
1.79712e+07
1.79717e+07
1.79722e+07
1.79726e+07
1.79731e+07
1.79736e+07
1.7974e+07
1.79744e+07
1.79748e+07
1.79752e+07
1.79756e+07
1.79759e+07
1.79762e+07
1.79765e+07
1.79768e+07
1.7977e+07
1.79772e+07
1.79774e+07
1.79776e+07
1.79777e+07
1.79778e+07
1.79779e+07
1.7978e+07
1.7978e+07
1.79781e+07
1.79781e+07
1.79781e+07
1.79781e+07
1.79781e+07
1.79781e+07
1.79781e+07
1.79781e+07
1.79781e+07
1.79781e+07
1.7978e+07
1.7978e+07
1.7978e+07
1.7978e+07
1.7978e+07
1.7978e+07
1.7978e+07
1.7978e+07
1.7978e+07
1.7978e+07
1.7978e+07
1.79781e+07
1.79781e+07
1.79781e+07
1.79782e+07
1.79782e+07
1.79783e+07
1.79783e+07
1.79784e+07
1.79785e+07
1.79785e+07
1.79786e+07
1.79786e+07
1.79787e+07
1.79787e+07
1.79787e+07
1.79788e+07
1.79788e+07
1.79788e+07
1.79789e+07
1.79789e+07
1.79789e+07
1.79789e+07
1.79789e+07
1.79789e+07
1.79789e+07
1.79788e+07
1.79788e+07
1.79788e+07
1.79788e+07
1.79787e+07
1.79787e+07
1.79787e+07
1.79786e+07
1.79786e+07
1.79786e+07
1.79785e+07
1.79785e+07
1.79785e+07
1.79785e+07
1.79785e+07
1.79785e+07
1.79785e+07
1.79786e+07
1.79786e+07
1.79786e+07
1.79787e+07
1.79788e+07
1.79788e+07
1.79789e+07
1.7979e+07
1.79792e+07
1.79793e+07
1.79794e+07
1.79796e+07
1.79798e+07
1.79799e+07
1.79801e+07
1.79803e+07
1.79806e+07
1.79808e+07
1.7981e+07
1.79813e+07
1.79816e+07
1.79818e+07
1.79821e+07
1.79824e+07
1.79827e+07
1.7983e+07
1.79833e+07
1.79836e+07
1.79839e+07
1.79843e+07
1.79846e+07
1.79848e+07
1.79851e+07
1.79854e+07
1.79857e+07
1.79859e+07
1.79861e+07
1.79863e+07
1.79865e+07
1.79867e+07
1.79868e+07
1.79869e+07
1.7987e+07
1.79871e+07
1.79871e+07
1.79872e+07
1.79872e+07
1.79872e+07
1.79872e+07
1.79872e+07
1.79872e+07
1.79871e+07
1.79871e+07
1.79871e+07
1.79872e+07
1.79872e+07
1.79873e+07
1.79874e+07
1.79875e+07
1.79877e+07
1.79879e+07
1.79881e+07
1.79884e+07
1.79886e+07
1.7989e+07
1.79893e+07
1.79897e+07
1.79901e+07
1.79905e+07
1.7991e+07
1.79915e+07
1.79919e+07
1.79924e+07
1.79929e+07
1.79933e+07
1.79938e+07
1.79943e+07
1.79947e+07
1.79952e+07
1.79956e+07
1.7996e+07
1.79963e+07
1.79967e+07
1.7997e+07
1.79973e+07
1.79976e+07
1.79979e+07
1.79981e+07
1.79984e+07
1.79986e+07
1.79987e+07
1.79989e+07
1.79991e+07
1.79992e+07
1.79993e+07
1.79994e+07
1.79995e+07
1.79996e+07
1.79996e+07
1.79997e+07
1.79997e+07
1.79998e+07
1.79998e+07
1.79998e+07
1.79999e+07
1.79999e+07
1.79999e+07
1.79999e+07
1.79999e+07
1.8e+07
1.8e+07
1.8e+07
1.8e+07
1.8e+07
1.8e+07
1.8e+07
1.8e+07
1.8e+07
1.8e+07
1.8e+07
1.8e+07
1.8e+07
1.8e+07
1.8e+07
1.8e+07
1.8e+07
1.8e+07
1.8e+07
1.8e+07
1.8e+07
1.8e+07
1.8e+07
1.8e+07
1.8e+07
1.8e+07
1.8e+07
1.8e+07
1.8e+07
1.8e+07
1.8e+07
1.8e+07
1.8e+07
1.8e+07
1.8e+07
1.8e+07
1.8e+07
1.8e+07
1.8e+07
1.8e+07
1.8e+07
1.8e+07
1.8e+07
1.8e+07
1.8e+07
1.8e+07
1.8e+07
1.8e+07
1.8e+07
1.8e+07
1.8e+07
1.8e+07
1.8e+07
1.8e+07
1.8e+07
1.8e+07
1.8e+07
1.8e+07
1.8e+07
1.8e+07
1.8e+07
1.8e+07
1.8e+07
1.8e+07
1.8e+07
1.80001e+07
1.80001e+07
1.80001e+07
1.80001e+07
1.80001e+07
1.80001e+07
1.80002e+07
1.80002e+07
1.80002e+07
1.80003e+07
1.80003e+07
1.80004e+07
1.80004e+07
1.80005e+07
1.80005e+07
1.80006e+07
1.80007e+07
1.80008e+07
1.80009e+07
1.8001e+07
1.80012e+07
1.80013e+07
1.80015e+07
1.80017e+07
1.80018e+07
1.8002e+07
1.80023e+07
1.80025e+07
1.80028e+07
1.8003e+07
1.80033e+07
1.80036e+07
1.80039e+07
1.80043e+07
1.80047e+07
1.8005e+07
1.80055e+07
1.80059e+07
1.80063e+07
1.80068e+07
1.80073e+07
1.80078e+07
1.80083e+07
1.80089e+07
1.80095e+07
1.80101e+07
1.80107e+07
1.80114e+07
1.8012e+07
1.80127e+07
1.80134e+07
1.80142e+07
1.80149e+07
1.80157e+07
1.80165e+07
1.80173e+07
1.80182e+07
1.80191e+07
1.802e+07
1.80209e+07
1.80218e+07
1.80228e+07
1.80238e+07
1.80248e+07
1.80258e+07
1.80269e+07
1.8028e+07
1.80291e+07
1.80302e+07
1.80314e+07
1.80325e+07
1.80337e+07
1.8035e+07
1.80362e+07
1.80375e+07
1.80388e+07
1.80401e+07
1.80414e+07
1.80428e+07
1.80442e+07
1.80456e+07
1.8047e+07
1.80485e+07
1.805e+07
1.80515e+07
1.8053e+07
1.80546e+07
1.80561e+07
1.80578e+07
1.80594e+07
1.8061e+07
1.80627e+07
1.80644e+07
1.80661e+07
1.80679e+07
1.80696e+07
1.80714e+07
1.80732e+07
1.80751e+07
1.80769e+07
1.80788e+07
1.80807e+07
1.80827e+07
1.80846e+07
1.80866e+07
1.80886e+07
1.80907e+07
1.80927e+07
1.80948e+07
1.80969e+07
1.8099e+07
1.81012e+07
1.81033e+07
1.81055e+07
1.81077e+07
1.811e+07
1.81122e+07
1.81145e+07
1.81168e+07
1.81192e+07
1.81215e+07
1.81239e+07
1.81263e+07
1.81288e+07
1.81312e+07
1.81337e+07
1.81362e+07
1.81387e+07
1.81412e+07
1.81438e+07
1.81464e+07
1.8149e+07
1.81516e+07
1.81543e+07
1.8157e+07
1.81597e+07
1.81624e+07
1.81651e+07
1.81679e+07
1.81707e+07
1.81735e+07
1.81763e+07
1.81792e+07
1.81821e+07
1.8185e+07
1.81879e+07
1.81908e+07
1.81938e+07
1.81968e+07
1.81998e+07
1.82028e+07
1.82058e+07
1.82089e+07
1.8212e+07
1.82151e+07
1.82182e+07
1.82214e+07
1.82246e+07
1.82278e+07
1.8231e+07
1.82342e+07
1.82375e+07
1.82407e+07
1.8244e+07
1.82474e+07
1.82507e+07
1.8254e+07
1.82574e+07
1.82608e+07
1.82642e+07
1.82677e+07
1.82711e+07
1.82746e+07
1.82781e+07
1.82816e+07
1.82851e+07
1.82886e+07
1.82922e+07
1.82958e+07
1.82994e+07
1.8303e+07
1.83066e+07
1.83103e+07
1.8314e+07
1.83176e+07
1.83214e+07
1.83251e+07
1.83288e+07
1.83326e+07
1.83363e+07
1.83401e+07
1.83439e+07
1.83478e+07
1.83516e+07
1.83555e+07
1.83593e+07
1.83632e+07
1.83671e+07
1.8371e+07
1.8375e+07
1.83789e+07
1.83829e+07
1.83869e+07
1.83908e+07
1.83949e+07
1.83989e+07
1.84029e+07
1.8407e+07
1.8411e+07
1.84151e+07
1.84192e+07
1.84233e+07
1.84274e+07
1.84315e+07
1.84357e+07
1.84398e+07
1.8444e+07
1.84482e+07
1.84524e+07
1.84566e+07
1.84608e+07
1.8465e+07
1.84693e+07
1.84735e+07
1.84778e+07
1.84821e+07
1.84864e+07
1.84907e+07
1.8495e+07
1.84993e+07
1.85036e+07
1.85079e+07
1.85123e+07
1.85167e+07
1.8521e+07
1.85254e+07
1.85298e+07
1.85342e+07
1.79409e+07
1.79432e+07
1.79439e+07
1.79437e+07
1.79432e+07
1.7943e+07
1.79431e+07
1.79433e+07
1.79436e+07
1.79439e+07
1.79443e+07
1.79449e+07
1.79455e+07
1.79461e+07
1.79467e+07
1.79473e+07
1.79478e+07
1.79483e+07
1.79488e+07
1.79493e+07
1.79498e+07
1.79503e+07
1.79508e+07
1.79513e+07
1.79518e+07
1.79523e+07
1.79528e+07
1.79533e+07
1.79538e+07
1.79542e+07
1.79547e+07
1.79551e+07
1.79555e+07
1.79559e+07
1.79562e+07
1.79566e+07
1.79569e+07
1.79572e+07
1.79574e+07
1.79577e+07
1.7958e+07
1.79582e+07
1.79585e+07
1.79587e+07
1.79589e+07
1.79592e+07
1.79594e+07
1.79596e+07
1.79599e+07
1.79601e+07
1.79604e+07
1.79607e+07
1.79609e+07
1.79612e+07
1.79615e+07
1.79618e+07
1.79621e+07
1.79624e+07
1.79627e+07
1.7963e+07
1.79633e+07
1.79636e+07
1.79639e+07
1.79642e+07
1.79645e+07
1.79648e+07
1.7965e+07
1.79653e+07
1.79655e+07
1.79657e+07
1.79658e+07
1.7966e+07
1.79661e+07
1.79662e+07
1.79662e+07
1.79663e+07
1.79663e+07
1.79663e+07
1.79663e+07
1.79663e+07
1.79663e+07
1.79663e+07
1.79663e+07
1.79663e+07
1.79663e+07
1.79664e+07
1.79665e+07
1.79666e+07
1.79667e+07
1.79669e+07
1.79671e+07
1.79673e+07
1.79676e+07
1.79679e+07
1.79683e+07
1.79686e+07
1.7969e+07
1.79694e+07
1.79698e+07
1.79703e+07
1.79708e+07
1.79712e+07
1.79717e+07
1.79722e+07
1.79726e+07
1.79731e+07
1.79736e+07
1.7974e+07
1.79744e+07
1.79748e+07
1.79752e+07
1.79756e+07
1.79759e+07
1.79762e+07
1.79765e+07
1.79768e+07
1.7977e+07
1.79772e+07
1.79774e+07
1.79776e+07
1.79777e+07
1.79778e+07
1.79779e+07
1.7978e+07
1.7978e+07
1.79781e+07
1.79781e+07
1.79781e+07
1.79781e+07
1.79781e+07
1.79781e+07
1.79781e+07
1.79781e+07
1.79781e+07
1.79781e+07
1.7978e+07
1.7978e+07
1.7978e+07
1.7978e+07
1.7978e+07
1.7978e+07
1.7978e+07
1.7978e+07
1.7978e+07
1.7978e+07
1.7978e+07
1.79781e+07
1.79781e+07
1.79781e+07
1.79782e+07
1.79782e+07
1.79783e+07
1.79783e+07
1.79784e+07
1.79785e+07
1.79785e+07
1.79786e+07
1.79786e+07
1.79787e+07
1.79787e+07
1.79787e+07
1.79788e+07
1.79788e+07
1.79788e+07
1.79789e+07
1.79789e+07
1.79789e+07
1.79789e+07
1.79789e+07
1.79789e+07
1.79789e+07
1.79788e+07
1.79788e+07
1.79788e+07
1.79788e+07
1.79787e+07
1.79787e+07
1.79787e+07
1.79786e+07
1.79786e+07
1.79786e+07
1.79785e+07
1.79785e+07
1.79785e+07
1.79785e+07
1.79785e+07
1.79785e+07
1.79785e+07
1.79786e+07
1.79786e+07
1.79786e+07
1.79787e+07
1.79788e+07
1.79788e+07
1.79789e+07
1.7979e+07
1.79792e+07
1.79793e+07
1.79794e+07
1.79796e+07
1.79798e+07
1.79799e+07
1.79801e+07
1.79803e+07
1.79806e+07
1.79808e+07
1.7981e+07
1.79813e+07
1.79816e+07
1.79818e+07
1.79821e+07
1.79824e+07
1.79827e+07
1.7983e+07
1.79833e+07
1.79836e+07
1.79839e+07
1.79843e+07
1.79846e+07
1.79848e+07
1.79851e+07
1.79854e+07
1.79857e+07
1.79859e+07
1.79861e+07
1.79863e+07
1.79865e+07
1.79867e+07
1.79868e+07
1.79869e+07
1.7987e+07
1.79871e+07
1.79871e+07
1.79872e+07
1.79872e+07
1.79872e+07
1.79872e+07
1.79872e+07
1.79872e+07
1.79871e+07
1.79871e+07
1.79871e+07
1.79872e+07
1.79872e+07
1.79873e+07
1.79874e+07
1.79875e+07
1.79877e+07
1.79879e+07
1.79881e+07
1.79884e+07
1.79886e+07
1.7989e+07
1.79893e+07
1.79897e+07
1.79901e+07
1.79905e+07
1.7991e+07
1.79915e+07
1.79919e+07
1.79924e+07
1.79929e+07
1.79933e+07
1.79938e+07
1.79943e+07
1.79947e+07
1.79952e+07
1.79956e+07
1.7996e+07
1.79963e+07
1.79967e+07
1.7997e+07
1.79973e+07
1.79976e+07
1.79979e+07
1.79981e+07
1.79984e+07
1.79986e+07
1.79987e+07
1.79989e+07
1.79991e+07
1.79992e+07
1.79993e+07
1.79994e+07
1.79995e+07
1.79996e+07
1.79996e+07
1.79997e+07
1.79997e+07
1.79998e+07
1.79998e+07
1.79998e+07
1.79999e+07
1.79999e+07
1.79999e+07
1.79999e+07
1.79999e+07
1.8e+07
1.8e+07
1.8e+07
1.8e+07
1.8e+07
1.8e+07
1.8e+07
1.8e+07
1.8e+07
1.8e+07
1.8e+07
1.8e+07
1.8e+07
1.8e+07
1.8e+07
1.8e+07
1.8e+07
1.8e+07
1.8e+07
1.8e+07
1.8e+07
1.8e+07
1.8e+07
1.8e+07
1.8e+07
1.8e+07
1.8e+07
1.8e+07
1.8e+07
1.8e+07
1.8e+07
1.8e+07
1.8e+07
1.8e+07
1.8e+07
1.8e+07
1.8e+07
1.8e+07
1.8e+07
1.8e+07
1.8e+07
1.8e+07
1.8e+07
1.8e+07
1.8e+07
1.8e+07
1.8e+07
1.8e+07
1.8e+07
1.8e+07
1.8e+07
1.8e+07
1.8e+07
1.8e+07
1.8e+07
1.8e+07
1.8e+07
1.8e+07
1.8e+07
1.8e+07
1.8e+07
1.8e+07
1.8e+07
1.8e+07
1.8e+07
1.80001e+07
1.80001e+07
1.80001e+07
1.80001e+07
1.80001e+07
1.80001e+07
1.80002e+07
1.80002e+07
1.80002e+07
1.80003e+07
1.80003e+07
1.80004e+07
1.80004e+07
1.80005e+07
1.80005e+07
1.80006e+07
1.80007e+07
1.80008e+07
1.80009e+07
1.8001e+07
1.80012e+07
1.80013e+07
1.80015e+07
1.80017e+07
1.80018e+07
1.8002e+07
1.80023e+07
1.80025e+07
1.80028e+07
1.8003e+07
1.80033e+07
1.80036e+07
1.80039e+07
1.80043e+07
1.80047e+07
1.8005e+07
1.80055e+07
1.80059e+07
1.80063e+07
1.80068e+07
1.80073e+07
1.80078e+07
1.80083e+07
1.80089e+07
1.80095e+07
1.80101e+07
1.80107e+07
1.80114e+07
1.8012e+07
1.80127e+07
1.80134e+07
1.80142e+07
1.80149e+07
1.80157e+07
1.80165e+07
1.80173e+07
1.80182e+07
1.80191e+07
1.802e+07
1.80209e+07
1.80218e+07
1.80228e+07
1.80238e+07
1.80248e+07
1.80258e+07
1.80269e+07
1.8028e+07
1.80291e+07
1.80302e+07
1.80314e+07
1.80325e+07
1.80337e+07
1.8035e+07
1.80362e+07
1.80375e+07
1.80388e+07
1.80401e+07
1.80414e+07
1.80428e+07
1.80442e+07
1.80456e+07
1.8047e+07
1.80485e+07
1.805e+07
1.80515e+07
1.8053e+07
1.80546e+07
1.80561e+07
1.80578e+07
1.80594e+07
1.8061e+07
1.80627e+07
1.80644e+07
1.80661e+07
1.80679e+07
1.80696e+07
1.80714e+07
1.80732e+07
1.80751e+07
1.80769e+07
1.80788e+07
1.80807e+07
1.80827e+07
1.80846e+07
1.80866e+07
1.80886e+07
1.80907e+07
1.80927e+07
1.80948e+07
1.80969e+07
1.8099e+07
1.81012e+07
1.81033e+07
1.81055e+07
1.81077e+07
1.811e+07
1.81122e+07
1.81145e+07
1.81168e+07
1.81192e+07
1.81215e+07
1.81239e+07
1.81263e+07
1.81288e+07
1.81312e+07
1.81337e+07
1.81362e+07
1.81387e+07
1.81412e+07
1.81438e+07
1.81464e+07
1.8149e+07
1.81516e+07
1.81543e+07
1.8157e+07
1.81597e+07
1.81624e+07
1.81651e+07
1.81679e+07
1.81707e+07
1.81735e+07
1.81763e+07
1.81792e+07
1.81821e+07
1.8185e+07
1.81879e+07
1.81908e+07
1.81938e+07
1.81968e+07
1.81998e+07
1.82028e+07
1.82058e+07
1.82089e+07
1.8212e+07
1.82151e+07
1.82182e+07
1.82214e+07
1.82246e+07
1.82278e+07
1.8231e+07
1.82342e+07
1.82375e+07
1.82407e+07
1.8244e+07
1.82474e+07
1.82507e+07
1.8254e+07
1.82574e+07
1.82608e+07
1.82642e+07
1.82677e+07
1.82711e+07
1.82746e+07
1.82781e+07
1.82816e+07
1.82851e+07
1.82886e+07
1.82922e+07
1.82958e+07
1.82994e+07
1.8303e+07
1.83066e+07
1.83103e+07
1.8314e+07
1.83176e+07
1.83214e+07
1.83251e+07
1.83288e+07
1.83326e+07
1.83363e+07
1.83401e+07
1.83439e+07
1.83478e+07
1.83516e+07
1.83555e+07
1.83593e+07
1.83632e+07
1.83671e+07
1.8371e+07
1.8375e+07
1.83789e+07
1.83829e+07
1.83869e+07
1.83908e+07
1.83949e+07
1.83989e+07
1.84029e+07
1.8407e+07
1.8411e+07
1.84151e+07
1.84192e+07
1.84233e+07
1.84274e+07
1.84315e+07
1.84357e+07
1.84398e+07
1.8444e+07
1.84482e+07
1.84524e+07
1.84566e+07
1.84608e+07
1.8465e+07
1.84693e+07
1.84735e+07
1.84778e+07
1.84821e+07
1.84864e+07
1.84907e+07
1.8495e+07
1.84993e+07
1.85036e+07
1.85079e+07
1.85123e+07
1.85167e+07
1.8521e+07
1.85254e+07
1.85298e+07
1.85342e+07
)
;

boundaryField
{
    inlet
    {
        type            zeroGradient;
    }
    outlet
    {
        type            uniformTotalPressure;
        rho             none;
        psi             none;
        gamma           1.4364;
        pressure        tableFile;
        pressureCoeffs
        {
            fileName        "$FOAM_RUN/SH5_43mps_MFR_newBC/outlet0.2_42.7mps_fromCapture.dat";
        }
        value           uniform 1.85365e+07;
    }
    sides
    {
        type            empty;
    }
    walls
    {
        type            zeroGradient;
    }
}


// ************************************************************************* //
