/*--------------------------------*- C++ -*----------------------------------*\
| =========                 |                                                 |
| \\      /  F ield         | OpenFOAM: The Open Source CFD Toolbox           |
|  \\    /   O peration     | Version:  3.0.x                                 |
|   \\  /    A nd           | Web:      www.OpenFOAM.org                      |
|    \\/     M anipulation  |                                                 |
\*---------------------------------------------------------------------------*/
FoamFile
{
    version     2.0;
    format      ascii;
    class       volScalarField;
    location    "0.3";
    object      rho;
}
// * * * * * * * * * * * * * * * * * * * * * * * * * * * * * * * * * * * * * //

dimensions      [1 -3 0 0 0 0 0];

internalField   nonuniform List<scalar> 
1000
(
50.4677
50.4677
50.4677
50.4677
50.4677
50.4677
50.4677
50.4677
50.4677
50.4677
50.4677
50.4677
50.4677
50.4677
50.4677
50.4677
50.4677
50.4677
50.4677
50.4677
50.4677
50.4677
50.4677
50.4677
50.4677
50.4677
50.4677
50.4677
50.4677
50.4677
50.4677
50.4677
50.4677
50.4677
50.4677
50.4677
50.4677
50.4677
50.4677
50.4677
50.4677
50.4677
50.4677
50.4677
50.4677
50.4677
50.4677
50.4677
50.4677
50.4677
50.4677
50.4677
50.4677
50.4677
50.4677
50.4677
50.4677
50.4677
50.4677
50.4677
50.4677
50.4677
50.4677
50.4677
50.4677
50.4677
50.4677
50.4677
50.4677
50.4677
50.4677
50.4677
50.4677
50.4677
50.4677
50.4677
50.4677
50.4677
50.4677
50.4677
50.4677
50.4677
50.4677
50.4677
50.4677
50.4677
50.4677
50.4677
50.4677
50.4677
50.4677
50.4677
50.4677
50.4677
50.4677
50.4677
50.4677
50.4677
50.4677
50.4677
50.4677
50.4677
50.4677
50.4677
50.4677
50.4677
50.4677
50.4677
50.4677
50.4677
50.4677
50.4677
50.4677
50.4677
50.4677
50.4677
50.4677
50.4677
50.4677
50.4677
50.4677
50.4677
50.4677
50.4677
50.4677
50.4677
50.4677
50.4677
50.4677
50.4677
50.4677
50.4677
50.4677
50.4677
50.4677
50.4677
50.4677
50.4677
50.4677
50.4677
50.4677
50.4677
50.4677
50.4677
50.4677
50.4677
50.4677
50.4677
50.4677
50.4677
50.4677
50.4677
50.4677
50.4677
50.4677
50.4677
50.4677
50.4677
50.4677
50.4677
50.4677
50.4677
50.4677
50.4677
50.4677
50.4677
50.4677
50.4677
50.4677
50.4677
50.4677
50.4677
50.4677
50.4677
50.4677
50.4677
50.4677
50.4677
50.4677
50.4677
50.4677
50.4677
50.4677
50.4677
50.4677
50.4677
50.4677
50.4677
50.4677
50.4677
50.4677
50.4677
50.4677
50.4677
50.4677
50.4677
50.4677
50.4677
50.4677
50.4677
50.4677
50.4677
50.4677
50.4677
50.4677
50.4677
50.4677
50.4677
50.4677
50.4677
50.4677
50.4677
50.4677
50.4677
50.4677
50.4677
50.4677
50.4677
50.4677
50.4677
50.4677
50.4677
50.4677
50.4677
50.4677
50.4677
50.4677
50.4677
50.4677
50.4677
50.4677
50.4677
50.4677
50.4677
50.4677
50.4677
50.4677
50.4677
50.4677
50.4677
50.4677
50.4677
50.4677
50.4677
50.4677
50.4677
50.4677
50.4677
50.4677
50.4677
50.4677
50.4677
50.4677
50.4677
50.4677
50.4677
50.4677
50.4677
50.4677
50.4677
50.4677
50.4677
50.4677
50.4677
50.4677
50.4677
50.4677
50.4677
50.4677
50.4677
50.4677
50.4677
50.4677
50.4677
50.4677
50.4677
50.4677
50.4677
50.4677
50.4677
50.4677
50.4677
50.4677
50.4677
50.4677
50.4677
50.4677
50.4677
50.4677
50.4677
50.4677
50.4677
50.4677
50.4677
50.4677
50.4677
50.4677
50.4677
50.4677
50.4677
50.4677
50.4677
50.4677
50.4677
50.4677
50.4677
50.4677
50.4677
50.4677
50.4677
50.4677
50.4677
50.4677
50.4677
50.4677
50.4677
50.4677
50.4677
50.4677
50.4677
50.4677
50.4677
50.4677
50.4677
50.4677
50.4677
50.4677
50.4677
50.4677
50.4677
50.4677
50.4677
50.4677
50.4677
50.4677
50.4677
50.4677
50.4677
50.4677
50.4677
50.4677
50.4677
50.4677
50.4677
50.4677
50.4677
50.4677
50.4677
50.4677
50.4677
50.4677
50.4677
50.4677
50.4677
50.4677
50.4677
50.4677
50.4677
50.4677
50.4677
50.4677
50.4677
50.4677
50.4677
50.4677
50.4677
50.4677
50.4677
50.4677
50.4677
50.4677
50.4677
50.4677
50.4677
50.4677
50.4677
50.4677
50.4677
50.4677
50.4677
50.4677
50.4677
50.4677
50.4677
50.4677
50.4677
50.4677
50.4677
50.4677
50.4677
50.4677
50.4677
50.4677
50.4677
50.4677
50.4677
50.4677
50.4677
50.4677
50.4677
50.4677
50.4677
50.4677
50.4677
50.4677
50.4677
50.4677
50.4677
50.4677
50.4677
50.4677
50.4677
50.4677
50.4677
50.4677
50.4677
50.4677
50.4677
50.4677
50.4677
50.4677
50.4677
50.4677
50.4677
50.4677
50.4677
50.4677
50.4677
50.4677
50.4677
50.4677
50.4677
50.4677
50.4677
50.4677
50.4677
50.4677
50.4677
50.4677
50.4677
50.4677
50.4677
50.4677
50.4677
50.4677
50.4677
50.4677
50.4677
50.4677
50.4677
50.4677
50.4677
50.4677
50.4677
50.4677
50.4677
50.4677
50.4677
50.4677
50.4677
50.4677
50.4677
50.4677
50.4677
50.4677
50.4677
50.4677
50.4677
50.4677
50.4677
50.4677
50.4677
50.4677
50.4677
50.4677
50.4677
50.4677
50.4677
50.4677
50.4677
50.4677
50.4677
50.4677
50.4677
50.4677
50.4677
50.4677
50.4677
50.4677
50.4677
50.4677
50.4677
50.4677
50.4677
50.4677
50.4677
50.4677
50.4677
50.4677
50.4677
50.4677
50.4677
50.4677
50.4677
50.4677
50.4677
50.4677
50.4677
50.4677
50.4677
50.4677
50.4677
50.4677
50.4677
50.4677
50.4677
50.4677
50.4677
50.4677
50.4677
50.4677
50.4677
50.4677
50.4677
50.4677
50.4677
50.4677
50.4677
50.4677
50.4677
50.4677
50.4677
50.4677
50.4677
50.4677
50.4677
50.4677
50.4677
50.4677
50.4677
50.4677
50.4677
50.4677
50.4677
50.4677
50.4677
50.4677
50.4677
50.4677
50.4677
50.4677
50.4677
50.4677
50.4677
50.4677
50.4677
50.4677
50.4677
50.4677
50.4677
50.4677
50.4677
50.4677
50.4677
50.4677
50.4677
50.4677
50.4677
50.4677
50.4677
50.4677
50.4677
50.4677
50.4677
50.4677
50.4677
50.4677
50.4677
50.4677
50.4677
50.4677
50.4677
50.4677
50.4677
50.4677
50.4677
50.4677
50.4677
50.4677
50.4677
50.4677
50.4677
50.4677
50.4677
50.4677
50.4677
50.4677
50.4677
50.4677
50.4677
50.4677
50.4677
50.4677
50.4677
50.4677
50.4677
50.4677
50.4677
50.4677
50.4677
50.4677
50.4677
50.4677
50.4677
50.4677
50.4677
50.4677
50.4677
50.4677
50.4677
50.4677
50.4677
50.4677
50.4677
50.4677
50.4677
50.4677
50.4677
50.4677
50.4677
50.4677
50.4677
50.4677
50.4677
50.4677
50.4677
50.4677
50.4677
50.4677
50.4677
50.4677
50.4677
50.4677
50.4677
50.4677
50.4677
50.4677
50.4677
50.4677
50.4677
50.4677
50.4677
50.4677
50.4677
50.4677
50.4677
50.4677
50.4677
50.4677
50.4677
50.4677
50.4677
50.4677
50.4677
50.4677
50.4677
50.4677
50.4677
50.4677
50.4677
50.4677
50.4677
50.4677
50.4677
50.4677
50.4677
50.4677
50.4677
50.4677
50.4677
50.4677
50.4677
50.4677
50.4677
50.4677
50.4677
50.4677
50.4677
50.4677
50.4677
50.4677
50.4677
50.4677
50.4677
50.4677
50.4677
50.4677
50.4677
50.4677
50.4677
50.4677
50.4677
50.4677
50.4677
50.4677
50.4677
50.4677
50.4677
50.4677
50.4677
50.4677
50.4677
50.4677
50.4677
50.4677
50.4677
50.4677
50.4677
50.4677
50.4677
50.4677
50.4677
50.4677
50.4677
50.4677
50.4677
50.4677
50.4677
50.4677
50.4677
50.4677
50.4677
50.4677
50.4677
50.4677
50.4677
50.4677
50.4677
50.4677
50.4677
50.4677
50.4677
50.4677
50.4677
50.4677
50.4677
50.4677
50.4677
50.4677
50.4677
50.4677
50.4677
50.4677
50.4677
50.4677
50.4677
50.4677
50.4677
50.4677
50.4677
50.4677
50.4677
50.4677
50.4677
50.4677
50.4677
50.4677
50.4677
50.4677
50.4677
50.4677
50.4677
50.4677
50.4677
50.4677
50.4677
50.4677
50.4677
50.4677
50.4677
50.4677
50.4677
50.4677
50.4677
50.4677
50.4677
50.4677
50.4677
50.4677
50.4677
50.4677
50.4677
50.4677
50.4677
50.4677
50.4677
50.4677
50.4677
50.4677
50.4677
50.4677
50.4677
50.4677
50.4677
50.4677
50.4677
50.4677
50.4677
50.4677
50.4677
50.4677
50.4677
50.4677
50.4677
50.4677
50.4677
50.4677
50.4677
50.4677
50.4677
50.4677
50.4677
50.4677
50.4677
50.4677
50.4677
50.4677
50.4677
50.4678
50.4678
50.4679
50.468
50.4681
50.4682
50.4684
50.4687
50.469
50.4695
50.47
50.4708
50.4717
50.4729
50.4743
50.4761
50.4784
50.4811
50.4844
50.4884
50.4932
50.4989
50.5055
50.5133
50.5223
50.5327
50.5445
50.5579
50.573
50.5899
50.6086
50.6292
50.6519
50.6765
50.7031
50.7317
50.7623
50.7949
50.8293
50.8655
50.9035
50.9432
50.9844
51.0272
51.0713
51.1166
51.1632
51.2109
51.2596
51.3093
51.3598
51.4111
51.4632
51.5158
51.5691
51.6229
51.6772
51.7319
51.7869
51.8423
51.898
51.9539
52.0099
52.0662
52.1225
52.1789
52.2353
52.2917
52.3481
52.4043
52.4605
52.5166
52.5724
52.6281
52.6835
52.7387
52.7936
52.8481
52.9023
52.9561
53.0096
53.0626
53.1151
53.1672
53.2188
53.2699
53.3204
53.3703
53.4196
53.4683
53.5164
53.5638
53.6104
53.6563
53.7015
53.7459
53.7894
53.8321
53.8738
53.9147
53.9545
53.9934
54.0312
54.0679
54.1035
54.1378
54.1708
54.2025
54.2328
54.2615
54.2886
54.314
54.3377
54.3594
54.3792
54.3969
54.4126
54.4263
54.438
54.4478
54.4558
54.4621
54.4666
54.47
54.4725
54.4742
54.4753
54.476
54.4764
54.4766
54.4766
54.4766
54.4766
54.4766
54.4765
54.4765
54.4765
54.4764
54.4764
54.4764
54.4764
54.4764
54.4764
54.4764
54.4763
54.4763
54.4763
54.4763
54.4763
54.4763
54.4763
54.4763
54.4763
54.4763
54.4763
54.4763
54.4763
54.4763
54.4763
54.4763
54.4763
54.4763
54.4763
54.4763
54.4763
54.4763
54.4763
54.4763
54.4762
54.4764
54.476
54.4768
)
;

boundaryField
{
    inlet
    {
        type            calculated;
        value           uniform 50.4677;
    }
    backWall
    {
        type            calculated;
        value           uniform 54.4768;
    }
    sides
    {
        type            empty;
    }
}


// ************************************************************************* //
