/*--------------------------------*- C++ -*----------------------------------*\
| =========                 |                                                 |
| \\      /  F ield         | OpenFOAM: The Open Source CFD Toolbox           |
|  \\    /   O peration     | Version:  3.0.x                                 |
|   \\  /    A nd           | Web:      www.OpenFOAM.org                      |
|    \\/     M anipulation  |                                                 |
\*---------------------------------------------------------------------------*/
FoamFile
{
    version     2.0;
    format      ascii;
    class       volScalarField;
    location    "0.8";
    object      p;
}
// * * * * * * * * * * * * * * * * * * * * * * * * * * * * * * * * * * * * * //

dimensions      [1 -1 -2 0 0 0 0];

internalField   nonuniform List<scalar> 
1000
(
1.8e+07
1.8e+07
1.8e+07
1.8e+07
1.8e+07
1.8e+07
1.8e+07
1.8e+07
1.8e+07
1.8e+07
1.8e+07
1.8e+07
1.8e+07
1.8e+07
1.8e+07
1.8e+07
1.8e+07
1.8e+07
1.8e+07
1.8e+07
1.8e+07
1.8e+07
1.8e+07
1.8e+07
1.8e+07
1.8e+07
1.8e+07
1.8e+07
1.8e+07
1.8e+07
1.8e+07
1.8e+07
1.8e+07
1.8e+07
1.8e+07
1.8e+07
1.8e+07
1.8e+07
1.8e+07
1.8e+07
1.8e+07
1.8e+07
1.8e+07
1.8e+07
1.8e+07
1.8e+07
1.8e+07
1.8e+07
1.8e+07
1.8e+07
1.8e+07
1.8e+07
1.8e+07
1.8e+07
1.8e+07
1.8e+07
1.8e+07
1.8e+07
1.8e+07
1.8e+07
1.8e+07
1.8e+07
1.8e+07
1.8e+07
1.8e+07
1.8e+07
1.8e+07
1.8e+07
1.8e+07
1.8e+07
1.8e+07
1.8e+07
1.8e+07
1.8e+07
1.8e+07
1.8e+07
1.8e+07
1.8e+07
1.8e+07
1.8e+07
1.8e+07
1.8e+07
1.8e+07
1.8e+07
1.8e+07
1.8e+07
1.8e+07
1.8e+07
1.8e+07
1.8e+07
1.8e+07
1.8e+07
1.8e+07
1.8e+07
1.8e+07
1.8e+07
1.8e+07
1.8e+07
1.8e+07
1.8e+07
1.8e+07
1.8e+07
1.8e+07
1.8e+07
1.8e+07
1.8e+07
1.8e+07
1.8e+07
1.8e+07
1.8e+07
1.8e+07
1.8e+07
1.8e+07
1.8e+07
1.8e+07
1.8e+07
1.8e+07
1.8e+07
1.8e+07
1.8e+07
1.8e+07
1.8e+07
1.8e+07
1.8e+07
1.8e+07
1.8e+07
1.8e+07
1.8e+07
1.8e+07
1.8e+07
1.8e+07
1.8e+07
1.8e+07
1.8e+07
1.8e+07
1.8e+07
1.8e+07
1.8e+07
1.8e+07
1.8e+07
1.8e+07
1.8e+07
1.8e+07
1.8e+07
1.8e+07
1.8e+07
1.8e+07
1.8e+07
1.8e+07
1.8e+07
1.8e+07
1.8e+07
1.8e+07
1.8e+07
1.8e+07
1.8e+07
1.8e+07
1.8e+07
1.8e+07
1.8e+07
1.8e+07
1.8e+07
1.8e+07
1.8e+07
1.8e+07
1.8e+07
1.8e+07
1.8e+07
1.8e+07
1.8e+07
1.8e+07
1.8e+07
1.8e+07
1.8e+07
1.8e+07
1.8e+07
1.8e+07
1.8e+07
1.8e+07
1.8e+07
1.8e+07
1.8e+07
1.8e+07
1.8e+07
1.8e+07
1.8e+07
1.8e+07
1.8e+07
1.8e+07
1.8e+07
1.8e+07
1.8e+07
1.8e+07
1.8e+07
1.8e+07
1.8e+07
1.8e+07
1.8e+07
1.8e+07
1.8e+07
1.8e+07
1.8e+07
1.8e+07
1.8e+07
1.8e+07
1.8e+07
1.8e+07
1.8e+07
1.8e+07
1.8e+07
1.8e+07
1.8e+07
1.8e+07
1.8e+07
1.8e+07
1.8e+07
1.8e+07
1.8e+07
1.8e+07
1.8e+07
1.8e+07
1.8e+07
1.8e+07
1.8e+07
1.8e+07
1.8e+07
1.8e+07
1.8e+07
1.8e+07
1.8e+07
1.8e+07
1.8e+07
1.8e+07
1.8e+07
1.8e+07
1.8e+07
1.8e+07
1.8e+07
1.8e+07
1.8e+07
1.8e+07
1.8e+07
1.8e+07
1.8e+07
1.8e+07
1.8e+07
1.8e+07
1.8e+07
1.8e+07
1.8e+07
1.8e+07
1.8e+07
1.8e+07
1.8e+07
1.8e+07
1.8e+07
1.8e+07
1.8e+07
1.8e+07
1.8e+07
1.8e+07
1.8e+07
1.8e+07
1.8e+07
1.8e+07
1.8e+07
1.8e+07
1.8e+07
1.8e+07
1.8e+07
1.8e+07
1.8e+07
1.8e+07
1.8e+07
1.8e+07
1.8e+07
1.8e+07
1.8e+07
1.8e+07
1.8e+07
1.8e+07
1.8e+07
1.8e+07
1.8e+07
1.8e+07
1.8e+07
1.8e+07
1.8e+07
1.8e+07
1.8e+07
1.8e+07
1.8e+07
1.8e+07
1.8e+07
1.8e+07
1.8e+07
1.8e+07
1.8e+07
1.8e+07
1.8e+07
1.8e+07
1.8e+07
1.8e+07
1.8e+07
1.8e+07
1.8e+07
1.8e+07
1.8e+07
1.8e+07
1.8e+07
1.8e+07
1.8e+07
1.8e+07
1.8e+07
1.8e+07
1.8e+07
1.8e+07
1.8e+07
1.8e+07
1.8e+07
1.8e+07
1.8e+07
1.8e+07
1.8e+07
1.8e+07
1.8e+07
1.8e+07
1.8e+07
1.8e+07
1.8e+07
1.8e+07
1.8e+07
1.8e+07
1.8e+07
1.8e+07
1.8e+07
1.8e+07
1.8e+07
1.8e+07
1.8e+07
1.8e+07
1.8e+07
1.8e+07
1.8e+07
1.8e+07
1.8e+07
1.8e+07
1.8e+07
1.8e+07
1.8e+07
1.8e+07
1.8e+07
1.8e+07
1.8e+07
1.8e+07
1.8e+07
1.8e+07
1.8e+07
1.8e+07
1.8e+07
1.8e+07
1.8e+07
1.8e+07
1.8e+07
1.8e+07
1.8e+07
1.8e+07
1.8e+07
1.8e+07
1.8e+07
1.8e+07
1.8e+07
1.8e+07
1.8e+07
1.8e+07
1.8e+07
1.8e+07
1.8e+07
1.8e+07
1.8e+07
1.8e+07
1.8e+07
1.8e+07
1.8e+07
1.8e+07
1.8e+07
1.8e+07
1.8e+07
1.8e+07
1.8e+07
1.8e+07
1.8e+07
1.8e+07
1.8e+07
1.8e+07
1.8e+07
1.8e+07
1.8e+07
1.8e+07
1.8e+07
1.8e+07
1.8e+07
1.8e+07
1.8e+07
1.8e+07
1.8e+07
1.8e+07
1.8e+07
1.8e+07
1.8e+07
1.8e+07
1.8e+07
1.8e+07
1.8e+07
1.8e+07
1.8e+07
1.8e+07
1.8e+07
1.8e+07
1.8e+07
1.8e+07
1.8e+07
1.8e+07
1.8e+07
1.8e+07
1.8e+07
1.8e+07
1.8e+07
1.8e+07
1.8e+07
1.8e+07
1.8e+07
1.8e+07
1.8e+07
1.8e+07
1.8e+07
1.8e+07
1.8e+07
1.8e+07
1.8e+07
1.8e+07
1.8e+07
1.8e+07
1.8e+07
1.8e+07
1.8e+07
1.8e+07
1.8e+07
1.8e+07
1.8e+07
1.8e+07
1.8e+07
1.8e+07
1.8e+07
1.8e+07
1.8e+07
1.8e+07
1.8e+07
1.8e+07
1.8e+07
1.8e+07
1.8e+07
1.8e+07
1.8e+07
1.8e+07
1.8e+07
1.8e+07
1.8e+07
1.8e+07
1.8e+07
1.8e+07
1.8e+07
1.8e+07
1.8e+07
1.8e+07
1.8e+07
1.8e+07
1.8e+07
1.8e+07
1.8e+07
1.8e+07
1.8e+07
1.8e+07
1.8e+07
1.8e+07
1.8e+07
1.8e+07
1.8e+07
1.8e+07
1.8e+07
1.8e+07
1.8e+07
1.8e+07
1.8e+07
1.8e+07
1.8e+07
1.8e+07
1.8e+07
1.8e+07
1.8e+07
1.8e+07
1.8e+07
1.8e+07
1.8e+07
1.8e+07
1.8e+07
1.8e+07
1.8e+07
1.8e+07
1.8e+07
1.8e+07
1.8e+07
1.8e+07
1.8e+07
1.8e+07
1.8e+07
1.8e+07
1.8e+07
1.8e+07
1.8e+07
1.8e+07
1.8e+07
1.8e+07
1.8e+07
1.8e+07
1.8e+07
1.8e+07
1.8e+07
1.8e+07
1.8e+07
1.8e+07
1.8e+07
1.8e+07
1.8e+07
1.8e+07
1.8e+07
1.8e+07
1.8e+07
1.8e+07
1.8e+07
1.8e+07
1.8e+07
1.8e+07
1.8e+07
1.8e+07
1.8e+07
1.8e+07
1.8e+07
1.8e+07
1.8e+07
1.8e+07
1.8e+07
1.8e+07
1.8e+07
1.8e+07
1.8e+07
1.8e+07
1.8e+07
1.8e+07
1.8e+07
1.8e+07
1.8e+07
1.8e+07
1.8e+07
1.8e+07
1.8e+07
1.8e+07
1.8e+07
1.80001e+07
1.80001e+07
1.80001e+07
1.80001e+07
1.80001e+07
1.80002e+07
1.80002e+07
1.80003e+07
1.80003e+07
1.80004e+07
1.80005e+07
1.80006e+07
1.80007e+07
1.80008e+07
1.8001e+07
1.80012e+07
1.80015e+07
1.80018e+07
1.80021e+07
1.80025e+07
1.8003e+07
1.80035e+07
1.80042e+07
1.80049e+07
1.80058e+07
1.80068e+07
1.80079e+07
1.80092e+07
1.80107e+07
1.80124e+07
1.80144e+07
1.80166e+07
1.80191e+07
1.80219e+07
1.8025e+07
1.80285e+07
1.80324e+07
1.80368e+07
1.80416e+07
1.8047e+07
1.80529e+07
1.80595e+07
1.80666e+07
1.80745e+07
1.80831e+07
1.80924e+07
1.81025e+07
1.81135e+07
1.81254e+07
1.81381e+07
1.81518e+07
1.81665e+07
1.81821e+07
1.81988e+07
1.82165e+07
1.82352e+07
1.82549e+07
1.82756e+07
1.82974e+07
1.83202e+07
1.83439e+07
1.83686e+07
1.83942e+07
1.84207e+07
1.8448e+07
1.8476e+07
1.85048e+07
1.85343e+07
1.85643e+07
1.85948e+07
1.86258e+07
1.86572e+07
1.86889e+07
1.87209e+07
1.87531e+07
1.87853e+07
1.88176e+07
1.88499e+07
1.88821e+07
1.89142e+07
1.89461e+07
1.89777e+07
1.9009e+07
1.904e+07
1.90706e+07
1.91007e+07
1.91303e+07
1.91594e+07
1.9188e+07
1.92159e+07
1.92432e+07
1.92698e+07
1.92958e+07
1.9321e+07
1.93455e+07
1.93693e+07
1.93922e+07
1.94143e+07
1.94356e+07
1.94561e+07
1.94758e+07
1.94946e+07
1.95125e+07
1.95296e+07
1.95459e+07
1.95612e+07
1.95758e+07
1.95895e+07
1.96023e+07
1.96144e+07
1.96257e+07
1.96362e+07
1.96459e+07
1.96549e+07
1.96632e+07
1.96709e+07
1.96779e+07
1.96843e+07
1.96901e+07
1.96953e+07
1.97001e+07
1.97043e+07
1.97082e+07
1.97115e+07
1.97145e+07
1.97172e+07
1.97194e+07
1.97214e+07
1.9723e+07
1.97242e+07
1.97252e+07
1.97261e+07
1.97269e+07
1.97275e+07
1.9728e+07
1.97285e+07
1.97288e+07
1.97291e+07
1.97294e+07
1.97296e+07
1.97297e+07
1.97299e+07
1.973e+07
1.973e+07
1.97301e+07
1.97301e+07
1.97302e+07
1.97302e+07
1.97302e+07
1.97302e+07
1.97302e+07
1.97302e+07
1.97302e+07
1.97302e+07
1.97302e+07
1.97302e+07
1.97302e+07
1.97302e+07
1.97302e+07
1.97302e+07
1.97302e+07
1.97302e+07
1.97301e+07
1.97301e+07
1.97301e+07
1.97301e+07
1.97301e+07
1.97301e+07
1.97301e+07
1.97301e+07
1.97301e+07
1.97301e+07
1.97301e+07
1.97301e+07
1.97301e+07
1.97301e+07
1.97301e+07
1.97301e+07
1.97301e+07
1.97301e+07
1.97301e+07
1.97301e+07
1.97301e+07
1.97301e+07
1.97301e+07
1.97301e+07
1.97301e+07
1.97301e+07
1.97301e+07
1.97301e+07
1.97301e+07
1.97301e+07
1.97301e+07
1.973e+07
1.973e+07
1.973e+07
1.973e+07
1.973e+07
1.973e+07
1.973e+07
1.973e+07
1.973e+07
1.973e+07
1.973e+07
1.973e+07
1.973e+07
1.973e+07
1.973e+07
1.973e+07
1.973e+07
1.973e+07
1.973e+07
1.973e+07
1.973e+07
1.973e+07
1.973e+07
1.973e+07
1.973e+07
1.973e+07
1.973e+07
1.973e+07
1.973e+07
1.973e+07
1.973e+07
1.973e+07
1.973e+07
1.973e+07
1.973e+07
1.973e+07
1.973e+07
1.973e+07
1.973e+07
1.973e+07
1.973e+07
1.973e+07
1.973e+07
1.973e+07
1.973e+07
1.973e+07
1.973e+07
1.973e+07
1.973e+07
1.973e+07
1.973e+07
1.973e+07
1.973e+07
1.973e+07
1.973e+07
1.973e+07
1.973e+07
1.973e+07
1.973e+07
1.973e+07
1.973e+07
1.973e+07
1.973e+07
1.973e+07
1.973e+07
1.973e+07
1.973e+07
1.973e+07
1.973e+07
1.973e+07
1.973e+07
1.973e+07
1.973e+07
1.973e+07
1.973e+07
1.973e+07
1.973e+07
1.973e+07
1.973e+07
1.973e+07
1.973e+07
1.973e+07
1.973e+07
1.973e+07
1.973e+07
1.973e+07
1.973e+07
1.973e+07
1.973e+07
1.973e+07
1.973e+07
1.973e+07
1.973e+07
1.973e+07
1.973e+07
1.973e+07
1.973e+07
1.973e+07
1.973e+07
1.973e+07
1.973e+07
1.973e+07
1.973e+07
1.973e+07
1.973e+07
1.973e+07
1.973e+07
1.973e+07
1.973e+07
1.973e+07
1.973e+07
1.973e+07
1.973e+07
1.973e+07
1.973e+07
1.973e+07
1.973e+07
1.973e+07
1.973e+07
1.973e+07
1.973e+07
1.973e+07
1.973e+07
1.973e+07
1.973e+07
1.973e+07
1.973e+07
1.973e+07
1.973e+07
1.973e+07
1.973e+07
1.973e+07
1.973e+07
1.973e+07
1.973e+07
1.973e+07
1.973e+07
1.973e+07
1.973e+07
1.973e+07
1.973e+07
1.973e+07
1.973e+07
1.973e+07
1.973e+07
1.973e+07
1.973e+07
1.973e+07
1.973e+07
1.973e+07
1.973e+07
1.973e+07
1.973e+07
1.973e+07
1.973e+07
1.973e+07
1.973e+07
1.973e+07
1.973e+07
1.973e+07
1.973e+07
1.973e+07
1.973e+07
1.973e+07
1.973e+07
1.973e+07
1.973e+07
1.973e+07
1.973e+07
1.973e+07
1.973e+07
1.973e+07
1.973e+07
1.973e+07
1.973e+07
1.973e+07
1.973e+07
1.973e+07
1.973e+07
1.973e+07
1.973e+07
1.973e+07
1.973e+07
1.973e+07
1.973e+07
1.973e+07
1.973e+07
1.973e+07
1.973e+07
1.973e+07
1.973e+07
1.973e+07
1.973e+07
1.973e+07
1.973e+07
1.973e+07
1.973e+07
1.973e+07
1.973e+07
1.973e+07
1.973e+07
1.973e+07
1.973e+07
1.973e+07
1.973e+07
1.973e+07
1.973e+07
1.973e+07
1.973e+07
1.973e+07
1.973e+07
1.973e+07
1.973e+07
1.973e+07
1.973e+07
1.973e+07
1.973e+07
1.973e+07
1.973e+07
1.973e+07
1.973e+07
1.973e+07
1.973e+07
1.973e+07
1.973e+07
1.973e+07
1.973e+07
1.973e+07
1.973e+07
1.973e+07
1.973e+07
1.973e+07
1.973e+07
1.973e+07
1.973e+07
1.973e+07
1.973e+07
1.973e+07
1.973e+07
)
;

boundaryField
{
    inlet
    {
        type            zeroGradient;
    }
    backWall
    {
        type            uniformTotalPressure;
        rho             none;
        psi             none;
        gamma           1.548;
        pressure        tableFile;
        pressureCoeffs
        {
            fileName        "$FOAM_RUN/SH1_vct0.2/outlet0.2.dat";
        }
        value           uniform 1.973e+07;
    }
    sides
    {
        type            empty;
    }
}


// ************************************************************************* //
