/*--------------------------------*- C++ -*----------------------------------*\
| =========                 |                                                 |
| \\      /  F ield         | OpenFOAM: The Open Source CFD Toolbox           |
|  \\    /   O peration     | Version:  3.0.x                                 |
|   \\  /    A nd           | Web:      www.OpenFOAM.org                      |
|    \\/     M anipulation  |                                                 |
\*---------------------------------------------------------------------------*/
FoamFile
{
    version     2.0;
    format      ascii;
    class       volScalarField;
    location    "0.012";
    object      rho;
}
// * * * * * * * * * * * * * * * * * * * * * * * * * * * * * * * * * * * * * //

dimensions      [1 -3 0 0 0 0 0];

internalField   nonuniform List<scalar> 
1000
(
50.4677
50.4677
50.4677
50.4677
50.4677
50.4677
50.4677
50.4677
50.4677
50.4677
50.4677
50.4677
50.4677
50.4677
50.4677
50.4677
50.4677
50.4677
50.4677
50.4677
50.4677
50.4677
50.4677
50.4677
50.4677
50.4677
50.4677
50.4677
50.4677
50.4677
50.4677
50.4677
50.4677
50.4677
50.4677
50.4677
50.4677
50.4677
50.4677
50.4677
50.4677
50.4677
50.4677
50.4677
50.4677
50.4677
50.4677
50.4677
50.4677
50.4677
50.4677
50.4677
50.4677
50.4677
50.4677
50.4677
50.4677
50.4677
50.4677
50.4677
50.4677
50.4677
50.4677
50.4677
50.4677
50.4677
50.4677
50.4677
50.4677
50.4677
50.4677
50.4677
50.4677
50.4677
50.4677
50.4677
50.4677
50.4677
50.4677
50.4677
50.4677
50.4677
50.4677
50.4677
50.4677
50.4677
50.4677
50.4677
50.4677
50.4677
50.4677
50.4677
50.4677
50.4677
50.4677
50.4677
50.4677
50.4677
50.4677
50.4677
50.4677
50.4677
50.4677
50.4677
50.4677
50.4677
50.4677
50.4677
50.4677
50.4677
50.4677
50.4677
50.4677
50.4677
50.4677
50.4677
50.4677
50.4677
50.4677
50.4677
50.4677
50.4677
50.4677
50.4677
50.4677
50.4677
50.4677
50.4677
50.4677
50.4677
50.4677
50.4677
50.4677
50.4677
50.4677
50.4677
50.4677
50.4677
50.4677
50.4677
50.4677
50.4677
50.4677
50.4677
50.4677
50.4677
50.4677
50.4677
50.4677
50.4677
50.4677
50.4677
50.4677
50.4677
50.4677
50.4677
50.4677
50.4677
50.4677
50.4677
50.4677
50.4677
50.4677
50.4677
50.4677
50.4677
50.4677
50.4677
50.4678
50.4678
50.4678
50.4678
50.4678
50.4679
50.4679
50.468
50.468
50.4681
50.4682
50.4683
50.4684
50.4686
50.4688
50.469
50.4692
50.4695
50.4699
50.4703
50.4708
50.4713
50.472
50.4727
50.4736
50.4747
50.4759
50.4773
50.479
50.4809
50.4831
50.4856
50.4886
50.492
50.496
50.5005
50.5057
50.5117
50.5186
50.5265
50.5355
50.5458
50.5575
50.5708
50.5859
50.603
50.6224
50.6442
50.6688
50.6964
50.7273
50.7618
50.8002
50.8428
50.8899
50.9417
50.9986
51.0606
51.128
51.2009
51.2792
51.3628
51.4517
51.5454
51.6436
51.7457
51.8511
51.9592
52.0691
52.1798
52.2907
52.4007
52.5089
52.6146
52.7171
52.8156
52.9095
52.9986
53.0824
53.1607
53.2335
53.3007
53.3625
53.4189
53.4701
53.5165
53.5584
53.5959
53.6295
53.6594
53.6859
53.7094
53.7302
53.7485
53.7645
53.7785
53.7908
53.8015
53.8108
53.8188
53.8257
53.8317
53.8368
53.8411
53.8448
53.8478
53.8504
53.8524
53.8541
53.8554
53.8564
53.857
53.8575
53.8578
53.8579
53.8579
53.8579
53.8579
53.8579
53.8578
53.8578
53.8578
53.8577
53.8577
53.8577
53.8577
53.8577
53.8576
53.8576
53.8576
53.8576
53.8576
53.8576
53.8576
53.8576
53.8576
53.8576
53.8576
53.8576
53.8576
53.8576
53.8576
53.8576
53.8576
53.8576
53.8576
53.8576
53.8576
53.8576
53.8576
53.8576
53.8576
53.8576
53.8576
53.8576
53.8577
53.8577
53.8577
53.8577
53.8577
53.8577
53.8577
53.8577
53.8577
53.8577
53.8577
53.8577
53.8577
53.8577
53.8577
53.8577
53.8577
53.8577
53.8577
53.8577
53.8577
53.8577
53.8577
53.8577
53.8577
53.8577
53.8577
53.8577
53.8577
53.8577
53.8577
53.8577
53.8577
53.8577
53.8577
53.8577
53.8577
53.8577
53.8577
53.8577
53.8577
53.8577
53.8577
53.8577
53.8577
53.8577
53.8577
53.8577
53.8577
53.8577
53.8577
53.8577
53.8577
53.8577
53.8577
53.8577
53.8577
53.8577
53.8577
53.8577
53.8577
53.8577
53.8577
53.8578
53.8578
53.8578
53.8578
53.8578
53.8578
53.8578
53.8578
53.8578
53.8578
53.8578
53.8578
53.8578
53.8578
53.8578
53.8578
53.8578
53.8578
53.8578
53.8578
53.8578
53.8578
53.8578
53.8578
53.8578
53.8578
53.8578
53.8578
53.8578
53.8578
53.8578
53.8578
53.8578
53.8578
53.8578
53.8578
53.8578
53.8578
53.8578
53.8578
53.8578
53.8578
53.8578
53.8578
53.8578
53.8578
53.8578
53.8578
53.8578
53.8578
53.8578
53.8578
53.8578
53.8578
53.8578
53.8578
53.8578
53.8578
53.8578
53.8578
53.8578
53.8578
53.8578
53.8578
53.8578
53.8578
53.8578
53.8578
53.8578
53.8578
53.8578
53.8578
53.8578
53.8578
53.8578
53.8578
53.8578
53.8578
53.8578
53.8578
53.8578
53.8578
53.8578
53.8578
53.8578
53.8578
53.8578
53.8578
53.8578
53.8578
53.8578
53.8578
53.8578
53.8578
53.8578
53.8578
53.8578
53.8578
53.8578
53.8578
53.8578
53.8578
53.8578
53.8578
53.8578
53.8578
53.8578
53.8578
53.8578
53.8578
53.8578
53.8578
53.8578
53.8578
53.8578
53.8578
53.8578
53.8578
53.8578
53.8578
53.8578
53.8578
53.8578
53.8578
53.8578
53.8578
53.8578
53.8578
53.8578
53.8578
53.8578
53.8578
53.8578
53.8578
53.8578
53.8578
53.8578
53.8578
53.8578
53.8578
53.8578
53.8578
53.8578
53.8578
53.8578
53.8578
53.8578
53.8578
53.8578
53.8578
53.8578
53.8578
53.8578
53.8578
53.8578
53.8578
53.8578
53.8578
53.8578
53.8578
53.8578
53.8578
53.8578
53.8578
53.8578
53.8578
53.8578
53.8578
53.8578
53.8578
53.8578
53.8578
53.8578
53.8578
53.8578
53.8578
53.8578
53.8578
53.8578
53.8578
53.8578
53.8578
53.8578
53.8578
53.8578
53.8578
53.8578
53.8578
53.8578
53.8578
53.8578
53.8578
53.8578
53.8578
53.8578
53.8578
53.8578
53.8578
53.8578
53.8578
53.8578
53.8578
53.8578
53.8578
53.8578
53.8578
53.8578
53.8578
53.8578
53.8578
53.8578
53.8578
53.8578
53.8578
53.8578
53.8578
53.8578
53.8578
53.8578
53.8578
53.8578
53.8578
53.8578
53.8578
53.8578
53.8578
53.8578
53.8578
53.8578
53.8578
53.8578
53.8578
53.8578
53.8578
53.8578
53.8578
53.8578
53.8578
53.8578
53.8578
53.8578
53.8578
53.8578
53.8578
53.8578
53.8578
53.8578
53.8578
53.8578
53.8578
53.8578
53.8578
53.8578
53.8578
53.8578
53.8578
53.8578
53.8578
53.8578
53.8578
53.8578
53.8578
53.8578
53.8578
53.8578
53.8578
53.8578
53.8578
53.8578
53.8578
53.8578
53.8578
53.8578
53.8578
53.8578
53.8578
53.8578
53.8578
53.8578
53.8578
53.8578
53.8578
53.8578
53.8578
53.8578
53.8578
53.8578
53.8578
53.8578
53.8578
53.8578
53.8578
53.8578
53.8578
53.8578
53.8578
53.8578
53.8578
53.8578
53.8578
53.8578
53.8578
53.8578
53.8578
53.8578
53.8578
53.8578
53.8578
53.8578
53.8578
53.8578
53.8578
53.8578
53.8578
53.8578
53.8578
53.8578
53.8578
53.8578
53.8578
53.8578
53.8578
53.8578
53.8578
53.8578
53.8578
53.8578
53.8578
53.8578
53.8578
53.8578
53.8578
53.8578
53.8578
53.8578
53.8577
53.8577
53.8577
53.8577
53.8577
53.8577
53.8577
53.8577
53.8577
53.8577
53.8577
53.8577
53.8577
53.8577
53.8577
53.8577
53.8577
53.8577
53.8577
53.8577
53.8577
53.8577
53.8577
53.8577
53.8577
53.8577
53.8577
53.8577
53.8577
53.8577
53.8577
53.8577
53.8577
53.8577
53.8577
53.8577
53.8577
53.8577
53.8577
53.8577
53.8577
53.8577
53.8577
53.8577
53.8577
53.8577
53.8577
53.8577
53.8577
53.8577
53.8577
53.8577
53.8577
53.8577
53.8577
53.8577
53.8577
53.8577
53.8577
53.8577
53.8577
53.8577
53.8577
53.8577
53.8577
53.8577
53.8577
53.8577
53.8577
53.8577
53.8577
53.8577
53.8577
53.8577
53.8577
53.8577
53.8577
53.8577
53.8577
53.8577
53.8577
53.8577
53.8577
53.8577
53.8577
53.8577
53.8576
53.8576
53.8576
53.8576
53.8576
53.8576
53.8576
53.8576
53.8576
53.8576
53.8576
53.8576
53.8576
53.8576
53.8576
53.8576
53.8576
53.8576
53.8576
53.8576
53.8576
53.8576
53.8576
53.8576
53.8576
53.8576
53.8576
53.8576
53.8576
53.8576
53.8576
53.8576
53.8576
53.8576
53.8576
53.8576
53.8576
53.8576
53.8576
53.8576
53.8576
53.8576
53.8576
53.8576
53.8576
53.8576
53.8576
53.8576
53.8575
53.8575
53.8575
53.8575
53.8575
53.8575
53.8575
53.8575
53.8575
53.8575
53.8575
53.8575
53.8575
53.8575
53.8575
53.8575
53.8575
53.8575
53.8575
53.8575
53.8575
53.8575
53.8575
53.8575
53.8575
53.8575
53.8575
53.8575
53.8575
53.8575
53.8575
53.8574
53.8574
53.8574
53.8574
53.8574
53.8574
53.8574
53.8574
53.8574
53.8574
53.8574
53.8574
53.8574
53.8574
53.8574
53.8574
53.8574
53.8574
53.8574
53.8574
53.8574
53.8574
53.8573
53.8573
53.8573
53.8573
53.8573
53.8573
53.8573
53.8573
53.8573
53.8573
53.8573
53.8573
53.8573
53.8573
53.8572
53.8573
53.8572
53.8573
53.8572
53.8573
53.8572
53.8572
53.8572
53.8572
53.8571
53.8572
53.8571
53.8572
53.8571
53.8572
53.857
53.8572
53.857
53.8572
53.857
53.8572
53.8569
53.8572
53.8569
53.8572
53.8568
53.8572
53.8568
53.8572
53.8567
53.8572
53.8567
53.8572
53.8566
53.8572
53.8565
53.8572
53.8565
53.8572
53.8564
53.8572
53.8563
53.8572
53.8563
53.8571
53.8562
53.8571
53.8561
53.8571
53.856
53.857
53.856
53.8569
53.8559
53.8569
53.8558
53.8568
53.8557
53.8566
53.8556
53.8565
53.8555
53.8563
53.8554
53.8561
53.8552
53.8558
53.855
53.8554
53.8547
53.8549
53.854
53.854
53.8526
53.8499
53.8379
53.8487
)
;

boundaryField
{
    inlet
    {
        type            calculated;
        value           uniform 50.4677;
    }
    backWall
    {
        type            calculated;
        value           uniform 53.8487;
    }
    sides
    {
        type            empty;
    }
}


// ************************************************************************* //
