/*--------------------------------*- C++ -*----------------------------------*\
| =========                 |                                                 |
| \\      /  F ield         | OpenFOAM: The Open Source CFD Toolbox           |
|  \\    /   O peration     | Version:  3.0.x                                 |
|   \\  /    A nd           | Web:      www.OpenFOAM.org                      |
|    \\/     M anipulation  |                                                 |
\*---------------------------------------------------------------------------*/
FoamFile
{
    version     2.0;
    format      ascii;
    class       volScalarField;
    location    "0.19";
    object      rho;
}
// * * * * * * * * * * * * * * * * * * * * * * * * * * * * * * * * * * * * * //

dimensions      [1 -3 0 0 0 0 0];

internalField   nonuniform List<scalar> 
6900
(
50.7796
50.7797
50.78
50.7804
50.7807
50.781
50.7814
50.7817
50.7821
50.7823
50.7826
50.7827
50.7828
50.7829
50.7829
50.7829
50.783
50.7831
50.7833
50.7833
50.7833
50.7832
50.783
50.7827
50.7824
50.782
50.7816
50.7811
50.7806
50.7801
50.7795
50.7789
50.7783
50.7777
50.777
50.7763
50.7757
50.775
50.7742
50.7735
50.7728
50.7721
50.7714
50.7707
50.77
50.7693
50.7686
50.7679
50.7672
50.7665
50.7658
50.7651
50.7644
50.7638
50.7631
50.7624
50.7617
50.761
50.7603
50.7596
50.7589
50.7582
50.7575
50.7568
50.7561
50.7554
50.7546
50.7539
50.7532
50.7525
50.7518
50.7511
50.7505
50.7498
50.7491
50.7485
50.7479
50.7473
50.7467
50.7461
50.7455
50.745
50.7445
50.744
50.7435
50.743
50.7425
50.7421
50.7417
50.7413
50.7409
50.7405
50.7402
50.7398
50.7395
50.7392
50.7389
50.7386
50.7384
50.7382
50.738
50.7378
50.7377
50.7376
50.7375
50.7375
50.7374
50.7375
50.7375
50.7376
50.7377
50.7378
50.738
50.7382
50.7384
50.7386
50.7389
50.7392
50.7394
50.7397
50.74
50.7403
50.7405
50.7408
50.741
50.7412
50.7414
50.7415
50.7416
50.7416
50.7417
50.7417
50.7416
50.7415
50.7414
50.7413
50.7411
50.7409
50.7407
50.7405
50.7403
50.7401
50.7398
50.7396
50.7394
50.7392
50.7391
50.7389
50.7388
50.7388
50.7388
50.7388
50.7389
50.739
50.7392
50.7394
50.7397
50.74
50.7403
50.7406
50.741
50.7414
50.7418
50.7421
50.7425
50.7429
50.7433
50.7436
50.744
50.7443
50.7446
50.745
50.7453
50.7455
50.7458
50.7461
50.7463
50.7465
50.7467
50.7469
50.747
50.7471
50.7473
50.7474
50.7475
50.7477
50.7478
50.748
50.7482
50.7484
50.7486
50.7488
50.7491
50.7493
50.7496
50.7499
50.7501
50.7503
50.7509
50.7484
50.7797
50.7798
50.7801
50.7805
50.7808
50.7811
50.7814
50.7818
50.7821
50.7824
50.7826
50.7828
50.7829
50.783
50.783
50.783
50.7831
50.7832
50.7833
50.7834
50.7834
50.7832
50.7831
50.7828
50.7825
50.7821
50.7817
50.7812
50.7807
50.7802
50.7796
50.779
50.7784
50.7777
50.7771
50.7764
50.7757
50.775
50.7743
50.7736
50.7729
50.7722
50.7715
50.7707
50.77
50.7693
50.7686
50.7679
50.7672
50.7666
50.7659
50.7652
50.7645
50.7638
50.7631
50.7624
50.7617
50.7611
50.7604
50.7597
50.759
50.7583
50.7575
50.7568
50.7561
50.7554
50.7547
50.754
50.7533
50.7526
50.7519
50.7512
50.7505
50.7499
50.7492
50.7486
50.7479
50.7473
50.7467
50.7462
50.7456
50.7451
50.7445
50.744
50.7435
50.7431
50.7426
50.7422
50.7417
50.7413
50.7409
50.7406
50.7402
50.7399
50.7396
50.7392
50.739
50.7387
50.7385
50.7383
50.7381
50.7379
50.7378
50.7376
50.7376
50.7375
50.7375
50.7375
50.7376
50.7376
50.7377
50.7379
50.7381
50.7382
50.7385
50.7387
50.739
50.7392
50.7395
50.7398
50.7401
50.7403
50.7406
50.7408
50.7411
50.7412
50.7414
50.7415
50.7416
50.7417
50.7417
50.7417
50.7417
50.7416
50.7415
50.7414
50.7412
50.741
50.7408
50.7406
50.7404
50.7401
50.7399
50.7397
50.7395
50.7393
50.7391
50.739
50.7389
50.7389
50.7388
50.7389
50.739
50.7391
50.7393
50.7395
50.7397
50.74
50.7404
50.7407
50.7411
50.7414
50.7418
50.7422
50.7426
50.743
50.7433
50.7437
50.744
50.7444
50.7447
50.745
50.7453
50.7456
50.7459
50.7461
50.7463
50.7466
50.7467
50.7469
50.7471
50.7472
50.7473
50.7475
50.7476
50.7477
50.7479
50.748
50.7482
50.7484
50.7487
50.7489
50.7492
50.7494
50.7497
50.7499
50.7502
50.7504
50.751
50.7488
50.7797
50.7798
50.7801
50.7805
50.7808
50.7811
50.7814
50.7818
50.7821
50.7824
50.7826
50.7828
50.7829
50.783
50.783
50.783
50.7831
50.7832
50.7833
50.7834
50.7834
50.7832
50.7831
50.7828
50.7825
50.7821
50.7817
50.7812
50.7807
50.7802
50.7796
50.779
50.7784
50.7777
50.7771
50.7764
50.7757
50.775
50.7743
50.7736
50.7729
50.7722
50.7715
50.7707
50.77
50.7693
50.7686
50.7679
50.7672
50.7666
50.7659
50.7652
50.7645
50.7638
50.7631
50.7624
50.7617
50.7611
50.7604
50.7597
50.759
50.7583
50.7575
50.7568
50.7561
50.7554
50.7547
50.754
50.7533
50.7526
50.7519
50.7512
50.7505
50.7499
50.7492
50.7486
50.7479
50.7473
50.7467
50.7462
50.7456
50.7451
50.7445
50.744
50.7435
50.7431
50.7426
50.7422
50.7417
50.7413
50.7409
50.7406
50.7402
50.7399
50.7396
50.7392
50.739
50.7387
50.7385
50.7383
50.7381
50.7379
50.7378
50.7376
50.7376
50.7375
50.7375
50.7375
50.7376
50.7376
50.7377
50.7379
50.7381
50.7382
50.7385
50.7387
50.739
50.7392
50.7395
50.7398
50.7401
50.7403
50.7406
50.7408
50.7411
50.7412
50.7414
50.7415
50.7416
50.7417
50.7417
50.7417
50.7417
50.7416
50.7415
50.7414
50.7412
50.741
50.7408
50.7406
50.7404
50.7401
50.7399
50.7397
50.7395
50.7393
50.7391
50.739
50.7389
50.7389
50.7388
50.7389
50.739
50.7391
50.7393
50.7395
50.7397
50.74
50.7404
50.7407
50.7411
50.7414
50.7418
50.7422
50.7426
50.743
50.7433
50.7437
50.744
50.7444
50.7447
50.745
50.7453
50.7456
50.7459
50.7461
50.7463
50.7466
50.7467
50.7469
50.7471
50.7472
50.7473
50.7475
50.7476
50.7477
50.7479
50.748
50.7482
50.7484
50.7487
50.7489
50.7492
50.7494
50.7497
50.7499
50.7502
50.7504
50.7506
50.7507
50.7797
50.7798
50.7801
50.7805
50.7808
50.7811
50.7814
50.7818
50.7821
50.7824
50.7826
50.7828
50.7829
50.783
50.783
50.783
50.7831
50.7832
50.7833
50.7834
50.7834
50.7832
50.7831
50.7828
50.7825
50.7821
50.7817
50.7812
50.7807
50.7802
50.7796
50.779
50.7784
50.7777
50.7771
50.7764
50.7757
50.775
50.7743
50.7736
50.7729
50.7722
50.7715
50.7707
50.77
50.7693
50.7686
50.7679
50.7672
50.7666
50.7659
50.7652
50.7645
50.7638
50.7631
50.7624
50.7617
50.7611
50.7604
50.7597
50.759
50.7583
50.7575
50.7568
50.7561
50.7554
50.7547
50.754
50.7533
50.7526
50.7519
50.7512
50.7505
50.7499
50.7492
50.7486
50.7479
50.7473
50.7467
50.7462
50.7456
50.7451
50.7445
50.744
50.7435
50.7431
50.7426
50.7422
50.7417
50.7413
50.7409
50.7406
50.7402
50.7399
50.7396
50.7392
50.739
50.7387
50.7385
50.7383
50.7381
50.7379
50.7378
50.7376
50.7376
50.7375
50.7375
50.7375
50.7376
50.7376
50.7377
50.7379
50.7381
50.7382
50.7385
50.7387
50.739
50.7392
50.7395
50.7398
50.7401
50.7403
50.7406
50.7408
50.7411
50.7412
50.7414
50.7415
50.7416
50.7417
50.7417
50.7417
50.7417
50.7416
50.7415
50.7414
50.7412
50.741
50.7408
50.7406
50.7404
50.7401
50.7399
50.7397
50.7395
50.7393
50.7391
50.739
50.7389
50.7389
50.7388
50.7389
50.739
50.7391
50.7393
50.7395
50.7397
50.74
50.7404
50.7407
50.7411
50.7414
50.7418
50.7422
50.7426
50.743
50.7433
50.7437
50.744
50.7444
50.7447
50.745
50.7453
50.7456
50.7459
50.7461
50.7463
50.7466
50.7467
50.7469
50.7471
50.7472
50.7473
50.7475
50.7476
50.7477
50.7479
50.7481
50.7482
50.7484
50.7487
50.7489
50.7491
50.7494
50.7497
50.7499
50.7502
50.7505
50.7498
50.7557
50.7796
50.7797
50.78
50.7804
50.7807
50.781
50.7814
50.7817
50.7821
50.7823
50.7826
50.7827
50.7828
50.7829
50.7829
50.7829
50.783
50.7831
50.7833
50.7833
50.7833
50.7832
50.783
50.7827
50.7824
50.782
50.7816
50.7811
50.7806
50.7801
50.7795
50.7789
50.7783
50.7777
50.777
50.7763
50.7757
50.775
50.7742
50.7735
50.7728
50.7721
50.7714
50.7707
50.77
50.7693
50.7686
50.7679
50.7672
50.7665
50.7658
50.7651
50.7644
50.7638
50.7631
50.7624
50.7617
50.761
50.7603
50.7596
50.7589
50.7582
50.7575
50.7568
50.7561
50.7554
50.7546
50.7539
50.7532
50.7525
50.7518
50.7511
50.7505
50.7498
50.7491
50.7485
50.7479
50.7473
50.7467
50.7461
50.7455
50.745
50.7445
50.744
50.7435
50.743
50.7425
50.7421
50.7417
50.7413
50.7409
50.7405
50.7402
50.7398
50.7395
50.7392
50.7389
50.7386
50.7384
50.7382
50.738
50.7378
50.7377
50.7376
50.7375
50.7375
50.7374
50.7375
50.7375
50.7376
50.7377
50.7378
50.738
50.7382
50.7384
50.7386
50.7389
50.7392
50.7394
50.7397
50.74
50.7403
50.7405
50.7408
50.741
50.7412
50.7414
50.7415
50.7416
50.7416
50.7417
50.7417
50.7416
50.7415
50.7414
50.7413
50.7411
50.7409
50.7407
50.7405
50.7403
50.7401
50.7398
50.7396
50.7394
50.7392
50.7391
50.7389
50.7388
50.7388
50.7388
50.7388
50.7389
50.739
50.7392
50.7394
50.7397
50.74
50.7403
50.7406
50.741
50.7414
50.7418
50.7421
50.7425
50.7429
50.7433
50.7436
50.744
50.7443
50.7446
50.745
50.7453
50.7455
50.7458
50.7461
50.7463
50.7465
50.7467
50.7469
50.747
50.7472
50.7473
50.7474
50.7475
50.7477
50.7478
50.748
50.7482
50.7484
50.7486
50.7488
50.7491
50.7494
50.7496
50.7499
50.7501
50.7505
50.7493
50.7609
50.7655
50.7718
50.7725
50.7708
50.7692
50.7676
50.7652
50.7618
50.7586
50.7567
50.7591
50.7645
50.7652
50.7572
50.7425
50.7291
50.7199
50.7116
50.704
50.7068
50.7622
50.7653
50.7651
50.7636
50.7621
50.7606
50.7581
50.7548
50.7516
50.7499
50.7528
50.7587
50.7579
50.7477
50.731
50.7188
50.7104
50.703
50.6966
50.6986
50.7516
50.7514
50.7504
50.7485
50.7458
50.7426
50.7386
50.7342
50.7285
50.722
50.7142
50.7056
50.6973
50.6899
50.6829
50.6747
50.665
50.6545
50.6433
50.6305
50.7305
50.7277
50.7285
50.7298
50.7287
50.725
50.7202
50.7134
50.7078
50.7008
50.6948
50.6877
50.6814
50.6753
50.6691
50.6638
50.6591
50.6554
50.6523
50.6501
50.7213
50.7099
50.7058
50.705
50.7028
50.6981
50.6921
50.6843
50.6773
50.669
50.6615
50.6534
50.6458
50.638
50.631
50.6243
50.6189
50.614
50.6105
50.6088
50.6872
50.6529
50.6397
50.64
50.6404
50.6386
50.6368
50.6365
50.6369
50.637
50.6369
50.637
50.6373
50.6375
50.6377
50.6379
50.6382
50.6386
50.6387
50.6386
50.6385
50.6385
50.6386
50.6387
50.6388
50.6395
50.6398
50.6392
50.6384
50.6378
50.6376
50.6375
50.6374
50.6372
50.6372
50.6372
50.6373
50.637
50.6341
50.6193
50.5925
50.5789
50.5774
50.5848
50.6123
50.6371
50.6486
50.6517
50.6514
50.6488
50.6457
50.6437
50.6425
50.6418
50.6413
50.641
50.6407
50.6405
50.6403
50.6401
50.64
50.6398
50.6396
50.6395
50.6393
50.6391
50.6389
50.6387
50.6385
50.6382
50.6379
50.6376
50.6373
50.6369
50.6365
50.6361
50.6356
50.6352
50.6347
50.6342
50.6336
50.6331
50.6325
50.6319
50.6313
50.6307
50.6301
50.6295
50.6289
50.6283
50.6277
50.6271
50.6266
50.626
50.6255
50.625
50.6245
50.6241
50.6236
50.6232
50.6228
50.6225
50.6221
50.6218
50.6215
50.6212
50.6209
50.6206
50.6203
50.62
50.6198
50.6195
50.6192
50.6189
50.6186
50.6183
50.618
50.6177
50.6173
50.6169
50.6165
50.6161
50.6156
50.6151
50.6146
50.6141
50.6136
50.613
50.6124
50.6117
50.6111
50.6104
50.6097
50.609
50.6083
50.6076
50.6069
50.6061
50.6054
50.6047
50.604
50.6033
50.6026
50.602
50.6014
50.6008
50.6002
50.5996
50.5991
50.5986
50.5981
50.5977
50.5973
50.5969
50.5965
50.5961
50.5958
50.5954
50.5951
50.5947
50.5944
50.5941
50.5937
50.5934
50.5931
50.5927
50.5924
50.592
50.5916
50.5913
50.5909
50.5906
50.5902
50.5898
50.5894
50.5891
50.5887
50.5883
50.5879
50.5876
50.5872
50.5868
50.5864
50.586
50.5857
50.5854
50.585
50.5847
50.5845
50.5842
50.584
50.5839
50.5837
50.5837
50.5836
50.5836
50.5836
50.5838
50.5828
50.5909
50.6854
50.6518
50.6393
50.6393
50.6394
50.6375
50.6357
50.6355
50.6358
50.6358
50.6358
50.636
50.6362
50.6364
50.6366
50.6368
50.637
50.6373
50.6374
50.6372
50.6371
50.6372
50.6372
50.6373
50.6373
50.6376
50.6378
50.6372
50.6365
50.6362
50.636
50.6359
50.6358
50.6357
50.6357
50.6358
50.6358
50.6354
50.6321
50.6202
50.6084
50.604
50.6044
50.6101
50.6252
50.6363
50.6418
50.6438
50.6441
50.6438
50.6431
50.6424
50.6419
50.6415
50.6412
50.6409
50.6407
50.6405
50.6403
50.6402
50.64
50.6399
50.6397
50.6395
50.6394
50.6392
50.639
50.6387
50.6385
50.6382
50.638
50.6377
50.6373
50.637
50.6366
50.6361
50.6357
50.6352
50.6347
50.6342
50.6337
50.6331
50.6325
50.632
50.6314
50.6308
50.6301
50.6295
50.6289
50.6283
50.6278
50.6272
50.6266
50.6261
50.6256
50.6251
50.6246
50.6241
50.6237
50.6233
50.6229
50.6225
50.6222
50.6218
50.6215
50.6212
50.6209
50.6206
50.6204
50.6201
50.6198
50.6196
50.6193
50.619
50.6187
50.6184
50.6181
50.6177
50.6174
50.617
50.6166
50.6161
50.6157
50.6152
50.6147
50.6142
50.6136
50.613
50.6124
50.6118
50.6111
50.6105
50.6098
50.6091
50.6084
50.6076
50.6069
50.6062
50.6055
50.6048
50.6041
50.6034
50.6027
50.602
50.6014
50.6008
50.6002
50.5997
50.5992
50.5987
50.5982
50.5977
50.5973
50.5969
50.5965
50.5962
50.5958
50.5955
50.5951
50.5948
50.5945
50.5941
50.5938
50.5934
50.5931
50.5928
50.5924
50.5921
50.5917
50.5913
50.591
50.5906
50.5902
50.5899
50.5895
50.5891
50.5887
50.5884
50.588
50.5876
50.5872
50.5868
50.5865
50.5861
50.5857
50.5854
50.5851
50.5848
50.5845
50.5843
50.5841
50.5839
50.5838
50.5837
50.5837
50.5837
50.5837
50.5838
50.5832
50.5867
50.5974
50.6104
50.6194
50.6208
50.6196
50.6189
50.619
50.6194
50.6196
50.6198
50.6199
50.6201
50.6202
50.6203
50.6204
50.6204
50.6204
50.6204
50.6205
50.6205
50.6205
50.6203
50.6202
50.62
50.6199
50.6198
50.6197
50.6202
50.6227
50.6271
50.6309
50.6337
50.6356
50.6369
50.6375
50.6379
50.6382
50.6383
50.6384
50.6387
50.639
50.6396
50.6406
50.6413
50.6418
50.642
50.642
50.6419
50.6417
50.6416
50.6414
50.6413
50.6411
50.641
50.6408
50.6407
50.6405
50.6404
50.6403
50.6401
50.64
50.6398
50.6397
50.6395
50.6393
50.6392
50.639
50.6387
50.6385
50.6382
50.638
50.6377
50.6373
50.637
50.6366
50.6361
50.6357
50.6352
50.6347
50.6342
50.6337
50.6331
50.6325
50.632
50.6314
50.6308
50.6301
50.6295
50.6289
50.6283
50.6278
50.6272
50.6266
50.6261
50.6256
50.6251
50.6246
50.6241
50.6237
50.6233
50.6229
50.6225
50.6222
50.6218
50.6215
50.6212
50.6209
50.6206
50.6204
50.6201
50.6198
50.6196
50.6193
50.619
50.6187
50.6184
50.6181
50.6177
50.6174
50.617
50.6166
50.6161
50.6157
50.6152
50.6147
50.6142
50.6136
50.613
50.6124
50.6118
50.6111
50.6105
50.6098
50.6091
50.6084
50.6076
50.6069
50.6062
50.6055
50.6048
50.6041
50.6034
50.6027
50.602
50.6014
50.6008
50.6002
50.5997
50.5992
50.5987
50.5982
50.5977
50.5973
50.5969
50.5965
50.5962
50.5958
50.5955
50.5951
50.5948
50.5945
50.5941
50.5938
50.5934
50.5931
50.5928
50.5924
50.5921
50.5917
50.5913
50.591
50.5906
50.5902
50.5899
50.5895
50.5891
50.5887
50.5884
50.588
50.5876
50.5872
50.5868
50.5865
50.5861
50.5857
50.5854
50.5851
50.5848
50.5845
50.5843
50.5841
50.5839
50.5838
50.5837
50.5837
50.5837
50.5837
50.5838
50.5839
50.5841
50.6426
50.6393
50.638
50.6371
50.636
50.6354
50.6355
50.6358
50.636
50.6361
50.6363
50.6365
50.6368
50.637
50.6372
50.6375
50.6377
50.6378
50.638
50.6381
50.6383
50.6384
50.6385
50.6385
50.6385
50.6385
50.6382
50.6379
50.6377
50.6375
50.6373
50.6371
50.6369
50.6361
50.6354
50.635
50.6349
50.6344
50.6322
50.6289
50.6274
50.6273
50.6281
50.6315
50.6368
50.6403
50.6422
50.6429
50.643
50.6428
50.6424
50.642
50.6417
50.6414
50.6411
50.6408
50.6406
50.6405
50.6403
50.6402
50.64
50.6398
50.6397
50.6395
50.6394
50.6392
50.639
50.6387
50.6385
50.6382
50.638
50.6377
50.6373
50.637
50.6366
50.6361
50.6357
50.6352
50.6347
50.6342
50.6337
50.6331
50.6325
50.632
50.6314
50.6308
50.6301
50.6295
50.6289
50.6283
50.6278
50.6272
50.6266
50.6261
50.6256
50.6251
50.6246
50.6241
50.6237
50.6233
50.6229
50.6225
50.6222
50.6218
50.6215
50.6212
50.6209
50.6206
50.6204
50.6201
50.6198
50.6196
50.6193
50.619
50.6187
50.6184
50.6181
50.6177
50.6174
50.617
50.6166
50.6161
50.6157
50.6152
50.6147
50.6142
50.6136
50.613
50.6124
50.6118
50.6111
50.6105
50.6098
50.6091
50.6084
50.6076
50.6069
50.6062
50.6055
50.6048
50.6041
50.6034
50.6027
50.602
50.6014
50.6008
50.6002
50.5997
50.5992
50.5987
50.5982
50.5977
50.5973
50.5969
50.5965
50.5962
50.5958
50.5955
50.5951
50.5948
50.5945
50.5941
50.5938
50.5934
50.5931
50.5928
50.5924
50.5921
50.5917
50.5913
50.591
50.5906
50.5902
50.5899
50.5895
50.5891
50.5887
50.5884
50.588
50.5876
50.5872
50.5868
50.5865
50.5861
50.5857
50.5854
50.5851
50.5848
50.5845
50.5843
50.5841
50.5839
50.5838
50.5837
50.5837
50.5837
50.5837
50.5838
50.5843
50.5834
50.6283
50.6307
50.63
50.6294
50.6284
50.6278
50.6279
50.6281
50.6284
50.6285
50.6287
50.6289
50.6292
50.6295
50.6298
50.63
50.6302
50.6304
50.6305
50.6307
50.6308
50.6309
50.6309
50.631
50.6309
50.6307
50.6304
50.6302
50.63
50.6299
50.6295
50.6288
50.6285
50.6286
50.629
50.6294
50.6293
50.6264
50.6134
50.5982
50.5912
50.5901
50.5922
50.6021
50.6159
50.6257
50.6323
50.6363
50.6387
50.64
50.6406
50.6409
50.6409
50.6409
50.6408
50.6406
50.6405
50.6404
50.6402
50.6401
50.6399
50.6398
50.6396
50.6395
50.6393
50.6391
50.6389
50.6387
50.6385
50.6382
50.6379
50.6376
50.6373
50.6369
50.6365
50.6361
50.6356
50.6352
50.6347
50.6342
50.6336
50.6331
50.6325
50.6319
50.6313
50.6307
50.6301
50.6295
50.6289
50.6283
50.6277
50.6271
50.6266
50.626
50.6255
50.625
50.6245
50.6241
50.6236
50.6232
50.6228
50.6225
50.6221
50.6218
50.6215
50.6212
50.6209
50.6206
50.6203
50.62
50.6198
50.6195
50.6192
50.6189
50.6186
50.6183
50.618
50.6177
50.6173
50.6169
50.6165
50.6161
50.6156
50.6151
50.6146
50.6141
50.6136
50.613
50.6124
50.6117
50.6111
50.6104
50.6097
50.609
50.6083
50.6076
50.6069
50.6061
50.6054
50.6047
50.604
50.6033
50.6026
50.602
50.6014
50.6008
50.6002
50.5996
50.5991
50.5986
50.5981
50.5977
50.5973
50.5969
50.5965
50.5961
50.5958
50.5954
50.5951
50.5947
50.5944
50.5941
50.5937
50.5934
50.5931
50.5927
50.5924
50.592
50.5916
50.5913
50.5909
50.5906
50.5902
50.5898
50.5894
50.5891
50.5887
50.5883
50.5879
50.5876
50.5872
50.5868
50.5864
50.586
50.5857
50.5853
50.585
50.5847
50.5845
50.5842
50.584
50.5839
50.5837
50.5837
50.5836
50.5836
50.5837
50.5838
50.5843
50.5832
50.5572
50.5454
50.5411
50.5402
50.538
50.5334
50.5271
50.5205
50.5131
50.5058
50.4982
50.4903
50.4831
50.4758
50.4695
50.4635
50.4586
50.4542
50.451
50.4495
50.5654
50.5626
50.5632
50.5643
50.5631
50.5597
50.5541
50.5492
50.5425
50.5369
50.5302
50.5241
50.5177
50.5118
50.5067
50.5016
50.4973
50.4939
50.4911
50.4893
50.5849
50.5848
50.5839
50.5821
50.5796
50.5765
50.5728
50.5682
50.5627
50.5559
50.5488
50.542
50.5356
50.5286
50.5202
50.5109
50.5009
50.49
50.4777
50.4648
50.5946
50.5979
50.5978
50.5963
50.5947
50.5931
50.5908
50.5885
50.5876
50.5918
50.5933
50.5883
50.5774
50.5657
50.5572
50.5499
50.5434
50.5399
50.5445
50.5585
50.5978
50.6042
50.6049
50.6032
50.6016
50.5999
50.5976
50.5952
50.5942
50.5978
50.5996
50.5959
50.5866
50.5745
50.5653
50.5576
50.5505
50.5459
50.55
50.565
50.4678
50.4702
50.4702
50.4696
50.4688
50.4686
50.4688
50.4691
50.4693
50.4694
50.4696
50.4697
50.4699
50.47
50.4701
50.4701
50.4701
50.4701
50.47
50.4699
50.4699
50.4697
50.4696
50.4693
50.4689
50.4686
50.4683
50.4681
50.4679
50.4677
50.4675
50.4669
50.4663
50.4662
50.4664
50.467
50.4674
50.4672
50.463
50.4481
50.4346
50.4292
50.4289
50.4321
50.4438
50.457
50.4664
50.4726
50.4767
50.4791
50.4806
50.4816
50.4821
50.4825
50.4828
50.4831
50.4833
50.4835
50.4837
50.4839
50.484
50.4842
50.4843
50.4844
50.4845
50.4846
50.4846
50.4846
50.4846
50.4846
50.4846
50.4845
50.4844
50.4843
50.4842
50.484
50.4839
50.4837
50.4835
50.4833
50.4831
50.4829
50.4826
50.4824
50.4822
50.482
50.4818
50.4816
50.4815
50.4813
50.4812
50.4812
50.4811
50.4811
50.4811
50.4812
50.4812
50.4814
50.4805
50.4883
50.4817
50.4787
50.4779
50.477
50.4761
50.4759
50.4762
50.4765
50.4766
50.4767
50.4769
50.477
50.4772
50.4773
50.4773
50.4774
50.4774
50.4773
50.4773
50.4772
50.4771
50.477
50.4769
50.4767
50.4765
50.4761
50.4758
50.4755
50.4753
50.4752
50.4749
50.4747
50.4745
50.4741
50.4733
50.4729
50.4728
50.4727
50.4722
50.4698
50.4669
50.4659
50.4662
50.4674
50.4714
50.4766
50.48
50.4819
50.4828
50.4831
50.4833
50.4833
50.4832
50.4832
50.4833
50.4834
50.4835
50.4837
50.4838
50.484
50.4841
50.4843
50.4844
50.4845
50.4846
50.4846
50.4847
50.4847
50.4847
50.4847
50.4846
50.4846
50.4845
50.4844
50.4842
50.4841
50.4839
50.4838
50.4836
50.4834
50.4831
50.4829
50.4827
50.4825
50.4823
50.482
50.4818
50.4817
50.4815
50.4814
50.4813
50.4812
50.4812
50.4812
50.4812
50.4812
50.4813
50.4814
50.4809
50.4841
50.4406
50.4523
50.4602
50.4613
50.4601
50.4598
50.4601
50.4604
50.4606
50.4607
50.4609
50.461
50.461
50.461
50.461
50.4609
50.4607
50.4605
50.4604
50.4603
50.4601
50.4599
50.4594
50.4589
50.4585
50.4581
50.4579
50.4578
50.4585
50.4612
50.4653
50.4687
50.4712
50.473
50.474
50.4747
50.4751
50.4755
50.4758
50.4761
50.4765
50.4771
50.4781
50.4792
50.4801
50.4807
50.4812
50.4815
50.4817
50.4819
50.4821
50.4823
50.4825
50.4827
50.4829
50.4831
50.4834
50.4836
50.4837
50.4839
50.4841
50.4842
50.4844
50.4845
50.4846
50.4846
50.4847
50.4847
50.4847
50.4847
50.4846
50.4846
50.4845
50.4844
50.4842
50.4841
50.4839
50.4838
50.4836
50.4834
50.4831
50.4829
50.4827
50.4825
50.4823
50.482
50.4818
50.4817
50.4815
50.4814
50.4813
50.4812
50.4812
50.4812
50.4812
50.4812
50.4813
50.4814
50.4816
50.4818
50.5177
50.482
50.4788
50.4833
50.4812
50.4771
50.4759
50.4764
50.4766
50.4766
50.4764
50.4764
50.4766
50.4766
50.4767
50.4767
50.4769
50.4769
50.4765
50.4762
50.476
50.4759
50.4758
50.4757
50.4758
50.4757
50.4751
50.4744
50.474
50.4739
50.4738
50.4736
50.4735
50.4731
50.4728
50.4728
50.473
50.4731
50.4725
50.4684
50.4559
50.446
50.4429
50.4439
50.451
50.4662
50.4766
50.4819
50.4839
50.4844
50.4844
50.4839
50.4836
50.4835
50.4834
50.4835
50.4836
50.4837
50.4838
50.484
50.4841
50.4843
50.4844
50.4845
50.4846
50.4846
50.4847
50.4847
50.4847
50.4847
50.4846
50.4846
50.4845
50.4844
50.4842
50.4841
50.4839
50.4838
50.4836
50.4834
50.4831
50.4829
50.4827
50.4825
50.4823
50.482
50.4818
50.4817
50.4815
50.4814
50.4813
50.4812
50.4812
50.4812
50.4812
50.4812
50.4813
50.4815
50.4821
50.4813
50.5216
50.4827
50.4793
50.4839
50.4822
50.478
50.4768
50.4775
50.4778
50.4777
50.4775
50.4775
50.4777
50.4778
50.4778
50.4779
50.4781
50.4782
50.4779
50.4775
50.4773
50.4772
50.4771
50.4771
50.4775
50.4776
50.477
50.4762
50.4756
50.4753
50.4752
50.4751
50.475
50.4749
50.4746
50.4745
50.4746
50.4747
50.4744
50.4712
50.4553
50.4308
50.4193
50.4187
50.4269
50.4543
50.4773
50.4881
50.4912
50.4912
50.489
50.4863
50.4848
50.4841
50.4837
50.4836
50.4836
50.4837
50.4838
50.484
50.4841
50.4842
50.4843
50.4844
50.4845
50.4846
50.4846
50.4846
50.4846
50.4846
50.4846
50.4845
50.4844
50.4843
50.4842
50.484
50.4839
50.4837
50.4835
50.4833
50.4831
50.4829
50.4826
50.4824
50.4822
50.482
50.4818
50.4816
50.4815
50.4813
50.4812
50.4812
50.4811
50.4811
50.4811
50.4812
50.4813
50.4814
50.482
50.481
50.455
50.4431
50.4387
50.4378
50.4356
50.431
50.4246
50.4181
50.4105
50.4032
50.3956
50.3877
50.3805
50.3731
50.3668
50.3607
50.3558
50.3513
50.3481
50.3465
50.4632
50.4603
50.4608
50.4619
50.4608
50.4573
50.4517
50.4467
50.4401
50.4345
50.4277
50.4216
50.4153
50.4093
50.4041
50.399
50.3946
50.3912
50.3883
50.3865
50.4826
50.4826
50.4817
50.4798
50.4774
50.4742
50.4706
50.4659
50.4604
50.4536
50.4465
50.4396
50.4331
50.4262
50.4179
50.4086
50.3986
50.3878
50.3756
50.3625
50.4923
50.4955
50.4955
50.494
50.4924
50.4908
50.4886
50.4863
50.4854
50.4893
50.4913
50.487
50.4763
50.464
50.4552
50.4478
50.4411
50.4371
50.4403
50.4546
50.4955
50.5019
50.5026
50.5009
50.4994
50.4976
50.4954
50.493
50.492
50.4954
50.4975
50.4944
50.4855
50.473
50.4635
50.4556
50.4483
50.4431
50.4459
50.461
50.3648
50.3671
50.3674
50.3669
50.3661
50.3659
50.3662
50.3665
50.3667
50.3669
50.3671
50.3673
50.3675
50.3676
50.3677
50.3678
50.3679
50.3679
50.368
50.368
50.3679
50.3679
50.3677
50.3676
50.3674
50.367
50.3667
50.3664
50.3662
50.3659
50.3652
50.3646
50.3645
50.3647
50.3652
50.3655
50.3649
50.3589
50.3428
50.3313
50.3274
50.3278
50.3325
50.3458
50.3579
50.3662
50.3717
50.375
50.377
50.3782
50.3789
50.3793
50.3795
50.3797
50.3799
50.38
50.3801
50.3803
50.3804
50.3805
50.3807
50.3808
50.3809
50.381
50.3811
50.3812
50.3812
50.3812
50.3813
50.3813
50.3812
50.3812
50.3811
50.3811
50.381
50.3809
50.3808
50.3806
50.3805
50.3804
50.3802
50.3801
50.3799
50.3798
50.3796
50.3795
50.3794
50.3792
50.3791
50.379
50.379
50.3789
50.3788
50.3788
50.3788
50.3787
50.3787
50.3787
50.3788
50.3788
50.3788
50.3788
50.3789
50.3789
50.379
50.3791
50.3791
50.3792
50.3792
50.3793
50.3793
50.3793
50.3794
50.3794
50.3794
50.3794
50.3794
50.3794
50.3794
50.3793
50.3793
50.3793
50.3792
50.3791
50.3791
50.379
50.3789
50.3788
50.3787
50.3787
50.3786
50.3785
50.3784
50.3783
50.3783
50.3782
50.3782
50.3781
50.3781
50.3781
50.3781
50.3781
50.3781
50.3782
50.3782
50.3783
50.3783
50.3784
50.3784
50.3785
50.3786
50.3786
50.3786
50.3787
50.3787
50.3787
50.3787
50.3787
50.3786
50.3786
50.3785
50.3785
50.3784
50.3783
50.3782
50.3782
50.3781
50.378
50.3779
50.3778
50.3777
50.3776
50.3775
50.3774
50.3773
50.3772
50.3771
50.377
50.3769
50.3769
50.3768
50.3768
50.3767
50.3767
50.3767
50.3767
50.3768
50.3768
50.3769
50.377
50.3771
50.3773
50.3774
50.3776
50.3778
50.378
50.3782
50.3784
50.379
50.3778
50.3785
50.3756
50.3751
50.3744
50.3735
50.3734
50.3736
50.374
50.3741
50.3743
50.3745
50.3747
50.3749
50.375
50.3751
50.3752
50.3752
50.3753
50.3753
50.3752
50.3752
50.3752
50.3751
50.375
50.3748
50.3745
50.3741
50.3738
50.3736
50.3734
50.3732
50.373
50.3725
50.3716
50.3712
50.3711
50.3709
50.37
50.3671
50.3649
50.3644
50.3648
50.3666
50.3714
50.3759
50.3786
50.3799
50.3804
50.3805
50.3805
50.3803
50.3802
50.3801
50.3801
50.3801
50.3802
50.3803
50.3804
50.3805
50.3806
50.3807
50.3809
50.381
50.3811
50.3811
50.3812
50.3813
50.3813
50.3813
50.3813
50.3813
50.3813
50.3812
50.3811
50.381
50.3809
50.3808
50.3807
50.3806
50.3804
50.3803
50.3801
50.38
50.3798
50.3797
50.3795
50.3794
50.3793
50.3792
50.3791
50.379
50.3789
50.3789
50.3788
50.3788
50.3788
50.3788
50.3788
50.3788
50.3788
50.3789
50.3789
50.379
50.379
50.3791
50.3791
50.3792
50.3792
50.3793
50.3793
50.3794
50.3794
50.3794
50.3794
50.3795
50.3795
50.3795
50.3795
50.3794
50.3794
50.3794
50.3793
50.3793
50.3792
50.3791
50.379
50.379
50.3789
50.3788
50.3787
50.3786
50.3785
50.3785
50.3784
50.3783
50.3783
50.3782
50.3782
50.3782
50.3782
50.3782
50.3782
50.3782
50.3782
50.3783
50.3783
50.3784
50.3784
50.3785
50.3786
50.3786
50.3787
50.3787
50.3787
50.3787
50.3787
50.3787
50.3787
50.3787
50.3786
50.3786
50.3785
50.3785
50.3784
50.3783
50.3782
50.3781
50.378
50.3779
50.3778
50.3777
50.3776
50.3776
50.3775
50.3774
50.3773
50.3772
50.3771
50.377
50.3769
50.3769
50.3768
50.3768
50.3768
50.3768
50.3768
50.3768
50.3769
50.377
50.3771
50.3772
50.3773
50.3775
50.3777
50.3778
50.378
50.3782
50.3784
50.379
50.378
50.3373
50.3496
50.3577
50.3587
50.3576
50.3572
50.3576
50.3579
50.3582
50.3584
50.3586
50.3587
50.3589
50.359
50.3591
50.359
50.3588
50.3587
50.3586
50.3584
50.3581
50.3577
50.3573
50.3569
50.3566
50.3563
50.3561
50.3567
50.3594
50.3635
50.367
50.3696
50.3713
50.3724
50.3731
50.3735
50.3738
50.3741
50.3745
50.3749
50.3755
50.3765
50.3775
50.3782
50.3787
50.379
50.3791
50.3792
50.3793
50.3794
50.3795
50.3796
50.3797
50.3798
50.3799
50.3801
50.3802
50.3803
50.3805
50.3806
50.3807
50.3808
50.381
50.3811
50.3811
50.3812
50.3813
50.3813
50.3813
50.3813
50.3813
50.3813
50.3812
50.3811
50.381
50.3809
50.3808
50.3807
50.3806
50.3804
50.3803
50.3801
50.38
50.3798
50.3797
50.3795
50.3794
50.3793
50.3792
50.3791
50.379
50.3789
50.3789
50.3788
50.3788
50.3788
50.3788
50.3788
50.3788
50.3788
50.3789
50.3789
50.379
50.379
50.3791
50.3791
50.3792
50.3792
50.3793
50.3793
50.3794
50.3794
50.3794
50.3794
50.3795
50.3795
50.3795
50.3795
50.3794
50.3794
50.3794
50.3793
50.3793
50.3792
50.3791
50.379
50.379
50.3789
50.3788
50.3787
50.3786
50.3785
50.3785
50.3784
50.3783
50.3783
50.3782
50.3782
50.3782
50.3782
50.3782
50.3782
50.3782
50.3782
50.3783
50.3783
50.3784
50.3784
50.3785
50.3786
50.3786
50.3787
50.3787
50.3787
50.3787
50.3787
50.3787
50.3787
50.3787
50.3786
50.3786
50.3785
50.3785
50.3784
50.3783
50.3782
50.3781
50.378
50.3779
50.3778
50.3777
50.3776
50.3776
50.3775
50.3774
50.3773
50.3772
50.3771
50.377
50.3769
50.3769
50.3768
50.3768
50.3768
50.3768
50.3768
50.3768
50.3769
50.377
50.3771
50.3772
50.3773
50.3775
50.3777
50.3778
50.378
50.3782
50.3784
50.3786
50.3787
50.4145
50.3795
50.3761
50.3802
50.3779
50.3742
50.3733
50.3738
50.374
50.374
50.374
50.3741
50.3743
50.3744
50.3745
50.3746
50.3746
50.3746
50.3745
50.3743
50.3742
50.3741
50.374
50.3739
50.3739
50.374
50.3735
50.3727
50.3722
50.372
50.3718
50.3717
50.3715
50.3714
50.3714
50.3715
50.3715
50.3704
50.364
50.3509
50.3433
50.3418
50.3439
50.3543
50.3683
50.3766
50.3803
50.3815
50.3817
50.3814
50.3808
50.3805
50.3803
50.3802
50.3802
50.3803
50.3803
50.3804
50.3805
50.3806
50.3807
50.3809
50.381
50.3811
50.3812
50.3812
50.3813
50.3813
50.3813
50.3813
50.3813
50.3813
50.3812
50.3811
50.381
50.3809
50.3808
50.3807
50.3806
50.3804
50.3803
50.3801
50.38
50.3798
50.3797
50.3795
50.3794
50.3793
50.3792
50.3791
50.379
50.3789
50.3789
50.3788
50.3788
50.3788
50.3788
50.3788
50.3788
50.3788
50.3789
50.3789
50.379
50.379
50.3791
50.3791
50.3792
50.3792
50.3793
50.3793
50.3794
50.3794
50.3794
50.3794
50.3795
50.3795
50.3795
50.3795
50.3794
50.3794
50.3794
50.3793
50.3793
50.3792
50.3791
50.379
50.379
50.3789
50.3788
50.3787
50.3786
50.3785
50.3785
50.3784
50.3783
50.3783
50.3782
50.3782
50.3782
50.3782
50.3782
50.3782
50.3782
50.3782
50.3783
50.3783
50.3784
50.3784
50.3785
50.3786
50.3786
50.3787
50.3787
50.3787
50.3787
50.3787
50.3787
50.3787
50.3787
50.3786
50.3786
50.3785
50.3785
50.3784
50.3783
50.3782
50.3781
50.378
50.3779
50.3778
50.3777
50.3776
50.3776
50.3775
50.3774
50.3773
50.3772
50.3771
50.377
50.3769
50.3769
50.3768
50.3768
50.3768
50.3768
50.3768
50.3768
50.3769
50.377
50.3771
50.3772
50.3773
50.3775
50.3777
50.3778
50.378
50.3782
50.3784
50.3779
50.3814
50.4182
50.3802
50.3766
50.3809
50.3789
50.3751
50.3742
50.3748
50.3751
50.3751
50.3751
50.3752
50.3754
50.3755
50.3756
50.3757
50.3757
50.3757
50.3756
50.3755
50.3754
50.3753
50.3752
50.3752
50.3756
50.376
50.3755
50.3746
50.3739
50.3735
50.3734
50.3733
50.3731
50.3729
50.3729
50.373
50.3731
50.3723
50.3666
50.3453
50.3243
50.3173
50.3189
50.3332
50.3623
50.3801
50.3872
50.3886
50.3878
50.3849
50.3827
50.3814
50.3807
50.3804
50.3803
50.3803
50.3803
50.3804
50.3805
50.3806
50.3807
50.3808
50.3809
50.381
50.3811
50.3812
50.3812
50.3812
50.3813
50.3813
50.3812
50.3812
50.3811
50.3811
50.381
50.3809
50.3808
50.3806
50.3805
50.3804
50.3802
50.3801
50.3799
50.3798
50.3796
50.3795
50.3794
50.3792
50.3791
50.379
50.379
50.3789
50.3788
50.3788
50.3788
50.3787
50.3787
50.3787
50.3788
50.3788
50.3788
50.3788
50.3789
50.3789
50.379
50.3791
50.3791
50.3792
50.3792
50.3793
50.3793
50.3793
50.3794
50.3794
50.3794
50.3794
50.3794
50.3794
50.3794
50.3793
50.3793
50.3793
50.3792
50.3791
50.3791
50.379
50.3789
50.3788
50.3787
50.3787
50.3786
50.3785
50.3784
50.3783
50.3783
50.3782
50.3782
50.3781
50.3781
50.3781
50.3781
50.3781
50.3781
50.3782
50.3782
50.3783
50.3783
50.3784
50.3784
50.3785
50.3786
50.3786
50.3786
50.3787
50.3787
50.3787
50.3787
50.3787
50.3786
50.3786
50.3785
50.3785
50.3784
50.3783
50.3782
50.3782
50.3781
50.378
50.3779
50.3778
50.3777
50.3776
50.3775
50.3774
50.3773
50.3772
50.3771
50.377
50.3769
50.3769
50.3768
50.3768
50.3767
50.3767
50.3767
50.3767
50.3768
50.3768
50.3769
50.377
50.3771
50.3773
50.3774
50.3776
50.3778
50.378
50.3781
50.3784
50.3774
50.3857
50.3925
50.3989
50.3996
50.3979
50.3964
50.3947
50.3924
50.3892
50.3863
50.3852
50.3897
50.3936
50.3915
50.3818
50.3672
50.356
50.3475
50.3393
50.3332
50.3399
50.3893
50.3925
50.3924
50.391
50.3894
50.3878
50.3856
50.3824
50.3796
50.3787
50.3838
50.3876
50.3839
50.3718
50.3569
50.3468
50.3388
50.3316
50.3264
50.3324
50.3795
50.3795
50.3785
50.3766
50.3741
50.371
50.3673
50.3627
50.3574
50.3508
50.3432
50.3352
50.3276
50.3207
50.3137
50.3053
50.2958
50.2856
50.2746
50.262
50.3598
50.3569
50.3574
50.3585
50.3573
50.3537
50.348
50.3429
50.3361
50.3307
50.3236
50.3171
50.311
50.3047
50.2986
50.2935
50.2887
50.2848
50.2813
50.2789
50.3516
50.3397
50.3353
50.3343
50.3321
50.3273
50.3209
50.3142
50.3066
50.2993
50.2913
50.2835
50.2759
50.2683
50.2613
50.2548
50.2492
50.2442
50.2404
50.2384
50.3025
50.273
50.2708
50.2712
50.269
50.2677
50.2676
50.2679
50.2683
50.2684
50.2684
50.2686
50.2688
50.269
50.2692
50.2693
50.2694
50.2695
50.2697
50.2697
50.2696
50.2695
50.2694
50.2691
50.2689
50.269
50.2692
50.2694
50.2689
50.2629
50.2409
50.2222
50.2177
50.2216
50.2427
50.2684
50.2808
50.2844
50.2843
50.2821
50.2793
50.2777
50.2768
50.2763
50.2761
50.276
50.276
50.2761
50.2762
50.2763
50.2765
50.2766
50.2768
50.277
50.2772
50.2774
50.2776
50.2778
50.2779
50.2781
50.2782
50.2784
50.2785
50.2786
50.2787
50.2788
50.2789
50.2789
50.279
50.2791
50.2792
50.2792
50.2793
50.2794
50.2795
50.2797
50.2798
50.2799
50.2801
50.2803
50.2806
50.2808
50.2811
50.2814
50.2817
50.2821
50.2825
50.2829
50.2834
50.2838
50.2843
50.2849
50.2854
50.2859
50.2865
50.287
50.2876
50.2881
50.2886
50.2892
50.2897
50.2902
50.2907
50.2911
50.2916
50.292
50.2924
50.2928
50.2932
50.2936
50.2939
50.2943
50.2946
50.2949
50.2953
50.2956
50.2959
50.2963
50.2966
50.297
50.2974
50.2979
50.2983
50.2988
50.2994
50.2999
50.3006
50.3012
50.3019
50.3027
50.3035
50.3043
50.3052
50.3061
50.3071
50.3081
50.3092
50.3103
50.3114
50.3126
50.3138
50.3151
50.3164
50.3177
50.319
50.3203
50.3217
50.3231
50.3245
50.326
50.3274
50.3289
50.3304
50.3319
50.3334
50.335
50.3366
50.3382
50.3398
50.3415
50.3432
50.3449
50.3466
50.3484
50.3503
50.3521
50.354
50.356
50.358
50.36
50.3621
50.3643
50.3665
50.3687
50.371
50.3733
50.3757
50.3782
50.3806
50.3832
50.3858
50.3884
50.3911
50.3938
50.3966
50.3994
50.4023
50.4053
50.4082
50.4112
50.4143
50.4174
50.4206
50.4238
50.4271
50.4304
50.4337
50.4371
50.4406
50.4441
50.4477
50.4513
50.455
50.4588
50.4626
50.4665
50.4704
50.4744
50.4784
50.4826
50.4868
50.491
50.4954
50.4998
50.5042
50.5088
50.5134
50.518
50.5228
50.5276
50.5325
50.5374
50.5425
50.5476
50.5527
50.558
50.5633
50.5686
50.5741
50.5796
50.5852
50.5908
50.5965
50.6023
50.6081
50.6141
50.6201
50.6261
50.6323
50.6385
50.6447
50.6511
50.6575
50.664
50.6705
50.6771
50.6838
50.6906
50.6974
50.7043
50.7113
50.7183
50.7254
50.7326
50.7398
50.7471
50.7545
50.7619
50.7693
50.7769
50.7844
50.7921
50.7998
50.8075
50.8153
50.8231
50.831
50.839
50.847
50.855
50.8631
50.8712
50.8794
50.8877
50.896
50.9043
50.9127
50.9212
50.9297
50.9383
50.9469
50.9556
50.9643
50.9732
50.982
50.991
51
51.009
51.0182
51.0274
51.0367
51.046
51.0554
51.0649
51.0744
51.084
51.0936
51.1034
51.1131
51.123
51.1329
51.1428
51.1529
51.1629
51.173
51.1832
51.1934
51.2036
51.2139
51.2243
51.2347
51.2451
51.2555
51.266
51.2765
51.2871
51.2977
51.3083
51.319
51.3296
51.3404
51.3511
51.3619
51.3727
51.3835
51.3943
51.4052
51.4161
51.427
51.4379
51.4489
51.4599
51.4709
51.4819
51.493
51.504
51.5151
51.5262
51.5373
51.5484
51.5596
51.5707
51.5819
51.5931
51.6043
51.6155
51.6267
51.638
51.6492
51.6605
51.6718
51.6831
51.6944
51.7058
51.7171
51.7285
51.7399
51.7513
51.7628
51.7743
51.7858
51.7973
51.8088
51.8204
51.832
51.8437
51.8553
51.867
51.8787
51.8905
51.9023
51.9141
51.9259
51.9377
51.9496
51.9615
51.9734
51.9853
51.9972
52.0092
52.0211
52.0331
52.045
52.057
52.069
52.0809
52.0928
52.1048
52.1167
52.1286
52.1405
52.1523
52.1642
52.176
52.1878
52.1996
52.2113
52.2231
52.2347
52.2464
52.258
52.2697
52.2812
52.2928
52.3043
52.3158
52.3272
52.3387
52.3501
52.3615
52.3728
52.3842
52.3955
52.4067
52.418
52.4292
52.4404
52.4516
52.4628
52.4739
52.485
52.4961
52.5072
52.5183
52.5293
52.5403
52.5513
52.5622
52.5732
52.5841
52.595
52.6058
52.6167
52.6275
52.6383
52.649
52.6598
52.6705
52.6812
52.6918
52.7024
52.713
52.7236
52.7341
52.7446
52.7551
52.7655
52.7759
52.7863
52.7967
52.807
52.8173
52.8276
52.8378
52.848
52.8582
52.8683
52.8784
52.8885
52.8986
52.9087
52.9187
52.9287
52.9387
52.9486
52.9585
52.9684
52.9783
52.9882
52.998
53.0078
53.0176
53.0274
53.0371
53.0468
53.0565
53.0662
53.0758
53.0854
53.095
53.1045
53.114
53.1235
53.133
53.1424
53.1517
53.161
53.1703
53.1795
53.1887
53.1979
53.207
53.216
53.225
53.2339
53.2428
53.2516
53.2603
53.269
53.2777
53.2862
53.2948
53.3032
53.3116
53.3199
53.3282
53.3364
53.3446
53.3527
53.3608
53.3688
53.3767
53.3846
53.3925
53.4003
53.408
53.4157
53.4234
53.431
53.4386
53.4461
53.4536
53.4611
53.4685
53.4759
53.4832
53.4905
53.4978
53.505
53.5121
53.5193
53.5263
53.5333
53.5403
53.5472
53.5541
53.5609
53.5676
53.5743
53.5809
53.5875
53.594
53.6004
53.6067
53.6129
53.6191
53.6252
53.6312
53.6372
53.643
53.6488
53.6544
53.66
53.6655
53.6709
53.6762
53.6815
53.6866
53.6917
53.6966
53.7015
53.7063
53.711
53.7156
53.7202
53.7246
53.729
53.7332
53.7374
53.7416
53.7456
53.7496
53.7534
53.7572
53.761
53.7646
53.7682
53.7717
53.7751
53.7785
53.7817
53.785
53.7881
53.7912
53.7941
53.7972
53.7998
53.8029
53.8053
53.8083
53.8105
53.8134
53.8154
53.8182
53.8201
53.8228
53.8245
53.8271
53.8286
53.8312
50.3001
50.2726
50.2702
50.2702
50.268
50.2667
50.2665
50.2668
50.2671
50.2672
50.2673
50.2675
50.2677
50.268
50.2681
50.2682
50.2683
50.2684
50.2685
50.2684
50.2683
50.2681
50.2679
50.2677
50.2676
50.2677
50.268
50.2682
50.2678
50.2634
50.2518
50.2447
50.2436
50.2462
50.2568
50.2685
50.2747
50.2771
50.2777
50.2776
50.2771
50.2766
50.2763
50.2761
50.276
50.276
50.276
50.2761
50.2762
50.2764
50.2765
50.2767
50.2769
50.2771
50.2773
50.2775
50.2776
50.2778
50.278
50.2781
50.2783
50.2784
50.2785
50.2787
50.2788
50.2788
50.2789
50.279
50.2791
50.2792
50.2792
50.2793
50.2794
50.2795
50.2796
50.2797
50.2798
50.28
50.2802
50.2804
50.2806
50.2809
50.2811
50.2815
50.2818
50.2822
50.2826
50.283
50.2834
50.2839
50.2844
50.2849
50.2854
50.286
50.2865
50.2871
50.2876
50.2882
50.2887
50.2892
50.2897
50.2902
50.2907
50.2912
50.2916
50.2921
50.2925
50.2929
50.2933
50.2936
50.294
50.2943
50.2947
50.295
50.2953
50.2956
50.296
50.2963
50.2967
50.2971
50.2975
50.2979
50.2984
50.2989
50.2994
50.3
50.3006
50.3013
50.302
50.3027
50.3035
50.3044
50.3052
50.3062
50.3072
50.3082
50.3093
50.3104
50.3115
50.3127
50.3139
50.3151
50.3164
50.3177
50.319
50.3204
50.3218
50.3232
50.3246
50.326
50.3275
50.3289
50.3304
50.332
50.3335
50.335
50.3366
50.3382
50.3399
50.3415
50.3432
50.3449
50.3467
50.3485
50.3503
50.3522
50.3541
50.3561
50.358
50.3601
50.3622
50.3643
50.3665
50.3688
50.371
50.3734
50.3758
50.3782
50.3807
50.3832
50.3858
50.3885
50.3912
50.3939
50.3967
50.3995
50.4024
50.4053
50.4083
50.4113
50.4144
50.4175
50.4206
50.4239
50.4271
50.4304
50.4338
50.4372
50.4407
50.4442
50.4478
50.4514
50.4551
50.4588
50.4626
50.4665
50.4704
50.4744
50.4785
50.4826
50.4868
50.4911
50.4954
50.4998
50.5043
50.5088
50.5134
50.5181
50.5228
50.5277
50.5325
50.5375
50.5425
50.5476
50.5528
50.558
50.5633
50.5687
50.5741
50.5796
50.5852
50.5909
50.5966
50.6024
50.6082
50.6141
50.6201
50.6262
50.6323
50.6385
50.6448
50.6511
50.6575
50.664
50.6706
50.6772
50.6839
50.6907
50.6975
50.7044
50.7114
50.7184
50.7255
50.7327
50.7399
50.7472
50.7545
50.7619
50.7694
50.7769
50.7845
50.7921
50.7998
50.8076
50.8154
50.8232
50.8311
50.839
50.847
50.8551
50.8632
50.8713
50.8795
50.8877
50.896
50.9044
50.9128
50.9212
50.9298
50.9383
50.947
50.9556
50.9644
50.9732
50.9821
50.991
51
51.0091
51.0182
51.0274
51.0367
51.046
51.0554
51.0649
51.0744
51.084
51.0937
51.1034
51.1132
51.123
51.1329
51.1429
51.1529
51.163
51.1731
51.1832
51.1934
51.2037
51.214
51.2243
51.2347
51.2451
51.2556
51.2661
51.2766
51.2872
51.2977
51.3084
51.319
51.3297
51.3404
51.3511
51.3619
51.3727
51.3835
51.3944
51.4052
51.4161
51.4271
51.438
51.449
51.4599
51.4709
51.482
51.493
51.5041
51.5152
51.5262
51.5374
51.5485
51.5596
51.5708
51.582
51.5931
51.6043
51.6156
51.6268
51.638
51.6493
51.6606
51.6719
51.6832
51.6945
51.7058
51.7172
51.7286
51.74
51.7514
51.7628
51.7743
51.7858
51.7973
51.8089
51.8205
51.8321
51.8437
51.8554
51.8671
51.8788
51.8905
51.9023
51.9141
51.9259
51.9378
51.9497
51.9615
51.9734
51.9854
51.9973
52.0092
52.0212
52.0331
52.0451
52.0571
52.069
52.081
52.0929
52.1048
52.1167
52.1286
52.1405
52.1524
52.1642
52.1761
52.1879
52.1996
52.2114
52.2231
52.2348
52.2465
52.2581
52.2697
52.2813
52.2928
52.3043
52.3158
52.3273
52.3387
52.3501
52.3615
52.3729
52.3842
52.3955
52.4068
52.418
52.4293
52.4405
52.4517
52.4628
52.474
52.4851
52.4962
52.5072
52.5183
52.5293
52.5403
52.5513
52.5623
52.5732
52.5841
52.595
52.6059
52.6167
52.6275
52.6383
52.6491
52.6598
52.6705
52.6812
52.6919
52.7025
52.7131
52.7236
52.7342
52.7447
52.7551
52.7656
52.776
52.7864
52.7967
52.807
52.8173
52.8276
52.8378
52.848
52.8582
52.8684
52.8785
52.8886
52.8987
52.9087
52.9187
52.9287
52.9387
52.9487
52.9586
52.9685
52.9784
52.9882
52.9981
53.0079
53.0177
53.0274
53.0372
53.0469
53.0566
53.0662
53.0759
53.0855
53.095
53.1046
53.1141
53.1236
53.133
53.1424
53.1518
53.1611
53.1704
53.1796
53.1888
53.1979
53.207
53.216
53.225
53.2339
53.2428
53.2516
53.2604
53.2691
53.2777
53.2863
53.2948
53.3033
53.3116
53.32
53.3283
53.3365
53.3446
53.3528
53.3608
53.3688
53.3768
53.3847
53.3925
53.4003
53.4081
53.4158
53.4234
53.431
53.4386
53.4462
53.4537
53.4611
53.4685
53.4759
53.4832
53.4905
53.4978
53.505
53.5122
53.5193
53.5264
53.5334
53.5404
53.5473
53.5541
53.5609
53.5677
53.5744
53.581
53.5875
53.594
53.6004
53.6067
53.613
53.6192
53.6252
53.6313
53.6372
53.643
53.6488
53.6545
53.66
53.6655
53.671
53.6763
53.6815
53.6866
53.6917
53.6967
53.7015
53.7063
53.711
53.7157
53.7202
53.7246
53.729
53.7333
53.7375
53.7416
53.7456
53.7496
53.7535
53.7573
53.761
53.7646
53.7682
53.7717
53.7751
53.7785
53.7818
53.785
53.7881
53.7912
53.7941
53.7972
53.7998
53.8029
53.8053
53.8083
53.8105
53.8134
53.8154
53.8183
53.8201
53.8228
53.8245
53.8271
53.8287
53.8313
50.2251
50.2438
50.2528
50.253
50.2515
50.2509
50.2511
50.2513
50.2516
50.2518
50.252
50.2521
50.2523
50.2524
50.2524
50.2523
50.252
50.2519
50.2518
50.2519
50.2521
50.2531
50.2566
50.2611
50.2647
50.2672
50.269
50.2701
50.2709
50.2715
50.2722
50.2729
50.2737
50.2746
50.2752
50.2756
50.2757
50.2758
50.2758
50.2757
50.2757
50.2757
50.2757
50.2757
50.2758
50.2758
50.2759
50.276
50.2762
50.2763
50.2765
50.2767
50.2769
50.2771
50.2773
50.2775
50.2776
50.2778
50.278
50.2781
50.2783
50.2784
50.2785
50.2787
50.2788
50.2788
50.2789
50.279
50.2791
50.2792
50.2792
50.2793
50.2794
50.2795
50.2796
50.2797
50.2798
50.28
50.2802
50.2804
50.2806
50.2809
50.2811
50.2815
50.2818
50.2822
50.2826
50.283
50.2834
50.2839
50.2844
50.2849
50.2854
50.286
50.2865
50.2871
50.2876
50.2882
50.2887
50.2892
50.2897
50.2902
50.2907
50.2912
50.2916
50.2921
50.2925
50.2929
50.2933
50.2936
50.294
50.2943
50.2947
50.295
50.2953
50.2956
50.296
50.2963
50.2967
50.2971
50.2975
50.2979
50.2984
50.2989
50.2994
50.3
50.3006
50.3013
50.302
50.3027
50.3035
50.3044
50.3052
50.3062
50.3072
50.3082
50.3093
50.3104
50.3115
50.3127
50.3139
50.3151
50.3164
50.3177
50.319
50.3204
50.3218
50.3232
50.3246
50.326
50.3275
50.3289
50.3304
50.332
50.3335
50.335
50.3366
50.3382
50.3399
50.3415
50.3432
50.3449
50.3467
50.3485
50.3503
50.3522
50.3541
50.3561
50.358
50.3601
50.3622
50.3643
50.3665
50.3688
50.371
50.3734
50.3758
50.3782
50.3807
50.3832
50.3858
50.3885
50.3912
50.3939
50.3967
50.3995
50.4024
50.4053
50.4083
50.4113
50.4144
50.4175
50.4206
50.4239
50.4271
50.4304
50.4338
50.4372
50.4407
50.4442
50.4478
50.4514
50.4551
50.4588
50.4626
50.4665
50.4704
50.4744
50.4785
50.4826
50.4868
50.4911
50.4954
50.4998
50.5043
50.5088
50.5134
50.5181
50.5228
50.5277
50.5325
50.5375
50.5425
50.5476
50.5528
50.558
50.5633
50.5687
50.5741
50.5796
50.5852
50.5909
50.5966
50.6024
50.6082
50.6141
50.6201
50.6262
50.6323
50.6385
50.6448
50.6511
50.6575
50.664
50.6706
50.6772
50.6839
50.6907
50.6975
50.7044
50.7114
50.7184
50.7255
50.7327
50.7399
50.7472
50.7545
50.7619
50.7694
50.7769
50.7845
50.7921
50.7998
50.8076
50.8154
50.8232
50.8311
50.839
50.847
50.8551
50.8632
50.8713
50.8795
50.8877
50.896
50.9044
50.9128
50.9212
50.9298
50.9383
50.947
50.9556
50.9644
50.9732
50.9821
50.991
51
51.0091
51.0182
51.0274
51.0367
51.046
51.0554
51.0649
51.0744
51.084
51.0937
51.1034
51.1132
51.123
51.1329
51.1429
51.1529
51.163
51.1731
51.1832
51.1934
51.2037
51.214
51.2243
51.2347
51.2451
51.2556
51.2661
51.2766
51.2872
51.2977
51.3084
51.319
51.3297
51.3404
51.3511
51.3619
51.3727
51.3835
51.3944
51.4052
51.4161
51.4271
51.438
51.449
51.4599
51.4709
51.482
51.493
51.5041
51.5152
51.5262
51.5374
51.5485
51.5596
51.5708
51.582
51.5931
51.6043
51.6156
51.6268
51.638
51.6493
51.6606
51.6719
51.6832
51.6945
51.7058
51.7172
51.7286
51.74
51.7514
51.7628
51.7743
51.7858
51.7973
51.8089
51.8205
51.8321
51.8437
51.8554
51.8671
51.8788
51.8905
51.9023
51.9141
51.9259
51.9378
51.9497
51.9615
51.9734
51.9854
51.9973
52.0092
52.0212
52.0331
52.0451
52.0571
52.069
52.081
52.0929
52.1048
52.1167
52.1286
52.1405
52.1524
52.1642
52.1761
52.1879
52.1996
52.2114
52.2231
52.2348
52.2465
52.2581
52.2697
52.2813
52.2928
52.3043
52.3158
52.3273
52.3387
52.3501
52.3615
52.3729
52.3842
52.3955
52.4068
52.418
52.4293
52.4405
52.4517
52.4628
52.474
52.4851
52.4962
52.5072
52.5183
52.5293
52.5403
52.5513
52.5623
52.5732
52.5841
52.595
52.6059
52.6167
52.6275
52.6383
52.6491
52.6598
52.6705
52.6812
52.6919
52.7025
52.7131
52.7236
52.7342
52.7447
52.7551
52.7656
52.776
52.7864
52.7967
52.807
52.8173
52.8276
52.8378
52.848
52.8582
52.8684
52.8785
52.8886
52.8987
52.9087
52.9187
52.9287
52.9387
52.9487
52.9586
52.9685
52.9784
52.9882
52.9981
53.0079
53.0177
53.0274
53.0372
53.0469
53.0566
53.0662
53.0759
53.0855
53.095
53.1046
53.1141
53.1236
53.133
53.1424
53.1518
53.1611
53.1704
53.1796
53.1888
53.1979
53.207
53.216
53.225
53.2339
53.2428
53.2516
53.2604
53.2691
53.2777
53.2863
53.2948
53.3033
53.3116
53.32
53.3283
53.3365
53.3446
53.3528
53.3608
53.3688
53.3768
53.3847
53.3925
53.4003
53.4081
53.4158
53.4234
53.431
53.4386
53.4462
53.4537
53.4611
53.4685
53.4759
53.4832
53.4905
53.4978
53.505
53.5122
53.5193
53.5264
53.5334
53.5404
53.5473
53.5541
53.5609
53.5677
53.5744
53.581
53.5875
53.594
53.6004
53.6067
53.613
53.6192
53.6252
53.6313
53.6372
53.643
53.6488
53.6545
53.66
53.6655
53.671
53.6763
53.6815
53.6866
53.6917
53.6967
53.7015
53.7063
53.711
53.7157
53.7202
53.7246
53.729
53.7333
53.7375
53.7416
53.7456
53.7496
53.7535
53.7573
53.761
53.7646
53.7682
53.7717
53.7751
53.7785
53.7818
53.785
53.7881
53.7912
53.7941
53.7972
53.7998
53.8029
53.8053
53.8083
53.8105
53.8134
53.8154
53.8183
53.8201
53.8228
53.8245
53.8271
53.8287
53.8313
50.2676
50.2665
50.2687
50.2685
50.2672
50.2668
50.267
50.2673
50.2675
50.2676
50.2678
50.268
50.2682
50.2684
50.2687
50.2688
50.269
50.2692
50.2693
50.2693
50.2692
50.2691
50.269
50.2689
50.2685
50.2679
50.2677
50.2677
50.2674
50.2653
50.2627
50.2621
50.2625
50.2643
50.2692
50.2735
50.2759
50.2768
50.2771
50.277
50.2767
50.2764
50.2762
50.276
50.276
50.276
50.276
50.2761
50.2762
50.2764
50.2765
50.2767
50.2769
50.2771
50.2773
50.2775
50.2776
50.2778
50.278
50.2781
50.2783
50.2784
50.2785
50.2787
50.2788
50.2788
50.2789
50.279
50.2791
50.2792
50.2792
50.2793
50.2794
50.2795
50.2796
50.2797
50.2798
50.28
50.2802
50.2804
50.2806
50.2809
50.2811
50.2815
50.2818
50.2822
50.2826
50.283
50.2834
50.2839
50.2844
50.2849
50.2854
50.286
50.2865
50.2871
50.2876
50.2882
50.2887
50.2892
50.2897
50.2902
50.2907
50.2912
50.2916
50.2921
50.2925
50.2929
50.2933
50.2936
50.294
50.2943
50.2947
50.295
50.2953
50.2956
50.296
50.2963
50.2967
50.2971
50.2975
50.2979
50.2984
50.2989
50.2994
50.3
50.3006
50.3013
50.302
50.3027
50.3035
50.3044
50.3052
50.3062
50.3072
50.3082
50.3093
50.3104
50.3115
50.3127
50.3139
50.3151
50.3164
50.3177
50.319
50.3204
50.3218
50.3232
50.3246
50.326
50.3275
50.3289
50.3304
50.332
50.3335
50.335
50.3366
50.3382
50.3399
50.3415
50.3432
50.3449
50.3467
50.3485
50.3503
50.3522
50.3541
50.3561
50.358
50.3601
50.3622
50.3643
50.3665
50.3688
50.371
50.3734
50.3758
50.3782
50.3807
50.3832
50.3858
50.3885
50.3912
50.3939
50.3967
50.3995
50.4024
50.4053
50.4083
50.4113
50.4144
50.4175
50.4206
50.4239
50.4271
50.4304
50.4338
50.4372
50.4407
50.4442
50.4478
50.4514
50.4551
50.4588
50.4626
50.4665
50.4704
50.4744
50.4785
50.4826
50.4868
50.4911
50.4954
50.4998
50.5043
50.5088
50.5134
50.5181
50.5228
50.5277
50.5325
50.5375
50.5425
50.5476
50.5528
50.558
50.5633
50.5687
50.5741
50.5796
50.5852
50.5909
50.5966
50.6024
50.6082
50.6141
50.6201
50.6262
50.6323
50.6385
50.6448
50.6511
50.6575
50.664
50.6706
50.6772
50.6839
50.6907
50.6975
50.7044
50.7114
50.7184
50.7255
50.7327
50.7399
50.7472
50.7545
50.7619
50.7694
50.7769
50.7845
50.7921
50.7998
50.8076
50.8154
50.8232
50.8311
50.839
50.847
50.8551
50.8632
50.8713
50.8795
50.8877
50.896
50.9044
50.9128
50.9212
50.9298
50.9383
50.947
50.9556
50.9644
50.9732
50.9821
50.991
51
51.0091
51.0182
51.0274
51.0367
51.046
51.0554
51.0649
51.0744
51.084
51.0937
51.1034
51.1132
51.123
51.1329
51.1429
51.1529
51.163
51.1731
51.1832
51.1934
51.2037
51.214
51.2243
51.2347
51.2451
51.2556
51.2661
51.2766
51.2872
51.2977
51.3084
51.319
51.3297
51.3404
51.3511
51.3619
51.3727
51.3835
51.3944
51.4052
51.4161
51.4271
51.438
51.449
51.4599
51.4709
51.482
51.493
51.5041
51.5152
51.5262
51.5374
51.5485
51.5596
51.5708
51.582
51.5931
51.6043
51.6156
51.6268
51.638
51.6493
51.6606
51.6719
51.6832
51.6945
51.7058
51.7172
51.7286
51.74
51.7514
51.7628
51.7743
51.7858
51.7973
51.8089
51.8205
51.8321
51.8437
51.8554
51.8671
51.8788
51.8905
51.9023
51.9141
51.9259
51.9378
51.9497
51.9615
51.9734
51.9854
51.9973
52.0092
52.0212
52.0331
52.0451
52.0571
52.069
52.081
52.0929
52.1048
52.1167
52.1286
52.1405
52.1524
52.1642
52.1761
52.1879
52.1996
52.2114
52.2231
52.2348
52.2465
52.2581
52.2697
52.2813
52.2928
52.3043
52.3158
52.3273
52.3387
52.3501
52.3615
52.3729
52.3842
52.3955
52.4068
52.418
52.4293
52.4405
52.4517
52.4628
52.474
52.4851
52.4962
52.5072
52.5183
52.5293
52.5403
52.5513
52.5623
52.5732
52.5841
52.595
52.6059
52.6167
52.6275
52.6383
52.6491
52.6598
52.6705
52.6812
52.6919
52.7025
52.7131
52.7236
52.7342
52.7447
52.7551
52.7656
52.776
52.7864
52.7967
52.807
52.8173
52.8276
52.8378
52.848
52.8582
52.8684
52.8785
52.8886
52.8987
52.9087
52.9187
52.9287
52.9387
52.9487
52.9586
52.9685
52.9784
52.9882
52.9981
53.0079
53.0177
53.0274
53.0372
53.0469
53.0566
53.0662
53.0759
53.0855
53.095
53.1046
53.1141
53.1236
53.133
53.1424
53.1518
53.1611
53.1704
53.1796
53.1888
53.1979
53.207
53.216
53.225
53.2339
53.2428
53.2516
53.2604
53.2691
53.2777
53.2863
53.2948
53.3033
53.3116
53.32
53.3283
53.3365
53.3446
53.3528
53.3608
53.3688
53.3768
53.3847
53.3925
53.4003
53.4081
53.4158
53.4234
53.431
53.4386
53.4462
53.4537
53.4611
53.4685
53.4759
53.4832
53.4905
53.4978
53.505
53.5122
53.5193
53.5264
53.5334
53.5404
53.5473
53.5541
53.5609
53.5677
53.5744
53.581
53.5875
53.594
53.6004
53.6067
53.613
53.6192
53.6252
53.6313
53.6372
53.643
53.6488
53.6545
53.66
53.6655
53.671
53.6763
53.6815
53.6866
53.6917
53.6967
53.7015
53.7063
53.711
53.7157
53.7202
53.7246
53.729
53.7333
53.7375
53.7416
53.7456
53.7496
53.7535
53.7573
53.761
53.7646
53.7682
53.7717
53.7751
53.7785
53.7818
53.785
53.7881
53.7912
53.7941
53.7972
53.7998
53.8029
53.8053
53.8083
53.8105
53.8134
53.8154
53.8183
53.8201
53.8228
53.8245
53.8271
53.8287
53.8313
50.255
50.2586
50.261
50.2611
50.26
50.2595
50.2597
50.2599
50.2601
50.2602
50.2604
50.2605
50.2607
50.2609
50.2611
50.2613
50.2615
50.2616
50.2617
50.2616
50.2615
50.2615
50.2612
50.2606
50.2604
50.2607
50.2611
50.2615
50.2607
50.2532
50.2388
50.2313
50.23
50.2319
50.241
50.254
50.263
50.2687
50.272
50.2738
50.2748
50.2753
50.2755
50.2756
50.2757
50.2758
50.2759
50.276
50.2761
50.2763
50.2765
50.2766
50.2768
50.277
50.2772
50.2774
50.2776
50.2778
50.2779
50.2781
50.2782
50.2784
50.2785
50.2786
50.2787
50.2788
50.2789
50.2789
50.279
50.2791
50.2792
50.2792
50.2793
50.2794
50.2795
50.2797
50.2798
50.2799
50.2801
50.2803
50.2806
50.2808
50.2811
50.2814
50.2817
50.2821
50.2825
50.2829
50.2834
50.2838
50.2843
50.2849
50.2854
50.2859
50.2865
50.287
50.2876
50.2881
50.2886
50.2892
50.2897
50.2902
50.2907
50.2911
50.2916
50.292
50.2924
50.2928
50.2932
50.2936
50.2939
50.2943
50.2946
50.2949
50.2953
50.2956
50.2959
50.2963
50.2966
50.297
50.2974
50.2979
50.2983
50.2988
50.2994
50.2999
50.3006
50.3012
50.3019
50.3027
50.3035
50.3043
50.3052
50.3061
50.3071
50.3081
50.3092
50.3103
50.3114
50.3126
50.3138
50.3151
50.3164
50.3177
50.319
50.3203
50.3217
50.3231
50.3245
50.326
50.3274
50.3289
50.3304
50.3319
50.3334
50.335
50.3366
50.3382
50.3398
50.3415
50.3432
50.3449
50.3466
50.3484
50.3503
50.3521
50.354
50.356
50.358
50.36
50.3621
50.3643
50.3665
50.3687
50.371
50.3733
50.3757
50.3782
50.3806
50.3832
50.3858
50.3884
50.3911
50.3938
50.3966
50.3994
50.4023
50.4053
50.4082
50.4112
50.4143
50.4174
50.4206
50.4238
50.4271
50.4304
50.4337
50.4371
50.4406
50.4441
50.4477
50.4513
50.455
50.4588
50.4626
50.4665
50.4704
50.4744
50.4784
50.4826
50.4868
50.491
50.4954
50.4998
50.5042
50.5088
50.5134
50.518
50.5228
50.5276
50.5325
50.5374
50.5425
50.5476
50.5527
50.558
50.5633
50.5686
50.5741
50.5796
50.5852
50.5908
50.5965
50.6023
50.6081
50.6141
50.6201
50.6261
50.6323
50.6385
50.6447
50.6511
50.6575
50.664
50.6705
50.6771
50.6838
50.6906
50.6974
50.7043
50.7113
50.7183
50.7254
50.7326
50.7398
50.7471
50.7545
50.7619
50.7693
50.7769
50.7844
50.7921
50.7998
50.8075
50.8153
50.8231
50.831
50.839
50.847
50.855
50.8631
50.8712
50.8794
50.8877
50.896
50.9043
50.9127
50.9212
50.9297
50.9383
50.9469
50.9556
50.9643
50.9732
50.982
50.991
51
51.009
51.0182
51.0274
51.0367
51.046
51.0554
51.0649
51.0744
51.084
51.0936
51.1034
51.1131
51.123
51.1329
51.1428
51.1529
51.1629
51.173
51.1832
51.1934
51.2036
51.2139
51.2243
51.2347
51.2451
51.2555
51.266
51.2765
51.2871
51.2977
51.3083
51.319
51.3296
51.3404
51.3511
51.3619
51.3727
51.3835
51.3943
51.4052
51.4161
51.427
51.4379
51.4489
51.4599
51.4709
51.4819
51.493
51.504
51.5151
51.5262
51.5373
51.5484
51.5596
51.5707
51.5819
51.5931
51.6043
51.6155
51.6267
51.638
51.6492
51.6605
51.6718
51.6831
51.6944
51.7058
51.7171
51.7285
51.7399
51.7513
51.7628
51.7743
51.7858
51.7973
51.8088
51.8204
51.832
51.8437
51.8553
51.867
51.8787
51.8905
51.9023
51.9141
51.9259
51.9377
51.9496
51.9615
51.9734
51.9853
51.9972
52.0092
52.0211
52.0331
52.045
52.057
52.069
52.0809
52.0928
52.1048
52.1167
52.1286
52.1405
52.1523
52.1642
52.176
52.1878
52.1996
52.2113
52.2231
52.2347
52.2464
52.258
52.2697
52.2812
52.2928
52.3043
52.3158
52.3272
52.3387
52.3501
52.3615
52.3728
52.3842
52.3955
52.4067
52.418
52.4292
52.4404
52.4516
52.4628
52.4739
52.485
52.4961
52.5072
52.5183
52.5293
52.5403
52.5513
52.5622
52.5732
52.5841
52.595
52.6058
52.6167
52.6275
52.6383
52.649
52.6598
52.6705
52.6812
52.6918
52.7024
52.713
52.7236
52.7341
52.7446
52.7551
52.7655
52.7759
52.7863
52.7967
52.807
52.8173
52.8276
52.8378
52.848
52.8582
52.8683
52.8784
52.8885
52.8986
52.9087
52.9187
52.9287
52.9387
52.9486
52.9585
52.9684
52.9783
52.9882
52.998
53.0078
53.0176
53.0274
53.0371
53.0468
53.0565
53.0662
53.0758
53.0854
53.095
53.1045
53.114
53.1235
53.133
53.1424
53.1517
53.161
53.1703
53.1795
53.1887
53.1979
53.207
53.216
53.225
53.2339
53.2428
53.2516
53.2603
53.269
53.2777
53.2862
53.2948
53.3032
53.3116
53.3199
53.3282
53.3364
53.3446
53.3527
53.3608
53.3688
53.3767
53.3846
53.3925
53.4003
53.408
53.4157
53.4234
53.431
53.4386
53.4461
53.4536
53.4611
53.4685
53.4759
53.4832
53.4905
53.4978
53.505
53.5121
53.5193
53.5263
53.5333
53.5403
53.5472
53.5541
53.5609
53.5676
53.5743
53.5809
53.5875
53.594
53.6004
53.6067
53.6129
53.6191
53.6252
53.6312
53.6372
53.643
53.6488
53.6544
53.66
53.6655
53.6709
53.6762
53.6815
53.6866
53.6917
53.6966
53.7015
53.7063
53.711
53.7156
53.7202
53.7246
53.729
53.7332
53.7374
53.7416
53.7456
53.7496
53.7534
53.7572
53.761
53.7646
53.7682
53.7717
53.7751
53.7785
53.7817
53.785
53.7881
53.7912
53.7941
53.7972
53.7998
53.8029
53.8053
53.8083
53.8105
53.8134
53.8154
53.8182
53.8201
53.8228
53.8245
53.8271
53.8286
53.8312
)
;

boundaryField
{
    inlet
    {
        type            calculated;
        value           nonuniform List<scalar> 5(50.7796 50.7797 50.7797 50.7797 50.7796);
    }
    outlet
    {
        type            calculated;
        value           nonuniform List<scalar> 5(53.8324 53.8324 53.8324 53.8324 53.8324);
    }
    sides
    {
        type            empty;
    }
    walls
    {
        type            calculated;
        value           nonuniform List<scalar> 
2760
(
50.7796
50.7797
50.78
50.7804
50.7807
50.781
50.7814
50.7817
50.7821
50.7823
50.7826
50.7827
50.7828
50.7829
50.7829
50.7829
50.783
50.7831
50.7833
50.7833
50.7833
50.7832
50.783
50.7827
50.7824
50.782
50.7816
50.7811
50.7806
50.7801
50.7795
50.7789
50.7783
50.7777
50.777
50.7763
50.7757
50.775
50.7742
50.7735
50.7728
50.7721
50.7714
50.7707
50.77
50.7693
50.7686
50.7679
50.7672
50.7665
50.7658
50.7651
50.7644
50.7638
50.7631
50.7624
50.7617
50.761
50.7603
50.7596
50.7589
50.7582
50.7575
50.7568
50.7561
50.7554
50.7546
50.7539
50.7532
50.7525
50.7518
50.7511
50.7505
50.7498
50.7491
50.7485
50.7479
50.7473
50.7467
50.7461
50.7455
50.745
50.7445
50.744
50.7435
50.743
50.7425
50.7421
50.7417
50.7413
50.7409
50.7405
50.7402
50.7398
50.7395
50.7392
50.7389
50.7386
50.7384
50.7382
50.738
50.7378
50.7377
50.7376
50.7375
50.7375
50.7374
50.7375
50.7375
50.7376
50.7377
50.7378
50.738
50.7382
50.7384
50.7386
50.7389
50.7392
50.7394
50.7397
50.74
50.7403
50.7405
50.7408
50.741
50.7412
50.7414
50.7415
50.7416
50.7416
50.7417
50.7417
50.7416
50.7415
50.7414
50.7413
50.7411
50.7409
50.7407
50.7405
50.7403
50.7401
50.7398
50.7396
50.7394
50.7392
50.7391
50.7389
50.7388
50.7388
50.7388
50.7388
50.7389
50.739
50.7392
50.7394
50.7397
50.74
50.7403
50.7406
50.741
50.7414
50.7418
50.7421
50.7425
50.7429
50.7433
50.7436
50.744
50.7443
50.7446
50.745
50.7453
50.7455
50.7458
50.7461
50.7463
50.7465
50.7467
50.7469
50.747
50.7471
50.7473
50.7474
50.7475
50.7477
50.7478
50.748
50.7482
50.7484
50.7486
50.7488
50.7491
50.7493
50.7496
50.7499
50.7501
50.7503
50.7509
50.7484
50.7796
50.7797
50.78
50.7804
50.7807
50.781
50.7814
50.7817
50.7821
50.7823
50.7826
50.7827
50.7828
50.7829
50.7829
50.7829
50.783
50.7831
50.7833
50.7833
50.7833
50.7832
50.783
50.7827
50.7824
50.782
50.7816
50.7811
50.7806
50.7801
50.7795
50.7789
50.7783
50.7777
50.777
50.7763
50.7757
50.775
50.7742
50.7735
50.7728
50.7721
50.7714
50.7707
50.77
50.7693
50.7686
50.7679
50.7672
50.7665
50.7658
50.7651
50.7644
50.7638
50.7631
50.7624
50.7617
50.761
50.7603
50.7596
50.7589
50.7582
50.7575
50.7568
50.7561
50.7554
50.7546
50.7539
50.7532
50.7525
50.7518
50.7511
50.7505
50.7498
50.7491
50.7485
50.7479
50.7473
50.7467
50.7461
50.7455
50.745
50.7445
50.744
50.7435
50.743
50.7425
50.7421
50.7417
50.7413
50.7409
50.7405
50.7402
50.7398
50.7395
50.7392
50.7389
50.7386
50.7384
50.7382
50.738
50.7378
50.7377
50.7376
50.7375
50.7375
50.7374
50.7375
50.7375
50.7376
50.7377
50.7378
50.738
50.7382
50.7384
50.7386
50.7389
50.7392
50.7394
50.7397
50.74
50.7403
50.7405
50.7408
50.741
50.7412
50.7414
50.7415
50.7416
50.7416
50.7417
50.7417
50.7416
50.7415
50.7414
50.7413
50.7411
50.7409
50.7407
50.7405
50.7403
50.7401
50.7398
50.7396
50.7394
50.7392
50.7391
50.7389
50.7388
50.7388
50.7388
50.7388
50.7389
50.739
50.7392
50.7394
50.7397
50.74
50.7403
50.7406
50.741
50.7414
50.7418
50.7421
50.7425
50.7429
50.7433
50.7436
50.744
50.7443
50.7446
50.745
50.7453
50.7455
50.7458
50.7461
50.7463
50.7465
50.7467
50.7469
50.747
50.7472
50.7473
50.7474
50.7475
50.7477
50.7478
50.748
50.7482
50.7484
50.7486
50.7488
50.7491
50.7494
50.7496
50.7499
50.7501
50.7505
50.7493
50.7609
50.7655
50.7718
50.7725
50.7708
50.7692
50.7676
50.7652
50.7618
50.7586
50.7567
50.7591
50.7645
50.7652
50.7572
50.7425
50.7291
50.7199
50.7116
50.704
50.7068
50.7213
50.7099
50.7058
50.705
50.7028
50.6981
50.6921
50.6843
50.6773
50.669
50.6615
50.6534
50.6458
50.638
50.631
50.6243
50.6189
50.614
50.6105
50.6088
50.6872
50.6529
50.6397
50.64
50.6404
50.6386
50.6368
50.6365
50.6369
50.637
50.6369
50.637
50.6373
50.6375
50.6377
50.6379
50.6382
50.6386
50.6387
50.6386
50.6385
50.6385
50.6386
50.6387
50.6388
50.6395
50.6398
50.6392
50.6384
50.6378
50.6376
50.6375
50.6374
50.6372
50.6372
50.6372
50.6373
50.637
50.6341
50.6193
50.5925
50.5789
50.5774
50.5848
50.6123
50.6371
50.6486
50.6517
50.6514
50.6488
50.6457
50.6437
50.6425
50.6418
50.6413
50.641
50.6407
50.6405
50.6403
50.6401
50.64
50.6398
50.6396
50.6395
50.6393
50.6391
50.6389
50.6387
50.6385
50.6382
50.6379
50.6376
50.6373
50.6369
50.6365
50.6361
50.6356
50.6352
50.6347
50.6342
50.6336
50.6331
50.6325
50.6319
50.6313
50.6307
50.6301
50.6295
50.6289
50.6283
50.6277
50.6271
50.6266
50.626
50.6255
50.625
50.6245
50.6241
50.6236
50.6232
50.6228
50.6225
50.6221
50.6218
50.6215
50.6212
50.6209
50.6206
50.6203
50.62
50.6198
50.6195
50.6192
50.6189
50.6186
50.6183
50.618
50.6177
50.6173
50.6169
50.6165
50.6161
50.6156
50.6151
50.6146
50.6141
50.6136
50.613
50.6124
50.6117
50.6111
50.6104
50.6097
50.609
50.6083
50.6076
50.6069
50.6061
50.6054
50.6047
50.604
50.6033
50.6026
50.602
50.6014
50.6008
50.6002
50.5996
50.5991
50.5986
50.5981
50.5977
50.5973
50.5969
50.5965
50.5961
50.5958
50.5954
50.5951
50.5947
50.5944
50.5941
50.5937
50.5934
50.5931
50.5927
50.5924
50.592
50.5916
50.5913
50.5909
50.5906
50.5902
50.5898
50.5894
50.5891
50.5887
50.5883
50.5879
50.5876
50.5872
50.5868
50.5864
50.586
50.5857
50.5854
50.585
50.5847
50.5845
50.5842
50.584
50.5839
50.5837
50.5837
50.5836
50.5836
50.5836
50.5838
50.5828
50.5909
50.6283
50.6307
50.63
50.6294
50.6284
50.6278
50.6279
50.6281
50.6284
50.6285
50.6287
50.6289
50.6292
50.6295
50.6298
50.63
50.6302
50.6304
50.6305
50.6307
50.6308
50.6309
50.6309
50.631
50.6309
50.6307
50.6304
50.6302
50.63
50.6299
50.6295
50.6288
50.6285
50.6286
50.629
50.6294
50.6293
50.6264
50.6134
50.5982
50.5912
50.5901
50.5922
50.6021
50.6159
50.6257
50.6323
50.6363
50.6387
50.64
50.6406
50.6409
50.6409
50.6409
50.6408
50.6406
50.6405
50.6404
50.6402
50.6401
50.6399
50.6398
50.6396
50.6395
50.6393
50.6391
50.6389
50.6387
50.6385
50.6382
50.6379
50.6376
50.6373
50.6369
50.6365
50.6361
50.6356
50.6352
50.6347
50.6342
50.6336
50.6331
50.6325
50.6319
50.6313
50.6307
50.6301
50.6295
50.6289
50.6283
50.6277
50.6271
50.6266
50.626
50.6255
50.625
50.6245
50.6241
50.6236
50.6232
50.6228
50.6225
50.6221
50.6218
50.6215
50.6212
50.6209
50.6206
50.6203
50.62
50.6198
50.6195
50.6192
50.6189
50.6186
50.6183
50.618
50.6177
50.6173
50.6169
50.6165
50.6161
50.6156
50.6151
50.6146
50.6141
50.6136
50.613
50.6124
50.6117
50.6111
50.6104
50.6097
50.609
50.6083
50.6076
50.6069
50.6061
50.6054
50.6047
50.604
50.6033
50.6026
50.602
50.6014
50.6008
50.6002
50.5996
50.5991
50.5986
50.5981
50.5977
50.5973
50.5969
50.5965
50.5961
50.5958
50.5954
50.5951
50.5947
50.5944
50.5941
50.5937
50.5934
50.5931
50.5927
50.5924
50.592
50.5916
50.5913
50.5909
50.5906
50.5902
50.5898
50.5894
50.5891
50.5887
50.5883
50.5879
50.5876
50.5872
50.5868
50.5864
50.586
50.5857
50.5853
50.585
50.5847
50.5845
50.5842
50.584
50.5839
50.5837
50.5837
50.5836
50.5836
50.5837
50.5838
50.5843
50.5832
50.5572
50.5454
50.5411
50.5402
50.538
50.5334
50.5271
50.5205
50.5131
50.5058
50.4982
50.4903
50.4831
50.4758
50.4695
50.4635
50.4586
50.4542
50.451
50.4495
50.5978
50.6042
50.6049
50.6032
50.6016
50.5999
50.5976
50.5952
50.5942
50.5978
50.5996
50.5959
50.5866
50.5745
50.5653
50.5576
50.5505
50.5459
50.55
50.565
50.4678
50.4702
50.4702
50.4696
50.4688
50.4686
50.4688
50.4691
50.4693
50.4694
50.4696
50.4697
50.4699
50.47
50.4701
50.4701
50.4701
50.4701
50.47
50.4699
50.4699
50.4697
50.4696
50.4693
50.4689
50.4686
50.4683
50.4681
50.4679
50.4677
50.4675
50.4669
50.4663
50.4662
50.4664
50.467
50.4674
50.4672
50.463
50.4481
50.4346
50.4292
50.4289
50.4321
50.4438
50.457
50.4664
50.4726
50.4767
50.4791
50.4806
50.4816
50.4821
50.4825
50.4828
50.4831
50.4833
50.4835
50.4837
50.4839
50.484
50.4842
50.4843
50.4844
50.4845
50.4846
50.4846
50.4846
50.4846
50.4846
50.4846
50.4845
50.4844
50.4843
50.4842
50.484
50.4839
50.4837
50.4835
50.4833
50.4831
50.4829
50.4826
50.4824
50.4822
50.482
50.4818
50.4816
50.4815
50.4813
50.4812
50.4812
50.4811
50.4811
50.4811
50.4812
50.4812
50.4814
50.4805
50.4883
50.5216
50.4827
50.4793
50.4839
50.4822
50.478
50.4768
50.4775
50.4778
50.4777
50.4775
50.4775
50.4777
50.4778
50.4778
50.4779
50.4781
50.4782
50.4779
50.4775
50.4773
50.4772
50.4771
50.4771
50.4775
50.4776
50.477
50.4762
50.4756
50.4753
50.4752
50.4751
50.475
50.4749
50.4746
50.4745
50.4746
50.4747
50.4744
50.4712
50.4553
50.4308
50.4193
50.4187
50.4269
50.4543
50.4773
50.4881
50.4912
50.4912
50.489
50.4863
50.4848
50.4841
50.4837
50.4836
50.4836
50.4837
50.4838
50.484
50.4841
50.4842
50.4843
50.4844
50.4845
50.4846
50.4846
50.4846
50.4846
50.4846
50.4846
50.4845
50.4844
50.4843
50.4842
50.484
50.4839
50.4837
50.4835
50.4833
50.4831
50.4829
50.4826
50.4824
50.4822
50.482
50.4818
50.4816
50.4815
50.4813
50.4812
50.4812
50.4811
50.4811
50.4811
50.4812
50.4813
50.4814
50.482
50.481
50.455
50.4431
50.4387
50.4378
50.4356
50.431
50.4246
50.4181
50.4105
50.4032
50.3956
50.3877
50.3805
50.3731
50.3668
50.3607
50.3558
50.3513
50.3481
50.3465
50.4955
50.5019
50.5026
50.5009
50.4994
50.4976
50.4954
50.493
50.492
50.4954
50.4975
50.4944
50.4855
50.473
50.4635
50.4556
50.4483
50.4431
50.4459
50.461
50.3648
50.3671
50.3674
50.3669
50.3661
50.3659
50.3662
50.3665
50.3667
50.3669
50.3671
50.3673
50.3675
50.3676
50.3677
50.3678
50.3679
50.3679
50.368
50.368
50.3679
50.3679
50.3677
50.3676
50.3674
50.367
50.3667
50.3664
50.3662
50.3659
50.3652
50.3646
50.3645
50.3647
50.3652
50.3655
50.3649
50.3589
50.3428
50.3313
50.3274
50.3278
50.3325
50.3458
50.3579
50.3662
50.3717
50.375
50.377
50.3782
50.3789
50.3793
50.3795
50.3797
50.3799
50.38
50.3801
50.3803
50.3804
50.3805
50.3807
50.3808
50.3809
50.381
50.3811
50.3812
50.3812
50.3812
50.3813
50.3813
50.3812
50.3812
50.3811
50.3811
50.381
50.3809
50.3808
50.3806
50.3805
50.3804
50.3802
50.3801
50.3799
50.3798
50.3796
50.3795
50.3794
50.3792
50.3791
50.379
50.379
50.3789
50.3788
50.3788
50.3788
50.3787
50.3787
50.3787
50.3788
50.3788
50.3788
50.3788
50.3789
50.3789
50.379
50.3791
50.3791
50.3792
50.3792
50.3793
50.3793
50.3793
50.3794
50.3794
50.3794
50.3794
50.3794
50.3794
50.3794
50.3793
50.3793
50.3793
50.3792
50.3791
50.3791
50.379
50.3789
50.3788
50.3787
50.3787
50.3786
50.3785
50.3784
50.3783
50.3783
50.3782
50.3782
50.3781
50.3781
50.3781
50.3781
50.3781
50.3781
50.3782
50.3782
50.3783
50.3783
50.3784
50.3784
50.3785
50.3786
50.3786
50.3786
50.3787
50.3787
50.3787
50.3787
50.3787
50.3786
50.3786
50.3785
50.3785
50.3784
50.3783
50.3782
50.3782
50.3781
50.378
50.3779
50.3778
50.3777
50.3776
50.3775
50.3774
50.3773
50.3772
50.3771
50.377
50.3769
50.3769
50.3768
50.3768
50.3767
50.3767
50.3767
50.3767
50.3768
50.3768
50.3769
50.377
50.3771
50.3773
50.3774
50.3776
50.3778
50.378
50.3782
50.3784
50.379
50.3778
50.4182
50.3802
50.3766
50.3809
50.3789
50.3751
50.3742
50.3748
50.3751
50.3751
50.3751
50.3752
50.3754
50.3755
50.3756
50.3757
50.3757
50.3757
50.3756
50.3755
50.3754
50.3753
50.3752
50.3752
50.3756
50.376
50.3755
50.3746
50.3739
50.3735
50.3734
50.3733
50.3731
50.3729
50.3729
50.373
50.3731
50.3723
50.3666
50.3453
50.3243
50.3173
50.3189
50.3332
50.3623
50.3801
50.3872
50.3886
50.3878
50.3849
50.3827
50.3814
50.3807
50.3804
50.3803
50.3803
50.3803
50.3804
50.3805
50.3806
50.3807
50.3808
50.3809
50.381
50.3811
50.3812
50.3812
50.3812
50.3813
50.3813
50.3812
50.3812
50.3811
50.3811
50.381
50.3809
50.3808
50.3806
50.3805
50.3804
50.3802
50.3801
50.3799
50.3798
50.3796
50.3795
50.3794
50.3792
50.3791
50.379
50.379
50.3789
50.3788
50.3788
50.3788
50.3787
50.3787
50.3787
50.3788
50.3788
50.3788
50.3788
50.3789
50.3789
50.379
50.3791
50.3791
50.3792
50.3792
50.3793
50.3793
50.3793
50.3794
50.3794
50.3794
50.3794
50.3794
50.3794
50.3794
50.3793
50.3793
50.3793
50.3792
50.3791
50.3791
50.379
50.3789
50.3788
50.3787
50.3787
50.3786
50.3785
50.3784
50.3783
50.3783
50.3782
50.3782
50.3781
50.3781
50.3781
50.3781
50.3781
50.3781
50.3782
50.3782
50.3783
50.3783
50.3784
50.3784
50.3785
50.3786
50.3786
50.3786
50.3787
50.3787
50.3787
50.3787
50.3787
50.3786
50.3786
50.3785
50.3785
50.3784
50.3783
50.3782
50.3782
50.3781
50.378
50.3779
50.3778
50.3777
50.3776
50.3775
50.3774
50.3773
50.3772
50.3771
50.377
50.3769
50.3769
50.3768
50.3768
50.3767
50.3767
50.3767
50.3767
50.3768
50.3768
50.3769
50.377
50.3771
50.3773
50.3774
50.3776
50.3778
50.378
50.3781
50.3784
50.3774
50.3857
50.3925
50.3989
50.3996
50.3979
50.3964
50.3947
50.3924
50.3892
50.3863
50.3852
50.3897
50.3936
50.3915
50.3818
50.3672
50.356
50.3475
50.3393
50.3332
50.3399
50.3516
50.3397
50.3353
50.3343
50.3321
50.3273
50.3209
50.3142
50.3066
50.2993
50.2913
50.2835
50.2759
50.2683
50.2613
50.2548
50.2492
50.2442
50.2404
50.2384
50.3025
50.273
50.2708
50.2712
50.269
50.2677
50.2676
50.2679
50.2683
50.2684
50.2684
50.2686
50.2688
50.269
50.2692
50.2693
50.2694
50.2695
50.2697
50.2697
50.2696
50.2695
50.2694
50.2691
50.2689
50.269
50.2692
50.2694
50.2689
50.2629
50.2409
50.2222
50.2177
50.2216
50.2427
50.2684
50.2808
50.2844
50.2843
50.2821
50.2793
50.2777
50.2768
50.2763
50.2761
50.276
50.276
50.2761
50.2762
50.2763
50.2765
50.2766
50.2768
50.277
50.2772
50.2774
50.2776
50.2778
50.2779
50.2781
50.2782
50.2784
50.2785
50.2786
50.2787
50.2788
50.2789
50.2789
50.279
50.2791
50.2792
50.2792
50.2793
50.2794
50.2795
50.2797
50.2798
50.2799
50.2801
50.2803
50.2806
50.2808
50.2811
50.2814
50.2817
50.2821
50.2825
50.2829
50.2834
50.2838
50.2843
50.2849
50.2854
50.2859
50.2865
50.287
50.2876
50.2881
50.2886
50.2892
50.2897
50.2902
50.2907
50.2911
50.2916
50.292
50.2924
50.2928
50.2932
50.2936
50.2939
50.2943
50.2946
50.2949
50.2953
50.2956
50.2959
50.2963
50.2966
50.297
50.2974
50.2979
50.2983
50.2988
50.2994
50.2999
50.3006
50.3012
50.3019
50.3027
50.3035
50.3043
50.3052
50.3061
50.3071
50.3081
50.3092
50.3103
50.3114
50.3126
50.3138
50.3151
50.3164
50.3177
50.319
50.3203
50.3217
50.3231
50.3245
50.326
50.3274
50.3289
50.3304
50.3319
50.3334
50.335
50.3366
50.3382
50.3398
50.3415
50.3432
50.3449
50.3466
50.3484
50.3503
50.3521
50.354
50.356
50.358
50.36
50.3621
50.3643
50.3665
50.3687
50.371
50.3733
50.3757
50.3782
50.3806
50.3832
50.3858
50.3884
50.3911
50.3938
50.3966
50.3994
50.4023
50.4053
50.4082
50.4112
50.4143
50.4174
50.4206
50.4238
50.4271
50.4304
50.4337
50.4371
50.4406
50.4441
50.4477
50.4513
50.455
50.4588
50.4626
50.4665
50.4704
50.4744
50.4784
50.4826
50.4868
50.491
50.4954
50.4998
50.5042
50.5088
50.5134
50.518
50.5228
50.5276
50.5325
50.5374
50.5425
50.5476
50.5527
50.558
50.5633
50.5686
50.5741
50.5796
50.5852
50.5908
50.5965
50.6023
50.6081
50.6141
50.6201
50.6261
50.6323
50.6385
50.6447
50.6511
50.6575
50.664
50.6705
50.6771
50.6838
50.6906
50.6974
50.7043
50.7113
50.7183
50.7254
50.7326
50.7398
50.7471
50.7545
50.7619
50.7693
50.7769
50.7844
50.7921
50.7998
50.8075
50.8153
50.8231
50.831
50.839
50.847
50.855
50.8631
50.8712
50.8794
50.8877
50.896
50.9043
50.9127
50.9212
50.9297
50.9383
50.9469
50.9556
50.9643
50.9732
50.982
50.991
51
51.009
51.0182
51.0274
51.0367
51.046
51.0554
51.0649
51.0744
51.084
51.0936
51.1034
51.1131
51.123
51.1329
51.1428
51.1529
51.1629
51.173
51.1832
51.1934
51.2036
51.2139
51.2243
51.2347
51.2451
51.2555
51.266
51.2765
51.2871
51.2977
51.3083
51.319
51.3296
51.3404
51.3511
51.3619
51.3727
51.3835
51.3943
51.4052
51.4161
51.427
51.4379
51.4489
51.4599
51.4709
51.4819
51.493
51.504
51.5151
51.5262
51.5373
51.5484
51.5596
51.5707
51.5819
51.5931
51.6043
51.6155
51.6267
51.638
51.6492
51.6605
51.6718
51.6831
51.6944
51.7058
51.7171
51.7285
51.7399
51.7513
51.7628
51.7743
51.7858
51.7973
51.8088
51.8204
51.832
51.8437
51.8553
51.867
51.8787
51.8905
51.9023
51.9141
51.9259
51.9377
51.9496
51.9615
51.9734
51.9853
51.9972
52.0092
52.0211
52.0331
52.045
52.057
52.069
52.0809
52.0928
52.1048
52.1167
52.1286
52.1405
52.1523
52.1642
52.176
52.1878
52.1996
52.2113
52.2231
52.2347
52.2464
52.258
52.2697
52.2812
52.2928
52.3043
52.3158
52.3272
52.3387
52.3501
52.3615
52.3728
52.3842
52.3955
52.4067
52.418
52.4292
52.4404
52.4516
52.4628
52.4739
52.485
52.4961
52.5072
52.5183
52.5293
52.5403
52.5513
52.5622
52.5732
52.5841
52.595
52.6058
52.6167
52.6275
52.6383
52.649
52.6598
52.6705
52.6812
52.6918
52.7024
52.713
52.7236
52.7341
52.7446
52.7551
52.7655
52.7759
52.7863
52.7967
52.807
52.8173
52.8276
52.8378
52.848
52.8582
52.8683
52.8784
52.8885
52.8986
52.9087
52.9187
52.9287
52.9387
52.9486
52.9585
52.9684
52.9783
52.9882
52.998
53.0078
53.0176
53.0274
53.0371
53.0468
53.0565
53.0662
53.0758
53.0854
53.095
53.1045
53.114
53.1235
53.133
53.1424
53.1517
53.161
53.1703
53.1795
53.1887
53.1979
53.207
53.216
53.225
53.2339
53.2428
53.2516
53.2603
53.269
53.2777
53.2862
53.2948
53.3032
53.3116
53.3199
53.3282
53.3364
53.3446
53.3527
53.3608
53.3688
53.3767
53.3846
53.3925
53.4003
53.408
53.4157
53.4234
53.431
53.4386
53.4461
53.4536
53.4611
53.4685
53.4759
53.4832
53.4905
53.4978
53.505
53.5121
53.5193
53.5263
53.5333
53.5403
53.5472
53.5541
53.5609
53.5676
53.5743
53.5809
53.5875
53.594
53.6004
53.6067
53.6129
53.6191
53.6252
53.6312
53.6372
53.643
53.6488
53.6544
53.66
53.6655
53.6709
53.6762
53.6815
53.6866
53.6917
53.6966
53.7015
53.7063
53.711
53.7156
53.7202
53.7246
53.729
53.7332
53.7374
53.7416
53.7456
53.7496
53.7534
53.7572
53.761
53.7646
53.7682
53.7717
53.7751
53.7785
53.7817
53.785
53.7881
53.7912
53.7941
53.7972
53.7998
53.8029
53.8053
53.8083
53.8105
53.8134
53.8154
53.8182
53.8201
53.8228
53.8245
53.8271
53.8286
53.8312
50.255
50.2586
50.261
50.2611
50.26
50.2595
50.2597
50.2599
50.2601
50.2602
50.2604
50.2605
50.2607
50.2609
50.2611
50.2613
50.2615
50.2616
50.2617
50.2616
50.2615
50.2615
50.2612
50.2606
50.2604
50.2607
50.2611
50.2615
50.2607
50.2532
50.2388
50.2313
50.23
50.2319
50.241
50.254
50.263
50.2687
50.272
50.2738
50.2748
50.2753
50.2755
50.2756
50.2757
50.2758
50.2759
50.276
50.2761
50.2763
50.2765
50.2766
50.2768
50.277
50.2772
50.2774
50.2776
50.2778
50.2779
50.2781
50.2782
50.2784
50.2785
50.2786
50.2787
50.2788
50.2789
50.2789
50.279
50.2791
50.2792
50.2792
50.2793
50.2794
50.2795
50.2797
50.2798
50.2799
50.2801
50.2803
50.2806
50.2808
50.2811
50.2814
50.2817
50.2821
50.2825
50.2829
50.2834
50.2838
50.2843
50.2849
50.2854
50.2859
50.2865
50.287
50.2876
50.2881
50.2886
50.2892
50.2897
50.2902
50.2907
50.2911
50.2916
50.292
50.2924
50.2928
50.2932
50.2936
50.2939
50.2943
50.2946
50.2949
50.2953
50.2956
50.2959
50.2963
50.2966
50.297
50.2974
50.2979
50.2983
50.2988
50.2994
50.2999
50.3006
50.3012
50.3019
50.3027
50.3035
50.3043
50.3052
50.3061
50.3071
50.3081
50.3092
50.3103
50.3114
50.3126
50.3138
50.3151
50.3164
50.3177
50.319
50.3203
50.3217
50.3231
50.3245
50.326
50.3274
50.3289
50.3304
50.3319
50.3334
50.335
50.3366
50.3382
50.3398
50.3415
50.3432
50.3449
50.3466
50.3484
50.3503
50.3521
50.354
50.356
50.358
50.36
50.3621
50.3643
50.3665
50.3687
50.371
50.3733
50.3757
50.3782
50.3806
50.3832
50.3858
50.3884
50.3911
50.3938
50.3966
50.3994
50.4023
50.4053
50.4082
50.4112
50.4143
50.4174
50.4206
50.4238
50.4271
50.4304
50.4337
50.4371
50.4406
50.4441
50.4477
50.4513
50.455
50.4588
50.4626
50.4665
50.4704
50.4744
50.4784
50.4826
50.4868
50.491
50.4954
50.4998
50.5042
50.5088
50.5134
50.518
50.5228
50.5276
50.5325
50.5374
50.5425
50.5476
50.5527
50.558
50.5633
50.5686
50.5741
50.5796
50.5852
50.5908
50.5965
50.6023
50.6081
50.6141
50.6201
50.6261
50.6323
50.6385
50.6447
50.6511
50.6575
50.664
50.6705
50.6771
50.6838
50.6906
50.6974
50.7043
50.7113
50.7183
50.7254
50.7326
50.7398
50.7471
50.7545
50.7619
50.7693
50.7769
50.7844
50.7921
50.7998
50.8075
50.8153
50.8231
50.831
50.839
50.847
50.855
50.8631
50.8712
50.8794
50.8877
50.896
50.9043
50.9127
50.9212
50.9297
50.9383
50.9469
50.9556
50.9643
50.9732
50.982
50.991
51
51.009
51.0182
51.0274
51.0367
51.046
51.0554
51.0649
51.0744
51.084
51.0936
51.1034
51.1131
51.123
51.1329
51.1428
51.1529
51.1629
51.173
51.1832
51.1934
51.2036
51.2139
51.2243
51.2347
51.2451
51.2555
51.266
51.2765
51.2871
51.2977
51.3083
51.319
51.3296
51.3404
51.3511
51.3619
51.3727
51.3835
51.3943
51.4052
51.4161
51.427
51.4379
51.4489
51.4599
51.4709
51.4819
51.493
51.504
51.5151
51.5262
51.5373
51.5484
51.5596
51.5707
51.5819
51.5931
51.6043
51.6155
51.6267
51.638
51.6492
51.6605
51.6718
51.6831
51.6944
51.7058
51.7171
51.7285
51.7399
51.7513
51.7628
51.7743
51.7858
51.7973
51.8088
51.8204
51.832
51.8437
51.8553
51.867
51.8787
51.8905
51.9023
51.9141
51.9259
51.9377
51.9496
51.9615
51.9734
51.9853
51.9972
52.0092
52.0211
52.0331
52.045
52.057
52.069
52.0809
52.0928
52.1048
52.1167
52.1286
52.1405
52.1523
52.1642
52.176
52.1878
52.1996
52.2113
52.2231
52.2347
52.2464
52.258
52.2697
52.2812
52.2928
52.3043
52.3158
52.3272
52.3387
52.3501
52.3615
52.3728
52.3842
52.3955
52.4067
52.418
52.4292
52.4404
52.4516
52.4628
52.4739
52.485
52.4961
52.5072
52.5183
52.5293
52.5403
52.5513
52.5622
52.5732
52.5841
52.595
52.6058
52.6167
52.6275
52.6383
52.649
52.6598
52.6705
52.6812
52.6918
52.7024
52.713
52.7236
52.7341
52.7446
52.7551
52.7655
52.7759
52.7863
52.7967
52.807
52.8173
52.8276
52.8378
52.848
52.8582
52.8683
52.8784
52.8885
52.8986
52.9087
52.9187
52.9287
52.9387
52.9486
52.9585
52.9684
52.9783
52.9882
52.998
53.0078
53.0176
53.0274
53.0371
53.0468
53.0565
53.0662
53.0758
53.0854
53.095
53.1045
53.114
53.1235
53.133
53.1424
53.1517
53.161
53.1703
53.1795
53.1887
53.1979
53.207
53.216
53.225
53.2339
53.2428
53.2516
53.2603
53.269
53.2777
53.2862
53.2948
53.3032
53.3116
53.3199
53.3282
53.3364
53.3446
53.3527
53.3608
53.3688
53.3767
53.3846
53.3925
53.4003
53.408
53.4157
53.4234
53.431
53.4386
53.4461
53.4536
53.4611
53.4685
53.4759
53.4832
53.4905
53.4978
53.505
53.5121
53.5193
53.5263
53.5333
53.5403
53.5472
53.5541
53.5609
53.5676
53.5743
53.5809
53.5875
53.594
53.6004
53.6067
53.6129
53.6191
53.6252
53.6312
53.6372
53.643
53.6488
53.6544
53.66
53.6655
53.6709
53.6762
53.6815
53.6866
53.6917
53.6966
53.7015
53.7063
53.711
53.7156
53.7202
53.7246
53.729
53.7332
53.7374
53.7416
53.7456
53.7496
53.7534
53.7572
53.761
53.7646
53.7682
53.7717
53.7751
53.7785
53.7817
53.785
53.7881
53.7912
53.7941
53.7972
53.7998
53.8029
53.8053
53.8083
53.8105
53.8134
53.8154
53.8182
53.8201
53.8228
53.8245
53.8271
53.8286
53.8312
)
;
    }
}


// ************************************************************************* //
