/*--------------------------------*- C++ -*----------------------------------*\
| =========                 |                                                 |
| \\      /  F ield         | OpenFOAM: The Open Source CFD Toolbox           |
|  \\    /   O peration     | Version:  3.0.x                                 |
|   \\  /    A nd           | Web:      www.OpenFOAM.org                      |
|    \\/     M anipulation  |                                                 |
\*---------------------------------------------------------------------------*/
FoamFile
{
    version     2.0;
    format      ascii;
    class       volScalarField;
    location    "0.19";
    object      T;
}
// * * * * * * * * * * * * * * * * * * * * * * * * * * * * * * * * * * * * * //

dimensions      [0 0 0 1 0 0 0];

internalField   nonuniform List<scalar> 
6900
(
774.017
774.016
774.014
774.01
774.007
774.005
774.002
773.998
773.995
773.993
773.991
773.991
773.99
773.99
773.99
773.989
773.988
773.984
773.98
773.977
773.974
773.971
773.969
773.967
773.966
773.965
773.963
773.962
773.96
773.958
773.957
773.955
773.953
773.951
773.949
773.947
773.945
773.943
773.941
773.938
773.936
773.934
773.932
773.93
773.928
773.925
773.923
773.921
773.919
773.917
773.915
773.913
773.911
773.908
773.906
773.904
773.902
773.9
773.898
773.896
773.894
773.891
773.889
773.887
773.885
773.883
773.881
773.878
773.876
773.874
773.872
773.87
773.868
773.866
773.864
773.862
773.86
773.858
773.856
773.854
773.853
773.851
773.85
773.848
773.846
773.845
773.844
773.842
773.841
773.84
773.839
773.837
773.836
773.835
773.834
773.833
773.833
773.832
773.831
773.83
773.83
773.829
773.829
773.828
773.828
773.828
773.828
773.828
773.828
773.828
773.829
773.829
773.83
773.83
773.831
773.832
773.832
773.833
773.834
773.835
773.836
773.837
773.837
773.838
773.839
773.839
773.84
773.84
773.841
773.841
773.841
773.841
773.841
773.841
773.84
773.84
773.839
773.839
773.838
773.837
773.837
773.836
773.835
773.835
773.834
773.833
773.833
773.833
773.832
773.832
773.832
773.832
773.832
773.833
773.833
773.834
773.835
773.836
773.837
773.838
773.839
773.84
773.841
773.842
773.844
773.845
773.846
773.847
773.848
773.849
773.85
773.851
773.852
773.853
773.854
773.854
773.855
773.856
773.856
773.857
773.857
773.858
773.858
773.858
773.859
773.859
773.86
773.86
773.861
773.861
773.862
773.863
773.864
773.865
773.865
773.866
773.867
773.869
773.869
773.934
774.016
774.015
774.012
774.009
774.006
774.003
774
773.997
773.994
773.992
773.99
773.989
773.989
773.989
773.988
773.988
773.986
773.983
773.979
773.976
773.973
773.97
773.968
773.966
773.965
773.964
773.962
773.961
773.959
773.958
773.956
773.954
773.952
773.95
773.948
773.946
773.944
773.942
773.94
773.938
773.935
773.933
773.931
773.929
773.927
773.924
773.922
773.92
773.918
773.916
773.914
773.912
773.91
773.908
773.905
773.903
773.901
773.899
773.897
773.895
773.893
773.891
773.888
773.886
773.884
773.882
773.88
773.878
773.875
773.873
773.871
773.869
773.867
773.865
773.863
773.861
773.859
773.857
773.855
773.854
773.852
773.85
773.849
773.847
773.846
773.844
773.843
773.841
773.84
773.839
773.838
773.836
773.835
773.834
773.833
773.833
773.832
773.831
773.83
773.829
773.829
773.828
773.828
773.828
773.827
773.827
773.827
773.827
773.827
773.828
773.828
773.828
773.829
773.829
773.83
773.831
773.832
773.832
773.833
773.834
773.835
773.836
773.837
773.837
773.838
773.839
773.839
773.839
773.84
773.84
773.84
773.84
773.84
773.84
773.839
773.839
773.838
773.838
773.837
773.837
773.836
773.835
773.834
773.834
773.833
773.833
773.832
773.832
773.831
773.831
773.831
773.831
773.832
773.832
773.832
773.833
773.834
773.835
773.836
773.837
773.838
773.839
773.84
773.842
773.843
773.844
773.845
773.846
773.847
773.848
773.849
773.85
773.851
773.852
773.853
773.853
773.854
773.855
773.855
773.856
773.856
773.857
773.857
773.858
773.858
773.858
773.859
773.859
773.86
773.861
773.861
773.862
773.863
773.864
773.864
773.865
773.866
773.868
773.868
773.928
774.016
774.015
774.012
774.009
774.006
774.003
774
773.997
773.994
773.992
773.99
773.989
773.989
773.989
773.989
773.988
773.986
773.983
773.979
773.976
773.973
773.97
773.968
773.966
773.965
773.964
773.962
773.961
773.959
773.958
773.956
773.954
773.952
773.95
773.948
773.946
773.944
773.942
773.94
773.938
773.935
773.933
773.931
773.929
773.927
773.924
773.922
773.92
773.918
773.916
773.914
773.912
773.91
773.908
773.905
773.903
773.901
773.899
773.897
773.895
773.893
773.891
773.888
773.886
773.884
773.882
773.88
773.878
773.875
773.873
773.871
773.869
773.867
773.865
773.863
773.861
773.859
773.857
773.855
773.854
773.852
773.85
773.849
773.847
773.846
773.844
773.843
773.841
773.84
773.839
773.838
773.836
773.835
773.834
773.833
773.833
773.832
773.831
773.83
773.829
773.829
773.828
773.828
773.828
773.827
773.827
773.827
773.827
773.827
773.828
773.828
773.828
773.829
773.829
773.83
773.831
773.832
773.832
773.833
773.834
773.835
773.836
773.837
773.837
773.838
773.839
773.839
773.839
773.84
773.84
773.84
773.84
773.84
773.84
773.839
773.839
773.838
773.838
773.837
773.837
773.836
773.835
773.834
773.834
773.833
773.833
773.832
773.832
773.831
773.831
773.831
773.831
773.832
773.832
773.832
773.833
773.834
773.835
773.836
773.837
773.838
773.839
773.84
773.842
773.843
773.844
773.845
773.846
773.847
773.848
773.849
773.85
773.851
773.852
773.853
773.853
773.854
773.855
773.855
773.856
773.856
773.857
773.857
773.858
773.858
773.858
773.859
773.859
773.86
773.861
773.861
773.862
773.863
773.864
773.864
773.865
773.866
773.867
773.867
773.871
774.016
774.015
774.012
774.009
774.006
774.003
774
773.997
773.994
773.992
773.99
773.989
773.989
773.989
773.988
773.988
773.986
773.983
773.979
773.976
773.973
773.97
773.968
773.966
773.965
773.964
773.962
773.961
773.959
773.958
773.956
773.954
773.952
773.95
773.948
773.946
773.944
773.942
773.94
773.938
773.935
773.933
773.931
773.929
773.927
773.924
773.922
773.92
773.918
773.916
773.914
773.912
773.91
773.908
773.905
773.903
773.901
773.899
773.897
773.895
773.893
773.891
773.888
773.886
773.884
773.882
773.88
773.878
773.875
773.873
773.871
773.869
773.867
773.865
773.863
773.861
773.859
773.857
773.855
773.854
773.852
773.85
773.849
773.847
773.846
773.844
773.843
773.841
773.84
773.839
773.838
773.836
773.835
773.834
773.833
773.833
773.832
773.831
773.83
773.829
773.829
773.828
773.828
773.828
773.827
773.827
773.827
773.827
773.827
773.828
773.828
773.828
773.829
773.829
773.83
773.831
773.832
773.832
773.833
773.834
773.835
773.836
773.837
773.837
773.838
773.839
773.839
773.839
773.84
773.84
773.84
773.84
773.84
773.84
773.839
773.839
773.838
773.838
773.837
773.837
773.836
773.835
773.834
773.834
773.833
773.833
773.832
773.832
773.831
773.831
773.831
773.831
773.832
773.832
773.832
773.833
773.834
773.835
773.836
773.837
773.838
773.839
773.84
773.842
773.843
773.844
773.845
773.846
773.847
773.848
773.849
773.85
773.851
773.852
773.853
773.853
773.854
773.855
773.855
773.856
773.856
773.857
773.857
773.858
773.858
773.858
773.859
773.859
773.86
773.861
773.861
773.862
773.863
773.863
773.864
773.865
773.866
773.865
773.869
773.755
774.017
774.016
774.014
774.01
774.007
774.005
774.002
773.998
773.995
773.993
773.991
773.991
773.99
773.99
773.99
773.989
773.988
773.984
773.98
773.977
773.974
773.971
773.969
773.967
773.966
773.965
773.963
773.962
773.96
773.958
773.957
773.955
773.953
773.951
773.949
773.947
773.945
773.943
773.941
773.938
773.936
773.934
773.932
773.93
773.928
773.925
773.923
773.921
773.919
773.917
773.915
773.913
773.911
773.908
773.906
773.904
773.902
773.9
773.898
773.896
773.894
773.891
773.889
773.887
773.885
773.883
773.881
773.878
773.876
773.874
773.872
773.87
773.868
773.866
773.864
773.862
773.86
773.858
773.856
773.854
773.853
773.851
773.85
773.848
773.846
773.845
773.844
773.842
773.841
773.84
773.839
773.837
773.836
773.835
773.834
773.833
773.833
773.832
773.831
773.83
773.83
773.829
773.829
773.828
773.828
773.828
773.828
773.828
773.828
773.828
773.829
773.829
773.83
773.83
773.831
773.832
773.832
773.833
773.834
773.835
773.836
773.837
773.837
773.838
773.839
773.839
773.84
773.84
773.841
773.841
773.841
773.841
773.841
773.841
773.84
773.84
773.839
773.839
773.838
773.837
773.837
773.836
773.835
773.835
773.834
773.833
773.833
773.833
773.832
773.832
773.832
773.832
773.832
773.833
773.833
773.834
773.835
773.836
773.837
773.838
773.839
773.84
773.841
773.842
773.844
773.845
773.846
773.847
773.848
773.849
773.85
773.851
773.852
773.853
773.854
773.854
773.855
773.856
773.856
773.857
773.857
773.858
773.858
773.858
773.859
773.859
773.86
773.86
773.861
773.861
773.862
773.863
773.864
773.864
773.865
773.866
773.867
773.865
773.877
773.675
773.92
773.933
773.931
773.931
773.928
773.925
773.92
773.918
773.921
773.927
773.913
773.892
773.88
773.863
773.82
773.801
773.806
773.819
773.839
773.753
773.908
773.911
773.91
773.905
773.902
773.896
773.889
773.884
773.885
773.891
773.875
773.847
773.843
773.83
773.787
773.746
773.748
773.76
773.78
773.739
773.871
773.871
773.868
773.864
773.859
773.853
773.847
773.839
773.83
773.823
773.817
773.814
773.81
773.802
773.792
773.784
773.777
773.771
773.764
773.766
773.805
773.806
773.812
773.81
773.803
773.79
773.776
773.755
773.742
773.719
773.703
773.692
773.672
773.653
773.643
773.628
773.617
773.605
773.599
773.59
773.756
773.737
773.733
773.734
773.733
773.728
773.718
773.704
773.69
773.677
773.661
773.651
773.634
773.626
773.613
773.609
773.6
773.601
773.606
773.631
773.616
773.576
773.571
773.542
773.542
773.559
773.56
773.55
773.545
773.547
773.552
773.552
773.552
773.553
773.554
773.555
773.555
773.556
773.557
773.559
773.56
773.561
773.561
773.561
773.561
773.558
773.559
773.563
773.563
773.564
773.564
773.564
773.565
773.567
773.57
773.572
773.575
773.584
773.633
773.864
774.279
774.492
774.519
774.41
773.99
773.612
773.436
773.386
773.389
773.425
773.471
773.498
773.513
773.521
773.525
773.527
773.528
773.529
773.529
773.529
773.529
773.529
773.528
773.528
773.527
773.527
773.526
773.526
773.525
773.524
773.523
773.522
773.521
773.52
773.519
773.518
773.516
773.515
773.513
773.512
773.51
773.508
773.507
773.505
773.503
773.501
773.499
773.497
773.496
773.494
773.492
773.49
773.489
773.487
773.485
773.484
773.482
773.481
773.48
773.478
773.477
773.476
773.475
773.474
773.473
773.472
773.471
773.47
773.469
773.469
773.468
773.467
773.466
773.465
773.464
773.463
773.462
773.461
773.46
773.459
773.458
773.456
773.455
773.454
773.452
773.45
773.449
773.447
773.445
773.443
773.441
773.439
773.437
773.435
773.433
773.43
773.428
773.426
773.424
773.421
773.419
773.417
773.415
773.413
773.411
773.409
773.408
773.406
773.404
773.403
773.401
773.4
773.399
773.397
773.396
773.395
773.394
773.393
773.392
773.391
773.39
773.389
773.388
773.387
773.386
773.385
773.384
773.383
773.381
773.38
773.379
773.378
773.377
773.376
773.375
773.374
773.372
773.371
773.37
773.369
773.368
773.367
773.365
773.364
773.363
773.362
773.361
773.36
773.359
773.359
773.358
773.358
773.357
773.357
773.357
773.357
773.357
773.354
773.359
773.195
773.591
773.585
773.579
773.553
773.558
773.577
773.576
773.566
773.562
773.565
773.569
773.569
773.569
773.57
773.571
773.573
773.574
773.576
773.578
773.58
773.581
773.582
773.582
773.583
773.584
773.587
773.59
773.594
773.592
773.589
773.589
773.588
773.589
773.591
773.592
773.594
773.596
773.607
773.663
773.85
774.035
774.107
774.106
774.021
773.794
773.625
773.54
773.507
773.501
773.503
773.51
773.518
773.522
773.525
773.527
773.528
773.529
773.529
773.529
773.529
773.528
773.528
773.528
773.527
773.527
773.526
773.526
773.525
773.524
773.523
773.522
773.521
773.52
773.519
773.518
773.517
773.516
773.514
773.513
773.511
773.509
773.508
773.506
773.504
773.502
773.5
773.498
773.497
773.495
773.493
773.491
773.489
773.488
773.486
773.484
773.483
773.481
773.48
773.479
773.477
773.476
773.475
773.474
773.473
773.472
773.471
773.47
773.469
773.469
773.468
773.467
773.466
773.465
773.464
773.463
773.463
773.462
773.46
773.459
773.458
773.457
773.456
773.454
773.453
773.451
773.45
773.448
773.446
773.444
773.442
773.44
773.438
773.436
773.434
773.432
773.43
773.427
773.425
773.423
773.421
773.419
773.416
773.414
773.412
773.411
773.409
773.407
773.405
773.403
773.402
773.4
773.399
773.398
773.397
773.395
773.394
773.393
773.392
773.391
773.39
773.389
773.388
773.387
773.386
773.385
773.384
773.383
773.382
773.381
773.38
773.378
773.377
773.376
773.375
773.374
773.373
773.372
773.37
773.369
773.368
773.367
773.366
773.365
773.363
773.362
773.361
773.36
773.359
773.359
773.358
773.357
773.357
773.356
773.356
773.356
773.356
773.356
773.354
773.354
773.262
773.774
773.777
773.791
773.802
773.808
773.808
773.806
773.806
773.807
773.809
773.81
773.811
773.813
773.815
773.819
773.823
773.826
773.828
773.83
773.832
773.835
773.839
773.843
773.846
773.848
773.849
773.848
773.838
773.798
773.73
773.671
773.627
773.598
773.58
773.572
773.569
773.569
773.57
773.573
773.574
773.573
773.567
773.556
773.547
773.541
773.538
773.537
773.537
773.537
773.536
773.535
773.535
773.534
773.533
773.532
773.531
773.531
773.53
773.53
773.529
773.529
773.528
773.528
773.527
773.527
773.526
773.526
773.525
773.524
773.523
773.522
773.522
773.52
773.519
773.518
773.517
773.516
773.514
773.513
773.511
773.509
773.508
773.506
773.504
773.502
773.5
773.498
773.497
773.495
773.493
773.491
773.489
773.488
773.486
773.484
773.483
773.481
773.48
773.479
773.477
773.476
773.475
773.474
773.473
773.472
773.471
773.47
773.469
773.469
773.468
773.467
773.466
773.465
773.464
773.463
773.463
773.462
773.46
773.459
773.458
773.457
773.456
773.454
773.453
773.451
773.45
773.448
773.446
773.444
773.442
773.44
773.438
773.436
773.434
773.432
773.43
773.427
773.425
773.423
773.421
773.419
773.416
773.414
773.412
773.411
773.409
773.407
773.405
773.403
773.402
773.4
773.399
773.398
773.397
773.395
773.394
773.393
773.392
773.391
773.39
773.389
773.388
773.387
773.386
773.385
773.384
773.383
773.382
773.381
773.38
773.378
773.377
773.376
773.375
773.374
773.373
773.372
773.37
773.369
773.368
773.367
773.366
773.365
773.363
773.362
773.361
773.36
773.359
773.359
773.358
773.357
773.357
773.356
773.356
773.356
773.356
773.356
773.356
773.357
773.36
773.568
773.563
773.557
773.556
773.558
773.559
773.557
773.557
773.557
773.559
773.56
773.56
773.56
773.561
773.561
773.561
773.562
773.562
773.563
773.563
773.563
773.564
773.564
773.564
773.565
773.566
773.569
773.571
773.572
773.574
773.577
773.58
773.585
773.598
773.612
773.62
773.625
773.637
773.674
773.728
773.755
773.759
773.75
773.699
773.619
773.565
773.535
773.522
773.518
773.518
773.52
773.524
773.526
773.527
773.528
773.529
773.529
773.529
773.529
773.529
773.528
773.528
773.528
773.527
773.527
773.526
773.526
773.525
773.524
773.523
773.522
773.521
773.52
773.519
773.518
773.517
773.516
773.514
773.513
773.511
773.509
773.508
773.506
773.504
773.502
773.5
773.498
773.497
773.495
773.493
773.491
773.489
773.488
773.486
773.484
773.483
773.481
773.48
773.479
773.477
773.476
773.475
773.474
773.473
773.472
773.471
773.47
773.469
773.469
773.468
773.467
773.466
773.465
773.464
773.463
773.463
773.462
773.46
773.459
773.458
773.457
773.456
773.454
773.453
773.451
773.45
773.448
773.446
773.444
773.442
773.44
773.438
773.436
773.434
773.432
773.43
773.427
773.425
773.423
773.421
773.419
773.416
773.414
773.412
773.411
773.409
773.407
773.405
773.403
773.402
773.4
773.399
773.398
773.397
773.395
773.394
773.393
773.392
773.391
773.39
773.389
773.388
773.387
773.386
773.385
773.384
773.383
773.382
773.381
773.38
773.378
773.377
773.376
773.375
773.374
773.373
773.372
773.37
773.369
773.368
773.367
773.366
773.365
773.363
773.362
773.361
773.36
773.359
773.359
773.358
773.357
773.357
773.356
773.356
773.356
773.356
773.356
773.358
773.36
773.408
773.677
773.679
773.675
773.672
773.674
773.674
773.674
773.673
773.674
773.676
773.676
773.676
773.676
773.676
773.675
773.675
773.676
773.676
773.677
773.677
773.677
773.678
773.679
773.68
773.682
773.684
773.687
773.688
773.688
773.69
773.696
773.707
773.712
773.713
773.709
773.706
773.71
773.759
773.962
774.197
774.308
774.329
774.299
774.148
773.939
773.788
773.687
773.623
773.584
773.561
773.548
773.541
773.537
773.534
773.533
773.532
773.531
773.531
773.531
773.53
773.53
773.529
773.529
773.528
773.528
773.527
773.526
773.526
773.525
773.524
773.523
773.522
773.521
773.52
773.519
773.518
773.516
773.515
773.513
773.512
773.51
773.508
773.507
773.505
773.503
773.501
773.499
773.497
773.496
773.494
773.492
773.49
773.489
773.487
773.485
773.484
773.482
773.481
773.48
773.478
773.477
773.476
773.475
773.474
773.473
773.472
773.471
773.47
773.469
773.469
773.468
773.467
773.466
773.465
773.464
773.463
773.462
773.461
773.46
773.459
773.458
773.456
773.455
773.454
773.452
773.45
773.449
773.447
773.445
773.443
773.441
773.439
773.437
773.435
773.433
773.43
773.428
773.426
773.424
773.421
773.419
773.417
773.415
773.413
773.411
773.409
773.408
773.406
773.404
773.403
773.401
773.4
773.399
773.397
773.396
773.395
773.394
773.393
773.392
773.391
773.39
773.389
773.388
773.387
773.386
773.385
773.384
773.383
773.381
773.38
773.379
773.378
773.377
773.376
773.375
773.374
773.372
773.371
773.37
773.369
773.368
773.367
773.365
773.364
773.363
773.362
773.361
773.36
773.359
773.359
773.358
773.358
773.357
773.357
773.357
773.357
773.357
773.358
773.361
773.413
773.254
773.235
773.23
773.231
773.23
773.225
773.212
773.204
773.187
773.178
773.161
773.152
773.136
773.129
773.117
773.113
773.104
773.103
773.107
773.129
773.299
773.299
773.304
773.303
773.296
773.283
773.266
773.253
773.232
773.221
773.202
773.184
773.169
773.155
773.139
773.131
773.122
773.112
773.105
773.092
773.36
773.36
773.358
773.354
773.349
773.343
773.337
773.328
773.323
773.316
773.312
773.306
773.297
773.288
773.282
773.276
773.27
773.265
773.27
773.282
773.396
773.399
773.397
773.394
773.39
773.385
773.383
773.384
773.38
773.361
773.354
773.347
773.319
773.282
773.275
773.285
773.298
773.303
773.272
773.121
773.407
773.42
773.419
773.419
773.416
773.414
773.413
773.415
773.414
773.399
773.391
773.381
773.353
773.331
773.33
773.337
773.349
773.356
773.321
773.17
773.181
773.182
773.179
773.18
773.181
773.179
773.178
773.178
773.18
773.181
773.181
773.181
773.181
773.181
773.181
773.181
773.181
773.181
773.181
773.18
773.18
773.179
773.18
773.181
773.183
773.184
773.184
773.184
773.184
773.185
773.187
773.196
773.204
773.207
773.206
773.201
773.199
773.207
773.278
773.512
773.725
773.815
773.825
773.782
773.61
773.412
773.273
773.181
773.124
773.089
773.07
773.059
773.053
773.051
773.05
773.049
773.05
773.05
773.051
773.051
773.051
773.052
773.052
773.053
773.053
773.053
773.053
773.053
773.053
773.053
773.053
773.053
773.052
773.052
773.052
773.051
773.051
773.05
773.05
773.049
773.048
773.048
773.047
773.046
773.046
773.045
773.044
773.044
773.043
773.043
773.043
773.042
773.042
773.042
773.042
773.042
773.043
773.039
773.044
772.884
773.075
773.067
773.065
773.067
773.068
773.066
773.064
773.065
773.068
773.069
773.069
773.069
773.069
773.069
773.07
773.07
773.07
773.07
773.07
773.069
773.068
773.068
773.067
773.067
773.068
773.069
773.07
773.07
773.07
773.071
773.073
773.076
773.08
773.087
773.1
773.111
773.117
773.122
773.136
773.18
773.23
773.252
773.254
773.242
773.186
773.112
773.065
773.04
773.03
773.028
773.029
773.032
773.037
773.04
773.043
773.045
773.046
773.048
773.049
773.05
773.05
773.051
773.051
773.052
773.052
773.052
773.052
773.052
773.052
773.052
773.052
773.052
773.052
773.051
773.051
773.051
773.05
773.049
773.049
773.048
773.048
773.047
773.046
773.045
773.045
773.044
773.044
773.043
773.043
773.042
773.042
773.042
773.042
773.042
773.042
773.042
773.042
773.039
773.039
772.949
773.261
773.267
773.294
773.306
773.308
773.307
773.308
773.31
773.312
773.313
773.314
773.315
773.316
773.319
773.321
773.323
773.325
773.327
773.328
773.328
773.329
773.331
773.335
773.339
773.342
773.343
773.342
773.339
773.326
773.281
773.217
773.163
773.124
773.098
773.084
773.077
773.074
773.074
773.076
773.078
773.078
773.076
773.068
773.058
773.051
773.047
773.045
773.045
773.045
773.046
773.047
773.047
773.048
773.048
773.048
773.048
773.049
773.049
773.05
773.05
773.051
773.051
773.051
773.052
773.052
773.052
773.052
773.052
773.052
773.052
773.052
773.052
773.052
773.051
773.051
773.051
773.05
773.05
773.049
773.048
773.048
773.047
773.046
773.045
773.045
773.044
773.044
773.043
773.043
773.042
773.042
773.042
773.042
773.042
773.042
773.042
773.042
773.042
773.043
773.046
773.082
773.084
773.074
773.067
773.085
773.091
773.078
773.07
773.073
773.08
773.081
773.079
773.079
773.079
773.08
773.081
773.082
773.083
773.084
773.085
773.086
773.085
773.084
773.084
773.085
773.089
773.092
773.091
773.087
773.085
773.083
773.083
773.084
773.089
773.094
773.097
773.099
773.103
773.118
773.188
773.387
773.548
773.604
773.596
773.495
773.268
773.114
773.039
773.012
773.008
773.012
773.022
773.031
773.036
773.04
773.043
773.045
773.047
773.048
773.049
773.05
773.051
773.051
773.052
773.052
773.052
773.052
773.052
773.052
773.052
773.052
773.052
773.052
773.051
773.051
773.051
773.05
773.05
773.049
773.048
773.048
773.047
773.046
773.045
773.045
773.044
773.044
773.043
773.043
773.042
773.042
773.042
773.042
773.042
773.042
773.042
773.042
773.044
773.046
773.093
773.086
773.08
773.067
773.054
773.069
773.076
773.064
773.053
773.055
773.061
773.064
773.062
773.061
773.062
773.063
773.063
773.062
773.062
773.064
773.065
773.066
773.065
773.065
773.063
773.06
773.06
773.064
773.064
773.064
773.063
773.061
773.061
773.061
773.062
773.067
773.071
773.074
773.078
773.089
773.147
773.397
773.781
773.965
773.982
773.864
773.451
773.103
772.943
772.9
772.904
772.941
772.985
773.012
773.027
773.036
773.041
773.045
773.047
773.048
773.05
773.051
773.051
773.052
773.052
773.053
773.053
773.053
773.053
773.053
773.053
773.053
773.053
773.052
773.052
773.052
773.051
773.051
773.05
773.05
773.049
773.048
773.048
773.047
773.046
773.046
773.045
773.044
773.044
773.043
773.043
773.043
773.043
773.042
773.042
773.042
773.043
773.043
773.044
773.047
773.098
772.94
772.921
772.915
772.917
772.916
772.911
772.898
772.889
772.872
772.863
772.846
772.837
772.821
772.814
772.802
772.798
772.789
772.788
772.792
772.813
772.985
772.985
772.99
772.988
772.982
772.969
772.952
772.939
772.917
772.906
772.888
772.869
772.854
772.84
772.824
772.815
772.807
772.796
772.789
772.777
773.047
773.046
773.044
773.04
773.035
773.029
773.023
773.014
773.008
773.002
772.998
772.992
772.983
772.974
772.968
772.962
772.956
772.951
772.954
772.967
773.083
773.086
773.084
773.08
773.077
773.071
773.069
773.07
773.07
773.049
773.04
773.034
773.01
772.969
772.959
772.968
772.981
772.987
772.962
772.811
773.094
773.107
773.105
773.105
773.103
773.101
773.1
773.102
773.104
773.088
773.078
773.069
773.042
773.017
773.015
773.021
773.032
773.042
773.01
772.859
772.866
772.868
772.864
772.865
772.866
772.864
772.863
772.864
772.866
772.867
772.867
772.867
772.868
772.868
772.869
772.869
772.869
772.869
772.868
772.868
772.867
772.867
772.867
772.867
772.868
772.87
772.871
772.871
772.871
772.875
772.885
772.894
772.897
772.896
772.892
772.892
772.906
773.003
773.257
773.438
773.503
773.502
773.435
773.235
773.053
772.927
772.846
772.795
772.766
772.749
772.74
772.735
772.733
772.732
772.732
772.732
772.732
772.733
772.733
772.733
772.734
772.734
772.734
772.735
772.735
772.735
772.735
772.735
772.735
772.735
772.735
772.735
772.735
772.735
772.735
772.734
772.734
772.733
772.733
772.733
772.732
772.732
772.731
772.731
772.73
772.73
772.73
772.729
772.729
772.729
772.728
772.728
772.728
772.728
772.728
772.728
772.728
772.728
772.728
772.728
772.728
772.728
772.728
772.728
772.728
772.729
772.729
772.729
772.729
772.729
772.729
772.73
772.73
772.73
772.73
772.73
772.73
772.73
772.73
772.729
772.729
772.729
772.729
772.729
772.729
772.728
772.728
772.728
772.728
772.727
772.727
772.727
772.727
772.726
772.726
772.726
772.726
772.726
772.726
772.726
772.726
772.726
772.726
772.726
772.726
772.726
772.726
772.727
772.727
772.727
772.727
772.727
772.727
772.727
772.728
772.728
772.728
772.727
772.727
772.727
772.727
772.727
772.727
772.726
772.726
772.726
772.726
772.725
772.725
772.725
772.724
772.724
772.724
772.724
772.723
772.723
772.723
772.722
772.722
772.722
772.722
772.722
772.721
772.721
772.721
772.721
772.722
772.722
772.722
772.722
772.723
772.723
772.724
772.724
772.725
772.725
772.726
772.728
772.73
772.783
772.758
772.751
772.75
772.752
772.753
772.751
772.749
772.75
772.753
772.754
772.754
772.754
772.755
772.755
772.756
772.756
772.756
772.756
772.756
772.756
772.755
772.755
772.754
772.754
772.754
772.755
772.757
772.757
772.758
772.761
772.763
772.767
772.776
772.791
772.802
772.807
772.814
772.833
772.883
772.923
772.936
772.935
772.912
772.842
772.777
772.738
772.72
772.713
772.712
772.714
772.718
772.722
772.724
772.726
772.728
772.729
772.73
772.731
772.732
772.732
772.733
772.733
772.733
772.734
772.734
772.734
772.735
772.735
772.735
772.735
772.735
772.734
772.734
772.734
772.734
772.733
772.733
772.733
772.732
772.732
772.731
772.731
772.73
772.73
772.73
772.729
772.729
772.728
772.728
772.728
772.728
772.727
772.727
772.727
772.727
772.727
772.727
772.727
772.727
772.727
772.727
772.727
772.727
772.727
772.728
772.728
772.728
772.728
772.728
772.728
772.729
772.729
772.729
772.729
772.729
772.729
772.729
772.729
772.729
772.729
772.729
772.728
772.728
772.728
772.728
772.728
772.727
772.727
772.727
772.727
772.726
772.726
772.726
772.726
772.725
772.725
772.725
772.725
772.725
772.725
772.725
772.725
772.725
772.725
772.725
772.725
772.726
772.726
772.726
772.726
772.726
772.726
772.726
772.727
772.727
772.727
772.727
772.727
772.727
772.726
772.726
772.726
772.726
772.726
772.725
772.725
772.725
772.724
772.724
772.724
772.724
772.723
772.723
772.723
772.722
772.722
772.722
772.722
772.721
772.721
772.721
772.721
772.721
772.721
772.721
772.721
772.721
772.721
772.721
772.722
772.722
772.722
772.723
772.723
772.724
772.725
772.725
772.727
772.729
772.778
772.947
772.952
772.98
772.99
772.993
772.992
772.992
772.995
772.997
772.997
772.998
772.999
773
773
773.002
773.004
773.008
773.01
773.012
773.014
773.018
773.022
773.026
773.03
773.031
773.031
773.029
773.017
772.973
772.908
772.853
772.814
772.788
772.773
772.766
772.763
772.763
772.764
772.765
772.764
772.761
772.751
772.742
772.735
772.732
772.73
772.73
772.73
772.731
772.731
772.731
772.731
772.731
772.731
772.731
772.731
772.732
772.732
772.732
772.733
772.733
772.733
772.734
772.734
772.734
772.734
772.735
772.735
772.735
772.735
772.735
772.734
772.734
772.734
772.734
772.733
772.733
772.733
772.732
772.732
772.731
772.731
772.73
772.73
772.73
772.729
772.729
772.728
772.728
772.728
772.728
772.727
772.727
772.727
772.727
772.727
772.727
772.727
772.727
772.727
772.727
772.727
772.727
772.727
772.728
772.728
772.728
772.728
772.728
772.728
772.729
772.729
772.729
772.729
772.729
772.729
772.729
772.729
772.729
772.729
772.729
772.728
772.728
772.728
772.728
772.728
772.727
772.727
772.727
772.727
772.726
772.726
772.726
772.726
772.725
772.725
772.725
772.725
772.725
772.725
772.725
772.725
772.725
772.725
772.725
772.725
772.726
772.726
772.726
772.726
772.726
772.726
772.726
772.727
772.727
772.727
772.727
772.727
772.727
772.726
772.726
772.726
772.726
772.726
772.725
772.725
772.725
772.724
772.724
772.724
772.724
772.723
772.723
772.723
772.722
772.722
772.722
772.722
772.721
772.721
772.721
772.721
772.721
772.721
772.721
772.721
772.721
772.721
772.721
772.722
772.722
772.722
772.723
772.723
772.724
772.724
772.725
772.726
772.726
772.729
772.768
772.77
772.758
772.752
772.77
772.773
772.761
772.755
772.759
772.764
772.765
772.763
772.763
772.764
772.765
772.765
772.766
772.766
772.768
772.769
772.77
772.77
772.77
772.771
772.775
772.779
772.782
772.782
772.777
772.775
772.774
772.775
772.778
772.781
772.783
772.785
772.79
772.813
772.918
773.127
773.251
773.281
773.254
773.101
772.889
772.766
772.711
772.695
772.694
772.7
772.71
772.717
772.721
772.724
772.727
772.728
772.73
772.731
772.731
772.732
772.733
772.733
772.733
772.734
772.734
772.734
772.734
772.735
772.735
772.735
772.735
772.734
772.734
772.734
772.734
772.733
772.733
772.733
772.732
772.732
772.731
772.731
772.73
772.73
772.73
772.729
772.729
772.728
772.728
772.728
772.728
772.727
772.727
772.727
772.727
772.727
772.727
772.727
772.727
772.727
772.727
772.727
772.727
772.727
772.728
772.728
772.728
772.728
772.728
772.728
772.729
772.729
772.729
772.729
772.729
772.729
772.729
772.729
772.729
772.729
772.729
772.728
772.728
772.728
772.728
772.728
772.727
772.727
772.727
772.727
772.726
772.726
772.726
772.726
772.725
772.725
772.725
772.725
772.725
772.725
772.725
772.725
772.725
772.725
772.725
772.725
772.726
772.726
772.726
772.726
772.726
772.726
772.726
772.727
772.727
772.727
772.727
772.727
772.727
772.726
772.726
772.726
772.726
772.726
772.725
772.725
772.725
772.724
772.724
772.724
772.724
772.723
772.723
772.723
772.722
772.722
772.722
772.722
772.721
772.721
772.721
772.721
772.721
772.721
772.721
772.721
772.721
772.721
772.721
772.721
772.722
772.722
772.723
772.723
772.724
772.724
772.725
772.723
772.723
772.63
772.771
772.766
772.751
772.739
772.755
772.759
772.747
772.739
772.741
772.747
772.749
772.747
772.747
772.747
772.748
772.748
772.749
772.749
772.751
772.752
772.752
772.752
772.751
772.75
772.748
772.748
772.752
772.753
772.752
772.752
772.751
772.751
772.754
772.758
772.761
772.763
772.767
772.785
772.88
773.213
773.543
773.657
773.64
773.425
772.982
772.713
772.606
772.586
772.6
772.646
772.682
772.703
772.715
772.721
772.725
772.728
772.73
772.731
772.732
772.733
772.733
772.734
772.734
772.735
772.735
772.735
772.735
772.735
772.735
772.735
772.735
772.735
772.735
772.735
772.735
772.734
772.734
772.733
772.733
772.733
772.732
772.732
772.731
772.731
772.73
772.73
772.73
772.729
772.729
772.729
772.728
772.728
772.728
772.728
772.728
772.728
772.728
772.728
772.728
772.728
772.728
772.728
772.728
772.728
772.728
772.729
772.729
772.729
772.729
772.729
772.729
772.73
772.73
772.73
772.73
772.73
772.73
772.73
772.73
772.729
772.729
772.729
772.729
772.729
772.729
772.728
772.728
772.728
772.728
772.727
772.727
772.727
772.727
772.726
772.726
772.726
772.726
772.726
772.726
772.726
772.726
772.726
772.726
772.726
772.726
772.726
772.726
772.727
772.727
772.727
772.727
772.727
772.727
772.727
772.728
772.728
772.728
772.727
772.727
772.727
772.727
772.727
772.727
772.726
772.726
772.726
772.726
772.725
772.725
772.725
772.724
772.724
772.724
772.724
772.723
772.723
772.723
772.722
772.722
772.722
772.722
772.722
772.721
772.721
772.721
772.721
772.722
772.722
772.722
772.722
772.723
772.723
772.724
772.724
772.725
772.725
772.726
772.723
772.729
772.563
772.778
772.79
772.788
772.789
772.786
772.782
772.779
772.778
772.782
772.785
772.767
772.751
772.742
772.717
772.679
772.672
772.679
772.692
772.7
772.589
772.767
772.769
772.768
772.763
772.76
772.754
772.747
772.744
772.747
772.75
772.725
772.709
772.707
772.688
772.637
772.615
772.622
772.634
772.645
772.569
772.73
772.729
772.727
772.723
772.718
772.712
772.706
772.698
772.69
772.683
772.678
772.675
772.67
772.661
772.652
772.645
772.639
772.633
772.628
772.632
772.668
772.668
772.673
772.671
772.664
772.652
772.632
772.619
772.6
772.583
772.567
772.553
772.533
772.517
772.506
772.49
772.48
772.468
772.462
772.452
772.622
772.603
772.597
772.599
772.597
772.592
772.578
772.569
772.553
772.542
772.526
772.514
772.5
772.49
772.479
772.473
772.465
772.463
772.467
772.484
772.46
772.435
772.422
772.415
772.424
772.424
772.419
772.418
772.42
772.422
772.422
772.423
772.423
772.423
772.424
772.424
772.426
772.427
772.426
772.427
772.427
772.428
772.431
772.436
772.441
772.443
772.445
772.448
772.464
772.564
772.912
773.209
773.286
773.233
772.914
772.522
772.334
772.28
772.281
772.315
772.357
772.381
772.394
772.401
772.405
772.408
772.409
772.41
772.411
772.412
772.413
772.413
772.414
772.414
772.415
772.416
772.416
772.417
772.417
772.418
772.418
772.419
772.419
772.419
772.42
772.42
772.42
772.42
772.421
772.421
772.421
772.421
772.422
772.422
772.422
772.423
772.423
772.424
772.424
772.425
772.425
772.426
772.427
772.428
772.429
772.43
772.431
772.433
772.434
772.436
772.437
772.439
772.44
772.442
772.444
772.445
772.447
772.449
772.45
772.452
772.454
772.455
772.457
772.458
772.459
772.461
772.462
772.463
772.464
772.466
772.467
772.468
772.469
772.47
772.471
772.472
772.473
772.474
772.475
772.476
772.477
772.479
772.48
772.482
772.483
772.485
772.487
772.489
772.491
772.494
772.496
772.499
772.501
772.504
772.507
772.51
772.514
772.517
772.521
772.524
772.528
772.532
772.536
772.54
772.544
772.548
772.552
772.557
772.561
772.565
772.57
772.574
772.579
772.584
772.588
772.593
772.598
772.603
772.608
772.613
772.618
772.624
772.629
772.634
772.64
772.646
772.652
772.658
772.664
772.67
772.677
772.683
772.69
772.697
772.704
772.711
772.718
772.726
772.734
772.741
772.749
772.757
772.766
772.774
772.783
772.791
772.8
772.809
772.818
772.828
772.837
772.847
772.856
772.866
772.876
772.886
772.897
772.907
772.918
772.929
772.94
772.951
772.962
772.974
772.985
772.997
773.009
773.022
773.034
773.047
773.06
773.073
773.086
773.1
773.113
773.127
773.141
773.156
773.17
773.185
773.2
773.215
773.231
773.246
773.262
773.278
773.295
773.311
773.328
773.345
773.362
773.379
773.397
773.414
773.432
773.45
773.469
773.487
773.506
773.525
773.544
773.564
773.583
773.603
773.623
773.644
773.664
773.685
773.706
773.727
773.748
773.77
773.791
773.813
773.835
773.858
773.88
773.903
773.926
773.949
773.972
773.995
774.019
774.042
774.066
774.09
774.114
774.138
774.163
774.187
774.212
774.237
774.262
774.287
774.312
774.338
774.364
774.389
774.415
774.441
774.468
774.494
774.521
774.548
774.575
774.602
774.63
774.657
774.685
774.713
774.741
774.77
774.798
774.827
774.856
774.885
774.915
774.944
774.974
775.004
775.034
775.064
775.095
775.125
775.156
775.187
775.218
775.249
775.28
775.312
775.343
775.375
775.406
775.438
775.47
775.502
775.534
775.567
775.599
775.631
775.664
775.696
775.729
775.762
775.794
775.827
775.86
775.893
775.926
775.959
775.992
776.026
776.059
776.092
776.126
776.159
776.192
776.226
776.26
776.293
776.327
776.361
776.394
776.428
776.462
776.496
776.53
776.563
776.597
776.631
776.665
776.7
776.734
776.768
776.802
776.836
776.871
776.905
776.94
776.974
777.009
777.043
777.078
777.113
777.148
777.183
777.218
777.253
777.288
777.324
777.359
777.394
777.43
777.466
777.501
777.537
777.573
777.608
777.644
777.68
777.716
777.752
777.787
777.823
777.859
777.895
777.931
777.966
778.002
778.038
778.073
778.109
778.144
778.18
778.215
778.25
778.285
778.32
778.355
778.39
778.425
778.46
778.494
778.529
778.563
778.597
778.632
778.666
778.7
778.734
778.768
778.801
778.835
778.869
778.902
778.936
778.969
779.002
779.036
779.069
779.102
779.135
779.168
779.201
779.234
779.266
779.299
779.332
779.364
779.397
779.429
779.461
779.493
779.526
779.558
779.59
779.621
779.653
779.685
779.717
779.748
779.779
779.811
779.842
779.873
779.904
779.935
779.966
779.997
780.028
780.058
780.089
780.119
780.149
780.18
780.21
780.24
780.27
780.3
780.329
780.359
780.389
780.418
780.448
780.477
780.507
780.536
780.565
780.594
780.623
780.652
780.681
780.71
780.739
780.767
780.796
780.824
780.853
780.881
780.909
780.938
780.966
780.994
781.021
781.049
781.077
781.104
781.132
781.159
781.186
781.213
781.239
781.266
781.292
781.319
781.345
781.371
781.397
781.422
781.448
781.473
781.498
781.523
781.547
781.572
781.596
781.62
781.644
781.668
781.692
781.715
781.739
781.762
781.785
781.808
781.831
781.853
781.876
781.898
781.92
781.942
781.964
781.986
782.008
782.03
782.051
782.073
782.094
782.115
782.136
782.157
782.178
782.198
782.219
782.239
782.259
782.279
782.299
782.318
782.338
782.357
782.376
782.394
782.413
782.431
782.449
782.467
782.485
782.502
782.519
782.536
782.553
782.569
782.585
782.601
782.616
782.632
782.647
782.662
782.676
782.69
782.704
782.718
782.732
782.745
782.758
782.771
782.783
782.795
782.807
782.819
782.831
782.842
782.853
782.864
782.875
782.885
782.895
782.905
782.915
782.925
782.934
782.944
782.952
782.962
782.968
782.979
782.984
782.996
782.999
783.012
783.013
783.027
783.027
783.041
783.04
783.054
783.053
783.066
783.063
772.454
772.438
772.433
772.431
772.44
772.439
772.436
772.436
772.438
772.44
772.439
772.439
772.44
772.44
772.44
772.442
772.443
772.444
772.445
772.447
772.448
772.449
772.453
772.457
772.46
772.462
772.464
772.467
772.481
772.557
772.744
772.862
772.886
772.855
772.696
772.52
772.428
772.392
772.383
772.383
772.39
772.397
772.401
772.404
772.406
772.408
772.409
772.41
772.41
772.411
772.412
772.412
772.413
772.414
772.414
772.415
772.415
772.416
772.417
772.417
772.417
772.418
772.418
772.419
772.419
772.419
772.419
772.42
772.42
772.42
772.42
772.421
772.421
772.421
772.421
772.422
772.422
772.423
772.423
772.424
772.425
772.425
772.426
772.427
772.428
772.429
772.431
772.432
772.433
772.435
772.436
772.438
772.439
772.441
772.443
772.444
772.446
772.448
772.449
772.451
772.453
772.454
772.456
772.457
772.459
772.46
772.461
772.462
772.464
772.465
772.466
772.467
772.468
772.469
772.47
772.471
772.472
772.473
772.474
772.475
772.477
772.478
772.479
772.481
772.483
772.484
772.486
772.488
772.49
772.493
772.495
772.498
772.5
772.503
772.506
772.51
772.513
772.516
772.52
772.523
772.527
772.531
772.535
772.539
772.543
772.547
772.551
772.556
772.56
772.564
772.569
772.573
772.578
772.583
772.587
772.592
772.597
772.602
772.607
772.612
772.617
772.623
772.628
772.634
772.639
772.645
772.651
772.657
772.663
772.669
772.676
772.682
772.689
772.696
772.703
772.71
772.718
772.725
772.733
772.741
772.748
772.757
772.765
772.773
772.782
772.791
772.799
772.808
772.818
772.827
772.836
772.846
772.856
772.865
772.875
772.886
772.896
772.906
772.917
772.928
772.939
772.95
772.961
772.973
772.985
772.996
773.009
773.021
773.033
773.046
773.059
773.072
773.085
773.099
773.112
773.126
773.141
773.155
773.169
773.184
773.199
773.214
773.23
773.246
773.261
773.277
773.294
773.31
773.327
773.344
773.361
773.378
773.396
773.413
773.431
773.449
773.468
773.486
773.505
773.524
773.543
773.563
773.582
773.602
773.622
773.643
773.663
773.684
773.705
773.726
773.747
773.769
773.79
773.812
773.834
773.857
773.879
773.902
773.925
773.948
773.971
773.994
774.018
774.041
774.065
774.089
774.113
774.138
774.162
774.187
774.211
774.236
774.261
774.286
774.312
774.337
774.363
774.388
774.414
774.441
774.467
774.493
774.52
774.547
774.574
774.601
774.629
774.656
774.684
774.712
774.74
774.769
774.797
774.826
774.855
774.884
774.914
774.943
774.973
775.003
775.033
775.063
775.094
775.124
775.155
775.186
775.217
775.248
775.279
775.311
775.342
775.374
775.406
775.437
775.469
775.501
775.534
775.566
775.598
775.63
775.663
775.695
775.728
775.761
775.793
775.826
775.859
775.892
775.925
775.958
775.992
776.025
776.058
776.091
776.125
776.158
776.192
776.225
776.259
776.292
776.326
776.36
776.393
776.427
776.461
776.495
776.529
776.563
776.597
776.631
776.665
776.699
776.733
776.767
776.801
776.836
776.87
776.904
776.939
776.973
777.008
777.043
777.077
777.112
777.147
777.182
777.217
777.252
777.288
777.323
777.358
777.394
777.429
777.465
777.5
777.536
777.572
777.608
777.643
777.679
777.715
777.751
777.787
777.823
777.858
777.894
777.93
777.966
778.001
778.037
778.073
778.108
778.144
778.179
778.214
778.249
778.285
778.32
778.355
778.389
778.424
778.459
778.493
778.528
778.562
778.597
778.631
778.665
778.699
778.733
778.767
778.801
778.834
778.868
778.901
778.935
778.968
779.002
779.035
779.068
779.101
779.134
779.167
779.2
779.233
779.266
779.298
779.331
779.363
779.396
779.428
779.461
779.493
779.525
779.557
779.589
779.621
779.653
779.684
779.716
779.747
779.779
779.81
779.841
779.873
779.904
779.935
779.965
779.996
780.027
780.057
780.088
780.118
780.149
780.179
780.209
780.239
780.269
780.299
780.329
780.358
780.388
780.418
780.447
780.477
780.506
780.535
780.564
780.594
780.623
780.652
780.68
780.709
780.738
780.767
780.795
780.824
780.852
780.881
780.909
780.937
780.965
780.993
781.021
781.049
781.076
781.104
781.131
781.158
781.185
781.212
781.239
781.265
781.292
781.318
781.344
781.37
781.396
781.422
781.447
781.472
781.497
781.522
781.547
781.571
781.596
781.62
781.644
781.668
781.691
781.715
781.738
781.761
781.784
781.807
781.83
781.853
781.875
781.898
781.92
781.942
781.964
781.986
782.008
782.029
782.051
782.072
782.093
782.115
782.136
782.156
782.177
782.198
782.218
782.238
782.259
782.278
782.298
782.318
782.337
782.356
782.375
782.394
782.413
782.431
782.449
782.467
782.484
782.502
782.519
782.536
782.552
782.569
782.585
782.6
782.616
782.631
782.646
782.661
782.676
782.69
782.704
782.718
782.731
782.744
782.757
782.77
782.783
782.795
782.807
782.819
782.83
782.842
782.853
782.864
782.874
782.885
782.895
782.905
782.915
782.924
782.933
782.943
782.951
782.961
782.968
782.979
782.983
782.996
782.998
783.012
783.013
783.027
783.027
783.04
783.04
783.053
783.053
783.066
783.063
772.624
772.632
772.656
772.663
772.665
772.666
772.668
772.67
772.671
772.672
772.673
772.675
772.677
772.679
772.681
772.687
772.694
772.698
772.7
772.7
772.698
772.683
772.631
772.564
772.512
772.477
772.455
772.444
772.44
772.438
772.437
772.434
772.428
772.421
772.415
772.413
772.412
772.412
772.412
772.412
772.412
772.411
772.411
772.411
772.41
772.41
772.411
772.411
772.411
772.412
772.412
772.413
772.413
772.414
772.414
772.415
772.415
772.416
772.417
772.417
772.417
772.418
772.418
772.419
772.419
772.419
772.419
772.42
772.42
772.42
772.42
772.421
772.421
772.421
772.421
772.422
772.422
772.423
772.423
772.424
772.425
772.425
772.426
772.427
772.428
772.429
772.431
772.432
772.433
772.435
772.436
772.438
772.439
772.441
772.443
772.444
772.446
772.448
772.449
772.451
772.453
772.454
772.456
772.457
772.459
772.46
772.461
772.462
772.464
772.465
772.466
772.467
772.468
772.469
772.47
772.471
772.472
772.473
772.474
772.475
772.477
772.478
772.479
772.481
772.483
772.484
772.486
772.488
772.49
772.493
772.495
772.498
772.5
772.503
772.506
772.51
772.513
772.516
772.52
772.523
772.527
772.531
772.535
772.539
772.543
772.547
772.551
772.556
772.56
772.564
772.569
772.573
772.578
772.583
772.587
772.592
772.597
772.602
772.607
772.612
772.617
772.623
772.628
772.634
772.639
772.645
772.651
772.657
772.663
772.669
772.676
772.682
772.689
772.696
772.703
772.71
772.718
772.725
772.733
772.741
772.748
772.757
772.765
772.773
772.782
772.791
772.799
772.808
772.818
772.827
772.836
772.846
772.856
772.865
772.875
772.886
772.896
772.906
772.917
772.928
772.939
772.95
772.961
772.973
772.985
772.996
773.009
773.021
773.033
773.046
773.059
773.072
773.085
773.099
773.112
773.126
773.141
773.155
773.169
773.184
773.199
773.214
773.23
773.246
773.261
773.277
773.294
773.31
773.327
773.344
773.361
773.378
773.396
773.413
773.431
773.449
773.468
773.486
773.505
773.524
773.543
773.563
773.582
773.602
773.622
773.643
773.663
773.684
773.705
773.726
773.747
773.769
773.79
773.812
773.834
773.857
773.879
773.902
773.925
773.948
773.971
773.994
774.018
774.041
774.065
774.089
774.113
774.138
774.162
774.187
774.211
774.236
774.261
774.286
774.312
774.337
774.363
774.388
774.414
774.441
774.467
774.493
774.52
774.547
774.574
774.601
774.629
774.656
774.684
774.712
774.74
774.769
774.797
774.826
774.855
774.884
774.914
774.943
774.973
775.003
775.033
775.063
775.094
775.124
775.155
775.186
775.217
775.248
775.279
775.311
775.342
775.374
775.406
775.437
775.469
775.501
775.534
775.566
775.598
775.63
775.663
775.695
775.728
775.761
775.793
775.826
775.859
775.892
775.925
775.958
775.992
776.025
776.058
776.091
776.125
776.158
776.192
776.225
776.259
776.292
776.326
776.36
776.393
776.427
776.461
776.495
776.529
776.563
776.597
776.631
776.665
776.699
776.733
776.767
776.801
776.836
776.87
776.904
776.939
776.973
777.008
777.043
777.077
777.112
777.147
777.182
777.217
777.252
777.288
777.323
777.358
777.394
777.429
777.465
777.5
777.536
777.572
777.608
777.643
777.679
777.715
777.751
777.787
777.823
777.858
777.894
777.93
777.966
778.001
778.037
778.073
778.108
778.144
778.179
778.214
778.249
778.285
778.32
778.355
778.389
778.424
778.459
778.493
778.528
778.562
778.597
778.631
778.665
778.699
778.733
778.767
778.801
778.834
778.868
778.901
778.935
778.968
779.002
779.035
779.068
779.101
779.134
779.167
779.2
779.233
779.266
779.298
779.331
779.363
779.396
779.428
779.461
779.493
779.525
779.557
779.589
779.621
779.653
779.684
779.716
779.747
779.779
779.81
779.841
779.873
779.904
779.935
779.965
779.996
780.027
780.057
780.088
780.118
780.149
780.179
780.209
780.239
780.269
780.299
780.329
780.358
780.388
780.418
780.447
780.477
780.506
780.535
780.564
780.594
780.623
780.652
780.68
780.709
780.738
780.767
780.795
780.824
780.852
780.881
780.909
780.937
780.965
780.993
781.021
781.049
781.076
781.104
781.131
781.158
781.185
781.212
781.239
781.265
781.292
781.318
781.344
781.37
781.396
781.422
781.447
781.472
781.497
781.522
781.547
781.571
781.596
781.62
781.644
781.668
781.691
781.715
781.738
781.761
781.784
781.807
781.83
781.853
781.875
781.898
781.92
781.942
781.964
781.986
782.008
782.029
782.051
782.072
782.093
782.115
782.136
782.156
782.177
782.198
782.218
782.238
782.259
782.278
782.298
782.318
782.337
782.356
782.375
782.394
782.413
782.431
782.449
782.467
782.484
782.502
782.519
782.536
782.552
782.569
782.585
782.6
782.616
782.631
782.646
782.661
782.676
782.69
782.704
782.718
782.731
782.744
782.757
782.77
782.783
782.795
782.807
782.819
782.83
782.842
782.853
782.864
782.874
782.885
782.895
782.905
782.915
782.924
782.933
782.943
782.951
782.961
782.968
782.979
782.983
782.996
782.998
783.012
783.013
783.027
783.027
783.04
783.04
783.053
783.053
783.066
783.063
772.421
772.427
772.425
772.424
772.425
772.424
772.423
772.425
772.426
772.427
772.428
772.429
772.43
772.431
772.431
772.432
772.432
772.432
772.433
772.434
772.437
772.441
772.444
772.448
772.458
772.473
772.481
772.487
772.5
772.54
772.587
772.604
772.603
772.581
772.51
772.447
772.412
772.397
772.393
772.393
772.396
772.401
772.404
772.406
772.407
772.408
772.409
772.41
772.411
772.411
772.412
772.412
772.413
772.414
772.414
772.415
772.415
772.416
772.417
772.417
772.417
772.418
772.418
772.419
772.419
772.419
772.419
772.42
772.42
772.42
772.42
772.421
772.421
772.421
772.421
772.422
772.422
772.423
772.423
772.424
772.425
772.425
772.426
772.427
772.428
772.429
772.431
772.432
772.433
772.435
772.436
772.438
772.439
772.441
772.443
772.444
772.446
772.448
772.449
772.451
772.453
772.454
772.456
772.457
772.459
772.46
772.461
772.462
772.464
772.465
772.466
772.467
772.468
772.469
772.47
772.471
772.472
772.473
772.474
772.475
772.477
772.478
772.479
772.481
772.483
772.484
772.486
772.488
772.49
772.493
772.495
772.498
772.5
772.503
772.506
772.51
772.513
772.516
772.52
772.523
772.527
772.531
772.535
772.539
772.543
772.547
772.551
772.556
772.56
772.564
772.569
772.573
772.578
772.583
772.587
772.592
772.597
772.602
772.607
772.612
772.617
772.623
772.628
772.634
772.639
772.645
772.651
772.657
772.663
772.669
772.676
772.682
772.689
772.696
772.703
772.71
772.718
772.725
772.733
772.741
772.748
772.757
772.765
772.773
772.782
772.791
772.799
772.808
772.818
772.827
772.836
772.846
772.856
772.865
772.875
772.886
772.896
772.906
772.917
772.928
772.939
772.95
772.961
772.973
772.985
772.996
773.009
773.021
773.033
773.046
773.059
773.072
773.085
773.099
773.112
773.126
773.141
773.155
773.169
773.184
773.199
773.214
773.23
773.246
773.261
773.277
773.294
773.31
773.327
773.344
773.361
773.378
773.396
773.413
773.431
773.449
773.468
773.486
773.505
773.524
773.543
773.563
773.582
773.602
773.622
773.643
773.663
773.684
773.705
773.726
773.747
773.769
773.79
773.812
773.834
773.857
773.879
773.902
773.925
773.948
773.971
773.994
774.018
774.041
774.065
774.089
774.113
774.138
774.162
774.187
774.211
774.236
774.261
774.286
774.312
774.337
774.363
774.388
774.414
774.441
774.467
774.493
774.52
774.547
774.574
774.601
774.629
774.656
774.684
774.712
774.74
774.769
774.797
774.826
774.855
774.884
774.914
774.943
774.973
775.003
775.033
775.063
775.094
775.124
775.155
775.186
775.217
775.248
775.279
775.311
775.342
775.374
775.406
775.437
775.469
775.501
775.534
775.566
775.598
775.63
775.663
775.695
775.728
775.761
775.793
775.826
775.859
775.892
775.925
775.958
775.992
776.025
776.058
776.091
776.125
776.158
776.192
776.225
776.259
776.292
776.326
776.36
776.393
776.427
776.461
776.495
776.529
776.563
776.597
776.631
776.665
776.699
776.733
776.767
776.801
776.836
776.87
776.904
776.939
776.973
777.008
777.043
777.077
777.112
777.147
777.182
777.217
777.252
777.288
777.323
777.358
777.394
777.429
777.465
777.5
777.536
777.572
777.608
777.643
777.679
777.715
777.751
777.787
777.823
777.858
777.894
777.93
777.966
778.001
778.037
778.073
778.108
778.144
778.179
778.214
778.249
778.285
778.32
778.355
778.389
778.424
778.459
778.493
778.528
778.562
778.597
778.631
778.665
778.699
778.733
778.767
778.801
778.834
778.868
778.901
778.935
778.968
779.002
779.035
779.068
779.101
779.134
779.167
779.2
779.233
779.266
779.298
779.331
779.363
779.396
779.428
779.461
779.493
779.525
779.557
779.589
779.621
779.653
779.684
779.716
779.747
779.779
779.81
779.841
779.873
779.904
779.935
779.965
779.996
780.027
780.057
780.088
780.118
780.149
780.179
780.209
780.239
780.269
780.299
780.329
780.358
780.388
780.418
780.447
780.477
780.506
780.535
780.564
780.594
780.623
780.652
780.68
780.709
780.738
780.767
780.795
780.824
780.852
780.881
780.909
780.937
780.965
780.993
781.021
781.049
781.076
781.104
781.131
781.158
781.185
781.212
781.239
781.265
781.292
781.318
781.344
781.37
781.396
781.422
781.447
781.472
781.497
781.522
781.547
781.571
781.596
781.62
781.644
781.668
781.691
781.715
781.738
781.761
781.784
781.807
781.83
781.853
781.875
781.898
781.92
781.942
781.964
781.986
782.008
782.029
782.051
782.072
782.093
782.115
782.136
782.156
782.177
782.198
782.218
782.238
782.259
782.278
782.298
782.318
782.337
782.356
782.375
782.394
782.413
782.431
782.449
782.467
782.484
782.502
782.519
782.536
782.552
782.569
782.585
782.6
782.616
782.631
782.646
782.661
782.676
782.69
782.704
782.718
782.731
782.744
782.757
782.77
782.783
782.795
782.807
782.819
782.83
782.842
782.853
782.864
782.874
782.885
782.895
782.905
782.915
782.924
782.933
782.943
782.951
782.961
782.968
782.979
782.983
782.996
782.998
783.012
783.013
783.027
783.027
783.04
783.04
783.053
783.053
783.066
783.063
772.531
772.539
772.54
772.537
772.536
772.536
772.536
772.537
772.539
772.541
772.543
772.544
772.545
772.546
772.547
772.547
772.547
772.548
772.549
772.552
772.554
772.557
772.564
772.576
772.582
772.583
772.582
772.583
772.603
772.726
772.955
773.077
773.104
773.08
772.944
772.747
772.609
772.522
772.47
772.441
772.426
772.418
772.414
772.412
772.411
772.411
772.411
772.411
772.412
772.412
772.413
772.413
772.414
772.415
772.415
772.416
772.416
772.417
772.417
772.418
772.418
772.419
772.419
772.419
772.42
772.42
772.42
772.42
772.421
772.421
772.421
772.421
772.422
772.422
772.422
772.423
772.423
772.424
772.424
772.425
772.425
772.426
772.427
772.428
772.429
772.43
772.431
772.433
772.434
772.436
772.437
772.439
772.44
772.442
772.444
772.445
772.447
772.449
772.45
772.452
772.454
772.455
772.457
772.458
772.459
772.461
772.462
772.463
772.464
772.466
772.467
772.468
772.469
772.47
772.471
772.472
772.473
772.474
772.475
772.476
772.477
772.479
772.48
772.482
772.483
772.485
772.487
772.489
772.491
772.494
772.496
772.499
772.501
772.504
772.507
772.51
772.514
772.517
772.521
772.524
772.528
772.532
772.536
772.54
772.544
772.548
772.552
772.557
772.561
772.565
772.57
772.574
772.579
772.584
772.588
772.593
772.598
772.603
772.608
772.613
772.618
772.624
772.629
772.634
772.64
772.646
772.652
772.658
772.664
772.67
772.677
772.683
772.69
772.697
772.704
772.711
772.718
772.726
772.734
772.741
772.749
772.757
772.766
772.774
772.783
772.791
772.8
772.809
772.818
772.828
772.837
772.847
772.856
772.866
772.876
772.886
772.897
772.907
772.918
772.929
772.94
772.951
772.962
772.974
772.985
772.997
773.009
773.022
773.034
773.047
773.06
773.073
773.086
773.1
773.113
773.127
773.141
773.156
773.17
773.185
773.2
773.215
773.231
773.246
773.262
773.278
773.295
773.311
773.328
773.345
773.362
773.379
773.397
773.414
773.432
773.45
773.469
773.487
773.506
773.525
773.544
773.564
773.583
773.603
773.623
773.644
773.664
773.685
773.706
773.727
773.748
773.77
773.791
773.813
773.835
773.858
773.88
773.903
773.926
773.949
773.972
773.995
774.019
774.042
774.066
774.09
774.114
774.138
774.163
774.187
774.212
774.237
774.262
774.287
774.312
774.338
774.364
774.389
774.415
774.441
774.468
774.494
774.521
774.548
774.575
774.602
774.63
774.657
774.685
774.713
774.741
774.77
774.798
774.827
774.856
774.885
774.915
774.944
774.974
775.004
775.034
775.064
775.095
775.125
775.156
775.187
775.218
775.249
775.28
775.312
775.343
775.375
775.406
775.438
775.47
775.502
775.534
775.567
775.599
775.631
775.664
775.696
775.729
775.762
775.794
775.827
775.86
775.893
775.926
775.959
775.992
776.026
776.059
776.092
776.126
776.159
776.192
776.226
776.26
776.293
776.327
776.361
776.394
776.428
776.462
776.496
776.53
776.563
776.597
776.631
776.665
776.7
776.734
776.768
776.802
776.836
776.871
776.905
776.94
776.974
777.009
777.043
777.078
777.113
777.148
777.183
777.218
777.253
777.288
777.324
777.359
777.394
777.43
777.466
777.501
777.537
777.573
777.608
777.644
777.68
777.716
777.752
777.787
777.823
777.859
777.895
777.931
777.966
778.002
778.038
778.073
778.109
778.144
778.18
778.215
778.25
778.285
778.32
778.355
778.39
778.425
778.46
778.494
778.529
778.563
778.597
778.632
778.666
778.7
778.734
778.768
778.801
778.835
778.869
778.902
778.936
778.969
779.002
779.036
779.069
779.102
779.135
779.168
779.201
779.234
779.266
779.299
779.332
779.364
779.397
779.429
779.461
779.493
779.526
779.558
779.59
779.621
779.653
779.685
779.717
779.748
779.779
779.811
779.842
779.873
779.904
779.935
779.966
779.997
780.028
780.058
780.089
780.119
780.149
780.18
780.21
780.24
780.27
780.3
780.329
780.359
780.389
780.418
780.448
780.477
780.507
780.536
780.565
780.594
780.623
780.652
780.681
780.71
780.739
780.767
780.796
780.824
780.853
780.881
780.909
780.938
780.966
780.994
781.021
781.049
781.077
781.104
781.132
781.159
781.186
781.213
781.239
781.266
781.292
781.319
781.345
781.371
781.397
781.422
781.448
781.473
781.498
781.523
781.547
781.572
781.596
781.62
781.644
781.668
781.692
781.715
781.739
781.762
781.785
781.808
781.831
781.853
781.876
781.898
781.92
781.942
781.964
781.986
782.008
782.03
782.051
782.073
782.094
782.115
782.136
782.157
782.178
782.198
782.219
782.239
782.259
782.279
782.299
782.318
782.338
782.357
782.376
782.394
782.413
782.431
782.449
782.467
782.485
782.502
782.519
782.536
782.553
782.569
782.585
782.601
782.616
782.632
782.647
782.662
782.676
782.69
782.704
782.718
782.732
782.745
782.758
782.771
782.783
782.795
782.807
782.819
782.831
782.842
782.853
782.864
782.875
782.885
782.895
782.905
782.915
782.925
782.934
782.944
782.952
782.962
782.968
782.979
782.984
782.996
782.999
783.012
783.013
783.027
783.027
783.041
783.04
783.054
783.053
783.066
783.063
)
;

boundaryField
{
    inlet
    {
        type            zeroGradient;
    }
    outlet
    {
        type            zeroGradient;
    }
    sides
    {
        type            empty;
    }
    walls
    {
        type            zeroGradient;
    }
}


// ************************************************************************* //
