/*--------------------------------*- C++ -*----------------------------------*\
| =========                 |                                                 |
| \\      /  F ield         | OpenFOAM: The Open Source CFD Toolbox           |
|  \\    /   O peration     | Version:  3.0.x                                 |
|   \\  /    A nd           | Web:      www.OpenFOAM.org                      |
|    \\/     M anipulation  |                                                 |
\*---------------------------------------------------------------------------*/
FoamFile
{
    version     2.0;
    format      ascii;
    class       volScalarField;
    location    "0.013";
    object      rho;
}
// * * * * * * * * * * * * * * * * * * * * * * * * * * * * * * * * * * * * * //

dimensions      [1 -3 0 0 0 0 0];

internalField   nonuniform List<scalar> 
1000
(
50.4677
50.4677
50.4677
50.4677
50.4677
50.4677
50.4677
50.4677
50.4677
50.4677
50.4677
50.4677
50.4677
50.4677
50.4677
50.4677
50.4677
50.4677
50.4677
50.4677
50.4677
50.4677
50.4677
50.4677
50.4677
50.4677
50.4677
50.4677
50.4677
50.4677
50.4677
50.4677
50.4677
50.4677
50.4677
50.4677
50.4677
50.4677
50.4677
50.4677
50.4677
50.4677
50.4677
50.4677
50.4677
50.4677
50.4677
50.4677
50.4677
50.4677
50.4677
50.4677
50.4677
50.4677
50.4677
50.4677
50.4677
50.4677
50.4677
50.4677
50.4677
50.4677
50.4677
50.4677
50.4677
50.4677
50.4677
50.4677
50.4677
50.4677
50.4677
50.4677
50.4677
50.4677
50.4677
50.4677
50.4677
50.4677
50.4677
50.4677
50.4677
50.4677
50.4677
50.4677
50.4677
50.4677
50.4677
50.4677
50.4677
50.4677
50.4677
50.4677
50.4677
50.4677
50.4677
50.4677
50.4677
50.4677
50.4677
50.4677
50.4677
50.4677
50.4677
50.4678
50.4678
50.4678
50.4678
50.4679
50.4679
50.4679
50.468
50.468
50.4681
50.4682
50.4683
50.4684
50.4686
50.4687
50.4689
50.4692
50.4694
50.4698
50.4701
50.4706
50.4711
50.4717
50.4724
50.4732
50.4741
50.4752
50.4765
50.4779
50.4796
50.4816
50.4838
50.4865
50.4895
50.4929
50.4969
50.5015
50.5067
50.5127
50.5195
50.5273
50.5362
50.5463
50.5579
50.5709
50.5857
50.6024
50.6213
50.6426
50.6664
50.6932
50.7231
50.7565
50.7936
50.8347
50.8801
50.93
50.9848
51.0446
51.1095
51.1797
51.2552
51.336
51.4219
51.5126
51.6078
51.707
51.8097
51.9152
52.0228
52.1317
52.2409
52.3498
52.4573
52.5627
52.6652
52.7643
52.8592
52.9495
53.0349
53.1151
53.1899
53.2593
53.3233
53.3821
53.4358
53.4845
53.5287
53.5685
53.6043
53.6363
53.6649
53.6903
53.7128
53.7327
53.7503
53.7658
53.7793
53.7912
53.8016
53.8107
53.8185
53.8253
53.8312
53.8362
53.8405
53.8442
53.8473
53.8499
53.852
53.8537
53.855
53.8561
53.8568
53.8574
53.8577
53.8579
53.858
53.858
53.8579
53.8579
53.8579
53.8578
53.8578
53.8578
53.8578
53.8577
53.8577
53.8577
53.8577
53.8577
53.8577
53.8577
53.8577
53.8577
53.8576
53.8576
53.8576
53.8576
53.8576
53.8576
53.8576
53.8576
53.8576
53.8577
53.8577
53.8577
53.8577
53.8577
53.8577
53.8577
53.8577
53.8577
53.8577
53.8577
53.8577
53.8577
53.8577
53.8577
53.8577
53.8577
53.8577
53.8577
53.8577
53.8577
53.8577
53.8577
53.8577
53.8577
53.8577
53.8577
53.8577
53.8577
53.8577
53.8577
53.8577
53.8577
53.8577
53.8577
53.8577
53.8577
53.8577
53.8577
53.8577
53.8577
53.8577
53.8577
53.8577
53.8577
53.8577
53.8577
53.8577
53.8577
53.8577
53.8577
53.8577
53.8577
53.8577
53.8577
53.8578
53.8578
53.8578
53.8578
53.8578
53.8578
53.8578
53.8578
53.8578
53.8578
53.8578
53.8578
53.8578
53.8578
53.8578
53.8578
53.8578
53.8578
53.8578
53.8578
53.8578
53.8578
53.8578
53.8578
53.8578
53.8578
53.8578
53.8578
53.8578
53.8578
53.8578
53.8578
53.8578
53.8578
53.8578
53.8578
53.8578
53.8578
53.8578
53.8578
53.8578
53.8578
53.8578
53.8578
53.8578
53.8578
53.8578
53.8578
53.8578
53.8578
53.8578
53.8578
53.8578
53.8578
53.8578
53.8578
53.8578
53.8578
53.8578
53.8578
53.8578
53.8578
53.8578
53.8578
53.8578
53.8578
53.8578
53.8578
53.8578
53.8578
53.8578
53.8578
53.8578
53.8578
53.8578
53.8578
53.8578
53.8578
53.8578
53.8578
53.8578
53.8578
53.8578
53.8578
53.8578
53.8578
53.8578
53.8578
53.8578
53.8578
53.8578
53.8578
53.8578
53.8578
53.8578
53.8578
53.8578
53.8578
53.8578
53.8578
53.8578
53.8578
53.8578
53.8578
53.8578
53.8578
53.8578
53.8578
53.8578
53.8578
53.8578
53.8578
53.8578
53.8578
53.8578
53.8578
53.8578
53.8578
53.8578
53.8578
53.8578
53.8578
53.8578
53.8578
53.8578
53.8578
53.8578
53.8578
53.8578
53.8578
53.8578
53.8578
53.8578
53.8578
53.8578
53.8578
53.8578
53.8578
53.8578
53.8578
53.8578
53.8578
53.8578
53.8578
53.8578
53.8578
53.8578
53.8578
53.8578
53.8578
53.8578
53.8578
53.8578
53.8578
53.8578
53.8578
53.8578
53.8578
53.8578
53.8578
53.8578
53.8578
53.8578
53.8578
53.8578
53.8578
53.8578
53.8578
53.8578
53.8578
53.8578
53.8578
53.8578
53.8578
53.8578
53.8578
53.8578
53.8578
53.8578
53.8578
53.8578
53.8578
53.8578
53.8578
53.8578
53.8578
53.8578
53.8578
53.8578
53.8578
53.8578
53.8578
53.8578
53.8578
53.8578
53.8578
53.8578
53.8578
53.8578
53.8578
53.8578
53.8578
53.8578
53.8578
53.8578
53.8578
53.8578
53.8578
53.8578
53.8578
53.8578
53.8578
53.8578
53.8578
53.8578
53.8578
53.8578
53.8578
53.8578
53.8578
53.8578
53.8578
53.8578
53.8578
53.8578
53.8578
53.8578
53.8578
53.8578
53.8578
53.8578
53.8578
53.8578
53.8578
53.8578
53.8578
53.8578
53.8578
53.8578
53.8578
53.8578
53.8578
53.8578
53.8578
53.8578
53.8578
53.8578
53.8578
53.8578
53.8578
53.8578
53.8578
53.8578
53.8578
53.8578
53.8578
53.8578
53.8578
53.8578
53.8578
53.8578
53.8578
53.8578
53.8578
53.8578
53.8578
53.8578
53.8578
53.8578
53.8578
53.8578
53.8578
53.8578
53.8578
53.8578
53.8578
53.8578
53.8578
53.8578
53.8578
53.8578
53.8578
53.8578
53.8578
53.8578
53.8578
53.8578
53.8578
53.8578
53.8578
53.8578
53.8578
53.8578
53.8578
53.8578
53.8578
53.8578
53.8578
53.8578
53.8578
53.8578
53.8578
53.8578
53.8578
53.8578
53.8578
53.8578
53.8578
53.8578
53.8578
53.8578
53.8578
53.8578
53.8578
53.8578
53.8578
53.8578
53.8578
53.8578
53.8578
53.8578
53.8578
53.8578
53.8578
53.8578
53.8578
53.8578
53.8578
53.8578
53.8578
53.8578
53.8578
53.8578
53.8578
53.8578
53.8578
53.8578
53.8578
53.8578
53.8578
53.8578
53.8578
53.8578
53.8578
53.8578
53.8578
53.8578
53.8578
53.8578
53.8578
53.8578
53.8578
53.8578
53.8578
53.8578
53.8578
53.8578
53.8578
53.8578
53.8578
53.8578
53.8578
53.8578
53.8578
53.8578
53.8578
53.8578
53.8578
53.8578
53.8578
53.8578
53.8578
53.8578
53.8578
53.8578
53.8578
53.8578
53.8578
53.8578
53.8578
53.8578
53.8578
53.8578
53.8578
53.8578
53.8578
53.8578
53.8578
53.8578
53.8578
53.8578
53.8578
53.8578
53.8578
53.8578
53.8578
53.8578
53.8578
53.8578
53.8578
53.8578
53.8578
53.8578
53.8578
53.8578
53.8578
53.8578
53.8578
53.8578
53.8578
53.8578
53.8578
53.8578
53.8578
53.8578
53.8578
53.8578
53.8578
53.8578
53.8578
53.8578
53.8578
53.8578
53.8578
53.8578
53.8578
53.8578
53.8578
53.8578
53.8578
53.8578
53.8578
53.8578
53.8578
53.8578
53.8578
53.8578
53.8578
53.8578
53.8578
53.8577
53.8577
53.8577
53.8577
53.8577
53.8577
53.8577
53.8577
53.8577
53.8577
53.8577
53.8577
53.8577
53.8577
53.8577
53.8577
53.8577
53.8577
53.8577
53.8577
53.8577
53.8577
53.8577
53.8577
53.8577
53.8577
53.8577
53.8577
53.8577
53.8577
53.8577
53.8577
53.8577
53.8577
53.8577
53.8577
53.8577
53.8577
53.8577
53.8577
53.8577
53.8577
53.8577
53.8577
53.8577
53.8577
53.8577
53.8577
53.8577
53.8577
53.8577
53.8577
53.8577
53.8577
53.8577
53.8577
53.8577
53.8577
53.8577
53.8577
53.8577
53.8577
53.8577
53.8577
53.8577
53.8577
53.8577
53.8577
53.8577
53.8577
53.8577
53.8577
53.8577
53.8577
53.8576
53.8576
53.8576
53.8576
53.8576
53.8576
53.8576
53.8576
53.8576
53.8576
53.8576
53.8576
53.8576
53.8576
53.8576
53.8576
53.8576
53.8576
53.8576
53.8576
53.8576
53.8576
53.8576
53.8576
53.8576
53.8576
53.8576
53.8576
53.8576
53.8576
53.8576
53.8576
53.8576
53.8576
53.8576
53.8576
53.8576
53.8576
53.8576
53.8576
53.8576
53.8576
53.8576
53.8576
53.8576
53.8575
53.8575
53.8575
53.8575
53.8575
53.8575
53.8575
53.8575
53.8575
53.8575
53.8575
53.8575
53.8575
53.8575
53.8575
53.8575
53.8575
53.8575
53.8575
53.8575
53.8575
53.8575
53.8575
53.8575
53.8575
53.8575
53.8575
53.8575
53.8575
53.8574
53.8574
53.8574
53.8574
53.8574
53.8574
53.8574
53.8574
53.8574
53.8574
53.8574
53.8574
53.8574
53.8574
53.8574
53.8574
53.8574
53.8574
53.8574
53.8574
53.8573
53.8574
53.8573
53.8573
53.8573
53.8573
53.8573
53.8573
53.8573
53.8573
53.8573
53.8573
53.8573
53.8573
53.8572
53.8573
53.8572
53.8573
53.8572
53.8573
53.8572
53.8573
53.8571
53.8573
53.8571
53.8573
53.8571
53.8572
53.857
53.8572
53.857
53.8572
53.857
53.8572
53.8569
53.8572
53.8569
53.8572
53.8568
53.8572
53.8568
53.8572
53.8567
53.8572
53.8567
53.8572
53.8566
53.8572
53.8565
53.8572
53.8565
53.8572
53.8564
53.8572
53.8564
53.8572
53.8563
53.8571
53.8562
53.8571
53.8562
53.857
53.8561
53.857
53.856
53.8569
53.8559
53.8568
53.8559
53.8567
53.8558
53.8566
53.8557
53.8565
53.8556
53.8563
53.8555
53.8561
53.8553
53.8558
53.8551
53.8554
53.8547
53.8549
53.8541
53.854
53.8526
53.8499
53.8379
53.8487
)
;

boundaryField
{
    inlet
    {
        type            calculated;
        value           uniform 50.4677;
    }
    backWall
    {
        type            calculated;
        value           uniform 53.8487;
    }
    sides
    {
        type            empty;
    }
}


// ************************************************************************* //
