/*--------------------------------*- C++ -*----------------------------------*\
| =========                 |                                                 |
| \\      /  F ield         | OpenFOAM: The Open Source CFD Toolbox           |
|  \\    /   O peration     | Version:  3.0.x                                 |
|   \\  /    A nd           | Web:      www.OpenFOAM.org                      |
|    \\/     M anipulation  |                                                 |
\*---------------------------------------------------------------------------*/
FoamFile
{
    version     2.0;
    format      ascii;
    class       volScalarField;
    location    "0.009";
    object      p;
}
// * * * * * * * * * * * * * * * * * * * * * * * * * * * * * * * * * * * * * //

dimensions      [1 -1 -2 0 0 0 0];

internalField   nonuniform List<scalar> 
1000
(
1.8e+07
1.8e+07
1.8e+07
1.8e+07
1.8e+07
1.8e+07
1.8e+07
1.8e+07
1.8e+07
1.8e+07
1.8e+07
1.8e+07
1.8e+07
1.8e+07
1.8e+07
1.8e+07
1.8e+07
1.8e+07
1.8e+07
1.8e+07
1.8e+07
1.8e+07
1.8e+07
1.8e+07
1.8e+07
1.8e+07
1.8e+07
1.8e+07
1.8e+07
1.8e+07
1.8e+07
1.8e+07
1.8e+07
1.8e+07
1.8e+07
1.8e+07
1.8e+07
1.8e+07
1.8e+07
1.8e+07
1.8e+07
1.8e+07
1.8e+07
1.8e+07
1.8e+07
1.8e+07
1.8e+07
1.8e+07
1.8e+07
1.8e+07
1.8e+07
1.8e+07
1.8e+07
1.8e+07
1.8e+07
1.8e+07
1.8e+07
1.8e+07
1.8e+07
1.8e+07
1.8e+07
1.8e+07
1.8e+07
1.8e+07
1.8e+07
1.8e+07
1.8e+07
1.8e+07
1.8e+07
1.8e+07
1.8e+07
1.8e+07
1.8e+07
1.8e+07
1.8e+07
1.8e+07
1.8e+07
1.8e+07
1.8e+07
1.8e+07
1.8e+07
1.8e+07
1.8e+07
1.8e+07
1.8e+07
1.8e+07
1.8e+07
1.8e+07
1.8e+07
1.8e+07
1.8e+07
1.8e+07
1.8e+07
1.8e+07
1.8e+07
1.8e+07
1.8e+07
1.8e+07
1.8e+07
1.8e+07
1.8e+07
1.8e+07
1.8e+07
1.8e+07
1.8e+07
1.8e+07
1.8e+07
1.8e+07
1.8e+07
1.8e+07
1.8e+07
1.8e+07
1.8e+07
1.8e+07
1.8e+07
1.8e+07
1.8e+07
1.8e+07
1.8e+07
1.8e+07
1.8e+07
1.8e+07
1.8e+07
1.8e+07
1.8e+07
1.8e+07
1.8e+07
1.8e+07
1.8e+07
1.8e+07
1.8e+07
1.8e+07
1.8e+07
1.8e+07
1.8e+07
1.8e+07
1.8e+07
1.8e+07
1.8e+07
1.8e+07
1.8e+07
1.8e+07
1.8e+07
1.8e+07
1.8e+07
1.8e+07
1.8e+07
1.8e+07
1.8e+07
1.8e+07
1.8e+07
1.8e+07
1.8e+07
1.8e+07
1.8e+07
1.8e+07
1.8e+07
1.8e+07
1.8e+07
1.8e+07
1.8e+07
1.8e+07
1.8e+07
1.8e+07
1.8e+07
1.8e+07
1.8e+07
1.8e+07
1.8e+07
1.8e+07
1.8e+07
1.8e+07
1.8e+07
1.8e+07
1.8e+07
1.8e+07
1.8e+07
1.8e+07
1.8e+07
1.8e+07
1.8e+07
1.8e+07
1.8e+07
1.8e+07
1.8e+07
1.8e+07
1.8e+07
1.8e+07
1.8e+07
1.8e+07
1.8e+07
1.8e+07
1.8e+07
1.8e+07
1.8e+07
1.8e+07
1.8e+07
1.8e+07
1.8e+07
1.8e+07
1.8e+07
1.8e+07
1.8e+07
1.8e+07
1.8e+07
1.8e+07
1.8e+07
1.8e+07
1.8e+07
1.8e+07
1.8e+07
1.8e+07
1.8e+07
1.8e+07
1.8e+07
1.8e+07
1.8e+07
1.8e+07
1.8e+07
1.8e+07
1.8e+07
1.8e+07
1.8e+07
1.8e+07
1.8e+07
1.8e+07
1.8e+07
1.8e+07
1.8e+07
1.8e+07
1.8e+07
1.8e+07
1.8e+07
1.8e+07
1.8e+07
1.8e+07
1.8e+07
1.8e+07
1.8e+07
1.8e+07
1.8e+07
1.8e+07
1.8e+07
1.8e+07
1.8e+07
1.8e+07
1.8e+07
1.8e+07
1.8e+07
1.8e+07
1.8e+07
1.8e+07
1.8e+07
1.8e+07
1.8e+07
1.8e+07
1.8e+07
1.8e+07
1.8e+07
1.8e+07
1.8e+07
1.8e+07
1.8e+07
1.8e+07
1.8e+07
1.8e+07
1.8e+07
1.8e+07
1.8e+07
1.8e+07
1.8e+07
1.8e+07
1.8e+07
1.8e+07
1.8e+07
1.8e+07
1.8e+07
1.8e+07
1.8e+07
1.8e+07
1.8e+07
1.8e+07
1.8e+07
1.8e+07
1.8e+07
1.8e+07
1.8e+07
1.8e+07
1.8e+07
1.8e+07
1.8e+07
1.8e+07
1.8e+07
1.8e+07
1.8e+07
1.8e+07
1.8e+07
1.8e+07
1.8e+07
1.8e+07
1.8e+07
1.8e+07
1.8e+07
1.8e+07
1.8e+07
1.8e+07
1.8e+07
1.8e+07
1.8e+07
1.8e+07
1.8e+07
1.8e+07
1.8e+07
1.8e+07
1.8e+07
1.8e+07
1.8e+07
1.8e+07
1.8e+07
1.8e+07
1.8e+07
1.8e+07
1.8e+07
1.8e+07
1.8e+07
1.8e+07
1.8e+07
1.8e+07
1.8e+07
1.8e+07
1.8e+07
1.8e+07
1.8e+07
1.8e+07
1.8e+07
1.8e+07
1.8e+07
1.8e+07
1.8e+07
1.8e+07
1.8e+07
1.8e+07
1.8e+07
1.8e+07
1.8e+07
1.8e+07
1.8e+07
1.8e+07
1.8e+07
1.8e+07
1.8e+07
1.8e+07
1.8e+07
1.8e+07
1.8e+07
1.8e+07
1.8e+07
1.8e+07
1.8e+07
1.8e+07
1.8e+07
1.8e+07
1.8e+07
1.8e+07
1.8e+07
1.8e+07
1.8e+07
1.80001e+07
1.80001e+07
1.80001e+07
1.80001e+07
1.80001e+07
1.80002e+07
1.80002e+07
1.80003e+07
1.80003e+07
1.80004e+07
1.80005e+07
1.80006e+07
1.80007e+07
1.80008e+07
1.8001e+07
1.80012e+07
1.80014e+07
1.80017e+07
1.80021e+07
1.80025e+07
1.8003e+07
1.80036e+07
1.80043e+07
1.80051e+07
1.8006e+07
1.80071e+07
1.80085e+07
1.801e+07
1.80118e+07
1.80139e+07
1.80163e+07
1.80192e+07
1.80225e+07
1.80263e+07
1.80307e+07
1.80357e+07
1.80416e+07
1.80483e+07
1.80559e+07
1.80646e+07
1.80746e+07
1.80859e+07
1.80987e+07
1.81131e+07
1.81293e+07
1.81474e+07
1.81677e+07
1.81902e+07
1.8215e+07
1.82424e+07
1.82723e+07
1.83048e+07
1.834e+07
1.83779e+07
1.84182e+07
1.84609e+07
1.85058e+07
1.85527e+07
1.86011e+07
1.86508e+07
1.87012e+07
1.87521e+07
1.88028e+07
1.8853e+07
1.89023e+07
1.89501e+07
1.89962e+07
1.90402e+07
1.90819e+07
1.91211e+07
1.91577e+07
1.91916e+07
1.92227e+07
1.92512e+07
1.9277e+07
1.93003e+07
1.93213e+07
1.934e+07
1.93567e+07
1.93714e+07
1.93844e+07
1.93958e+07
1.94058e+07
1.94144e+07
1.9422e+07
1.94285e+07
1.94341e+07
1.9439e+07
1.94431e+07
1.94466e+07
1.94496e+07
1.94521e+07
1.94542e+07
1.9456e+07
1.94574e+07
1.94586e+07
1.94595e+07
1.94602e+07
1.94608e+07
1.94611e+07
1.94614e+07
1.94615e+07
1.94616e+07
1.94616e+07
1.94615e+07
1.94615e+07
1.94615e+07
1.94615e+07
1.94615e+07
1.94614e+07
1.94614e+07
1.94614e+07
1.94614e+07
1.94614e+07
1.94614e+07
1.94614e+07
1.94614e+07
1.94614e+07
1.94614e+07
1.94614e+07
1.94614e+07
1.94614e+07
1.94614e+07
1.94614e+07
1.94614e+07
1.94614e+07
1.94614e+07
1.94614e+07
1.94614e+07
1.94614e+07
1.94614e+07
1.94614e+07
1.94614e+07
1.94614e+07
1.94614e+07
1.94614e+07
1.94614e+07
1.94614e+07
1.94614e+07
1.94614e+07
1.94614e+07
1.94614e+07
1.94614e+07
1.94614e+07
1.94614e+07
1.94614e+07
1.94614e+07
1.94614e+07
1.94614e+07
1.94614e+07
1.94614e+07
1.94614e+07
1.94614e+07
1.94614e+07
1.94614e+07
1.94614e+07
1.94614e+07
1.94615e+07
1.94615e+07
1.94615e+07
1.94615e+07
1.94615e+07
1.94615e+07
1.94615e+07
1.94615e+07
1.94615e+07
1.94615e+07
1.94615e+07
1.94615e+07
1.94615e+07
1.94615e+07
1.94615e+07
1.94615e+07
1.94615e+07
1.94615e+07
1.94615e+07
1.94615e+07
1.94615e+07
1.94615e+07
1.94615e+07
1.94615e+07
1.94615e+07
1.94615e+07
1.94615e+07
1.94615e+07
1.94615e+07
1.94615e+07
1.94615e+07
1.94615e+07
1.94615e+07
1.94615e+07
1.94615e+07
1.94615e+07
1.94615e+07
1.94615e+07
1.94615e+07
1.94615e+07
1.94615e+07
1.94615e+07
1.94615e+07
1.94615e+07
1.94615e+07
1.94615e+07
1.94615e+07
1.94615e+07
1.94615e+07
1.94615e+07
1.94615e+07
1.94615e+07
1.94615e+07
1.94615e+07
1.94615e+07
1.94615e+07
1.94615e+07
1.94615e+07
1.94615e+07
1.94615e+07
1.94615e+07
1.94615e+07
1.94615e+07
1.94615e+07
1.94615e+07
1.94615e+07
1.94615e+07
1.94615e+07
1.94615e+07
1.94615e+07
1.94615e+07
1.94615e+07
1.94615e+07
1.94615e+07
1.94615e+07
1.94615e+07
1.94615e+07
1.94615e+07
1.94615e+07
1.94615e+07
1.94615e+07
1.94615e+07
1.94615e+07
1.94615e+07
1.94615e+07
1.94615e+07
1.94615e+07
1.94615e+07
1.94615e+07
1.94615e+07
1.94615e+07
1.94615e+07
1.94615e+07
1.94615e+07
1.94615e+07
1.94615e+07
1.94615e+07
1.94615e+07
1.94615e+07
1.94615e+07
1.94615e+07
1.94615e+07
1.94615e+07
1.94615e+07
1.94615e+07
1.94615e+07
1.94615e+07
1.94615e+07
1.94615e+07
1.94615e+07
1.94615e+07
1.94615e+07
1.94615e+07
1.94615e+07
1.94615e+07
1.94615e+07
1.94615e+07
1.94615e+07
1.94615e+07
1.94615e+07
1.94615e+07
1.94615e+07
1.94615e+07
1.94615e+07
1.94615e+07
1.94615e+07
1.94615e+07
1.94615e+07
1.94615e+07
1.94615e+07
1.94615e+07
1.94615e+07
1.94615e+07
1.94615e+07
1.94615e+07
1.94615e+07
1.94615e+07
1.94615e+07
1.94615e+07
1.94615e+07
1.94615e+07
1.94615e+07
1.94615e+07
1.94615e+07
1.94615e+07
1.94615e+07
1.94615e+07
1.94615e+07
1.94615e+07
1.94615e+07
1.94615e+07
1.94615e+07
1.94615e+07
1.94615e+07
1.94615e+07
1.94615e+07
1.94615e+07
1.94615e+07
1.94615e+07
1.94615e+07
1.94615e+07
1.94615e+07
1.94615e+07
1.94615e+07
1.94615e+07
1.94615e+07
1.94615e+07
1.94615e+07
1.94615e+07
1.94615e+07
1.94615e+07
1.94615e+07
1.94615e+07
1.94615e+07
1.94615e+07
1.94615e+07
1.94615e+07
1.94615e+07
1.94615e+07
1.94615e+07
1.94615e+07
1.94615e+07
1.94615e+07
1.94615e+07
1.94615e+07
1.94615e+07
1.94615e+07
1.94615e+07
1.94615e+07
1.94615e+07
1.94615e+07
1.94615e+07
1.94615e+07
1.94615e+07
1.94615e+07
1.94615e+07
1.94615e+07
1.94615e+07
1.94615e+07
1.94615e+07
1.94615e+07
1.94615e+07
1.94615e+07
1.94615e+07
1.94615e+07
1.94615e+07
1.94615e+07
1.94615e+07
1.94615e+07
1.94615e+07
1.94615e+07
1.94615e+07
1.94615e+07
1.94615e+07
1.94615e+07
1.94615e+07
1.94615e+07
1.94615e+07
1.94615e+07
1.94615e+07
1.94615e+07
1.94615e+07
1.94615e+07
1.94615e+07
1.94615e+07
1.94615e+07
1.94615e+07
1.94615e+07
1.94615e+07
1.94615e+07
1.94615e+07
1.94615e+07
1.94615e+07
1.94615e+07
1.94615e+07
1.94615e+07
1.94615e+07
1.94615e+07
1.94615e+07
1.94615e+07
1.94615e+07
1.94615e+07
1.94615e+07
1.94615e+07
1.94615e+07
1.94615e+07
1.94615e+07
1.94615e+07
1.94615e+07
1.94615e+07
1.94615e+07
1.94615e+07
1.94615e+07
1.94615e+07
1.94615e+07
1.94615e+07
1.94615e+07
1.94616e+07
1.94616e+07
1.94616e+07
1.94616e+07
1.94616e+07
1.94616e+07
1.94616e+07
1.94616e+07
1.94616e+07
1.94616e+07
1.94616e+07
1.94616e+07
1.94616e+07
1.94616e+07
1.94616e+07
1.94616e+07
1.94616e+07
1.94616e+07
1.94616e+07
1.94616e+07
1.94616e+07
1.94616e+07
1.94616e+07
1.94616e+07
1.94616e+07
1.94616e+07
1.94616e+07
1.94616e+07
1.94616e+07
1.94616e+07
1.94616e+07
1.94616e+07
1.94616e+07
1.94616e+07
1.94616e+07
1.94616e+07
1.94616e+07
1.94616e+07
1.94616e+07
1.94616e+07
1.94616e+07
1.94616e+07
1.94616e+07
1.94616e+07
1.94616e+07
1.94616e+07
1.94616e+07
1.94616e+07
1.94616e+07
1.94616e+07
1.94616e+07
1.94616e+07
1.94616e+07
1.94616e+07
1.94616e+07
1.94616e+07
1.94616e+07
1.94616e+07
1.94616e+07
1.94616e+07
1.94616e+07
1.94616e+07
1.94616e+07
1.94616e+07
1.94616e+07
1.94616e+07
1.94616e+07
1.94616e+07
1.94616e+07
1.94616e+07
1.94616e+07
1.94616e+07
1.94616e+07
1.94616e+07
1.94616e+07
1.94616e+07
1.94616e+07
1.94616e+07
1.94616e+07
1.94616e+07
1.94616e+07
1.94616e+07
1.94616e+07
1.94616e+07
1.94616e+07
1.94616e+07
1.94616e+07
1.94616e+07
1.94616e+07
1.94616e+07
1.94616e+07
1.94616e+07
1.94616e+07
1.94616e+07
1.94616e+07
1.94616e+07
1.94616e+07
1.94616e+07
1.94616e+07
1.94616e+07
1.94616e+07
1.94616e+07
1.94616e+07
1.94616e+07
1.94616e+07
1.94616e+07
1.94616e+07
1.94616e+07
1.94616e+07
1.94616e+07
1.94616e+07
1.94616e+07
1.94616e+07
1.94616e+07
1.94616e+07
1.94616e+07
1.94616e+07
1.94616e+07
1.94616e+07
1.94616e+07
1.94616e+07
1.94616e+07
1.94616e+07
1.94616e+07
1.94616e+07
1.94616e+07
1.94616e+07
1.94616e+07
1.94616e+07
1.94616e+07
1.94616e+07
1.94616e+07
1.94616e+07
1.94616e+07
1.94616e+07
1.94616e+07
1.94616e+07
1.94616e+07
1.94616e+07
1.94616e+07
1.94616e+07
1.94616e+07
1.94616e+07
1.94616e+07
1.94616e+07
1.94616e+07
1.94616e+07
1.94616e+07
1.94616e+07
1.94616e+07
1.94616e+07
1.94616e+07
1.94616e+07
1.94615e+07
1.94616e+07
1.94615e+07
1.94616e+07
1.94615e+07
1.94616e+07
1.94615e+07
1.94616e+07
1.94615e+07
1.94616e+07
1.94615e+07
1.94616e+07
1.94615e+07
1.94616e+07
1.94615e+07
1.94616e+07
1.94615e+07
1.94616e+07
1.94615e+07
1.94617e+07
1.94615e+07
1.94617e+07
1.94614e+07
1.94617e+07
1.94614e+07
1.94617e+07
1.94614e+07
1.94617e+07
1.94614e+07
1.94618e+07
1.94614e+07
1.94618e+07
1.94613e+07
1.94618e+07
1.94613e+07
1.94618e+07
1.94613e+07
1.94618e+07
1.94613e+07
1.94618e+07
1.94613e+07
1.94619e+07
1.94613e+07
1.94619e+07
1.94613e+07
1.94619e+07
1.94613e+07
1.94619e+07
1.94613e+07
1.94618e+07
1.94613e+07
1.94618e+07
1.94613e+07
1.94618e+07
1.94613e+07
1.94618e+07
1.94614e+07
1.94617e+07
1.94614e+07
1.94617e+07
1.94614e+07
1.94617e+07
1.94615e+07
1.94616e+07
1.94615e+07
1.94616e+07
)
;

boundaryField
{
    inlet
    {
        type            zeroGradient;
    }
    backWall
    {
        type            zeroGradient;
    }
    sides
    {
        type            empty;
    }
}


// ************************************************************************* //
