/*--------------------------------*- C++ -*----------------------------------*\
| =========                 |                                                 |
| \\      /  F ield         | OpenFOAM: The Open Source CFD Toolbox           |
|  \\    /   O peration     | Version:  3.0.x                                 |
|   \\  /    A nd           | Web:      www.OpenFOAM.org                      |
|    \\/     M anipulation  |                                                 |
\*---------------------------------------------------------------------------*/
FoamFile
{
    version     2.0;
    format      ascii;
    class       volScalarField;
    location    "0.009";
    object      T;
}
// * * * * * * * * * * * * * * * * * * * * * * * * * * * * * * * * * * * * * //

dimensions      [0 0 0 1 0 0 0];

internalField   nonuniform List<scalar> 
1000
(
773
773
773
773
773
773
773
773
773
773
773
773
773
773
773
773
773
773
773
773
773
773
773
773
773
773
773
773
773
773
773
773
773
773
773
773
773
773
773
773
773
773
773
773
773
773
773
773
773
773
773
773
773
773
773
773
773
773
773
773
773
773
773
773
773
773
773
773
773
773
773
773
773
773
773
773
773
773
773
773
773
773
773
773
773
773
773
773
773
773
773
773
773
773
773
773
773
773
773
773
773
773
773
773
773
773
773
773
773
773
773
773
773
773
773
773
773
773
773
773
773
773
773
773
773
773
773
773
773
773
773
773
773
773
773
773
773
773
773
773
773
773
773
773
773
773
773
773
773
773
773
773
773
773
773
773
773
773
773
773
773
773
773
773
773
773
773
773
773
773
773
773
773
773
773
773
773
773
773
773
773
773
773
773
773
773
773
773
773
773
773
773
773
773
773
773
773
773
773
773
773
773
773
773
773
773
773
773
773
773
773
773
773
773
773
773
773
773
773
773
773
773
773
773
773
773
773
773
773
773
773
773
773
773
773
773
773
773
773
773
773
773
773
773
773
773
773
773
773
773
773
773
773
773
773
773
773
773
773
773
773
773
773
773
773
773
773
773
773
773
773
773
773
773
773
773
773
773
773
773
773
773
773
773
773
773
773
773
773
773
773
773
773
773
773
773
773
773
773
773
773
773
773
773
773
773
773
773
773
773
773
773
773
773
773
773
773
773
773
773
773
773
773
773
773
773
773
773
773
773
773
773
773
773
773
773
773
773
773
773
773
773
773
773
773
773
773
773
773
773
773
773
773
773
773
773
773
773
773
773
773
773
773
773
773
773
773
773
773.001
773.001
773.001
773.001
773.001
773.002
773.002
773.002
773.003
773.003
773.004
773.005
773.006
773.007
773.009
773.01
773.012
773.015
773.018
773.021
773.026
773.031
773.036
773.043
773.051
773.061
773.072
773.085
773.1
773.117
773.137
773.161
773.188
773.22
773.256
773.298
773.346
773.401
773.463
773.534
773.615
773.706
773.809
773.925
774.054
774.199
774.359
774.536
774.73
774.942
775.173
775.422
775.689
775.973
776.274
776.59
776.918
777.257
777.604
777.955
778.309
778.661
779.008
779.348
779.678
779.995
780.297
780.582
780.85
781.1
781.33
781.542
781.736
781.911
782.069
782.211
782.338
782.45
782.55
782.637
782.714
782.781
782.84
782.891
782.935
782.972
783.005
783.033
783.056
783.077
783.094
783.108
783.12
783.129
783.137
783.143
783.148
783.152
783.154
783.156
783.157
783.157
783.157
783.157
783.157
783.157
783.157
783.156
783.156
783.156
783.156
783.156
783.156
783.156
783.156
783.156
783.156
783.156
783.156
783.156
783.156
783.156
783.156
783.156
783.156
783.156
783.156
783.156
783.156
783.156
783.156
783.156
783.156
783.156
783.156
783.156
783.156
783.156
783.156
783.156
783.156
783.156
783.156
783.156
783.156
783.156
783.156
783.156
783.156
783.157
783.157
783.157
783.157
783.157
783.157
783.157
783.157
783.157
783.157
783.157
783.157
783.157
783.157
783.157
783.157
783.157
783.157
783.157
783.157
783.157
783.157
783.157
783.157
783.157
783.157
783.157
783.157
783.157
783.157
783.157
783.157
783.157
783.157
783.157
783.157
783.157
783.157
783.157
783.157
783.157
783.157
783.157
783.157
783.157
783.157
783.157
783.157
783.157
783.157
783.157
783.157
783.157
783.157
783.157
783.157
783.157
783.157
783.157
783.157
783.157
783.157
783.157
783.157
783.157
783.157
783.157
783.157
783.157
783.157
783.157
783.157
783.157
783.157
783.157
783.157
783.157
783.157
783.157
783.157
783.157
783.157
783.157
783.157
783.158
783.158
783.158
783.158
783.158
783.158
783.158
783.158
783.158
783.158
783.158
783.158
783.158
783.158
783.158
783.158
783.158
783.158
783.158
783.158
783.158
783.158
783.158
783.158
783.158
783.158
783.158
783.158
783.158
783.158
783.158
783.158
783.158
783.158
783.158
783.158
783.158
783.158
783.158
783.158
783.158
783.158
783.158
783.158
783.158
783.158
783.158
783.158
783.158
783.158
783.158
783.158
783.158
783.158
783.158
783.158
783.158
783.158
783.158
783.158
783.158
783.158
783.158
783.158
783.158
783.158
783.158
783.158
783.158
783.158
783.158
783.158
783.158
783.158
783.158
783.158
783.158
783.158
783.158
783.158
783.158
783.158
783.158
783.158
783.158
783.159
783.159
783.159
783.159
783.159
783.159
783.159
783.159
783.159
783.159
783.159
783.159
783.159
783.159
783.159
783.159
783.159
783.159
783.159
783.159
783.159
783.159
783.159
783.159
783.159
783.159
783.159
783.159
783.159
783.159
783.159
783.159
783.159
783.159
783.159
783.159
783.159
783.159
783.159
783.159
783.159
783.159
783.159
783.159
783.159
783.159
783.159
783.159
783.159
783.159
783.159
783.159
783.159
783.159
783.159
783.159
783.159
783.159
783.159
783.159
783.159
783.159
783.159
783.159
783.159
783.16
783.16
783.16
783.16
783.16
783.16
783.16
783.16
783.16
783.16
783.16
783.16
783.16
783.16
783.16
783.16
783.16
783.16
783.16
783.16
783.16
783.16
783.16
783.16
783.16
783.16
783.16
783.16
783.16
783.16
783.16
783.16
783.16
783.16
783.16
783.16
783.16
783.16
783.16
783.16
783.16
783.16
783.16
783.16
783.16
783.16
783.16
783.16
783.161
783.161
783.161
783.161
783.161
783.161
783.161
783.161
783.161
783.161
783.161
783.161
783.161
783.161
783.161
783.161
783.161
783.161
783.161
783.161
783.161
783.161
783.161
783.161
783.161
783.161
783.161
783.161
783.161
783.161
783.161
783.161
783.161
783.161
783.161
783.162
783.162
783.162
783.162
783.162
783.162
783.162
783.162
783.162
783.162
783.162
783.162
783.162
783.162
783.162
783.162
783.162
783.162
783.162
783.162
783.162
783.162
783.162
783.162
783.162
783.162
783.162
783.163
783.163
783.163
783.163
783.163
783.163
783.163
783.163
783.163
783.163
783.163
783.163
783.163
783.163
783.163
783.163
783.163
783.163
783.163
783.163
783.163
783.164
783.164
783.164
783.164
783.164
783.164
783.164
783.164
783.164
783.164
783.164
783.164
783.164
783.164
783.164
783.164
783.165
783.165
783.165
783.165
783.165
783.165
783.165
783.165
783.165
783.165
783.165
783.165
783.165
783.165
783.166
783.166
783.166
783.166
783.166
783.166
783.166
783.166
783.166
783.166
783.166
783.167
783.167
783.167
783.167
783.167
783.167
783.167
783.167
783.168
783.168
783.168
783.168
783.168
783.168
783.168
783.168
783.169
783.169
783.169
783.169
783.169
783.169
783.17
783.169
783.17
783.17
783.171
783.17
783.171
783.17
783.172
783.171
783.172
783.171
783.173
783.171
783.174
783.172
783.174
783.172
783.175
783.173
783.176
783.173
783.177
783.174
783.177
783.174
783.178
783.175
783.179
783.176
783.181
783.177
783.182
783.178
783.183
783.18
783.185
783.182
783.186
783.184
783.188
783.186
783.191
783.189
783.194
783.194
783.199
783.2
783.205
783.21
783.217
783.233
783.275
783.447
783.291
)
;

boundaryField
{
    inlet
    {
        type            zeroGradient;
    }
    backWall
    {
        type            zeroGradient;
    }
    sides
    {
        type            empty;
    }
}


// ************************************************************************* //
