/*--------------------------------*- C++ -*----------------------------------*\
| =========                 |                                                 |
| \\      /  F ield         | OpenFOAM: The Open Source CFD Toolbox           |
|  \\    /   O peration     | Version:  3.0.x                                 |
|   \\  /    A nd           | Web:      www.OpenFOAM.org                      |
|    \\/     M anipulation  |                                                 |
\*---------------------------------------------------------------------------*/
FoamFile
{
    version     2.0;
    format      ascii;
    class       volScalarField;
    location    "0.18";
    object      p;
}
// * * * * * * * * * * * * * * * * * * * * * * * * * * * * * * * * * * * * * //

dimensions      [1 -1 -2 0 0 0 0];

internalField   nonuniform List<scalar> 
6900
(
1.81233e+07
1.81233e+07
1.81233e+07
1.81233e+07
1.81233e+07
1.81232e+07
1.81232e+07
1.81231e+07
1.8123e+07
1.81229e+07
1.81228e+07
1.81227e+07
1.81226e+07
1.81225e+07
1.81224e+07
1.81223e+07
1.81221e+07
1.8122e+07
1.81219e+07
1.81218e+07
1.81217e+07
1.81216e+07
1.81216e+07
1.81215e+07
1.81214e+07
1.81214e+07
1.81213e+07
1.81213e+07
1.81212e+07
1.81212e+07
1.81212e+07
1.81212e+07
1.81211e+07
1.81211e+07
1.81211e+07
1.8121e+07
1.8121e+07
1.81209e+07
1.81209e+07
1.81208e+07
1.81207e+07
1.81206e+07
1.81205e+07
1.81204e+07
1.81202e+07
1.81201e+07
1.81199e+07
1.81197e+07
1.81196e+07
1.81194e+07
1.81191e+07
1.81189e+07
1.81187e+07
1.81185e+07
1.81182e+07
1.8118e+07
1.81177e+07
1.81175e+07
1.81173e+07
1.8117e+07
1.81168e+07
1.81165e+07
1.81163e+07
1.81161e+07
1.81159e+07
1.81157e+07
1.81155e+07
1.81153e+07
1.81151e+07
1.81149e+07
1.81147e+07
1.81145e+07
1.81143e+07
1.81142e+07
1.8114e+07
1.81138e+07
1.81136e+07
1.81134e+07
1.81132e+07
1.81131e+07
1.81129e+07
1.81126e+07
1.81124e+07
1.81122e+07
1.8112e+07
1.81117e+07
1.81115e+07
1.81112e+07
1.8111e+07
1.81107e+07
1.81104e+07
1.81101e+07
1.81098e+07
1.81095e+07
1.81092e+07
1.81089e+07
1.81086e+07
1.81083e+07
1.8108e+07
1.81077e+07
1.81074e+07
1.81071e+07
1.81068e+07
1.81065e+07
1.81062e+07
1.81059e+07
1.81056e+07
1.81054e+07
1.81051e+07
1.81049e+07
1.81046e+07
1.81044e+07
1.81042e+07
1.81039e+07
1.81037e+07
1.81035e+07
1.81033e+07
1.81031e+07
1.8103e+07
1.81028e+07
1.81027e+07
1.81025e+07
1.81024e+07
1.81023e+07
1.81022e+07
1.81021e+07
1.81021e+07
1.81021e+07
1.81021e+07
1.81021e+07
1.81021e+07
1.81022e+07
1.81022e+07
1.81024e+07
1.81025e+07
1.81027e+07
1.81029e+07
1.81031e+07
1.81033e+07
1.81036e+07
1.81039e+07
1.81042e+07
1.81045e+07
1.81049e+07
1.81052e+07
1.81056e+07
1.8106e+07
1.81064e+07
1.81067e+07
1.81071e+07
1.81075e+07
1.81078e+07
1.81082e+07
1.81085e+07
1.81088e+07
1.81091e+07
1.81094e+07
1.81097e+07
1.811e+07
1.81102e+07
1.81104e+07
1.81106e+07
1.81108e+07
1.8111e+07
1.81112e+07
1.81113e+07
1.81115e+07
1.81116e+07
1.81118e+07
1.81119e+07
1.81121e+07
1.81122e+07
1.81124e+07
1.81125e+07
1.81127e+07
1.81129e+07
1.81131e+07
1.81133e+07
1.81135e+07
1.81138e+07
1.81141e+07
1.81143e+07
1.81146e+07
1.81149e+07
1.81152e+07
1.81155e+07
1.81158e+07
1.81161e+07
1.81163e+07
1.81166e+07
1.81168e+07
1.8117e+07
1.81172e+07
1.81174e+07
1.81176e+07
1.81178e+07
1.8118e+07
1.81182e+07
1.81185e+07
1.81192e+07
1.81233e+07
1.81233e+07
1.81233e+07
1.81233e+07
1.81233e+07
1.81232e+07
1.81232e+07
1.81231e+07
1.8123e+07
1.81229e+07
1.81228e+07
1.81227e+07
1.81226e+07
1.81225e+07
1.81224e+07
1.81223e+07
1.81221e+07
1.8122e+07
1.81219e+07
1.81218e+07
1.81217e+07
1.81216e+07
1.81216e+07
1.81215e+07
1.81214e+07
1.81214e+07
1.81213e+07
1.81213e+07
1.81212e+07
1.81212e+07
1.81212e+07
1.81212e+07
1.81211e+07
1.81211e+07
1.81211e+07
1.8121e+07
1.8121e+07
1.81209e+07
1.81209e+07
1.81208e+07
1.81207e+07
1.81206e+07
1.81205e+07
1.81204e+07
1.81202e+07
1.81201e+07
1.81199e+07
1.81197e+07
1.81196e+07
1.81194e+07
1.81191e+07
1.81189e+07
1.81187e+07
1.81185e+07
1.81182e+07
1.8118e+07
1.81177e+07
1.81175e+07
1.81173e+07
1.8117e+07
1.81168e+07
1.81165e+07
1.81163e+07
1.81161e+07
1.81159e+07
1.81157e+07
1.81155e+07
1.81153e+07
1.81151e+07
1.81149e+07
1.81147e+07
1.81145e+07
1.81143e+07
1.81142e+07
1.8114e+07
1.81138e+07
1.81136e+07
1.81134e+07
1.81132e+07
1.81131e+07
1.81129e+07
1.81126e+07
1.81124e+07
1.81122e+07
1.8112e+07
1.81117e+07
1.81115e+07
1.81112e+07
1.8111e+07
1.81107e+07
1.81104e+07
1.81101e+07
1.81098e+07
1.81095e+07
1.81092e+07
1.81089e+07
1.81086e+07
1.81083e+07
1.8108e+07
1.81077e+07
1.81074e+07
1.81071e+07
1.81068e+07
1.81065e+07
1.81062e+07
1.81059e+07
1.81056e+07
1.81054e+07
1.81051e+07
1.81049e+07
1.81046e+07
1.81044e+07
1.81042e+07
1.81039e+07
1.81037e+07
1.81035e+07
1.81033e+07
1.81031e+07
1.8103e+07
1.81028e+07
1.81027e+07
1.81025e+07
1.81024e+07
1.81023e+07
1.81022e+07
1.81021e+07
1.81021e+07
1.81021e+07
1.81021e+07
1.81021e+07
1.81021e+07
1.81022e+07
1.81022e+07
1.81024e+07
1.81025e+07
1.81027e+07
1.81029e+07
1.81031e+07
1.81033e+07
1.81036e+07
1.81039e+07
1.81042e+07
1.81045e+07
1.81049e+07
1.81052e+07
1.81056e+07
1.8106e+07
1.81064e+07
1.81067e+07
1.81071e+07
1.81075e+07
1.81078e+07
1.81082e+07
1.81085e+07
1.81088e+07
1.81091e+07
1.81094e+07
1.81097e+07
1.811e+07
1.81102e+07
1.81104e+07
1.81106e+07
1.81108e+07
1.8111e+07
1.81112e+07
1.81113e+07
1.81115e+07
1.81116e+07
1.81118e+07
1.81119e+07
1.81121e+07
1.81122e+07
1.81124e+07
1.81125e+07
1.81127e+07
1.81129e+07
1.81131e+07
1.81133e+07
1.81135e+07
1.81138e+07
1.81141e+07
1.81143e+07
1.81146e+07
1.81149e+07
1.81152e+07
1.81155e+07
1.81158e+07
1.81161e+07
1.81163e+07
1.81166e+07
1.81168e+07
1.8117e+07
1.81172e+07
1.81174e+07
1.81176e+07
1.81178e+07
1.8118e+07
1.81182e+07
1.81185e+07
1.81192e+07
1.81233e+07
1.81233e+07
1.81233e+07
1.81233e+07
1.81233e+07
1.81232e+07
1.81232e+07
1.81231e+07
1.8123e+07
1.81229e+07
1.81228e+07
1.81227e+07
1.81226e+07
1.81225e+07
1.81224e+07
1.81223e+07
1.81221e+07
1.8122e+07
1.81219e+07
1.81218e+07
1.81217e+07
1.81216e+07
1.81216e+07
1.81215e+07
1.81214e+07
1.81214e+07
1.81213e+07
1.81213e+07
1.81212e+07
1.81212e+07
1.81212e+07
1.81212e+07
1.81211e+07
1.81211e+07
1.81211e+07
1.8121e+07
1.8121e+07
1.81209e+07
1.81209e+07
1.81208e+07
1.81207e+07
1.81206e+07
1.81205e+07
1.81204e+07
1.81202e+07
1.81201e+07
1.81199e+07
1.81197e+07
1.81196e+07
1.81194e+07
1.81191e+07
1.81189e+07
1.81187e+07
1.81185e+07
1.81182e+07
1.8118e+07
1.81177e+07
1.81175e+07
1.81173e+07
1.8117e+07
1.81168e+07
1.81165e+07
1.81163e+07
1.81161e+07
1.81159e+07
1.81157e+07
1.81155e+07
1.81153e+07
1.81151e+07
1.81149e+07
1.81147e+07
1.81145e+07
1.81143e+07
1.81142e+07
1.8114e+07
1.81138e+07
1.81136e+07
1.81134e+07
1.81132e+07
1.81131e+07
1.81129e+07
1.81126e+07
1.81124e+07
1.81122e+07
1.8112e+07
1.81117e+07
1.81115e+07
1.81112e+07
1.8111e+07
1.81107e+07
1.81104e+07
1.81101e+07
1.81098e+07
1.81095e+07
1.81092e+07
1.81089e+07
1.81086e+07
1.81083e+07
1.8108e+07
1.81077e+07
1.81074e+07
1.81071e+07
1.81068e+07
1.81065e+07
1.81062e+07
1.81059e+07
1.81056e+07
1.81054e+07
1.81051e+07
1.81049e+07
1.81046e+07
1.81044e+07
1.81042e+07
1.81039e+07
1.81037e+07
1.81035e+07
1.81033e+07
1.81031e+07
1.8103e+07
1.81028e+07
1.81027e+07
1.81025e+07
1.81024e+07
1.81023e+07
1.81022e+07
1.81021e+07
1.81021e+07
1.81021e+07
1.81021e+07
1.81021e+07
1.81021e+07
1.81022e+07
1.81022e+07
1.81024e+07
1.81025e+07
1.81027e+07
1.81029e+07
1.81031e+07
1.81033e+07
1.81036e+07
1.81039e+07
1.81042e+07
1.81045e+07
1.81049e+07
1.81052e+07
1.81056e+07
1.8106e+07
1.81064e+07
1.81067e+07
1.81071e+07
1.81075e+07
1.81078e+07
1.81082e+07
1.81085e+07
1.81088e+07
1.81091e+07
1.81094e+07
1.81097e+07
1.811e+07
1.81102e+07
1.81104e+07
1.81106e+07
1.81108e+07
1.8111e+07
1.81112e+07
1.81113e+07
1.81115e+07
1.81116e+07
1.81118e+07
1.81119e+07
1.81121e+07
1.81122e+07
1.81124e+07
1.81125e+07
1.81127e+07
1.81129e+07
1.81131e+07
1.81133e+07
1.81135e+07
1.81138e+07
1.81141e+07
1.81143e+07
1.81146e+07
1.81149e+07
1.81152e+07
1.81155e+07
1.81158e+07
1.81161e+07
1.81163e+07
1.81166e+07
1.81168e+07
1.8117e+07
1.81172e+07
1.81174e+07
1.81176e+07
1.81178e+07
1.8118e+07
1.81181e+07
1.81183e+07
1.81185e+07
1.81233e+07
1.81233e+07
1.81233e+07
1.81233e+07
1.81233e+07
1.81232e+07
1.81232e+07
1.81231e+07
1.8123e+07
1.81229e+07
1.81228e+07
1.81227e+07
1.81226e+07
1.81225e+07
1.81224e+07
1.81223e+07
1.81221e+07
1.8122e+07
1.81219e+07
1.81218e+07
1.81217e+07
1.81216e+07
1.81216e+07
1.81215e+07
1.81214e+07
1.81214e+07
1.81213e+07
1.81213e+07
1.81212e+07
1.81212e+07
1.81212e+07
1.81212e+07
1.81211e+07
1.81211e+07
1.81211e+07
1.8121e+07
1.8121e+07
1.81209e+07
1.81209e+07
1.81208e+07
1.81207e+07
1.81206e+07
1.81205e+07
1.81204e+07
1.81202e+07
1.81201e+07
1.81199e+07
1.81197e+07
1.81196e+07
1.81194e+07
1.81191e+07
1.81189e+07
1.81187e+07
1.81185e+07
1.81182e+07
1.8118e+07
1.81177e+07
1.81175e+07
1.81173e+07
1.8117e+07
1.81168e+07
1.81165e+07
1.81163e+07
1.81161e+07
1.81159e+07
1.81157e+07
1.81155e+07
1.81153e+07
1.81151e+07
1.81149e+07
1.81147e+07
1.81145e+07
1.81143e+07
1.81142e+07
1.8114e+07
1.81138e+07
1.81136e+07
1.81134e+07
1.81132e+07
1.81131e+07
1.81129e+07
1.81126e+07
1.81124e+07
1.81122e+07
1.8112e+07
1.81117e+07
1.81115e+07
1.81112e+07
1.8111e+07
1.81107e+07
1.81104e+07
1.81101e+07
1.81098e+07
1.81095e+07
1.81092e+07
1.81089e+07
1.81086e+07
1.81083e+07
1.8108e+07
1.81077e+07
1.81074e+07
1.81071e+07
1.81068e+07
1.81065e+07
1.81062e+07
1.81059e+07
1.81056e+07
1.81054e+07
1.81051e+07
1.81049e+07
1.81046e+07
1.81044e+07
1.81042e+07
1.81039e+07
1.81037e+07
1.81035e+07
1.81033e+07
1.81031e+07
1.8103e+07
1.81028e+07
1.81027e+07
1.81025e+07
1.81024e+07
1.81023e+07
1.81022e+07
1.81021e+07
1.81021e+07
1.81021e+07
1.81021e+07
1.81021e+07
1.81021e+07
1.81022e+07
1.81022e+07
1.81024e+07
1.81025e+07
1.81027e+07
1.81029e+07
1.81031e+07
1.81033e+07
1.81036e+07
1.81039e+07
1.81042e+07
1.81045e+07
1.81049e+07
1.81052e+07
1.81056e+07
1.8106e+07
1.81064e+07
1.81067e+07
1.81071e+07
1.81075e+07
1.81078e+07
1.81082e+07
1.81085e+07
1.81088e+07
1.81091e+07
1.81094e+07
1.81097e+07
1.811e+07
1.81102e+07
1.81104e+07
1.81106e+07
1.81108e+07
1.8111e+07
1.81112e+07
1.81113e+07
1.81115e+07
1.81116e+07
1.81118e+07
1.81119e+07
1.81121e+07
1.81122e+07
1.81124e+07
1.81125e+07
1.81127e+07
1.81129e+07
1.81131e+07
1.81133e+07
1.81135e+07
1.81138e+07
1.81141e+07
1.81143e+07
1.81146e+07
1.81149e+07
1.81152e+07
1.81155e+07
1.81158e+07
1.81161e+07
1.81163e+07
1.81166e+07
1.81168e+07
1.8117e+07
1.81172e+07
1.81174e+07
1.81176e+07
1.81178e+07
1.8118e+07
1.81181e+07
1.81181e+07
1.81176e+07
1.81233e+07
1.81233e+07
1.81233e+07
1.81233e+07
1.81233e+07
1.81232e+07
1.81232e+07
1.81231e+07
1.8123e+07
1.81229e+07
1.81228e+07
1.81227e+07
1.81226e+07
1.81225e+07
1.81224e+07
1.81223e+07
1.81221e+07
1.8122e+07
1.81219e+07
1.81218e+07
1.81217e+07
1.81216e+07
1.81216e+07
1.81215e+07
1.81214e+07
1.81214e+07
1.81213e+07
1.81213e+07
1.81212e+07
1.81212e+07
1.81212e+07
1.81212e+07
1.81211e+07
1.81211e+07
1.81211e+07
1.8121e+07
1.8121e+07
1.81209e+07
1.81209e+07
1.81208e+07
1.81207e+07
1.81206e+07
1.81205e+07
1.81204e+07
1.81202e+07
1.81201e+07
1.81199e+07
1.81197e+07
1.81196e+07
1.81194e+07
1.81191e+07
1.81189e+07
1.81187e+07
1.81185e+07
1.81182e+07
1.8118e+07
1.81177e+07
1.81175e+07
1.81173e+07
1.8117e+07
1.81168e+07
1.81165e+07
1.81163e+07
1.81161e+07
1.81159e+07
1.81157e+07
1.81155e+07
1.81153e+07
1.81151e+07
1.81149e+07
1.81147e+07
1.81145e+07
1.81143e+07
1.81142e+07
1.8114e+07
1.81138e+07
1.81136e+07
1.81134e+07
1.81132e+07
1.81131e+07
1.81129e+07
1.81126e+07
1.81124e+07
1.81122e+07
1.8112e+07
1.81117e+07
1.81115e+07
1.81112e+07
1.8111e+07
1.81107e+07
1.81104e+07
1.81101e+07
1.81098e+07
1.81095e+07
1.81092e+07
1.81089e+07
1.81086e+07
1.81083e+07
1.8108e+07
1.81077e+07
1.81074e+07
1.81071e+07
1.81068e+07
1.81065e+07
1.81062e+07
1.81059e+07
1.81056e+07
1.81054e+07
1.81051e+07
1.81049e+07
1.81046e+07
1.81044e+07
1.81042e+07
1.81039e+07
1.81037e+07
1.81035e+07
1.81033e+07
1.81031e+07
1.8103e+07
1.81028e+07
1.81027e+07
1.81025e+07
1.81024e+07
1.81023e+07
1.81022e+07
1.81021e+07
1.81021e+07
1.81021e+07
1.81021e+07
1.81021e+07
1.81021e+07
1.81022e+07
1.81022e+07
1.81024e+07
1.81025e+07
1.81027e+07
1.81029e+07
1.81031e+07
1.81033e+07
1.81036e+07
1.81039e+07
1.81042e+07
1.81045e+07
1.81049e+07
1.81052e+07
1.81056e+07
1.8106e+07
1.81064e+07
1.81067e+07
1.81071e+07
1.81075e+07
1.81078e+07
1.81082e+07
1.81085e+07
1.81088e+07
1.81091e+07
1.81094e+07
1.81097e+07
1.811e+07
1.81102e+07
1.81104e+07
1.81106e+07
1.81108e+07
1.8111e+07
1.81112e+07
1.81113e+07
1.81115e+07
1.81116e+07
1.81118e+07
1.81119e+07
1.81121e+07
1.81122e+07
1.81124e+07
1.81125e+07
1.81127e+07
1.81129e+07
1.81131e+07
1.81133e+07
1.81135e+07
1.81138e+07
1.81141e+07
1.81143e+07
1.81146e+07
1.81149e+07
1.81152e+07
1.81155e+07
1.81158e+07
1.81161e+07
1.81163e+07
1.81166e+07
1.81168e+07
1.8117e+07
1.81172e+07
1.81174e+07
1.81176e+07
1.81178e+07
1.8118e+07
1.81181e+07
1.81181e+07
1.81176e+07
1.8125e+07
1.81276e+07
1.81278e+07
1.81273e+07
1.81267e+07
1.81264e+07
1.81261e+07
1.81254e+07
1.81237e+07
1.81212e+07
1.81193e+07
1.8118e+07
1.81173e+07
1.81181e+07
1.81205e+07
1.81219e+07
1.81196e+07
1.81127e+07
1.8103e+07
1.80954e+07
1.81236e+07
1.81248e+07
1.81247e+07
1.81241e+07
1.81236e+07
1.81232e+07
1.81229e+07
1.81221e+07
1.81203e+07
1.81176e+07
1.81157e+07
1.81145e+07
1.8114e+07
1.81149e+07
1.81172e+07
1.81182e+07
1.81151e+07
1.8107e+07
1.80968e+07
1.80897e+07
1.81189e+07
1.81188e+07
1.81184e+07
1.81176e+07
1.81166e+07
1.81153e+07
1.81136e+07
1.81119e+07
1.81098e+07
1.81076e+07
1.8105e+07
1.8102e+07
1.80987e+07
1.80951e+07
1.80913e+07
1.80876e+07
1.80843e+07
1.80812e+07
1.80782e+07
1.80747e+07
1.81098e+07
1.81089e+07
1.81093e+07
1.81097e+07
1.81092e+07
1.81076e+07
1.81055e+07
1.81026e+07
1.81003e+07
1.80972e+07
1.80947e+07
1.8092e+07
1.80894e+07
1.80869e+07
1.80846e+07
1.80825e+07
1.80804e+07
1.80787e+07
1.80774e+07
1.80765e+07
1.81053e+07
1.81008e+07
1.80993e+07
1.80991e+07
1.80983e+07
1.80965e+07
1.80941e+07
1.8091e+07
1.80882e+07
1.80849e+07
1.80818e+07
1.80787e+07
1.80758e+07
1.8073e+07
1.80703e+07
1.80678e+07
1.80656e+07
1.80638e+07
1.80627e+07
1.80627e+07
1.80749e+07
1.80747e+07
1.80771e+07
1.80744e+07
1.80726e+07
1.80722e+07
1.80724e+07
1.80724e+07
1.80721e+07
1.8072e+07
1.80719e+07
1.80719e+07
1.80718e+07
1.80718e+07
1.80717e+07
1.80717e+07
1.80715e+07
1.80714e+07
1.80712e+07
1.80711e+07
1.8071e+07
1.80709e+07
1.8071e+07
1.80711e+07
1.8071e+07
1.80707e+07
1.80704e+07
1.80703e+07
1.80702e+07
1.80702e+07
1.80702e+07
1.80702e+07
1.80703e+07
1.80704e+07
1.80705e+07
1.80707e+07
1.80708e+07
1.8071e+07
1.80711e+07
1.80713e+07
1.80714e+07
1.80714e+07
1.80714e+07
1.80714e+07
1.80714e+07
1.80712e+07
1.80711e+07
1.8071e+07
1.80708e+07
1.80706e+07
1.80704e+07
1.80702e+07
1.807e+07
1.80698e+07
1.80696e+07
1.80693e+07
1.80691e+07
1.80689e+07
1.80686e+07
1.80684e+07
1.80681e+07
1.80679e+07
1.80676e+07
1.80674e+07
1.80672e+07
1.80669e+07
1.80667e+07
1.80664e+07
1.80662e+07
1.8066e+07
1.80658e+07
1.80656e+07
1.80654e+07
1.80652e+07
1.8065e+07
1.80648e+07
1.80647e+07
1.80645e+07
1.80644e+07
1.80642e+07
1.80641e+07
1.8064e+07
1.80638e+07
1.80637e+07
1.80636e+07
1.80635e+07
1.80634e+07
1.80633e+07
1.80632e+07
1.8063e+07
1.80629e+07
1.80628e+07
1.80626e+07
1.80625e+07
1.80623e+07
1.80621e+07
1.8062e+07
1.80617e+07
1.80615e+07
1.80613e+07
1.80611e+07
1.80608e+07
1.80605e+07
1.80603e+07
1.806e+07
1.80597e+07
1.80593e+07
1.8059e+07
1.80587e+07
1.80584e+07
1.8058e+07
1.80577e+07
1.80573e+07
1.8057e+07
1.80566e+07
1.80563e+07
1.8056e+07
1.80557e+07
1.80553e+07
1.8055e+07
1.80547e+07
1.80545e+07
1.80542e+07
1.80539e+07
1.80537e+07
1.80535e+07
1.80533e+07
1.80531e+07
1.8053e+07
1.80528e+07
1.80527e+07
1.80526e+07
1.80525e+07
1.80524e+07
1.80524e+07
1.80523e+07
1.80523e+07
1.80523e+07
1.80523e+07
1.80523e+07
1.80523e+07
1.80522e+07
1.80522e+07
1.80522e+07
1.80522e+07
1.80522e+07
1.80522e+07
1.80522e+07
1.80521e+07
1.80521e+07
1.80521e+07
1.8052e+07
1.80519e+07
1.80519e+07
1.80518e+07
1.80517e+07
1.80516e+07
1.80515e+07
1.80514e+07
1.80513e+07
1.80511e+07
1.8051e+07
1.80509e+07
1.80508e+07
1.80506e+07
1.80505e+07
1.80504e+07
1.80503e+07
1.80501e+07
1.805e+07
1.80499e+07
1.80498e+07
1.80498e+07
1.80497e+07
1.80496e+07
1.80496e+07
1.80496e+07
1.80496e+07
1.80496e+07
1.80497e+07
1.80497e+07
1.80498e+07
1.80499e+07
1.805e+07
1.80501e+07
1.80502e+07
1.80503e+07
1.80504e+07
1.80505e+07
1.80506e+07
1.80508e+07
1.80508e+07
1.80509e+07
1.8051e+07
1.80511e+07
1.80511e+07
1.80511e+07
1.80511e+07
1.80508e+07
1.80498e+07
1.80735e+07
1.80747e+07
1.80771e+07
1.80744e+07
1.80726e+07
1.80722e+07
1.80725e+07
1.80724e+07
1.80721e+07
1.8072e+07
1.80719e+07
1.80719e+07
1.80718e+07
1.80718e+07
1.80717e+07
1.80717e+07
1.80715e+07
1.80714e+07
1.80712e+07
1.80711e+07
1.8071e+07
1.80709e+07
1.8071e+07
1.80711e+07
1.8071e+07
1.80707e+07
1.80704e+07
1.80703e+07
1.80702e+07
1.80702e+07
1.80702e+07
1.80702e+07
1.80703e+07
1.80704e+07
1.80705e+07
1.80707e+07
1.80708e+07
1.8071e+07
1.80711e+07
1.80713e+07
1.80714e+07
1.80714e+07
1.80714e+07
1.80714e+07
1.80713e+07
1.80712e+07
1.80711e+07
1.8071e+07
1.80708e+07
1.80706e+07
1.80704e+07
1.80702e+07
1.807e+07
1.80698e+07
1.80696e+07
1.80693e+07
1.80691e+07
1.80689e+07
1.80686e+07
1.80684e+07
1.80681e+07
1.80679e+07
1.80676e+07
1.80674e+07
1.80672e+07
1.80669e+07
1.80667e+07
1.80664e+07
1.80662e+07
1.8066e+07
1.80658e+07
1.80656e+07
1.80654e+07
1.80652e+07
1.8065e+07
1.80648e+07
1.80647e+07
1.80645e+07
1.80644e+07
1.80642e+07
1.80641e+07
1.8064e+07
1.80638e+07
1.80637e+07
1.80636e+07
1.80635e+07
1.80634e+07
1.80633e+07
1.80632e+07
1.8063e+07
1.80629e+07
1.80628e+07
1.80626e+07
1.80625e+07
1.80623e+07
1.80621e+07
1.8062e+07
1.80617e+07
1.80615e+07
1.80613e+07
1.80611e+07
1.80608e+07
1.80605e+07
1.80603e+07
1.806e+07
1.80597e+07
1.80593e+07
1.8059e+07
1.80587e+07
1.80584e+07
1.8058e+07
1.80577e+07
1.80573e+07
1.8057e+07
1.80566e+07
1.80563e+07
1.8056e+07
1.80557e+07
1.80553e+07
1.8055e+07
1.80547e+07
1.80545e+07
1.80542e+07
1.80539e+07
1.80537e+07
1.80535e+07
1.80533e+07
1.80531e+07
1.8053e+07
1.80528e+07
1.80527e+07
1.80526e+07
1.80525e+07
1.80524e+07
1.80524e+07
1.80523e+07
1.80523e+07
1.80523e+07
1.80523e+07
1.80523e+07
1.80523e+07
1.80522e+07
1.80522e+07
1.80522e+07
1.80522e+07
1.80522e+07
1.80522e+07
1.80522e+07
1.80521e+07
1.80521e+07
1.80521e+07
1.8052e+07
1.80519e+07
1.80519e+07
1.80518e+07
1.80517e+07
1.80516e+07
1.80515e+07
1.80514e+07
1.80513e+07
1.80511e+07
1.8051e+07
1.80509e+07
1.80508e+07
1.80506e+07
1.80505e+07
1.80504e+07
1.80503e+07
1.80501e+07
1.805e+07
1.80499e+07
1.80498e+07
1.80498e+07
1.80497e+07
1.80496e+07
1.80496e+07
1.80496e+07
1.80496e+07
1.80496e+07
1.80497e+07
1.80497e+07
1.80498e+07
1.80499e+07
1.805e+07
1.80501e+07
1.80502e+07
1.80503e+07
1.80504e+07
1.80505e+07
1.80506e+07
1.80508e+07
1.80508e+07
1.80509e+07
1.8051e+07
1.80511e+07
1.80511e+07
1.80511e+07
1.80511e+07
1.80508e+07
1.80498e+07
1.80648e+07
1.8069e+07
1.80718e+07
1.80723e+07
1.80721e+07
1.8072e+07
1.8072e+07
1.8072e+07
1.8072e+07
1.8072e+07
1.80719e+07
1.80719e+07
1.80718e+07
1.80717e+07
1.80716e+07
1.80715e+07
1.80714e+07
1.80713e+07
1.80712e+07
1.80711e+07
1.8071e+07
1.80709e+07
1.80708e+07
1.80707e+07
1.80705e+07
1.80704e+07
1.80704e+07
1.80703e+07
1.80703e+07
1.80703e+07
1.80703e+07
1.80704e+07
1.80705e+07
1.80706e+07
1.80707e+07
1.80709e+07
1.8071e+07
1.80711e+07
1.80713e+07
1.80714e+07
1.80714e+07
1.80715e+07
1.80715e+07
1.80714e+07
1.80714e+07
1.80713e+07
1.80711e+07
1.8071e+07
1.80708e+07
1.80706e+07
1.80704e+07
1.80702e+07
1.807e+07
1.80698e+07
1.80696e+07
1.80693e+07
1.80691e+07
1.80689e+07
1.80686e+07
1.80684e+07
1.80681e+07
1.80679e+07
1.80676e+07
1.80674e+07
1.80672e+07
1.80669e+07
1.80667e+07
1.80664e+07
1.80662e+07
1.8066e+07
1.80658e+07
1.80656e+07
1.80654e+07
1.80652e+07
1.8065e+07
1.80648e+07
1.80647e+07
1.80645e+07
1.80644e+07
1.80642e+07
1.80641e+07
1.8064e+07
1.80638e+07
1.80637e+07
1.80636e+07
1.80635e+07
1.80634e+07
1.80633e+07
1.80632e+07
1.8063e+07
1.80629e+07
1.80628e+07
1.80626e+07
1.80625e+07
1.80623e+07
1.80621e+07
1.8062e+07
1.80617e+07
1.80615e+07
1.80613e+07
1.80611e+07
1.80608e+07
1.80605e+07
1.80603e+07
1.806e+07
1.80597e+07
1.80593e+07
1.8059e+07
1.80587e+07
1.80584e+07
1.8058e+07
1.80577e+07
1.80573e+07
1.8057e+07
1.80566e+07
1.80563e+07
1.8056e+07
1.80557e+07
1.80553e+07
1.8055e+07
1.80547e+07
1.80545e+07
1.80542e+07
1.80539e+07
1.80537e+07
1.80535e+07
1.80533e+07
1.80531e+07
1.8053e+07
1.80528e+07
1.80527e+07
1.80526e+07
1.80525e+07
1.80524e+07
1.80524e+07
1.80523e+07
1.80523e+07
1.80523e+07
1.80523e+07
1.80523e+07
1.80523e+07
1.80522e+07
1.80522e+07
1.80522e+07
1.80522e+07
1.80522e+07
1.80522e+07
1.80522e+07
1.80521e+07
1.80521e+07
1.80521e+07
1.8052e+07
1.80519e+07
1.80519e+07
1.80518e+07
1.80517e+07
1.80516e+07
1.80515e+07
1.80514e+07
1.80513e+07
1.80511e+07
1.8051e+07
1.80509e+07
1.80508e+07
1.80506e+07
1.80505e+07
1.80504e+07
1.80503e+07
1.80501e+07
1.805e+07
1.80499e+07
1.80498e+07
1.80498e+07
1.80497e+07
1.80496e+07
1.80496e+07
1.80496e+07
1.80496e+07
1.80496e+07
1.80497e+07
1.80497e+07
1.80498e+07
1.80499e+07
1.805e+07
1.80501e+07
1.80502e+07
1.80503e+07
1.80504e+07
1.80505e+07
1.80506e+07
1.80508e+07
1.80508e+07
1.80509e+07
1.8051e+07
1.80511e+07
1.80511e+07
1.80511e+07
1.80511e+07
1.80512e+07
1.80512e+07
1.80742e+07
1.80738e+07
1.80732e+07
1.80727e+07
1.80723e+07
1.80721e+07
1.80721e+07
1.8072e+07
1.8072e+07
1.8072e+07
1.80719e+07
1.80719e+07
1.80718e+07
1.80717e+07
1.80716e+07
1.80715e+07
1.80714e+07
1.80713e+07
1.80712e+07
1.80711e+07
1.8071e+07
1.80709e+07
1.80708e+07
1.80707e+07
1.80706e+07
1.80705e+07
1.80704e+07
1.80704e+07
1.80704e+07
1.80704e+07
1.80705e+07
1.80705e+07
1.80706e+07
1.80707e+07
1.80709e+07
1.8071e+07
1.80711e+07
1.80712e+07
1.80714e+07
1.80714e+07
1.80715e+07
1.80715e+07
1.80715e+07
1.80715e+07
1.80714e+07
1.80713e+07
1.80711e+07
1.8071e+07
1.80708e+07
1.80706e+07
1.80704e+07
1.80702e+07
1.807e+07
1.80698e+07
1.80696e+07
1.80693e+07
1.80691e+07
1.80689e+07
1.80686e+07
1.80684e+07
1.80681e+07
1.80679e+07
1.80676e+07
1.80674e+07
1.80672e+07
1.80669e+07
1.80667e+07
1.80664e+07
1.80662e+07
1.8066e+07
1.80658e+07
1.80656e+07
1.80654e+07
1.80652e+07
1.8065e+07
1.80648e+07
1.80647e+07
1.80645e+07
1.80644e+07
1.80642e+07
1.80641e+07
1.8064e+07
1.80638e+07
1.80637e+07
1.80636e+07
1.80635e+07
1.80634e+07
1.80633e+07
1.80632e+07
1.8063e+07
1.80629e+07
1.80628e+07
1.80626e+07
1.80625e+07
1.80623e+07
1.80621e+07
1.8062e+07
1.80617e+07
1.80615e+07
1.80613e+07
1.80611e+07
1.80608e+07
1.80605e+07
1.80603e+07
1.806e+07
1.80597e+07
1.80593e+07
1.8059e+07
1.80587e+07
1.80584e+07
1.8058e+07
1.80577e+07
1.80573e+07
1.8057e+07
1.80566e+07
1.80563e+07
1.8056e+07
1.80557e+07
1.80553e+07
1.8055e+07
1.80547e+07
1.80545e+07
1.80542e+07
1.80539e+07
1.80537e+07
1.80535e+07
1.80533e+07
1.80531e+07
1.8053e+07
1.80528e+07
1.80527e+07
1.80526e+07
1.80525e+07
1.80524e+07
1.80524e+07
1.80523e+07
1.80523e+07
1.80523e+07
1.80523e+07
1.80523e+07
1.80523e+07
1.80522e+07
1.80522e+07
1.80522e+07
1.80522e+07
1.80522e+07
1.80522e+07
1.80522e+07
1.80521e+07
1.80521e+07
1.80521e+07
1.8052e+07
1.80519e+07
1.80519e+07
1.80518e+07
1.80517e+07
1.80516e+07
1.80515e+07
1.80514e+07
1.80513e+07
1.80511e+07
1.8051e+07
1.80509e+07
1.80508e+07
1.80506e+07
1.80505e+07
1.80504e+07
1.80503e+07
1.80501e+07
1.805e+07
1.80499e+07
1.80498e+07
1.80498e+07
1.80497e+07
1.80496e+07
1.80496e+07
1.80496e+07
1.80496e+07
1.80496e+07
1.80497e+07
1.80497e+07
1.80498e+07
1.80499e+07
1.805e+07
1.80501e+07
1.80502e+07
1.80503e+07
1.80504e+07
1.80505e+07
1.80506e+07
1.80508e+07
1.80508e+07
1.80509e+07
1.8051e+07
1.80511e+07
1.80511e+07
1.80511e+07
1.80512e+07
1.80514e+07
1.80521e+07
1.80717e+07
1.80734e+07
1.80731e+07
1.80726e+07
1.80723e+07
1.80721e+07
1.80721e+07
1.8072e+07
1.8072e+07
1.8072e+07
1.80719e+07
1.80719e+07
1.80718e+07
1.80717e+07
1.80716e+07
1.80715e+07
1.80714e+07
1.80713e+07
1.80712e+07
1.80711e+07
1.8071e+07
1.80709e+07
1.80708e+07
1.80707e+07
1.80706e+07
1.80705e+07
1.80704e+07
1.80704e+07
1.80704e+07
1.80704e+07
1.80705e+07
1.80705e+07
1.80706e+07
1.80707e+07
1.80709e+07
1.8071e+07
1.80711e+07
1.80712e+07
1.80714e+07
1.80714e+07
1.80715e+07
1.80715e+07
1.80715e+07
1.80715e+07
1.80714e+07
1.80713e+07
1.80711e+07
1.8071e+07
1.80708e+07
1.80706e+07
1.80704e+07
1.80702e+07
1.807e+07
1.80698e+07
1.80696e+07
1.80693e+07
1.80691e+07
1.80689e+07
1.80686e+07
1.80684e+07
1.80681e+07
1.80679e+07
1.80676e+07
1.80674e+07
1.80672e+07
1.80669e+07
1.80667e+07
1.80664e+07
1.80662e+07
1.8066e+07
1.80658e+07
1.80656e+07
1.80654e+07
1.80652e+07
1.8065e+07
1.80648e+07
1.80647e+07
1.80645e+07
1.80644e+07
1.80642e+07
1.80641e+07
1.8064e+07
1.80638e+07
1.80637e+07
1.80636e+07
1.80635e+07
1.80634e+07
1.80633e+07
1.80632e+07
1.8063e+07
1.80629e+07
1.80628e+07
1.80626e+07
1.80625e+07
1.80623e+07
1.80621e+07
1.8062e+07
1.80617e+07
1.80615e+07
1.80613e+07
1.80611e+07
1.80608e+07
1.80605e+07
1.80603e+07
1.806e+07
1.80597e+07
1.80593e+07
1.8059e+07
1.80587e+07
1.80584e+07
1.8058e+07
1.80577e+07
1.80573e+07
1.8057e+07
1.80566e+07
1.80563e+07
1.8056e+07
1.80557e+07
1.80553e+07
1.8055e+07
1.80547e+07
1.80545e+07
1.80542e+07
1.80539e+07
1.80537e+07
1.80535e+07
1.80533e+07
1.80531e+07
1.8053e+07
1.80528e+07
1.80527e+07
1.80526e+07
1.80525e+07
1.80524e+07
1.80524e+07
1.80523e+07
1.80523e+07
1.80523e+07
1.80523e+07
1.80523e+07
1.80523e+07
1.80522e+07
1.80522e+07
1.80522e+07
1.80522e+07
1.80522e+07
1.80522e+07
1.80522e+07
1.80521e+07
1.80521e+07
1.80521e+07
1.8052e+07
1.80519e+07
1.80519e+07
1.80518e+07
1.80517e+07
1.80516e+07
1.80515e+07
1.80514e+07
1.80513e+07
1.80511e+07
1.8051e+07
1.80509e+07
1.80508e+07
1.80506e+07
1.80505e+07
1.80504e+07
1.80503e+07
1.80501e+07
1.805e+07
1.80499e+07
1.80498e+07
1.80498e+07
1.80497e+07
1.80496e+07
1.80496e+07
1.80496e+07
1.80496e+07
1.80496e+07
1.80497e+07
1.80497e+07
1.80498e+07
1.80499e+07
1.805e+07
1.80501e+07
1.80502e+07
1.80503e+07
1.80504e+07
1.80505e+07
1.80506e+07
1.80508e+07
1.80508e+07
1.80509e+07
1.8051e+07
1.80511e+07
1.80511e+07
1.80511e+07
1.80512e+07
1.80514e+07
1.80521e+07
1.8039e+07
1.80344e+07
1.80327e+07
1.80324e+07
1.80315e+07
1.80297e+07
1.80271e+07
1.80246e+07
1.80215e+07
1.80187e+07
1.80155e+07
1.80126e+07
1.80097e+07
1.80068e+07
1.80042e+07
1.80017e+07
1.79996e+07
1.7998e+07
1.79969e+07
1.7997e+07
1.8043e+07
1.8042e+07
1.80423e+07
1.80426e+07
1.8042e+07
1.80405e+07
1.8038e+07
1.80359e+07
1.8033e+07
1.80307e+07
1.80279e+07
1.80253e+07
1.80228e+07
1.80204e+07
1.8018e+07
1.80158e+07
1.80139e+07
1.80123e+07
1.80112e+07
1.80103e+07
1.80514e+07
1.80514e+07
1.8051e+07
1.80502e+07
1.80492e+07
1.80479e+07
1.80464e+07
1.80446e+07
1.80427e+07
1.80403e+07
1.80376e+07
1.80346e+07
1.80312e+07
1.80279e+07
1.80248e+07
1.8022e+07
1.80192e+07
1.80158e+07
1.80122e+07
1.80082e+07
1.80558e+07
1.8057e+07
1.80569e+07
1.80563e+07
1.80558e+07
1.80553e+07
1.80546e+07
1.8053e+07
1.80512e+07
1.80497e+07
1.80488e+07
1.80483e+07
1.80508e+07
1.80521e+07
1.80502e+07
1.8044e+07
1.80359e+07
1.80311e+07
1.80277e+07
1.80241e+07
1.80572e+07
1.80597e+07
1.80599e+07
1.80594e+07
1.80589e+07
1.80584e+07
1.80577e+07
1.80562e+07
1.80545e+07
1.8053e+07
1.80519e+07
1.80514e+07
1.80537e+07
1.80554e+07
1.8054e+07
1.80488e+07
1.80412e+07
1.80362e+07
1.80325e+07
1.80282e+07
1.80053e+07
1.80063e+07
1.80057e+07
1.80052e+07
1.80048e+07
1.80045e+07
1.80044e+07
1.80043e+07
1.80042e+07
1.80041e+07
1.80041e+07
1.8004e+07
1.80039e+07
1.80038e+07
1.80038e+07
1.80037e+07
1.80037e+07
1.80037e+07
1.80037e+07
1.80037e+07
1.80037e+07
1.80037e+07
1.80037e+07
1.80038e+07
1.80038e+07
1.80039e+07
1.8004e+07
1.80041e+07
1.80042e+07
1.80044e+07
1.80045e+07
1.80047e+07
1.80049e+07
1.80052e+07
1.80054e+07
1.80057e+07
1.80059e+07
1.80062e+07
1.80064e+07
1.80067e+07
1.80069e+07
1.8007e+07
1.80072e+07
1.80073e+07
1.80073e+07
1.80074e+07
1.80074e+07
1.80074e+07
1.80073e+07
1.80073e+07
1.80073e+07
1.80072e+07
1.80071e+07
1.8007e+07
1.8007e+07
1.80069e+07
1.80068e+07
1.80067e+07
1.80066e+07
1.80065e+07
1.80064e+07
1.80063e+07
1.80062e+07
1.80061e+07
1.8006e+07
1.80059e+07
1.80059e+07
1.80058e+07
1.80057e+07
1.80057e+07
1.80056e+07
1.80056e+07
1.80056e+07
1.80056e+07
1.80056e+07
1.80056e+07
1.80057e+07
1.80057e+07
1.80058e+07
1.80059e+07
1.8006e+07
1.80061e+07
1.80062e+07
1.80063e+07
1.80064e+07
1.80065e+07
1.80067e+07
1.80068e+07
1.80069e+07
1.8007e+07
1.8007e+07
1.80071e+07
1.80072e+07
1.80072e+07
1.80072e+07
1.80072e+07
1.80072e+07
1.80071e+07
1.80068e+07
1.80057e+07
1.80078e+07
1.80067e+07
1.80058e+07
1.80052e+07
1.80048e+07
1.80045e+07
1.80044e+07
1.80043e+07
1.80042e+07
1.80041e+07
1.80041e+07
1.8004e+07
1.80039e+07
1.80038e+07
1.80038e+07
1.80037e+07
1.80037e+07
1.80037e+07
1.80037e+07
1.80037e+07
1.80037e+07
1.80037e+07
1.80037e+07
1.80038e+07
1.80038e+07
1.80039e+07
1.8004e+07
1.80041e+07
1.80042e+07
1.80044e+07
1.80045e+07
1.80047e+07
1.8005e+07
1.80052e+07
1.80054e+07
1.80057e+07
1.80059e+07
1.80062e+07
1.80064e+07
1.80067e+07
1.80069e+07
1.8007e+07
1.80072e+07
1.80073e+07
1.80073e+07
1.80074e+07
1.80074e+07
1.80074e+07
1.80073e+07
1.80073e+07
1.80073e+07
1.80072e+07
1.80071e+07
1.8007e+07
1.8007e+07
1.80069e+07
1.80068e+07
1.80067e+07
1.80066e+07
1.80065e+07
1.80064e+07
1.80063e+07
1.80062e+07
1.80061e+07
1.8006e+07
1.80059e+07
1.80059e+07
1.80058e+07
1.80057e+07
1.80057e+07
1.80056e+07
1.80056e+07
1.80056e+07
1.80056e+07
1.80056e+07
1.80056e+07
1.80057e+07
1.80057e+07
1.80058e+07
1.80059e+07
1.8006e+07
1.80061e+07
1.80062e+07
1.80063e+07
1.80064e+07
1.80065e+07
1.80067e+07
1.80068e+07
1.80069e+07
1.8007e+07
1.8007e+07
1.80071e+07
1.80072e+07
1.80072e+07
1.80072e+07
1.80072e+07
1.80072e+07
1.80071e+07
1.80068e+07
1.80058e+07
1.79974e+07
1.80013e+07
1.80043e+07
1.80049e+07
1.80047e+07
1.80045e+07
1.80043e+07
1.80042e+07
1.80042e+07
1.80041e+07
1.80041e+07
1.8004e+07
1.80039e+07
1.80039e+07
1.80038e+07
1.80037e+07
1.80037e+07
1.80037e+07
1.80037e+07
1.80037e+07
1.80037e+07
1.80037e+07
1.80037e+07
1.80037e+07
1.80038e+07
1.80038e+07
1.80039e+07
1.8004e+07
1.80041e+07
1.80043e+07
1.80044e+07
1.80046e+07
1.80048e+07
1.8005e+07
1.80053e+07
1.80055e+07
1.80058e+07
1.80061e+07
1.80063e+07
1.80066e+07
1.80068e+07
1.8007e+07
1.80071e+07
1.80072e+07
1.80073e+07
1.80074e+07
1.80074e+07
1.80074e+07
1.80073e+07
1.80073e+07
1.80072e+07
1.80072e+07
1.80071e+07
1.8007e+07
1.8007e+07
1.80069e+07
1.80068e+07
1.80067e+07
1.80066e+07
1.80065e+07
1.80064e+07
1.80063e+07
1.80062e+07
1.80061e+07
1.8006e+07
1.80059e+07
1.80059e+07
1.80058e+07
1.80057e+07
1.80057e+07
1.80056e+07
1.80056e+07
1.80056e+07
1.80056e+07
1.80056e+07
1.80056e+07
1.80057e+07
1.80057e+07
1.80058e+07
1.80059e+07
1.8006e+07
1.80061e+07
1.80062e+07
1.80063e+07
1.80064e+07
1.80065e+07
1.80067e+07
1.80068e+07
1.80069e+07
1.8007e+07
1.8007e+07
1.80071e+07
1.80072e+07
1.80072e+07
1.80072e+07
1.80072e+07
1.80072e+07
1.80072e+07
1.80072e+07
1.80072e+07
1.80167e+07
1.80118e+07
1.80081e+07
1.80059e+07
1.80052e+07
1.80053e+07
1.80052e+07
1.80046e+07
1.80043e+07
1.80042e+07
1.80041e+07
1.8004e+07
1.80039e+07
1.80039e+07
1.80039e+07
1.80039e+07
1.80037e+07
1.80037e+07
1.80037e+07
1.80037e+07
1.80037e+07
1.80039e+07
1.8004e+07
1.80041e+07
1.8004e+07
1.80039e+07
1.80039e+07
1.80039e+07
1.8004e+07
1.80041e+07
1.80043e+07
1.80044e+07
1.80046e+07
1.80048e+07
1.80051e+07
1.80054e+07
1.80056e+07
1.80059e+07
1.80062e+07
1.80065e+07
1.80067e+07
1.80069e+07
1.80071e+07
1.80072e+07
1.80073e+07
1.80074e+07
1.80074e+07
1.80074e+07
1.80073e+07
1.80073e+07
1.80072e+07
1.80072e+07
1.80071e+07
1.8007e+07
1.8007e+07
1.80069e+07
1.80068e+07
1.80067e+07
1.80066e+07
1.80065e+07
1.80064e+07
1.80063e+07
1.80062e+07
1.80061e+07
1.8006e+07
1.80059e+07
1.80059e+07
1.80058e+07
1.80057e+07
1.80057e+07
1.80056e+07
1.80056e+07
1.80056e+07
1.80056e+07
1.80056e+07
1.80056e+07
1.80057e+07
1.80057e+07
1.80058e+07
1.80059e+07
1.8006e+07
1.80061e+07
1.80062e+07
1.80063e+07
1.80064e+07
1.80065e+07
1.80067e+07
1.80068e+07
1.80069e+07
1.8007e+07
1.8007e+07
1.80071e+07
1.80072e+07
1.80072e+07
1.80072e+07
1.80072e+07
1.80072e+07
1.80073e+07
1.80074e+07
1.80081e+07
1.80177e+07
1.80119e+07
1.8008e+07
1.80059e+07
1.80052e+07
1.80052e+07
1.80052e+07
1.80046e+07
1.80043e+07
1.80042e+07
1.80041e+07
1.8004e+07
1.80039e+07
1.80039e+07
1.80039e+07
1.80039e+07
1.80037e+07
1.80037e+07
1.80037e+07
1.80037e+07
1.80037e+07
1.80039e+07
1.8004e+07
1.80041e+07
1.8004e+07
1.80039e+07
1.80039e+07
1.8004e+07
1.8004e+07
1.80041e+07
1.80043e+07
1.80044e+07
1.80046e+07
1.80049e+07
1.80051e+07
1.80054e+07
1.80056e+07
1.80059e+07
1.80062e+07
1.80065e+07
1.80067e+07
1.80069e+07
1.80071e+07
1.80072e+07
1.80073e+07
1.80074e+07
1.80074e+07
1.80074e+07
1.80073e+07
1.80073e+07
1.80072e+07
1.80072e+07
1.80071e+07
1.8007e+07
1.8007e+07
1.80069e+07
1.80068e+07
1.80067e+07
1.80066e+07
1.80065e+07
1.80064e+07
1.80063e+07
1.80062e+07
1.80061e+07
1.8006e+07
1.80059e+07
1.80059e+07
1.80058e+07
1.80057e+07
1.80057e+07
1.80056e+07
1.80056e+07
1.80056e+07
1.80056e+07
1.80056e+07
1.80056e+07
1.80057e+07
1.80057e+07
1.80058e+07
1.80059e+07
1.8006e+07
1.80061e+07
1.80062e+07
1.80063e+07
1.80064e+07
1.80065e+07
1.80067e+07
1.80068e+07
1.80069e+07
1.8007e+07
1.8007e+07
1.80071e+07
1.80072e+07
1.80072e+07
1.80072e+07
1.80072e+07
1.80072e+07
1.80073e+07
1.80074e+07
1.80082e+07
1.7995e+07
1.79903e+07
1.79886e+07
1.79883e+07
1.79874e+07
1.79856e+07
1.7983e+07
1.79804e+07
1.79773e+07
1.79744e+07
1.79713e+07
1.79683e+07
1.79654e+07
1.79626e+07
1.79599e+07
1.79574e+07
1.79553e+07
1.79536e+07
1.79526e+07
1.79526e+07
1.7999e+07
1.7998e+07
1.79982e+07
1.79985e+07
1.79979e+07
1.79964e+07
1.79939e+07
1.79918e+07
1.79889e+07
1.79866e+07
1.79837e+07
1.79811e+07
1.79786e+07
1.79761e+07
1.79738e+07
1.79716e+07
1.79696e+07
1.7968e+07
1.79669e+07
1.7966e+07
1.80074e+07
1.80074e+07
1.80069e+07
1.80062e+07
1.80051e+07
1.80038e+07
1.80023e+07
1.80005e+07
1.79986e+07
1.79962e+07
1.79935e+07
1.79905e+07
1.79871e+07
1.79837e+07
1.79806e+07
1.79777e+07
1.79749e+07
1.79716e+07
1.7968e+07
1.7964e+07
1.80117e+07
1.8013e+07
1.80129e+07
1.80123e+07
1.80118e+07
1.80113e+07
1.80106e+07
1.8009e+07
1.80071e+07
1.80055e+07
1.80046e+07
1.80041e+07
1.80065e+07
1.80079e+07
1.80063e+07
1.80003e+07
1.79921e+07
1.79869e+07
1.79835e+07
1.79798e+07
1.80131e+07
1.80157e+07
1.80159e+07
1.80154e+07
1.80148e+07
1.80144e+07
1.80137e+07
1.80122e+07
1.80104e+07
1.80088e+07
1.80077e+07
1.80072e+07
1.80094e+07
1.80112e+07
1.80101e+07
1.80051e+07
1.79974e+07
1.79921e+07
1.79883e+07
1.7984e+07
1.79609e+07
1.79619e+07
1.79614e+07
1.79609e+07
1.79605e+07
1.79602e+07
1.79601e+07
1.796e+07
1.796e+07
1.79599e+07
1.79598e+07
1.79598e+07
1.79597e+07
1.79597e+07
1.79596e+07
1.79596e+07
1.79596e+07
1.79596e+07
1.79597e+07
1.79597e+07
1.79598e+07
1.79598e+07
1.79599e+07
1.79599e+07
1.796e+07
1.79601e+07
1.79602e+07
1.79604e+07
1.79605e+07
1.79607e+07
1.79609e+07
1.79611e+07
1.79614e+07
1.79616e+07
1.79619e+07
1.79621e+07
1.79624e+07
1.79626e+07
1.79628e+07
1.7963e+07
1.79632e+07
1.79633e+07
1.79634e+07
1.79634e+07
1.79634e+07
1.79634e+07
1.79634e+07
1.79634e+07
1.79633e+07
1.79632e+07
1.79632e+07
1.79631e+07
1.7963e+07
1.79629e+07
1.79628e+07
1.79627e+07
1.79627e+07
1.79626e+07
1.79625e+07
1.79624e+07
1.79623e+07
1.79622e+07
1.79621e+07
1.79621e+07
1.7962e+07
1.7962e+07
1.79619e+07
1.79619e+07
1.79619e+07
1.79619e+07
1.79618e+07
1.79619e+07
1.79619e+07
1.79619e+07
1.79619e+07
1.7962e+07
1.7962e+07
1.79621e+07
1.79622e+07
1.79622e+07
1.79623e+07
1.79624e+07
1.79625e+07
1.79626e+07
1.79626e+07
1.79627e+07
1.79628e+07
1.79628e+07
1.79629e+07
1.79629e+07
1.79629e+07
1.7963e+07
1.7963e+07
1.7963e+07
1.7963e+07
1.79629e+07
1.79629e+07
1.79629e+07
1.79628e+07
1.79628e+07
1.79627e+07
1.79626e+07
1.79625e+07
1.79625e+07
1.79624e+07
1.79623e+07
1.79622e+07
1.79621e+07
1.7962e+07
1.79619e+07
1.79618e+07
1.79617e+07
1.79616e+07
1.79615e+07
1.79615e+07
1.79614e+07
1.79614e+07
1.79613e+07
1.79613e+07
1.79612e+07
1.79612e+07
1.79612e+07
1.79612e+07
1.79612e+07
1.79613e+07
1.79613e+07
1.79613e+07
1.79614e+07
1.79615e+07
1.79615e+07
1.79616e+07
1.79617e+07
1.79617e+07
1.79618e+07
1.79619e+07
1.7962e+07
1.7962e+07
1.79621e+07
1.79621e+07
1.79622e+07
1.79622e+07
1.79622e+07
1.79622e+07
1.79622e+07
1.79622e+07
1.79622e+07
1.79622e+07
1.79621e+07
1.79621e+07
1.7962e+07
1.7962e+07
1.79619e+07
1.79618e+07
1.79618e+07
1.79617e+07
1.79616e+07
1.79615e+07
1.79614e+07
1.79614e+07
1.79613e+07
1.79612e+07
1.79611e+07
1.7961e+07
1.7961e+07
1.79609e+07
1.79608e+07
1.79608e+07
1.79608e+07
1.79607e+07
1.79607e+07
1.79607e+07
1.79608e+07
1.79608e+07
1.79608e+07
1.79609e+07
1.79609e+07
1.7961e+07
1.79611e+07
1.79612e+07
1.79613e+07
1.79613e+07
1.79614e+07
1.79615e+07
1.79616e+07
1.79617e+07
1.79617e+07
1.79618e+07
1.79618e+07
1.79619e+07
1.79619e+07
1.79619e+07
1.79619e+07
1.79619e+07
1.79618e+07
1.79618e+07
1.79618e+07
1.79618e+07
1.79618e+07
1.79619e+07
1.79626e+07
1.79633e+07
1.79623e+07
1.79615e+07
1.7961e+07
1.79605e+07
1.79602e+07
1.79601e+07
1.796e+07
1.796e+07
1.79599e+07
1.79598e+07
1.79598e+07
1.79597e+07
1.79597e+07
1.79596e+07
1.79596e+07
1.79596e+07
1.79596e+07
1.79597e+07
1.79597e+07
1.79598e+07
1.79598e+07
1.79599e+07
1.79599e+07
1.796e+07
1.79601e+07
1.79602e+07
1.79604e+07
1.79605e+07
1.79607e+07
1.79609e+07
1.79611e+07
1.79614e+07
1.79616e+07
1.79619e+07
1.79621e+07
1.79624e+07
1.79626e+07
1.79628e+07
1.7963e+07
1.79632e+07
1.79633e+07
1.79634e+07
1.79634e+07
1.79634e+07
1.79634e+07
1.79634e+07
1.79634e+07
1.79633e+07
1.79632e+07
1.79632e+07
1.79631e+07
1.7963e+07
1.79629e+07
1.79628e+07
1.79627e+07
1.79627e+07
1.79626e+07
1.79625e+07
1.79624e+07
1.79623e+07
1.79622e+07
1.79621e+07
1.79621e+07
1.7962e+07
1.7962e+07
1.79619e+07
1.79619e+07
1.79619e+07
1.79619e+07
1.79618e+07
1.79619e+07
1.79619e+07
1.79619e+07
1.79619e+07
1.7962e+07
1.7962e+07
1.79621e+07
1.79622e+07
1.79622e+07
1.79623e+07
1.79624e+07
1.79625e+07
1.79626e+07
1.79626e+07
1.79627e+07
1.79628e+07
1.79628e+07
1.79629e+07
1.79629e+07
1.79629e+07
1.7963e+07
1.7963e+07
1.7963e+07
1.7963e+07
1.79629e+07
1.79629e+07
1.79629e+07
1.79628e+07
1.79628e+07
1.79627e+07
1.79626e+07
1.79625e+07
1.79625e+07
1.79624e+07
1.79623e+07
1.79622e+07
1.79621e+07
1.7962e+07
1.79619e+07
1.79618e+07
1.79617e+07
1.79616e+07
1.79615e+07
1.79615e+07
1.79614e+07
1.79614e+07
1.79613e+07
1.79613e+07
1.79612e+07
1.79612e+07
1.79612e+07
1.79612e+07
1.79612e+07
1.79613e+07
1.79613e+07
1.79613e+07
1.79614e+07
1.79615e+07
1.79615e+07
1.79616e+07
1.79617e+07
1.79617e+07
1.79618e+07
1.79619e+07
1.7962e+07
1.7962e+07
1.79621e+07
1.79621e+07
1.79622e+07
1.79622e+07
1.79622e+07
1.79622e+07
1.79622e+07
1.79622e+07
1.79622e+07
1.79622e+07
1.79621e+07
1.79621e+07
1.7962e+07
1.7962e+07
1.79619e+07
1.79618e+07
1.79618e+07
1.79617e+07
1.79616e+07
1.79615e+07
1.79614e+07
1.79614e+07
1.79613e+07
1.79612e+07
1.79611e+07
1.7961e+07
1.7961e+07
1.79609e+07
1.79608e+07
1.79608e+07
1.79608e+07
1.79607e+07
1.79607e+07
1.79607e+07
1.79608e+07
1.79608e+07
1.79608e+07
1.79609e+07
1.79609e+07
1.7961e+07
1.79611e+07
1.79612e+07
1.79613e+07
1.79613e+07
1.79614e+07
1.79615e+07
1.79616e+07
1.79617e+07
1.79617e+07
1.79618e+07
1.79618e+07
1.79619e+07
1.79619e+07
1.79619e+07
1.79619e+07
1.79619e+07
1.79618e+07
1.79618e+07
1.79618e+07
1.79618e+07
1.79618e+07
1.79619e+07
1.79626e+07
1.7953e+07
1.79571e+07
1.79602e+07
1.79607e+07
1.79604e+07
1.79602e+07
1.796e+07
1.796e+07
1.79599e+07
1.79599e+07
1.79598e+07
1.79598e+07
1.79597e+07
1.79597e+07
1.79596e+07
1.79596e+07
1.79596e+07
1.79596e+07
1.79597e+07
1.79597e+07
1.79598e+07
1.79598e+07
1.79598e+07
1.79599e+07
1.79599e+07
1.796e+07
1.79602e+07
1.79603e+07
1.79604e+07
1.79606e+07
1.79608e+07
1.7961e+07
1.79612e+07
1.79615e+07
1.79617e+07
1.7962e+07
1.79622e+07
1.79625e+07
1.79627e+07
1.79629e+07
1.79631e+07
1.79632e+07
1.79633e+07
1.79634e+07
1.79634e+07
1.79634e+07
1.79634e+07
1.79633e+07
1.79633e+07
1.79632e+07
1.79632e+07
1.79631e+07
1.7963e+07
1.79629e+07
1.79628e+07
1.79627e+07
1.79627e+07
1.79626e+07
1.79625e+07
1.79624e+07
1.79623e+07
1.79622e+07
1.79621e+07
1.79621e+07
1.7962e+07
1.7962e+07
1.79619e+07
1.79619e+07
1.79619e+07
1.79619e+07
1.79618e+07
1.79619e+07
1.79619e+07
1.79619e+07
1.79619e+07
1.7962e+07
1.7962e+07
1.79621e+07
1.79622e+07
1.79622e+07
1.79623e+07
1.79624e+07
1.79625e+07
1.79626e+07
1.79626e+07
1.79627e+07
1.79628e+07
1.79628e+07
1.79629e+07
1.79629e+07
1.79629e+07
1.7963e+07
1.7963e+07
1.7963e+07
1.7963e+07
1.79629e+07
1.79629e+07
1.79629e+07
1.79628e+07
1.79628e+07
1.79627e+07
1.79626e+07
1.79625e+07
1.79625e+07
1.79624e+07
1.79623e+07
1.79622e+07
1.79621e+07
1.7962e+07
1.79619e+07
1.79618e+07
1.79617e+07
1.79616e+07
1.79615e+07
1.79615e+07
1.79614e+07
1.79614e+07
1.79613e+07
1.79613e+07
1.79612e+07
1.79612e+07
1.79612e+07
1.79612e+07
1.79612e+07
1.79613e+07
1.79613e+07
1.79613e+07
1.79614e+07
1.79615e+07
1.79615e+07
1.79616e+07
1.79617e+07
1.79617e+07
1.79618e+07
1.79619e+07
1.7962e+07
1.7962e+07
1.79621e+07
1.79621e+07
1.79622e+07
1.79622e+07
1.79622e+07
1.79622e+07
1.79622e+07
1.79622e+07
1.79622e+07
1.79622e+07
1.79621e+07
1.79621e+07
1.7962e+07
1.7962e+07
1.79619e+07
1.79618e+07
1.79618e+07
1.79617e+07
1.79616e+07
1.79615e+07
1.79614e+07
1.79614e+07
1.79613e+07
1.79612e+07
1.79611e+07
1.7961e+07
1.7961e+07
1.79609e+07
1.79608e+07
1.79608e+07
1.79608e+07
1.79607e+07
1.79607e+07
1.79607e+07
1.79608e+07
1.79608e+07
1.79608e+07
1.79609e+07
1.79609e+07
1.7961e+07
1.79611e+07
1.79612e+07
1.79613e+07
1.79613e+07
1.79614e+07
1.79615e+07
1.79616e+07
1.79617e+07
1.79617e+07
1.79618e+07
1.79618e+07
1.79619e+07
1.79619e+07
1.79619e+07
1.79619e+07
1.79619e+07
1.79618e+07
1.79618e+07
1.79618e+07
1.79617e+07
1.79617e+07
1.79617e+07
1.79617e+07
1.79716e+07
1.7967e+07
1.79637e+07
1.79616e+07
1.79609e+07
1.79609e+07
1.79608e+07
1.79603e+07
1.796e+07
1.79599e+07
1.79598e+07
1.79598e+07
1.79597e+07
1.79597e+07
1.79597e+07
1.79596e+07
1.79596e+07
1.79596e+07
1.79597e+07
1.79597e+07
1.79598e+07
1.79599e+07
1.79602e+07
1.79603e+07
1.79603e+07
1.79601e+07
1.79601e+07
1.79602e+07
1.79603e+07
1.79604e+07
1.79606e+07
1.79608e+07
1.7961e+07
1.79613e+07
1.79615e+07
1.79618e+07
1.79621e+07
1.79624e+07
1.79626e+07
1.79628e+07
1.7963e+07
1.79632e+07
1.79633e+07
1.79634e+07
1.79634e+07
1.79634e+07
1.79634e+07
1.79633e+07
1.79633e+07
1.79632e+07
1.79632e+07
1.79631e+07
1.7963e+07
1.79629e+07
1.79628e+07
1.79627e+07
1.79627e+07
1.79626e+07
1.79625e+07
1.79624e+07
1.79623e+07
1.79622e+07
1.79621e+07
1.79621e+07
1.7962e+07
1.7962e+07
1.79619e+07
1.79619e+07
1.79619e+07
1.79619e+07
1.79618e+07
1.79619e+07
1.79619e+07
1.79619e+07
1.79619e+07
1.7962e+07
1.7962e+07
1.79621e+07
1.79622e+07
1.79622e+07
1.79623e+07
1.79624e+07
1.79625e+07
1.79626e+07
1.79626e+07
1.79627e+07
1.79628e+07
1.79628e+07
1.79629e+07
1.79629e+07
1.79629e+07
1.7963e+07
1.7963e+07
1.7963e+07
1.7963e+07
1.79629e+07
1.79629e+07
1.79629e+07
1.79628e+07
1.79628e+07
1.79627e+07
1.79626e+07
1.79625e+07
1.79625e+07
1.79624e+07
1.79623e+07
1.79622e+07
1.79621e+07
1.7962e+07
1.79619e+07
1.79618e+07
1.79617e+07
1.79616e+07
1.79615e+07
1.79615e+07
1.79614e+07
1.79614e+07
1.79613e+07
1.79613e+07
1.79612e+07
1.79612e+07
1.79612e+07
1.79612e+07
1.79612e+07
1.79613e+07
1.79613e+07
1.79613e+07
1.79614e+07
1.79615e+07
1.79615e+07
1.79616e+07
1.79617e+07
1.79617e+07
1.79618e+07
1.79619e+07
1.7962e+07
1.7962e+07
1.79621e+07
1.79621e+07
1.79622e+07
1.79622e+07
1.79622e+07
1.79622e+07
1.79622e+07
1.79622e+07
1.79622e+07
1.79622e+07
1.79621e+07
1.79621e+07
1.7962e+07
1.7962e+07
1.79619e+07
1.79618e+07
1.79618e+07
1.79617e+07
1.79616e+07
1.79615e+07
1.79614e+07
1.79614e+07
1.79613e+07
1.79612e+07
1.79611e+07
1.7961e+07
1.7961e+07
1.79609e+07
1.79608e+07
1.79608e+07
1.79608e+07
1.79607e+07
1.79607e+07
1.79607e+07
1.79608e+07
1.79608e+07
1.79608e+07
1.79609e+07
1.79609e+07
1.7961e+07
1.79611e+07
1.79612e+07
1.79613e+07
1.79613e+07
1.79614e+07
1.79615e+07
1.79616e+07
1.79617e+07
1.79617e+07
1.79618e+07
1.79618e+07
1.79619e+07
1.79619e+07
1.79619e+07
1.79619e+07
1.79619e+07
1.79618e+07
1.79618e+07
1.79618e+07
1.79617e+07
1.79616e+07
1.79613e+07
1.79603e+07
1.79726e+07
1.79671e+07
1.79637e+07
1.79616e+07
1.79609e+07
1.79609e+07
1.79608e+07
1.79603e+07
1.796e+07
1.79599e+07
1.79598e+07
1.79598e+07
1.79597e+07
1.79597e+07
1.79597e+07
1.79596e+07
1.79596e+07
1.79596e+07
1.79597e+07
1.79597e+07
1.79598e+07
1.79599e+07
1.79602e+07
1.79603e+07
1.79603e+07
1.79601e+07
1.79601e+07
1.79602e+07
1.79603e+07
1.79605e+07
1.79606e+07
1.79608e+07
1.7961e+07
1.79613e+07
1.79616e+07
1.79618e+07
1.79621e+07
1.79624e+07
1.79626e+07
1.79629e+07
1.7963e+07
1.79632e+07
1.79633e+07
1.79634e+07
1.79634e+07
1.79634e+07
1.79634e+07
1.79633e+07
1.79633e+07
1.79632e+07
1.79632e+07
1.79631e+07
1.7963e+07
1.79629e+07
1.79628e+07
1.79627e+07
1.79627e+07
1.79626e+07
1.79625e+07
1.79624e+07
1.79623e+07
1.79622e+07
1.79621e+07
1.79621e+07
1.7962e+07
1.7962e+07
1.79619e+07
1.79619e+07
1.79619e+07
1.79619e+07
1.79618e+07
1.79619e+07
1.79619e+07
1.79619e+07
1.79619e+07
1.7962e+07
1.7962e+07
1.79621e+07
1.79622e+07
1.79622e+07
1.79623e+07
1.79624e+07
1.79625e+07
1.79626e+07
1.79626e+07
1.79627e+07
1.79628e+07
1.79628e+07
1.79629e+07
1.79629e+07
1.79629e+07
1.7963e+07
1.7963e+07
1.7963e+07
1.7963e+07
1.79629e+07
1.79629e+07
1.79629e+07
1.79628e+07
1.79628e+07
1.79627e+07
1.79626e+07
1.79625e+07
1.79625e+07
1.79624e+07
1.79623e+07
1.79622e+07
1.79621e+07
1.7962e+07
1.79619e+07
1.79618e+07
1.79617e+07
1.79616e+07
1.79615e+07
1.79615e+07
1.79614e+07
1.79614e+07
1.79613e+07
1.79613e+07
1.79612e+07
1.79612e+07
1.79612e+07
1.79612e+07
1.79612e+07
1.79613e+07
1.79613e+07
1.79613e+07
1.79614e+07
1.79615e+07
1.79615e+07
1.79616e+07
1.79617e+07
1.79617e+07
1.79618e+07
1.79619e+07
1.7962e+07
1.7962e+07
1.79621e+07
1.79621e+07
1.79622e+07
1.79622e+07
1.79622e+07
1.79622e+07
1.79622e+07
1.79622e+07
1.79622e+07
1.79622e+07
1.79621e+07
1.79621e+07
1.7962e+07
1.7962e+07
1.79619e+07
1.79618e+07
1.79618e+07
1.79617e+07
1.79616e+07
1.79615e+07
1.79614e+07
1.79614e+07
1.79613e+07
1.79612e+07
1.79611e+07
1.7961e+07
1.7961e+07
1.79609e+07
1.79608e+07
1.79608e+07
1.79608e+07
1.79607e+07
1.79607e+07
1.79607e+07
1.79608e+07
1.79608e+07
1.79608e+07
1.79609e+07
1.79609e+07
1.7961e+07
1.79611e+07
1.79612e+07
1.79613e+07
1.79613e+07
1.79614e+07
1.79615e+07
1.79616e+07
1.79617e+07
1.79617e+07
1.79618e+07
1.79618e+07
1.79619e+07
1.79619e+07
1.79619e+07
1.79619e+07
1.79619e+07
1.79618e+07
1.79618e+07
1.79618e+07
1.79617e+07
1.79616e+07
1.79613e+07
1.79603e+07
1.79677e+07
1.79702e+07
1.79705e+07
1.79699e+07
1.79694e+07
1.79689e+07
1.79686e+07
1.79677e+07
1.79657e+07
1.79635e+07
1.79618e+07
1.79607e+07
1.79605e+07
1.7962e+07
1.79641e+07
1.79641e+07
1.79599e+07
1.79523e+07
1.79447e+07
1.79396e+07
1.79663e+07
1.79675e+07
1.79674e+07
1.79668e+07
1.79663e+07
1.79658e+07
1.79655e+07
1.79645e+07
1.79623e+07
1.79601e+07
1.79584e+07
1.79574e+07
1.79573e+07
1.79589e+07
1.79609e+07
1.79604e+07
1.79553e+07
1.79466e+07
1.79389e+07
1.79345e+07
1.79619e+07
1.79619e+07
1.79614e+07
1.79607e+07
1.79596e+07
1.79583e+07
1.79568e+07
1.7955e+07
1.7953e+07
1.79508e+07
1.79482e+07
1.79453e+07
1.7942e+07
1.79384e+07
1.79348e+07
1.79315e+07
1.79284e+07
1.79255e+07
1.79224e+07
1.79188e+07
1.79534e+07
1.79524e+07
1.79527e+07
1.7953e+07
1.79524e+07
1.79508e+07
1.79483e+07
1.79461e+07
1.79433e+07
1.79409e+07
1.7938e+07
1.79354e+07
1.79328e+07
1.79303e+07
1.7928e+07
1.79258e+07
1.79237e+07
1.79219e+07
1.79205e+07
1.79196e+07
1.79494e+07
1.79447e+07
1.7943e+07
1.79427e+07
1.79418e+07
1.794e+07
1.79373e+07
1.79347e+07
1.79316e+07
1.79287e+07
1.79255e+07
1.79225e+07
1.79195e+07
1.79167e+07
1.7914e+07
1.79115e+07
1.79092e+07
1.79073e+07
1.79061e+07
1.79058e+07
1.79168e+07
1.79176e+07
1.79192e+07
1.79171e+07
1.7916e+07
1.79158e+07
1.79157e+07
1.79155e+07
1.79154e+07
1.79153e+07
1.79152e+07
1.79151e+07
1.79151e+07
1.7915e+07
1.7915e+07
1.7915e+07
1.7915e+07
1.79151e+07
1.79151e+07
1.79151e+07
1.79152e+07
1.79153e+07
1.79155e+07
1.79157e+07
1.79159e+07
1.79162e+07
1.79165e+07
1.79169e+07
1.79173e+07
1.79176e+07
1.7918e+07
1.79183e+07
1.79185e+07
1.79188e+07
1.79189e+07
1.7919e+07
1.79191e+07
1.79192e+07
1.79192e+07
1.79193e+07
1.79193e+07
1.79193e+07
1.79193e+07
1.79194e+07
1.79194e+07
1.79194e+07
1.79194e+07
1.79195e+07
1.79195e+07
1.79196e+07
1.79196e+07
1.79197e+07
1.79198e+07
1.79199e+07
1.792e+07
1.79201e+07
1.79203e+07
1.79204e+07
1.79206e+07
1.79208e+07
1.7921e+07
1.79212e+07
1.79214e+07
1.79217e+07
1.79219e+07
1.79221e+07
1.79224e+07
1.79226e+07
1.79229e+07
1.79231e+07
1.79234e+07
1.79236e+07
1.79239e+07
1.79241e+07
1.79243e+07
1.79245e+07
1.79247e+07
1.79249e+07
1.7925e+07
1.79252e+07
1.79253e+07
1.79255e+07
1.79256e+07
1.79257e+07
1.79258e+07
1.79259e+07
1.7926e+07
1.79261e+07
1.79262e+07
1.79263e+07
1.79264e+07
1.79265e+07
1.79266e+07
1.79267e+07
1.79269e+07
1.7927e+07
1.79271e+07
1.79273e+07
1.79275e+07
1.79277e+07
1.79279e+07
1.79281e+07
1.79283e+07
1.79285e+07
1.79288e+07
1.7929e+07
1.79293e+07
1.79296e+07
1.79299e+07
1.79302e+07
1.79305e+07
1.79308e+07
1.79311e+07
1.79314e+07
1.79317e+07
1.7932e+07
1.79323e+07
1.79326e+07
1.79329e+07
1.79331e+07
1.79334e+07
1.79336e+07
1.79339e+07
1.79341e+07
1.79343e+07
1.79345e+07
1.79347e+07
1.79349e+07
1.7935e+07
1.79352e+07
1.79353e+07
1.79355e+07
1.79356e+07
1.79357e+07
1.79359e+07
1.7936e+07
1.79361e+07
1.79362e+07
1.79363e+07
1.79364e+07
1.79365e+07
1.79366e+07
1.79367e+07
1.79368e+07
1.79369e+07
1.7937e+07
1.79372e+07
1.79373e+07
1.79374e+07
1.79375e+07
1.79377e+07
1.79378e+07
1.7938e+07
1.79381e+07
1.79383e+07
1.79384e+07
1.79386e+07
1.79388e+07
1.7939e+07
1.79391e+07
1.79393e+07
1.79395e+07
1.79397e+07
1.79399e+07
1.79402e+07
1.79404e+07
1.79406e+07
1.79409e+07
1.79412e+07
1.79414e+07
1.79417e+07
1.7942e+07
1.79424e+07
1.79427e+07
1.79431e+07
1.79434e+07
1.79438e+07
1.79442e+07
1.79447e+07
1.79451e+07
1.79456e+07
1.79461e+07
1.79466e+07
1.79472e+07
1.79478e+07
1.79484e+07
1.7949e+07
1.79497e+07
1.79504e+07
1.79511e+07
1.79518e+07
1.79526e+07
1.79534e+07
1.79542e+07
1.79551e+07
1.7956e+07
1.79569e+07
1.79578e+07
1.79588e+07
1.79597e+07
1.79608e+07
1.79618e+07
1.79629e+07
1.7964e+07
1.79651e+07
1.79663e+07
1.79674e+07
1.79687e+07
1.79699e+07
1.79712e+07
1.79725e+07
1.79738e+07
1.79751e+07
1.79765e+07
1.79779e+07
1.79794e+07
1.79809e+07
1.79824e+07
1.79839e+07
1.79855e+07
1.79871e+07
1.79887e+07
1.79904e+07
1.79921e+07
1.79938e+07
1.79955e+07
1.79973e+07
1.79991e+07
1.80009e+07
1.80028e+07
1.80046e+07
1.80066e+07
1.80085e+07
1.80104e+07
1.80124e+07
1.80144e+07
1.80164e+07
1.80185e+07
1.80206e+07
1.80227e+07
1.80248e+07
1.80269e+07
1.80291e+07
1.80312e+07
1.80335e+07
1.80357e+07
1.80379e+07
1.80402e+07
1.80425e+07
1.80448e+07
1.80472e+07
1.80496e+07
1.8052e+07
1.80544e+07
1.80569e+07
1.80594e+07
1.80619e+07
1.80645e+07
1.80671e+07
1.80697e+07
1.80724e+07
1.80751e+07
1.80778e+07
1.80805e+07
1.80833e+07
1.80862e+07
1.8089e+07
1.80919e+07
1.80948e+07
1.80978e+07
1.81008e+07
1.81038e+07
1.81068e+07
1.81099e+07
1.8113e+07
1.81162e+07
1.81193e+07
1.81225e+07
1.81258e+07
1.8129e+07
1.81323e+07
1.81356e+07
1.81389e+07
1.81422e+07
1.81456e+07
1.8149e+07
1.81524e+07
1.81558e+07
1.81592e+07
1.81627e+07
1.81662e+07
1.81697e+07
1.81732e+07
1.81768e+07
1.81803e+07
1.81839e+07
1.81875e+07
1.81911e+07
1.81948e+07
1.81984e+07
1.82021e+07
1.82058e+07
1.82095e+07
1.82133e+07
1.8217e+07
1.82208e+07
1.82246e+07
1.82284e+07
1.82322e+07
1.8236e+07
1.82399e+07
1.82437e+07
1.82476e+07
1.82515e+07
1.82554e+07
1.82593e+07
1.82633e+07
1.82672e+07
1.82712e+07
1.82752e+07
1.82792e+07
1.82832e+07
1.82873e+07
1.82913e+07
1.82954e+07
1.82995e+07
1.83036e+07
1.83077e+07
1.83118e+07
1.8316e+07
1.83202e+07
1.83244e+07
1.83286e+07
1.83329e+07
1.83371e+07
1.83414e+07
1.83458e+07
1.83501e+07
1.83545e+07
1.83589e+07
1.83633e+07
1.83677e+07
1.83722e+07
1.83767e+07
1.83812e+07
1.83857e+07
1.83902e+07
1.83948e+07
1.83994e+07
1.8404e+07
1.84087e+07
1.84133e+07
1.8418e+07
1.84227e+07
1.84274e+07
1.84321e+07
1.84368e+07
1.84415e+07
1.84463e+07
1.8451e+07
1.84558e+07
1.84605e+07
1.84653e+07
1.84701e+07
1.84748e+07
1.84796e+07
1.84844e+07
1.84892e+07
1.84939e+07
1.84987e+07
1.85035e+07
1.85083e+07
1.85131e+07
1.85178e+07
1.85226e+07
1.85274e+07
1.85322e+07
1.8537e+07
1.85417e+07
1.85465e+07
1.85513e+07
1.85561e+07
1.85609e+07
1.85657e+07
1.85704e+07
1.85752e+07
1.858e+07
1.85848e+07
1.85896e+07
1.85944e+07
1.85992e+07
1.8604e+07
1.86088e+07
1.86136e+07
1.86185e+07
1.86233e+07
1.86281e+07
1.86329e+07
1.86378e+07
1.86426e+07
1.86474e+07
1.86523e+07
1.86571e+07
1.8662e+07
1.86668e+07
1.86717e+07
1.86765e+07
1.86814e+07
1.86862e+07
1.86911e+07
1.86959e+07
1.87008e+07
1.87056e+07
1.87105e+07
1.87153e+07
1.87202e+07
1.87251e+07
1.87299e+07
1.87348e+07
1.87396e+07
1.87445e+07
1.87493e+07
1.87542e+07
1.8759e+07
1.87638e+07
1.87687e+07
1.87735e+07
1.87784e+07
1.87832e+07
1.87881e+07
1.87929e+07
1.87978e+07
1.88026e+07
1.88075e+07
1.88123e+07
1.88172e+07
1.8822e+07
1.88269e+07
1.88317e+07
1.88366e+07
1.88414e+07
1.88463e+07
1.88511e+07
1.8856e+07
1.88609e+07
1.88657e+07
1.88706e+07
1.88755e+07
1.88803e+07
1.88852e+07
1.88901e+07
1.88949e+07
1.88998e+07
1.89047e+07
1.89095e+07
1.89144e+07
1.89192e+07
1.89241e+07
1.89289e+07
1.89338e+07
1.89386e+07
1.89434e+07
1.89482e+07
1.8953e+07
1.89578e+07
1.89626e+07
1.89673e+07
1.89721e+07
1.89768e+07
1.89815e+07
1.89862e+07
1.89909e+07
1.89956e+07
1.90002e+07
1.90048e+07
1.90095e+07
1.90141e+07
1.90186e+07
1.90232e+07
1.90278e+07
1.90323e+07
1.90368e+07
1.90413e+07
1.90458e+07
1.90503e+07
1.90547e+07
1.90592e+07
1.90636e+07
1.9068e+07
1.90725e+07
1.90769e+07
1.90812e+07
1.90856e+07
1.909e+07
1.90944e+07
1.90987e+07
1.91031e+07
1.91074e+07
1.91118e+07
1.91161e+07
1.91204e+07
1.91247e+07
1.9129e+07
1.91333e+07
1.91375e+07
1.91418e+07
1.9146e+07
1.91503e+07
1.91545e+07
1.91587e+07
1.91629e+07
1.9167e+07
1.91711e+07
1.91753e+07
1.91793e+07
1.91834e+07
1.91874e+07
1.91915e+07
1.91954e+07
1.91994e+07
1.92033e+07
1.92072e+07
1.92111e+07
1.92149e+07
1.92187e+07
1.92225e+07
1.92262e+07
1.92299e+07
1.92336e+07
1.92372e+07
1.92408e+07
1.92444e+07
1.92479e+07
1.92514e+07
1.92549e+07
1.92583e+07
1.92617e+07
1.92651e+07
1.92684e+07
1.92717e+07
1.9275e+07
1.92783e+07
1.92815e+07
1.92846e+07
1.92878e+07
1.92909e+07
1.9294e+07
1.92971e+07
1.93001e+07
1.93031e+07
1.93061e+07
1.9309e+07
1.93119e+07
1.93148e+07
1.93177e+07
1.93205e+07
1.93233e+07
1.93261e+07
1.93288e+07
1.93315e+07
1.93342e+07
1.93369e+07
1.93395e+07
1.93421e+07
1.93447e+07
1.93473e+07
1.93498e+07
1.93523e+07
1.93548e+07
1.93572e+07
1.93596e+07
1.9362e+07
1.93644e+07
1.93667e+07
1.9369e+07
1.93713e+07
1.93736e+07
1.93758e+07
1.9378e+07
1.93802e+07
1.93823e+07
1.93844e+07
1.93865e+07
1.93886e+07
1.93906e+07
1.93926e+07
1.93946e+07
1.93965e+07
1.93984e+07
1.94003e+07
1.94022e+07
1.9404e+07
1.94058e+07
1.94076e+07
1.94094e+07
1.94111e+07
1.94128e+07
1.94144e+07
1.94161e+07
1.94177e+07
1.79159e+07
1.79176e+07
1.79192e+07
1.79172e+07
1.7916e+07
1.79158e+07
1.79157e+07
1.79155e+07
1.79154e+07
1.79153e+07
1.79152e+07
1.79151e+07
1.79151e+07
1.7915e+07
1.7915e+07
1.7915e+07
1.7915e+07
1.79151e+07
1.79151e+07
1.79151e+07
1.79152e+07
1.79153e+07
1.79154e+07
1.79156e+07
1.79159e+07
1.79162e+07
1.79165e+07
1.79169e+07
1.79172e+07
1.79176e+07
1.7918e+07
1.79183e+07
1.79185e+07
1.79188e+07
1.79189e+07
1.7919e+07
1.79191e+07
1.79192e+07
1.79192e+07
1.79193e+07
1.79193e+07
1.79193e+07
1.79193e+07
1.79194e+07
1.79194e+07
1.79194e+07
1.79194e+07
1.79195e+07
1.79195e+07
1.79196e+07
1.79196e+07
1.79197e+07
1.79198e+07
1.79199e+07
1.792e+07
1.79201e+07
1.79203e+07
1.79204e+07
1.79206e+07
1.79208e+07
1.7921e+07
1.79212e+07
1.79214e+07
1.79217e+07
1.79219e+07
1.79221e+07
1.79224e+07
1.79226e+07
1.79229e+07
1.79231e+07
1.79234e+07
1.79236e+07
1.79239e+07
1.79241e+07
1.79243e+07
1.79245e+07
1.79247e+07
1.79249e+07
1.7925e+07
1.79252e+07
1.79253e+07
1.79255e+07
1.79256e+07
1.79257e+07
1.79258e+07
1.79259e+07
1.7926e+07
1.79261e+07
1.79262e+07
1.79263e+07
1.79264e+07
1.79265e+07
1.79266e+07
1.79267e+07
1.79269e+07
1.7927e+07
1.79271e+07
1.79273e+07
1.79275e+07
1.79277e+07
1.79279e+07
1.79281e+07
1.79283e+07
1.79285e+07
1.79288e+07
1.7929e+07
1.79293e+07
1.79296e+07
1.79299e+07
1.79302e+07
1.79305e+07
1.79308e+07
1.79311e+07
1.79314e+07
1.79317e+07
1.7932e+07
1.79323e+07
1.79326e+07
1.79329e+07
1.79331e+07
1.79334e+07
1.79336e+07
1.79339e+07
1.79341e+07
1.79343e+07
1.79345e+07
1.79347e+07
1.79349e+07
1.7935e+07
1.79352e+07
1.79353e+07
1.79355e+07
1.79356e+07
1.79357e+07
1.79359e+07
1.7936e+07
1.79361e+07
1.79362e+07
1.79363e+07
1.79364e+07
1.79365e+07
1.79366e+07
1.79367e+07
1.79368e+07
1.79369e+07
1.7937e+07
1.79372e+07
1.79373e+07
1.79374e+07
1.79375e+07
1.79377e+07
1.79378e+07
1.7938e+07
1.79381e+07
1.79383e+07
1.79384e+07
1.79386e+07
1.79388e+07
1.7939e+07
1.79391e+07
1.79393e+07
1.79395e+07
1.79397e+07
1.79399e+07
1.79402e+07
1.79404e+07
1.79406e+07
1.79409e+07
1.79412e+07
1.79414e+07
1.79417e+07
1.7942e+07
1.79424e+07
1.79427e+07
1.79431e+07
1.79434e+07
1.79438e+07
1.79442e+07
1.79447e+07
1.79451e+07
1.79456e+07
1.79461e+07
1.79466e+07
1.79472e+07
1.79478e+07
1.79484e+07
1.7949e+07
1.79497e+07
1.79504e+07
1.79511e+07
1.79518e+07
1.79526e+07
1.79534e+07
1.79542e+07
1.79551e+07
1.7956e+07
1.79569e+07
1.79578e+07
1.79588e+07
1.79597e+07
1.79608e+07
1.79618e+07
1.79629e+07
1.7964e+07
1.79651e+07
1.79663e+07
1.79674e+07
1.79687e+07
1.79699e+07
1.79712e+07
1.79725e+07
1.79738e+07
1.79751e+07
1.79765e+07
1.79779e+07
1.79794e+07
1.79809e+07
1.79824e+07
1.79839e+07
1.79855e+07
1.79871e+07
1.79887e+07
1.79904e+07
1.79921e+07
1.79938e+07
1.79955e+07
1.79973e+07
1.79991e+07
1.80009e+07
1.80028e+07
1.80046e+07
1.80066e+07
1.80085e+07
1.80104e+07
1.80124e+07
1.80144e+07
1.80164e+07
1.80185e+07
1.80206e+07
1.80227e+07
1.80248e+07
1.80269e+07
1.80291e+07
1.80312e+07
1.80335e+07
1.80357e+07
1.80379e+07
1.80402e+07
1.80425e+07
1.80448e+07
1.80472e+07
1.80496e+07
1.8052e+07
1.80544e+07
1.80569e+07
1.80594e+07
1.80619e+07
1.80645e+07
1.80671e+07
1.80697e+07
1.80724e+07
1.80751e+07
1.80778e+07
1.80805e+07
1.80833e+07
1.80862e+07
1.8089e+07
1.80919e+07
1.80948e+07
1.80978e+07
1.81008e+07
1.81038e+07
1.81068e+07
1.81099e+07
1.8113e+07
1.81162e+07
1.81193e+07
1.81225e+07
1.81258e+07
1.8129e+07
1.81323e+07
1.81356e+07
1.81389e+07
1.81422e+07
1.81456e+07
1.8149e+07
1.81524e+07
1.81558e+07
1.81592e+07
1.81627e+07
1.81662e+07
1.81697e+07
1.81732e+07
1.81768e+07
1.81803e+07
1.81839e+07
1.81875e+07
1.81911e+07
1.81948e+07
1.81984e+07
1.82021e+07
1.82058e+07
1.82095e+07
1.82133e+07
1.8217e+07
1.82208e+07
1.82246e+07
1.82284e+07
1.82322e+07
1.8236e+07
1.82399e+07
1.82437e+07
1.82476e+07
1.82515e+07
1.82554e+07
1.82593e+07
1.82633e+07
1.82672e+07
1.82712e+07
1.82752e+07
1.82792e+07
1.82832e+07
1.82873e+07
1.82913e+07
1.82954e+07
1.82995e+07
1.83036e+07
1.83077e+07
1.83118e+07
1.8316e+07
1.83202e+07
1.83244e+07
1.83286e+07
1.83329e+07
1.83371e+07
1.83414e+07
1.83458e+07
1.83501e+07
1.83545e+07
1.83589e+07
1.83633e+07
1.83677e+07
1.83722e+07
1.83767e+07
1.83812e+07
1.83857e+07
1.83902e+07
1.83948e+07
1.83994e+07
1.8404e+07
1.84087e+07
1.84133e+07
1.8418e+07
1.84227e+07
1.84274e+07
1.84321e+07
1.84368e+07
1.84415e+07
1.84463e+07
1.8451e+07
1.84558e+07
1.84605e+07
1.84653e+07
1.84701e+07
1.84748e+07
1.84796e+07
1.84844e+07
1.84892e+07
1.84939e+07
1.84987e+07
1.85035e+07
1.85083e+07
1.85131e+07
1.85178e+07
1.85226e+07
1.85274e+07
1.85322e+07
1.8537e+07
1.85417e+07
1.85465e+07
1.85513e+07
1.85561e+07
1.85609e+07
1.85657e+07
1.85704e+07
1.85752e+07
1.858e+07
1.85848e+07
1.85896e+07
1.85944e+07
1.85992e+07
1.8604e+07
1.86088e+07
1.86136e+07
1.86185e+07
1.86233e+07
1.86281e+07
1.86329e+07
1.86378e+07
1.86426e+07
1.86474e+07
1.86523e+07
1.86571e+07
1.8662e+07
1.86668e+07
1.86717e+07
1.86765e+07
1.86814e+07
1.86862e+07
1.86911e+07
1.86959e+07
1.87008e+07
1.87056e+07
1.87105e+07
1.87153e+07
1.87202e+07
1.87251e+07
1.87299e+07
1.87348e+07
1.87396e+07
1.87445e+07
1.87493e+07
1.87542e+07
1.8759e+07
1.87638e+07
1.87687e+07
1.87735e+07
1.87784e+07
1.87832e+07
1.87881e+07
1.87929e+07
1.87978e+07
1.88026e+07
1.88075e+07
1.88123e+07
1.88172e+07
1.8822e+07
1.88269e+07
1.88317e+07
1.88366e+07
1.88414e+07
1.88463e+07
1.88511e+07
1.8856e+07
1.88609e+07
1.88657e+07
1.88706e+07
1.88755e+07
1.88803e+07
1.88852e+07
1.88901e+07
1.88949e+07
1.88998e+07
1.89047e+07
1.89095e+07
1.89144e+07
1.89192e+07
1.89241e+07
1.89289e+07
1.89338e+07
1.89386e+07
1.89434e+07
1.89482e+07
1.8953e+07
1.89578e+07
1.89626e+07
1.89673e+07
1.89721e+07
1.89768e+07
1.89815e+07
1.89862e+07
1.89909e+07
1.89956e+07
1.90002e+07
1.90048e+07
1.90095e+07
1.90141e+07
1.90186e+07
1.90232e+07
1.90278e+07
1.90323e+07
1.90368e+07
1.90413e+07
1.90458e+07
1.90503e+07
1.90547e+07
1.90592e+07
1.90636e+07
1.9068e+07
1.90725e+07
1.90769e+07
1.90812e+07
1.90856e+07
1.909e+07
1.90944e+07
1.90987e+07
1.91031e+07
1.91074e+07
1.91118e+07
1.91161e+07
1.91204e+07
1.91247e+07
1.9129e+07
1.91333e+07
1.91375e+07
1.91418e+07
1.9146e+07
1.91503e+07
1.91545e+07
1.91587e+07
1.91629e+07
1.9167e+07
1.91711e+07
1.91753e+07
1.91793e+07
1.91834e+07
1.91874e+07
1.91915e+07
1.91954e+07
1.91994e+07
1.92033e+07
1.92072e+07
1.92111e+07
1.92149e+07
1.92187e+07
1.92225e+07
1.92262e+07
1.92299e+07
1.92336e+07
1.92372e+07
1.92408e+07
1.92444e+07
1.92479e+07
1.92514e+07
1.92549e+07
1.92583e+07
1.92617e+07
1.92651e+07
1.92684e+07
1.92717e+07
1.9275e+07
1.92783e+07
1.92815e+07
1.92846e+07
1.92878e+07
1.92909e+07
1.9294e+07
1.92971e+07
1.93001e+07
1.93031e+07
1.93061e+07
1.9309e+07
1.93119e+07
1.93148e+07
1.93177e+07
1.93205e+07
1.93233e+07
1.93261e+07
1.93288e+07
1.93315e+07
1.93342e+07
1.93369e+07
1.93395e+07
1.93421e+07
1.93447e+07
1.93473e+07
1.93498e+07
1.93523e+07
1.93548e+07
1.93572e+07
1.93596e+07
1.9362e+07
1.93644e+07
1.93667e+07
1.9369e+07
1.93713e+07
1.93736e+07
1.93758e+07
1.9378e+07
1.93802e+07
1.93823e+07
1.93844e+07
1.93865e+07
1.93886e+07
1.93906e+07
1.93926e+07
1.93946e+07
1.93965e+07
1.93984e+07
1.94003e+07
1.94022e+07
1.9404e+07
1.94058e+07
1.94076e+07
1.94094e+07
1.94111e+07
1.94128e+07
1.94144e+07
1.94161e+07
1.94177e+07
1.79065e+07
1.79129e+07
1.79161e+07
1.79163e+07
1.79158e+07
1.79155e+07
1.79154e+07
1.79154e+07
1.79153e+07
1.79153e+07
1.79152e+07
1.79151e+07
1.79151e+07
1.7915e+07
1.7915e+07
1.7915e+07
1.7915e+07
1.7915e+07
1.79151e+07
1.79151e+07
1.79153e+07
1.79154e+07
1.79156e+07
1.79158e+07
1.79161e+07
1.79164e+07
1.79167e+07
1.7917e+07
1.79174e+07
1.79177e+07
1.79181e+07
1.79183e+07
1.79186e+07
1.79188e+07
1.79189e+07
1.79191e+07
1.79191e+07
1.79192e+07
1.79192e+07
1.79193e+07
1.79193e+07
1.79193e+07
1.79193e+07
1.79194e+07
1.79194e+07
1.79194e+07
1.79194e+07
1.79195e+07
1.79195e+07
1.79196e+07
1.79196e+07
1.79197e+07
1.79198e+07
1.79199e+07
1.792e+07
1.79201e+07
1.79203e+07
1.79204e+07
1.79206e+07
1.79208e+07
1.7921e+07
1.79212e+07
1.79214e+07
1.79217e+07
1.79219e+07
1.79221e+07
1.79224e+07
1.79226e+07
1.79229e+07
1.79231e+07
1.79234e+07
1.79236e+07
1.79239e+07
1.79241e+07
1.79243e+07
1.79245e+07
1.79247e+07
1.79249e+07
1.7925e+07
1.79252e+07
1.79253e+07
1.79255e+07
1.79256e+07
1.79257e+07
1.79258e+07
1.79259e+07
1.7926e+07
1.79261e+07
1.79262e+07
1.79263e+07
1.79264e+07
1.79265e+07
1.79266e+07
1.79267e+07
1.79269e+07
1.7927e+07
1.79271e+07
1.79273e+07
1.79275e+07
1.79277e+07
1.79279e+07
1.79281e+07
1.79283e+07
1.79285e+07
1.79288e+07
1.7929e+07
1.79293e+07
1.79296e+07
1.79299e+07
1.79302e+07
1.79305e+07
1.79308e+07
1.79311e+07
1.79314e+07
1.79317e+07
1.7932e+07
1.79323e+07
1.79326e+07
1.79329e+07
1.79331e+07
1.79334e+07
1.79336e+07
1.79339e+07
1.79341e+07
1.79343e+07
1.79345e+07
1.79347e+07
1.79349e+07
1.7935e+07
1.79352e+07
1.79353e+07
1.79355e+07
1.79356e+07
1.79357e+07
1.79359e+07
1.7936e+07
1.79361e+07
1.79362e+07
1.79363e+07
1.79364e+07
1.79365e+07
1.79366e+07
1.79367e+07
1.79368e+07
1.79369e+07
1.7937e+07
1.79372e+07
1.79373e+07
1.79374e+07
1.79375e+07
1.79377e+07
1.79378e+07
1.7938e+07
1.79381e+07
1.79383e+07
1.79384e+07
1.79386e+07
1.79388e+07
1.7939e+07
1.79391e+07
1.79393e+07
1.79395e+07
1.79397e+07
1.79399e+07
1.79402e+07
1.79404e+07
1.79406e+07
1.79409e+07
1.79412e+07
1.79414e+07
1.79417e+07
1.7942e+07
1.79424e+07
1.79427e+07
1.79431e+07
1.79434e+07
1.79438e+07
1.79442e+07
1.79447e+07
1.79451e+07
1.79456e+07
1.79461e+07
1.79466e+07
1.79472e+07
1.79478e+07
1.79484e+07
1.7949e+07
1.79497e+07
1.79504e+07
1.79511e+07
1.79518e+07
1.79526e+07
1.79534e+07
1.79542e+07
1.79551e+07
1.7956e+07
1.79569e+07
1.79578e+07
1.79588e+07
1.79597e+07
1.79608e+07
1.79618e+07
1.79629e+07
1.7964e+07
1.79651e+07
1.79663e+07
1.79674e+07
1.79687e+07
1.79699e+07
1.79712e+07
1.79725e+07
1.79738e+07
1.79751e+07
1.79765e+07
1.79779e+07
1.79794e+07
1.79809e+07
1.79824e+07
1.79839e+07
1.79855e+07
1.79871e+07
1.79887e+07
1.79904e+07
1.79921e+07
1.79938e+07
1.79955e+07
1.79973e+07
1.79991e+07
1.80009e+07
1.80028e+07
1.80046e+07
1.80066e+07
1.80085e+07
1.80104e+07
1.80124e+07
1.80144e+07
1.80164e+07
1.80185e+07
1.80206e+07
1.80227e+07
1.80248e+07
1.80269e+07
1.80291e+07
1.80312e+07
1.80335e+07
1.80357e+07
1.80379e+07
1.80402e+07
1.80425e+07
1.80448e+07
1.80472e+07
1.80496e+07
1.8052e+07
1.80544e+07
1.80569e+07
1.80594e+07
1.80619e+07
1.80645e+07
1.80671e+07
1.80697e+07
1.80724e+07
1.80751e+07
1.80778e+07
1.80805e+07
1.80833e+07
1.80862e+07
1.8089e+07
1.80919e+07
1.80948e+07
1.80978e+07
1.81008e+07
1.81038e+07
1.81068e+07
1.81099e+07
1.8113e+07
1.81162e+07
1.81193e+07
1.81225e+07
1.81258e+07
1.8129e+07
1.81323e+07
1.81356e+07
1.81389e+07
1.81422e+07
1.81456e+07
1.8149e+07
1.81524e+07
1.81558e+07
1.81592e+07
1.81627e+07
1.81662e+07
1.81697e+07
1.81732e+07
1.81768e+07
1.81803e+07
1.81839e+07
1.81875e+07
1.81911e+07
1.81948e+07
1.81984e+07
1.82021e+07
1.82058e+07
1.82095e+07
1.82133e+07
1.8217e+07
1.82208e+07
1.82246e+07
1.82284e+07
1.82322e+07
1.8236e+07
1.82399e+07
1.82437e+07
1.82476e+07
1.82515e+07
1.82554e+07
1.82593e+07
1.82633e+07
1.82672e+07
1.82712e+07
1.82752e+07
1.82792e+07
1.82832e+07
1.82873e+07
1.82913e+07
1.82954e+07
1.82995e+07
1.83036e+07
1.83077e+07
1.83118e+07
1.8316e+07
1.83202e+07
1.83244e+07
1.83286e+07
1.83329e+07
1.83371e+07
1.83414e+07
1.83458e+07
1.83501e+07
1.83545e+07
1.83589e+07
1.83633e+07
1.83677e+07
1.83722e+07
1.83767e+07
1.83812e+07
1.83857e+07
1.83902e+07
1.83948e+07
1.83994e+07
1.8404e+07
1.84087e+07
1.84133e+07
1.8418e+07
1.84227e+07
1.84274e+07
1.84321e+07
1.84368e+07
1.84415e+07
1.84463e+07
1.8451e+07
1.84558e+07
1.84605e+07
1.84653e+07
1.84701e+07
1.84748e+07
1.84796e+07
1.84844e+07
1.84892e+07
1.84939e+07
1.84987e+07
1.85035e+07
1.85083e+07
1.85131e+07
1.85178e+07
1.85226e+07
1.85274e+07
1.85322e+07
1.8537e+07
1.85417e+07
1.85465e+07
1.85513e+07
1.85561e+07
1.85609e+07
1.85657e+07
1.85704e+07
1.85752e+07
1.858e+07
1.85848e+07
1.85896e+07
1.85944e+07
1.85992e+07
1.8604e+07
1.86088e+07
1.86136e+07
1.86185e+07
1.86233e+07
1.86281e+07
1.86329e+07
1.86378e+07
1.86426e+07
1.86474e+07
1.86523e+07
1.86571e+07
1.8662e+07
1.86668e+07
1.86717e+07
1.86765e+07
1.86814e+07
1.86862e+07
1.86911e+07
1.86959e+07
1.87008e+07
1.87056e+07
1.87105e+07
1.87153e+07
1.87202e+07
1.87251e+07
1.87299e+07
1.87348e+07
1.87396e+07
1.87445e+07
1.87493e+07
1.87542e+07
1.8759e+07
1.87638e+07
1.87687e+07
1.87735e+07
1.87784e+07
1.87832e+07
1.87881e+07
1.87929e+07
1.87978e+07
1.88026e+07
1.88075e+07
1.88123e+07
1.88172e+07
1.8822e+07
1.88269e+07
1.88317e+07
1.88366e+07
1.88414e+07
1.88463e+07
1.88511e+07
1.8856e+07
1.88609e+07
1.88657e+07
1.88706e+07
1.88755e+07
1.88803e+07
1.88852e+07
1.88901e+07
1.88949e+07
1.88998e+07
1.89047e+07
1.89095e+07
1.89144e+07
1.89192e+07
1.89241e+07
1.89289e+07
1.89338e+07
1.89386e+07
1.89434e+07
1.89482e+07
1.8953e+07
1.89578e+07
1.89626e+07
1.89673e+07
1.89721e+07
1.89768e+07
1.89815e+07
1.89862e+07
1.89909e+07
1.89956e+07
1.90002e+07
1.90048e+07
1.90095e+07
1.90141e+07
1.90186e+07
1.90232e+07
1.90278e+07
1.90323e+07
1.90368e+07
1.90413e+07
1.90458e+07
1.90503e+07
1.90547e+07
1.90592e+07
1.90636e+07
1.9068e+07
1.90725e+07
1.90769e+07
1.90812e+07
1.90856e+07
1.909e+07
1.90944e+07
1.90987e+07
1.91031e+07
1.91074e+07
1.91118e+07
1.91161e+07
1.91204e+07
1.91247e+07
1.9129e+07
1.91333e+07
1.91375e+07
1.91418e+07
1.9146e+07
1.91503e+07
1.91545e+07
1.91587e+07
1.91629e+07
1.9167e+07
1.91711e+07
1.91753e+07
1.91793e+07
1.91834e+07
1.91874e+07
1.91915e+07
1.91954e+07
1.91994e+07
1.92033e+07
1.92072e+07
1.92111e+07
1.92149e+07
1.92187e+07
1.92225e+07
1.92262e+07
1.92299e+07
1.92336e+07
1.92372e+07
1.92408e+07
1.92444e+07
1.92479e+07
1.92514e+07
1.92549e+07
1.92583e+07
1.92617e+07
1.92651e+07
1.92684e+07
1.92717e+07
1.9275e+07
1.92783e+07
1.92815e+07
1.92846e+07
1.92878e+07
1.92909e+07
1.9294e+07
1.92971e+07
1.93001e+07
1.93031e+07
1.93061e+07
1.9309e+07
1.93119e+07
1.93148e+07
1.93177e+07
1.93205e+07
1.93233e+07
1.93261e+07
1.93288e+07
1.93315e+07
1.93342e+07
1.93369e+07
1.93395e+07
1.93421e+07
1.93447e+07
1.93473e+07
1.93498e+07
1.93523e+07
1.93548e+07
1.93572e+07
1.93596e+07
1.9362e+07
1.93644e+07
1.93667e+07
1.9369e+07
1.93713e+07
1.93736e+07
1.93758e+07
1.9378e+07
1.93802e+07
1.93823e+07
1.93844e+07
1.93865e+07
1.93886e+07
1.93906e+07
1.93926e+07
1.93946e+07
1.93965e+07
1.93984e+07
1.94003e+07
1.94022e+07
1.9404e+07
1.94058e+07
1.94076e+07
1.94094e+07
1.94111e+07
1.94128e+07
1.94144e+07
1.94161e+07
1.94177e+07
1.79159e+07
1.79162e+07
1.79167e+07
1.79164e+07
1.79158e+07
1.79155e+07
1.79154e+07
1.79154e+07
1.79153e+07
1.79152e+07
1.79152e+07
1.79151e+07
1.79151e+07
1.7915e+07
1.7915e+07
1.7915e+07
1.7915e+07
1.79151e+07
1.79151e+07
1.79152e+07
1.79153e+07
1.79155e+07
1.79157e+07
1.79159e+07
1.79162e+07
1.79165e+07
1.79168e+07
1.79172e+07
1.79175e+07
1.79178e+07
1.79181e+07
1.79184e+07
1.79186e+07
1.79188e+07
1.7919e+07
1.79191e+07
1.79192e+07
1.79192e+07
1.79192e+07
1.79193e+07
1.79193e+07
1.79193e+07
1.79193e+07
1.79194e+07
1.79194e+07
1.79194e+07
1.79194e+07
1.79195e+07
1.79195e+07
1.79196e+07
1.79196e+07
1.79197e+07
1.79198e+07
1.79199e+07
1.792e+07
1.79201e+07
1.79203e+07
1.79204e+07
1.79206e+07
1.79208e+07
1.7921e+07
1.79212e+07
1.79214e+07
1.79217e+07
1.79219e+07
1.79221e+07
1.79224e+07
1.79226e+07
1.79229e+07
1.79231e+07
1.79234e+07
1.79236e+07
1.79239e+07
1.79241e+07
1.79243e+07
1.79245e+07
1.79247e+07
1.79249e+07
1.7925e+07
1.79252e+07
1.79253e+07
1.79255e+07
1.79256e+07
1.79257e+07
1.79258e+07
1.79259e+07
1.7926e+07
1.79261e+07
1.79262e+07
1.79263e+07
1.79264e+07
1.79265e+07
1.79266e+07
1.79267e+07
1.79269e+07
1.7927e+07
1.79271e+07
1.79273e+07
1.79275e+07
1.79277e+07
1.79279e+07
1.79281e+07
1.79283e+07
1.79285e+07
1.79288e+07
1.7929e+07
1.79293e+07
1.79296e+07
1.79299e+07
1.79302e+07
1.79305e+07
1.79308e+07
1.79311e+07
1.79314e+07
1.79317e+07
1.7932e+07
1.79323e+07
1.79326e+07
1.79329e+07
1.79331e+07
1.79334e+07
1.79336e+07
1.79339e+07
1.79341e+07
1.79343e+07
1.79345e+07
1.79347e+07
1.79349e+07
1.7935e+07
1.79352e+07
1.79353e+07
1.79355e+07
1.79356e+07
1.79357e+07
1.79359e+07
1.7936e+07
1.79361e+07
1.79362e+07
1.79363e+07
1.79364e+07
1.79365e+07
1.79366e+07
1.79367e+07
1.79368e+07
1.79369e+07
1.7937e+07
1.79372e+07
1.79373e+07
1.79374e+07
1.79375e+07
1.79377e+07
1.79378e+07
1.7938e+07
1.79381e+07
1.79383e+07
1.79384e+07
1.79386e+07
1.79388e+07
1.7939e+07
1.79391e+07
1.79393e+07
1.79395e+07
1.79397e+07
1.79399e+07
1.79402e+07
1.79404e+07
1.79406e+07
1.79409e+07
1.79412e+07
1.79414e+07
1.79417e+07
1.7942e+07
1.79424e+07
1.79427e+07
1.79431e+07
1.79434e+07
1.79438e+07
1.79442e+07
1.79447e+07
1.79451e+07
1.79456e+07
1.79461e+07
1.79466e+07
1.79472e+07
1.79478e+07
1.79484e+07
1.7949e+07
1.79497e+07
1.79504e+07
1.79511e+07
1.79518e+07
1.79526e+07
1.79534e+07
1.79542e+07
1.79551e+07
1.7956e+07
1.79569e+07
1.79578e+07
1.79588e+07
1.79597e+07
1.79608e+07
1.79618e+07
1.79629e+07
1.7964e+07
1.79651e+07
1.79663e+07
1.79674e+07
1.79687e+07
1.79699e+07
1.79712e+07
1.79725e+07
1.79738e+07
1.79751e+07
1.79765e+07
1.79779e+07
1.79794e+07
1.79809e+07
1.79824e+07
1.79839e+07
1.79855e+07
1.79871e+07
1.79887e+07
1.79904e+07
1.79921e+07
1.79938e+07
1.79955e+07
1.79973e+07
1.79991e+07
1.80009e+07
1.80028e+07
1.80046e+07
1.80066e+07
1.80085e+07
1.80104e+07
1.80124e+07
1.80144e+07
1.80164e+07
1.80185e+07
1.80206e+07
1.80227e+07
1.80248e+07
1.80269e+07
1.80291e+07
1.80312e+07
1.80335e+07
1.80357e+07
1.80379e+07
1.80402e+07
1.80425e+07
1.80448e+07
1.80472e+07
1.80496e+07
1.8052e+07
1.80544e+07
1.80569e+07
1.80594e+07
1.80619e+07
1.80645e+07
1.80671e+07
1.80697e+07
1.80724e+07
1.80751e+07
1.80778e+07
1.80805e+07
1.80833e+07
1.80862e+07
1.8089e+07
1.80919e+07
1.80948e+07
1.80978e+07
1.81008e+07
1.81038e+07
1.81068e+07
1.81099e+07
1.8113e+07
1.81162e+07
1.81193e+07
1.81225e+07
1.81258e+07
1.8129e+07
1.81323e+07
1.81356e+07
1.81389e+07
1.81422e+07
1.81456e+07
1.8149e+07
1.81524e+07
1.81558e+07
1.81592e+07
1.81627e+07
1.81662e+07
1.81697e+07
1.81732e+07
1.81768e+07
1.81803e+07
1.81839e+07
1.81875e+07
1.81911e+07
1.81948e+07
1.81984e+07
1.82021e+07
1.82058e+07
1.82095e+07
1.82133e+07
1.8217e+07
1.82208e+07
1.82246e+07
1.82284e+07
1.82322e+07
1.8236e+07
1.82399e+07
1.82437e+07
1.82476e+07
1.82515e+07
1.82554e+07
1.82593e+07
1.82633e+07
1.82672e+07
1.82712e+07
1.82752e+07
1.82792e+07
1.82832e+07
1.82873e+07
1.82913e+07
1.82954e+07
1.82995e+07
1.83036e+07
1.83077e+07
1.83118e+07
1.8316e+07
1.83202e+07
1.83244e+07
1.83286e+07
1.83329e+07
1.83371e+07
1.83414e+07
1.83458e+07
1.83501e+07
1.83545e+07
1.83589e+07
1.83633e+07
1.83677e+07
1.83722e+07
1.83767e+07
1.83812e+07
1.83857e+07
1.83902e+07
1.83948e+07
1.83994e+07
1.8404e+07
1.84087e+07
1.84133e+07
1.8418e+07
1.84227e+07
1.84274e+07
1.84321e+07
1.84368e+07
1.84415e+07
1.84463e+07
1.8451e+07
1.84558e+07
1.84605e+07
1.84653e+07
1.84701e+07
1.84748e+07
1.84796e+07
1.84844e+07
1.84892e+07
1.84939e+07
1.84987e+07
1.85035e+07
1.85083e+07
1.85131e+07
1.85178e+07
1.85226e+07
1.85274e+07
1.85322e+07
1.8537e+07
1.85417e+07
1.85465e+07
1.85513e+07
1.85561e+07
1.85609e+07
1.85657e+07
1.85704e+07
1.85752e+07
1.858e+07
1.85848e+07
1.85896e+07
1.85944e+07
1.85992e+07
1.8604e+07
1.86088e+07
1.86136e+07
1.86185e+07
1.86233e+07
1.86281e+07
1.86329e+07
1.86378e+07
1.86426e+07
1.86474e+07
1.86523e+07
1.86571e+07
1.8662e+07
1.86668e+07
1.86717e+07
1.86765e+07
1.86814e+07
1.86862e+07
1.86911e+07
1.86959e+07
1.87008e+07
1.87056e+07
1.87105e+07
1.87153e+07
1.87202e+07
1.87251e+07
1.87299e+07
1.87348e+07
1.87396e+07
1.87445e+07
1.87493e+07
1.87542e+07
1.8759e+07
1.87638e+07
1.87687e+07
1.87735e+07
1.87784e+07
1.87832e+07
1.87881e+07
1.87929e+07
1.87978e+07
1.88026e+07
1.88075e+07
1.88123e+07
1.88172e+07
1.8822e+07
1.88269e+07
1.88317e+07
1.88366e+07
1.88414e+07
1.88463e+07
1.88511e+07
1.8856e+07
1.88609e+07
1.88657e+07
1.88706e+07
1.88755e+07
1.88803e+07
1.88852e+07
1.88901e+07
1.88949e+07
1.88998e+07
1.89047e+07
1.89095e+07
1.89144e+07
1.89192e+07
1.89241e+07
1.89289e+07
1.89338e+07
1.89386e+07
1.89434e+07
1.89482e+07
1.8953e+07
1.89578e+07
1.89626e+07
1.89673e+07
1.89721e+07
1.89768e+07
1.89815e+07
1.89862e+07
1.89909e+07
1.89956e+07
1.90002e+07
1.90048e+07
1.90095e+07
1.90141e+07
1.90186e+07
1.90232e+07
1.90278e+07
1.90323e+07
1.90368e+07
1.90413e+07
1.90458e+07
1.90503e+07
1.90547e+07
1.90592e+07
1.90636e+07
1.9068e+07
1.90725e+07
1.90769e+07
1.90812e+07
1.90856e+07
1.909e+07
1.90944e+07
1.90987e+07
1.91031e+07
1.91074e+07
1.91118e+07
1.91161e+07
1.91204e+07
1.91247e+07
1.9129e+07
1.91333e+07
1.91375e+07
1.91418e+07
1.9146e+07
1.91503e+07
1.91545e+07
1.91587e+07
1.91629e+07
1.9167e+07
1.91711e+07
1.91753e+07
1.91793e+07
1.91834e+07
1.91874e+07
1.91915e+07
1.91954e+07
1.91994e+07
1.92033e+07
1.92072e+07
1.92111e+07
1.92149e+07
1.92187e+07
1.92225e+07
1.92262e+07
1.92299e+07
1.92336e+07
1.92372e+07
1.92408e+07
1.92444e+07
1.92479e+07
1.92514e+07
1.92549e+07
1.92583e+07
1.92617e+07
1.92651e+07
1.92684e+07
1.92717e+07
1.9275e+07
1.92783e+07
1.92815e+07
1.92846e+07
1.92878e+07
1.92909e+07
1.9294e+07
1.92971e+07
1.93001e+07
1.93031e+07
1.93061e+07
1.9309e+07
1.93119e+07
1.93148e+07
1.93177e+07
1.93205e+07
1.93233e+07
1.93261e+07
1.93288e+07
1.93315e+07
1.93342e+07
1.93369e+07
1.93395e+07
1.93421e+07
1.93447e+07
1.93473e+07
1.93498e+07
1.93523e+07
1.93548e+07
1.93572e+07
1.93596e+07
1.9362e+07
1.93644e+07
1.93667e+07
1.9369e+07
1.93713e+07
1.93736e+07
1.93758e+07
1.9378e+07
1.93802e+07
1.93823e+07
1.93844e+07
1.93865e+07
1.93886e+07
1.93906e+07
1.93926e+07
1.93946e+07
1.93965e+07
1.93984e+07
1.94003e+07
1.94022e+07
1.9404e+07
1.94058e+07
1.94076e+07
1.94094e+07
1.94111e+07
1.94128e+07
1.94144e+07
1.94161e+07
1.94177e+07
1.7914e+07
1.7916e+07
1.79166e+07
1.79163e+07
1.79158e+07
1.79155e+07
1.79154e+07
1.79154e+07
1.79153e+07
1.79152e+07
1.79152e+07
1.79151e+07
1.79151e+07
1.7915e+07
1.7915e+07
1.7915e+07
1.7915e+07
1.79151e+07
1.79151e+07
1.79152e+07
1.79153e+07
1.79155e+07
1.79157e+07
1.79159e+07
1.79162e+07
1.79165e+07
1.79168e+07
1.79172e+07
1.79175e+07
1.79178e+07
1.79181e+07
1.79184e+07
1.79186e+07
1.79188e+07
1.7919e+07
1.79191e+07
1.79192e+07
1.79192e+07
1.79192e+07
1.79193e+07
1.79193e+07
1.79193e+07
1.79193e+07
1.79194e+07
1.79194e+07
1.79194e+07
1.79194e+07
1.79195e+07
1.79195e+07
1.79196e+07
1.79196e+07
1.79197e+07
1.79198e+07
1.79199e+07
1.792e+07
1.79201e+07
1.79203e+07
1.79204e+07
1.79206e+07
1.79208e+07
1.7921e+07
1.79212e+07
1.79214e+07
1.79217e+07
1.79219e+07
1.79221e+07
1.79224e+07
1.79226e+07
1.79229e+07
1.79231e+07
1.79234e+07
1.79236e+07
1.79239e+07
1.79241e+07
1.79243e+07
1.79245e+07
1.79247e+07
1.79249e+07
1.7925e+07
1.79252e+07
1.79253e+07
1.79255e+07
1.79256e+07
1.79257e+07
1.79258e+07
1.79259e+07
1.7926e+07
1.79261e+07
1.79262e+07
1.79263e+07
1.79264e+07
1.79265e+07
1.79266e+07
1.79267e+07
1.79269e+07
1.7927e+07
1.79271e+07
1.79273e+07
1.79275e+07
1.79277e+07
1.79279e+07
1.79281e+07
1.79283e+07
1.79285e+07
1.79288e+07
1.7929e+07
1.79293e+07
1.79296e+07
1.79299e+07
1.79302e+07
1.79305e+07
1.79308e+07
1.79311e+07
1.79314e+07
1.79317e+07
1.7932e+07
1.79323e+07
1.79326e+07
1.79329e+07
1.79331e+07
1.79334e+07
1.79336e+07
1.79339e+07
1.79341e+07
1.79343e+07
1.79345e+07
1.79347e+07
1.79349e+07
1.7935e+07
1.79352e+07
1.79353e+07
1.79355e+07
1.79356e+07
1.79357e+07
1.79359e+07
1.7936e+07
1.79361e+07
1.79362e+07
1.79363e+07
1.79364e+07
1.79365e+07
1.79366e+07
1.79367e+07
1.79368e+07
1.79369e+07
1.7937e+07
1.79372e+07
1.79373e+07
1.79374e+07
1.79375e+07
1.79377e+07
1.79378e+07
1.7938e+07
1.79381e+07
1.79383e+07
1.79384e+07
1.79386e+07
1.79388e+07
1.7939e+07
1.79391e+07
1.79393e+07
1.79395e+07
1.79397e+07
1.79399e+07
1.79402e+07
1.79404e+07
1.79406e+07
1.79409e+07
1.79412e+07
1.79414e+07
1.79417e+07
1.7942e+07
1.79424e+07
1.79427e+07
1.79431e+07
1.79434e+07
1.79438e+07
1.79442e+07
1.79447e+07
1.79451e+07
1.79456e+07
1.79461e+07
1.79466e+07
1.79472e+07
1.79478e+07
1.79484e+07
1.7949e+07
1.79497e+07
1.79504e+07
1.79511e+07
1.79518e+07
1.79526e+07
1.79534e+07
1.79542e+07
1.79551e+07
1.7956e+07
1.79569e+07
1.79578e+07
1.79588e+07
1.79597e+07
1.79608e+07
1.79618e+07
1.79629e+07
1.7964e+07
1.79651e+07
1.79663e+07
1.79674e+07
1.79687e+07
1.79699e+07
1.79712e+07
1.79725e+07
1.79738e+07
1.79751e+07
1.79765e+07
1.79779e+07
1.79794e+07
1.79809e+07
1.79824e+07
1.79839e+07
1.79855e+07
1.79871e+07
1.79887e+07
1.79904e+07
1.79921e+07
1.79938e+07
1.79955e+07
1.79973e+07
1.79991e+07
1.80009e+07
1.80028e+07
1.80046e+07
1.80066e+07
1.80085e+07
1.80104e+07
1.80124e+07
1.80144e+07
1.80164e+07
1.80185e+07
1.80206e+07
1.80227e+07
1.80248e+07
1.80269e+07
1.80291e+07
1.80312e+07
1.80335e+07
1.80357e+07
1.80379e+07
1.80402e+07
1.80425e+07
1.80448e+07
1.80472e+07
1.80496e+07
1.8052e+07
1.80544e+07
1.80569e+07
1.80594e+07
1.80619e+07
1.80645e+07
1.80671e+07
1.80697e+07
1.80724e+07
1.80751e+07
1.80778e+07
1.80805e+07
1.80833e+07
1.80862e+07
1.8089e+07
1.80919e+07
1.80948e+07
1.80978e+07
1.81008e+07
1.81038e+07
1.81068e+07
1.81099e+07
1.8113e+07
1.81162e+07
1.81193e+07
1.81225e+07
1.81258e+07
1.8129e+07
1.81323e+07
1.81356e+07
1.81389e+07
1.81422e+07
1.81456e+07
1.8149e+07
1.81524e+07
1.81558e+07
1.81592e+07
1.81627e+07
1.81662e+07
1.81697e+07
1.81732e+07
1.81768e+07
1.81803e+07
1.81839e+07
1.81875e+07
1.81911e+07
1.81948e+07
1.81984e+07
1.82021e+07
1.82058e+07
1.82095e+07
1.82133e+07
1.8217e+07
1.82208e+07
1.82246e+07
1.82284e+07
1.82322e+07
1.8236e+07
1.82399e+07
1.82437e+07
1.82476e+07
1.82515e+07
1.82554e+07
1.82593e+07
1.82633e+07
1.82672e+07
1.82712e+07
1.82752e+07
1.82792e+07
1.82832e+07
1.82873e+07
1.82913e+07
1.82954e+07
1.82995e+07
1.83036e+07
1.83077e+07
1.83118e+07
1.8316e+07
1.83202e+07
1.83244e+07
1.83286e+07
1.83329e+07
1.83371e+07
1.83414e+07
1.83458e+07
1.83501e+07
1.83545e+07
1.83589e+07
1.83633e+07
1.83677e+07
1.83722e+07
1.83767e+07
1.83812e+07
1.83857e+07
1.83902e+07
1.83948e+07
1.83994e+07
1.8404e+07
1.84087e+07
1.84133e+07
1.8418e+07
1.84227e+07
1.84274e+07
1.84321e+07
1.84368e+07
1.84415e+07
1.84463e+07
1.8451e+07
1.84558e+07
1.84605e+07
1.84653e+07
1.84701e+07
1.84748e+07
1.84796e+07
1.84844e+07
1.84892e+07
1.84939e+07
1.84987e+07
1.85035e+07
1.85083e+07
1.85131e+07
1.85178e+07
1.85226e+07
1.85274e+07
1.85322e+07
1.8537e+07
1.85417e+07
1.85465e+07
1.85513e+07
1.85561e+07
1.85609e+07
1.85657e+07
1.85704e+07
1.85752e+07
1.858e+07
1.85848e+07
1.85896e+07
1.85944e+07
1.85992e+07
1.8604e+07
1.86088e+07
1.86136e+07
1.86185e+07
1.86233e+07
1.86281e+07
1.86329e+07
1.86378e+07
1.86426e+07
1.86474e+07
1.86523e+07
1.86571e+07
1.8662e+07
1.86668e+07
1.86717e+07
1.86765e+07
1.86814e+07
1.86862e+07
1.86911e+07
1.86959e+07
1.87008e+07
1.87056e+07
1.87105e+07
1.87153e+07
1.87202e+07
1.87251e+07
1.87299e+07
1.87348e+07
1.87396e+07
1.87445e+07
1.87493e+07
1.87542e+07
1.8759e+07
1.87638e+07
1.87687e+07
1.87735e+07
1.87784e+07
1.87832e+07
1.87881e+07
1.87929e+07
1.87978e+07
1.88026e+07
1.88075e+07
1.88123e+07
1.88172e+07
1.8822e+07
1.88269e+07
1.88317e+07
1.88366e+07
1.88414e+07
1.88463e+07
1.88511e+07
1.8856e+07
1.88609e+07
1.88657e+07
1.88706e+07
1.88755e+07
1.88803e+07
1.88852e+07
1.88901e+07
1.88949e+07
1.88998e+07
1.89047e+07
1.89095e+07
1.89144e+07
1.89192e+07
1.89241e+07
1.89289e+07
1.89338e+07
1.89386e+07
1.89434e+07
1.89482e+07
1.8953e+07
1.89578e+07
1.89626e+07
1.89673e+07
1.89721e+07
1.89768e+07
1.89815e+07
1.89862e+07
1.89909e+07
1.89956e+07
1.90002e+07
1.90048e+07
1.90095e+07
1.90141e+07
1.90186e+07
1.90232e+07
1.90278e+07
1.90323e+07
1.90368e+07
1.90413e+07
1.90458e+07
1.90503e+07
1.90547e+07
1.90592e+07
1.90636e+07
1.9068e+07
1.90725e+07
1.90769e+07
1.90812e+07
1.90856e+07
1.909e+07
1.90944e+07
1.90987e+07
1.91031e+07
1.91074e+07
1.91118e+07
1.91161e+07
1.91204e+07
1.91247e+07
1.9129e+07
1.91333e+07
1.91375e+07
1.91418e+07
1.9146e+07
1.91503e+07
1.91545e+07
1.91587e+07
1.91629e+07
1.9167e+07
1.91711e+07
1.91753e+07
1.91793e+07
1.91834e+07
1.91874e+07
1.91915e+07
1.91954e+07
1.91994e+07
1.92033e+07
1.92072e+07
1.92111e+07
1.92149e+07
1.92187e+07
1.92225e+07
1.92262e+07
1.92299e+07
1.92336e+07
1.92372e+07
1.92408e+07
1.92444e+07
1.92479e+07
1.92514e+07
1.92549e+07
1.92583e+07
1.92617e+07
1.92651e+07
1.92684e+07
1.92717e+07
1.9275e+07
1.92783e+07
1.92815e+07
1.92846e+07
1.92878e+07
1.92909e+07
1.9294e+07
1.92971e+07
1.93001e+07
1.93031e+07
1.93061e+07
1.9309e+07
1.93119e+07
1.93148e+07
1.93177e+07
1.93205e+07
1.93233e+07
1.93261e+07
1.93288e+07
1.93315e+07
1.93342e+07
1.93369e+07
1.93395e+07
1.93421e+07
1.93447e+07
1.93473e+07
1.93498e+07
1.93523e+07
1.93548e+07
1.93572e+07
1.93596e+07
1.9362e+07
1.93644e+07
1.93667e+07
1.9369e+07
1.93713e+07
1.93736e+07
1.93758e+07
1.9378e+07
1.93802e+07
1.93823e+07
1.93844e+07
1.93865e+07
1.93886e+07
1.93906e+07
1.93926e+07
1.93946e+07
1.93965e+07
1.93984e+07
1.94003e+07
1.94022e+07
1.9404e+07
1.94058e+07
1.94076e+07
1.94094e+07
1.94111e+07
1.94128e+07
1.94144e+07
1.94161e+07
1.94177e+07
)
;

boundaryField
{
    inlet
    {
        type            zeroGradient;
    }
    outlet
    {
        type            uniformTotalPressure;
        rho             none;
        psi             none;
        gamma           1.4364;
        pressure        tableFile;
        pressureCoeffs
        {
            fileName        "$FOAM_RUN/SH5_43mps_MFR_newBC/outlet0.2_42.7mps_fromCapture.dat";
        }
        value           uniform 1.94185e+07;
    }
    sides
    {
        type            empty;
    }
    walls
    {
        type            zeroGradient;
    }
}


// ************************************************************************* //
