/*--------------------------------*- C++ -*----------------------------------*\
| =========                 |                                                 |
| \\      /  F ield         | OpenFOAM: The Open Source CFD Toolbox           |
|  \\    /   O peration     | Version:  3.0.x                                 |
|   \\  /    A nd           | Web:      www.OpenFOAM.org                      |
|    \\/     M anipulation  |                                                 |
\*---------------------------------------------------------------------------*/
FoamFile
{
    version     2.0;
    format      ascii;
    class       surfaceScalarField;
    location    "0.003";
    object      phi;
}
// * * * * * * * * * * * * * * * * * * * * * * * * * * * * * * * * * * * * * //

dimensions      [1 0 -1 0 0 0 0];

internalField   nonuniform List<scalar> 
999
(
3845.64
3845.64
3845.64
3845.64
3845.64
3845.64
3845.64
3845.64
3845.64
3845.64
3845.64
3845.64
3845.64
3845.64
3845.64
3845.64
3845.64
3845.64
3845.64
3845.64
3845.64
3845.64
3845.64
3845.64
3845.64
3845.64
3845.64
3845.64
3845.64
3845.64
3845.64
3845.64
3845.64
3845.64
3845.64
3845.64
3845.64
3845.64
3845.64
3845.64
3845.64
3845.64
3845.64
3845.64
3845.64
3845.64
3845.64
3845.64
3845.64
3845.64
3845.64
3845.64
3845.64
3845.64
3845.64
3845.64
3845.64
3845.64
3845.64
3845.64
3845.64
3845.64
3845.64
3845.64
3845.64
3845.64
3845.64
3845.64
3845.64
3845.64
3845.64
3845.64
3845.64
3845.64
3845.64
3845.64
3845.64
3845.64
3845.64
3845.64
3845.64
3845.64
3845.64
3845.64
3845.64
3845.64
3845.64
3845.64
3845.64
3845.64
3845.64
3845.64
3845.64
3845.64
3845.64
3845.64
3845.64
3845.64
3845.64
3845.64
3845.64
3845.64
3845.64
3845.64
3845.64
3845.64
3845.64
3845.64
3845.64
3845.64
3845.64
3845.64
3845.64
3845.64
3845.64
3845.64
3845.64
3845.64
3845.64
3845.64
3845.64
3845.64
3845.64
3845.64
3845.64
3845.64
3845.64
3845.64
3845.64
3845.64
3845.64
3845.64
3845.64
3845.64
3845.64
3845.64
3845.64
3845.64
3845.64
3845.64
3845.64
3845.64
3845.64
3845.64
3845.64
3845.64
3845.64
3845.64
3845.64
3845.64
3845.64
3845.64
3845.64
3845.64
3845.64
3845.64
3845.64
3845.64
3845.64
3845.64
3845.64
3845.64
3845.64
3845.64
3845.64
3845.64
3845.64
3845.64
3845.64
3845.64
3845.64
3845.64
3845.64
3845.64
3845.64
3845.64
3845.64
3845.64
3845.64
3845.64
3845.64
3845.64
3845.64
3845.64
3845.64
3845.64
3845.64
3845.64
3845.64
3845.64
3845.64
3845.64
3845.64
3845.64
3845.64
3845.64
3845.64
3845.64
3845.64
3845.64
3845.64
3845.64
3845.64
3845.64
3845.64
3845.64
3845.64
3845.64
3845.64
3845.64
3845.64
3845.64
3845.64
3845.64
3845.64
3845.64
3845.64
3845.64
3845.64
3845.64
3845.64
3845.64
3845.64
3845.64
3845.64
3845.64
3845.64
3845.64
3845.64
3845.64
3845.64
3845.64
3845.64
3845.64
3845.64
3845.64
3845.64
3845.64
3845.64
3845.64
3845.64
3845.64
3845.64
3845.64
3845.64
3845.64
3845.64
3845.64
3845.64
3845.64
3845.64
3845.64
3845.64
3845.64
3845.64
3845.64
3845.64
3845.64
3845.64
3845.64
3845.64
3845.64
3845.64
3845.64
3845.64
3845.64
3845.64
3845.64
3845.64
3845.64
3845.64
3845.64
3845.64
3845.64
3845.64
3845.64
3845.64
3845.64
3845.64
3845.64
3845.64
3845.64
3845.64
3845.64
3845.64
3845.64
3845.64
3845.64
3845.64
3845.64
3845.64
3845.64
3845.64
3845.64
3845.64
3845.64
3845.64
3845.64
3845.64
3845.64
3845.64
3845.64
3845.64
3845.64
3845.64
3845.64
3845.64
3845.64
3845.64
3845.64
3845.64
3845.64
3845.64
3845.64
3845.64
3845.64
3845.64
3845.64
3845.64
3845.64
3845.64
3845.64
3845.64
3845.64
3845.64
3845.64
3845.64
3845.64
3845.64
3845.64
3845.64
3845.64
3845.64
3845.64
3845.64
3845.64
3845.64
3845.64
3845.64
3845.64
3845.64
3845.64
3845.64
3845.64
3845.64
3845.64
3845.64
3845.64
3845.64
3845.64
3845.64
3845.64
3845.64
3845.64
3845.64
3845.64
3845.64
3845.64
3845.64
3845.64
3845.64
3845.64
3845.64
3845.64
3845.64
3845.64
3845.64
3845.64
3845.64
3845.64
3845.64
3845.64
3845.64
3845.64
3845.64
3845.64
3845.64
3845.64
3845.64
3845.64
3845.64
3845.64
3845.64
3845.64
3845.64
3845.64
3845.64
3845.64
3845.64
3845.64
3845.64
3845.64
3845.64
3845.64
3845.64
3845.64
3845.64
3845.64
3845.64
3845.64
3845.64
3845.64
3845.64
3845.64
3845.64
3845.64
3845.64
3845.64
3845.64
3845.64
3845.64
3845.64
3845.64
3845.64
3845.64
3845.64
3845.64
3845.64
3845.64
3845.64
3845.64
3845.64
3845.64
3845.64
3845.64
3845.64
3845.64
3845.64
3845.64
3845.64
3845.64
3845.64
3845.64
3845.64
3845.64
3845.64
3845.64
3845.64
3845.64
3845.64
3845.64
3845.64
3845.64
3845.64
3845.64
3845.64
3845.64
3845.64
3845.64
3845.64
3845.64
3845.64
3845.64
3845.64
3845.64
3845.64
3845.64
3845.64
3845.64
3845.64
3845.64
3845.64
3845.64
3845.64
3845.64
3845.64
3845.64
3845.64
3845.64
3845.64
3845.64
3845.64
3845.64
3845.64
3845.64
3845.64
3845.64
3845.64
3845.64
3845.64
3845.64
3845.64
3845.64
3845.64
3845.64
3845.64
3845.64
3845.64
3845.64
3845.64
3845.64
3845.64
3845.64
3845.64
3845.64
3845.64
3845.64
3845.64
3845.64
3845.64
3845.64
3845.64
3845.64
3845.64
3845.64
3845.64
3845.64
3845.64
3845.64
3845.64
3845.64
3845.64
3845.64
3845.64
3845.64
3845.64
3845.64
3845.64
3845.64
3845.64
3845.64
3845.64
3845.64
3845.64
3845.64
3845.64
3845.64
3845.64
3845.64
3845.64
3845.64
3845.64
3845.64
3845.64
3845.64
3845.64
3845.64
3845.64
3845.64
3845.64
3845.64
3845.64
3845.64
3845.64
3845.64
3845.64
3845.64
3845.64
3845.64
3845.64
3845.64
3845.64
3845.64
3845.64
3845.64
3845.64
3845.64
3845.64
3845.64
3845.64
3845.64
3845.64
3845.64
3845.64
3845.64
3845.64
3845.64
3845.64
3845.64
3845.64
3845.64
3845.64
3845.64
3845.64
3845.64
3845.64
3845.64
3845.64
3845.64
3845.64
3845.64
3845.64
3845.64
3845.64
3845.64
3845.64
3845.64
3845.64
3845.64
3845.64
3845.64
3845.64
3845.64
3845.64
3845.64
3845.64
3845.64
3845.64
3845.64
3845.64
3845.64
3845.64
3845.64
3845.64
3845.64
3845.64
3845.64
3845.64
3845.64
3845.64
3845.64
3845.64
3845.64
3845.64
3845.64
3845.64
3845.64
3845.64
3845.64
3845.64
3845.64
3845.64
3845.64
3845.64
3845.64
3845.64
3845.64
3845.64
3845.64
3845.64
3845.64
3845.64
3845.64
3845.64
3845.64
3845.64
3845.64
3845.64
3845.64
3845.64
3845.64
3845.64
3845.64
3845.64
3845.64
3845.64
3845.64
3845.64
3845.64
3845.64
3845.64
3845.64
3845.64
3845.64
3845.64
3845.64
3845.64
3845.64
3845.64
3845.64
3845.64
3845.64
3845.64
3845.64
3845.64
3845.64
3845.64
3845.64
3845.64
3845.64
3845.64
3845.64
3845.64
3845.64
3845.64
3845.64
3845.64
3845.64
3845.64
3845.64
3845.64
3845.64
3845.64
3845.64
3845.64
3845.64
3845.64
3845.64
3845.64
3845.64
3845.64
3845.64
3845.64
3845.64
3845.64
3845.64
3845.64
3845.64
3845.64
3845.64
3845.64
3845.64
3845.64
3845.64
3845.64
3845.64
3845.64
3845.64
3845.64
3845.64
3845.64
3845.64
3845.64
3845.64
3845.64
3845.64
3845.64
3845.64
3845.64
3845.64
3845.64
3845.64
3845.64
3845.64
3845.64
3845.64
3845.64
3845.64
3845.64
3845.64
3845.64
3845.64
3845.64
3845.64
3845.64
3845.64
3845.64
3845.64
3845.64
3845.64
3845.64
3845.64
3845.64
3845.64
3845.64
3845.64
3845.64
3845.64
3845.64
3845.64
3845.64
3845.64
3845.64
3845.64
3845.64
3845.64
3845.64
3845.64
3845.64
3845.64
3845.64
3845.64
3845.64
3845.64
3845.64
3845.63
3845.63
3845.63
3845.63
3845.63
3845.63
3845.62
3845.62
3845.61
3845.6
3845.58
3845.55
3845.51
3845.46
3845.39
3845.29
3845.14
3844.94
3844.67
3844.29
3843.77
3843.07
3842.11
3840.82
3839.08
3836.76
3833.66
3829.56
3824.14
3817.02
3807.72
3795.62
3779.97
3759.84
3734.09
3701.36
3660.07
3608.37
3544.21
3465.37
3369.61
3254.8
3119.2
2961.75
2782.42
2582.53
2364.96
2134.14
1895.85
1656.73
1423.59
1202.67
999.066
816.321
656.304
519.347
404.542
310.105
233.736
172.921
125.171
88.1794
59.9182
38.6763
23.0664
12.0062
4.67974
0.490737
-0.959812
-1.02494
-0.780135
-0.429243
-0.0528278
0.324599
0.661079
0.903661
1.07672
1.19298
1.26799
1.31105
1.33016
1.33279
1.32463
1.30962
1.29003
1.26725
1.24248
1.21682
1.19112
1.16579
1.1409
1.11647
1.09258
1.06939
1.04703
1.02551
1.00476
0.98471
0.96534
0.946652
0.928644
0.91128
0.894497
0.878231
0.86244
0.847104
0.832211
0.817736
0.803651
0.789921
0.776525
0.763452
0.750694
0.738241
0.726079
0.714189
0.702554
0.691165
0.680015
0.669099
0.65841
0.647935
0.637662
0.627583
0.617689
0.60798
0.598458
0.589124
0.579978
0.571016
0.562229
0.553609
0.545144
0.53682
0.528628
0.520557
0.512601
0.504754
0.497014
0.489376
0.481839
0.474399
0.467053
0.459797
0.452629
0.445544
0.438538
0.431609
0.424755
0.417975
0.411271
0.404645
0.398099
0.391634
0.385253
0.378957
0.372744
0.366614
0.360566
0.354597
0.348704
0.342883
0.33713
0.331437
0.325797
0.320203
0.314646
0.309118
0.303615
0.298134
0.292675
0.287241
0.281839
0.276477
0.271161
0.265899
0.260694
0.255546
0.250451
0.245398
0.240375
0.235367
0.230362
0.225352
0.220338
0.215329
0.210346
0.205417
0.200573
0.195841
0.191238
0.186802
0.1816
0.178734
0.17276
0.170406
0.163943
0.161721
0.1551
0.152962
0.145863
0.144116
0.136189
0.134877
0.126284
0.125293
0.116497
0.115669
0.107226
0.106174
0.0987217
0.0968388
0.0910455
0.0875584
0.0840372
0.0781416
0.0773802
0.0684429
0.0707221
0.0584701
0.0637549
0.0484036
0.0562524
0.0385587
0.0480964
0.0293156
0.0392885
0.021018
0.0299269
0.0138576
0.0201592
0.00778631
0.0101366
0.00249917
)
;

boundaryField
{
    inlet
    {
        type            calculated;
        value           uniform -3845.64;
    }
    backWall
    {
        type            calculated;
        value           uniform 0;
    }
    sides
    {
        type            empty;
        value           nonuniform 0();
    }
}


// ************************************************************************* //
