/*--------------------------------*- C++ -*----------------------------------*\
| =========                 |                                                 |
| \\      /  F ield         | OpenFOAM: The Open Source CFD Toolbox           |
|  \\    /   O peration     | Version:  3.0.x                                 |
|   \\  /    A nd           | Web:      www.OpenFOAM.org                      |
|    \\/     M anipulation  |                                                 |
\*---------------------------------------------------------------------------*/
FoamFile
{
    version     2.0;
    format      ascii;
    class       volScalarField;
    location    "0.003";
    object      p;
}
// * * * * * * * * * * * * * * * * * * * * * * * * * * * * * * * * * * * * * //

dimensions      [1 -1 -2 0 0 0 0];

internalField   nonuniform List<scalar> 
1000
(
1.8e+07
1.8e+07
1.8e+07
1.8e+07
1.8e+07
1.8e+07
1.8e+07
1.8e+07
1.8e+07
1.8e+07
1.8e+07
1.8e+07
1.8e+07
1.8e+07
1.8e+07
1.8e+07
1.8e+07
1.8e+07
1.8e+07
1.8e+07
1.8e+07
1.8e+07
1.8e+07
1.8e+07
1.8e+07
1.8e+07
1.8e+07
1.8e+07
1.8e+07
1.8e+07
1.8e+07
1.8e+07
1.8e+07
1.8e+07
1.8e+07
1.8e+07
1.8e+07
1.8e+07
1.8e+07
1.8e+07
1.8e+07
1.8e+07
1.8e+07
1.8e+07
1.8e+07
1.8e+07
1.8e+07
1.8e+07
1.8e+07
1.8e+07
1.8e+07
1.8e+07
1.8e+07
1.8e+07
1.8e+07
1.8e+07
1.8e+07
1.8e+07
1.8e+07
1.8e+07
1.8e+07
1.8e+07
1.8e+07
1.8e+07
1.8e+07
1.8e+07
1.8e+07
1.8e+07
1.8e+07
1.8e+07
1.8e+07
1.8e+07
1.8e+07
1.8e+07
1.8e+07
1.8e+07
1.8e+07
1.8e+07
1.8e+07
1.8e+07
1.8e+07
1.8e+07
1.8e+07
1.8e+07
1.8e+07
1.8e+07
1.8e+07
1.8e+07
1.8e+07
1.8e+07
1.8e+07
1.8e+07
1.8e+07
1.8e+07
1.8e+07
1.8e+07
1.8e+07
1.8e+07
1.8e+07
1.8e+07
1.8e+07
1.8e+07
1.8e+07
1.8e+07
1.8e+07
1.8e+07
1.8e+07
1.8e+07
1.8e+07
1.8e+07
1.8e+07
1.8e+07
1.8e+07
1.8e+07
1.8e+07
1.8e+07
1.8e+07
1.8e+07
1.8e+07
1.8e+07
1.8e+07
1.8e+07
1.8e+07
1.8e+07
1.8e+07
1.8e+07
1.8e+07
1.8e+07
1.8e+07
1.8e+07
1.8e+07
1.8e+07
1.8e+07
1.8e+07
1.8e+07
1.8e+07
1.8e+07
1.8e+07
1.8e+07
1.8e+07
1.8e+07
1.8e+07
1.8e+07
1.8e+07
1.8e+07
1.8e+07
1.8e+07
1.8e+07
1.8e+07
1.8e+07
1.8e+07
1.8e+07
1.8e+07
1.8e+07
1.8e+07
1.8e+07
1.8e+07
1.8e+07
1.8e+07
1.8e+07
1.8e+07
1.8e+07
1.8e+07
1.8e+07
1.8e+07
1.8e+07
1.8e+07
1.8e+07
1.8e+07
1.8e+07
1.8e+07
1.8e+07
1.8e+07
1.8e+07
1.8e+07
1.8e+07
1.8e+07
1.8e+07
1.8e+07
1.8e+07
1.8e+07
1.8e+07
1.8e+07
1.8e+07
1.8e+07
1.8e+07
1.8e+07
1.8e+07
1.8e+07
1.8e+07
1.8e+07
1.8e+07
1.8e+07
1.8e+07
1.8e+07
1.8e+07
1.8e+07
1.8e+07
1.8e+07
1.8e+07
1.8e+07
1.8e+07
1.8e+07
1.8e+07
1.8e+07
1.8e+07
1.8e+07
1.8e+07
1.8e+07
1.8e+07
1.8e+07
1.8e+07
1.8e+07
1.8e+07
1.8e+07
1.8e+07
1.8e+07
1.8e+07
1.8e+07
1.8e+07
1.8e+07
1.8e+07
1.8e+07
1.8e+07
1.8e+07
1.8e+07
1.8e+07
1.8e+07
1.8e+07
1.8e+07
1.8e+07
1.8e+07
1.8e+07
1.8e+07
1.8e+07
1.8e+07
1.8e+07
1.8e+07
1.8e+07
1.8e+07
1.8e+07
1.8e+07
1.8e+07
1.8e+07
1.8e+07
1.8e+07
1.8e+07
1.8e+07
1.8e+07
1.8e+07
1.8e+07
1.8e+07
1.8e+07
1.8e+07
1.8e+07
1.8e+07
1.8e+07
1.8e+07
1.8e+07
1.8e+07
1.8e+07
1.8e+07
1.8e+07
1.8e+07
1.8e+07
1.8e+07
1.8e+07
1.8e+07
1.8e+07
1.8e+07
1.8e+07
1.8e+07
1.8e+07
1.8e+07
1.8e+07
1.8e+07
1.8e+07
1.8e+07
1.8e+07
1.8e+07
1.8e+07
1.8e+07
1.8e+07
1.8e+07
1.8e+07
1.8e+07
1.8e+07
1.8e+07
1.8e+07
1.8e+07
1.8e+07
1.8e+07
1.8e+07
1.8e+07
1.8e+07
1.8e+07
1.8e+07
1.8e+07
1.8e+07
1.8e+07
1.8e+07
1.8e+07
1.8e+07
1.8e+07
1.8e+07
1.8e+07
1.8e+07
1.8e+07
1.8e+07
1.8e+07
1.8e+07
1.8e+07
1.8e+07
1.8e+07
1.8e+07
1.8e+07
1.8e+07
1.8e+07
1.8e+07
1.8e+07
1.8e+07
1.8e+07
1.8e+07
1.8e+07
1.8e+07
1.8e+07
1.8e+07
1.8e+07
1.8e+07
1.8e+07
1.8e+07
1.8e+07
1.8e+07
1.8e+07
1.8e+07
1.8e+07
1.8e+07
1.8e+07
1.8e+07
1.8e+07
1.8e+07
1.8e+07
1.8e+07
1.8e+07
1.8e+07
1.8e+07
1.8e+07
1.8e+07
1.8e+07
1.8e+07
1.8e+07
1.8e+07
1.8e+07
1.8e+07
1.8e+07
1.8e+07
1.8e+07
1.8e+07
1.8e+07
1.8e+07
1.8e+07
1.8e+07
1.8e+07
1.8e+07
1.8e+07
1.8e+07
1.8e+07
1.8e+07
1.8e+07
1.8e+07
1.8e+07
1.8e+07
1.8e+07
1.8e+07
1.8e+07
1.8e+07
1.8e+07
1.8e+07
1.8e+07
1.8e+07
1.8e+07
1.8e+07
1.8e+07
1.8e+07
1.8e+07
1.8e+07
1.8e+07
1.8e+07
1.8e+07
1.8e+07
1.8e+07
1.8e+07
1.8e+07
1.8e+07
1.8e+07
1.8e+07
1.8e+07
1.8e+07
1.8e+07
1.8e+07
1.8e+07
1.8e+07
1.8e+07
1.8e+07
1.8e+07
1.8e+07
1.8e+07
1.8e+07
1.8e+07
1.8e+07
1.8e+07
1.8e+07
1.8e+07
1.8e+07
1.8e+07
1.8e+07
1.8e+07
1.8e+07
1.8e+07
1.8e+07
1.8e+07
1.8e+07
1.8e+07
1.8e+07
1.8e+07
1.8e+07
1.8e+07
1.8e+07
1.8e+07
1.8e+07
1.8e+07
1.8e+07
1.8e+07
1.8e+07
1.8e+07
1.8e+07
1.8e+07
1.8e+07
1.8e+07
1.8e+07
1.8e+07
1.8e+07
1.8e+07
1.8e+07
1.8e+07
1.8e+07
1.8e+07
1.8e+07
1.8e+07
1.8e+07
1.8e+07
1.8e+07
1.8e+07
1.8e+07
1.8e+07
1.8e+07
1.8e+07
1.8e+07
1.8e+07
1.8e+07
1.8e+07
1.8e+07
1.8e+07
1.8e+07
1.8e+07
1.8e+07
1.8e+07
1.8e+07
1.8e+07
1.8e+07
1.8e+07
1.8e+07
1.8e+07
1.8e+07
1.8e+07
1.8e+07
1.8e+07
1.8e+07
1.8e+07
1.8e+07
1.8e+07
1.8e+07
1.8e+07
1.8e+07
1.8e+07
1.8e+07
1.8e+07
1.8e+07
1.8e+07
1.8e+07
1.8e+07
1.8e+07
1.8e+07
1.8e+07
1.8e+07
1.8e+07
1.8e+07
1.8e+07
1.8e+07
1.8e+07
1.8e+07
1.8e+07
1.8e+07
1.8e+07
1.8e+07
1.8e+07
1.8e+07
1.8e+07
1.8e+07
1.8e+07
1.8e+07
1.8e+07
1.8e+07
1.8e+07
1.8e+07
1.8e+07
1.8e+07
1.8e+07
1.8e+07
1.8e+07
1.8e+07
1.8e+07
1.8e+07
1.8e+07
1.8e+07
1.8e+07
1.8e+07
1.8e+07
1.8e+07
1.8e+07
1.8e+07
1.8e+07
1.8e+07
1.8e+07
1.8e+07
1.8e+07
1.8e+07
1.8e+07
1.8e+07
1.8e+07
1.8e+07
1.8e+07
1.8e+07
1.8e+07
1.8e+07
1.8e+07
1.8e+07
1.8e+07
1.8e+07
1.8e+07
1.8e+07
1.8e+07
1.8e+07
1.8e+07
1.8e+07
1.8e+07
1.8e+07
1.8e+07
1.8e+07
1.8e+07
1.8e+07
1.8e+07
1.8e+07
1.8e+07
1.8e+07
1.8e+07
1.8e+07
1.8e+07
1.8e+07
1.8e+07
1.8e+07
1.8e+07
1.8e+07
1.8e+07
1.8e+07
1.8e+07
1.8e+07
1.8e+07
1.8e+07
1.8e+07
1.8e+07
1.8e+07
1.8e+07
1.8e+07
1.8e+07
1.8e+07
1.8e+07
1.8e+07
1.8e+07
1.8e+07
1.8e+07
1.8e+07
1.8e+07
1.8e+07
1.8e+07
1.8e+07
1.8e+07
1.8e+07
1.8e+07
1.8e+07
1.8e+07
1.8e+07
1.8e+07
1.8e+07
1.8e+07
1.8e+07
1.8e+07
1.8e+07
1.8e+07
1.8e+07
1.8e+07
1.8e+07
1.8e+07
1.8e+07
1.8e+07
1.8e+07
1.8e+07
1.8e+07
1.8e+07
1.8e+07
1.8e+07
1.8e+07
1.8e+07
1.8e+07
1.8e+07
1.8e+07
1.8e+07
1.8e+07
1.8e+07
1.8e+07
1.8e+07
1.8e+07
1.8e+07
1.8e+07
1.8e+07
1.8e+07
1.8e+07
1.8e+07
1.8e+07
1.8e+07
1.8e+07
1.8e+07
1.8e+07
1.8e+07
1.8e+07
1.8e+07
1.8e+07
1.8e+07
1.8e+07
1.8e+07
1.8e+07
1.8e+07
1.8e+07
1.8e+07
1.8e+07
1.8e+07
1.8e+07
1.8e+07
1.8e+07
1.8e+07
1.8e+07
1.8e+07
1.8e+07
1.8e+07
1.8e+07
1.8e+07
1.8e+07
1.8e+07
1.8e+07
1.8e+07
1.8e+07
1.8e+07
1.8e+07
1.8e+07
1.8e+07
1.8e+07
1.8e+07
1.8e+07
1.8e+07
1.8e+07
1.8e+07
1.8e+07
1.8e+07
1.8e+07
1.8e+07
1.8e+07
1.8e+07
1.8e+07
1.8e+07
1.8e+07
1.8e+07
1.8e+07
1.8e+07
1.8e+07
1.8e+07
1.8e+07
1.8e+07
1.8e+07
1.8e+07
1.8e+07
1.8e+07
1.8e+07
1.8e+07
1.8e+07
1.8e+07
1.8e+07
1.8e+07
1.8e+07
1.8e+07
1.8e+07
1.8e+07
1.8e+07
1.8e+07
1.8e+07
1.8e+07
1.8e+07
1.8e+07
1.8e+07
1.8e+07
1.8e+07
1.8e+07
1.8e+07
1.8e+07
1.8e+07
1.8e+07
1.8e+07
1.8e+07
1.8e+07
1.8e+07
1.8e+07
1.8e+07
1.8e+07
1.8e+07
1.8e+07
1.8e+07
1.8e+07
1.8e+07
1.8e+07
1.8e+07
1.8e+07
1.8e+07
1.8e+07
1.8e+07
1.8e+07
1.8e+07
1.8e+07
1.8e+07
1.8e+07
1.8e+07
1.8e+07
1.8e+07
1.8e+07
1.8e+07
1.8e+07
1.8e+07
1.8e+07
1.8e+07
1.8e+07
1.8e+07
1.8e+07
1.8e+07
1.8e+07
1.8e+07
1.8e+07
1.8e+07
1.8e+07
1.8e+07
1.8e+07
1.80001e+07
1.80001e+07
1.80001e+07
1.80002e+07
1.80002e+07
1.80003e+07
1.80004e+07
1.80006e+07
1.80008e+07
1.8001e+07
1.80013e+07
1.80018e+07
1.80024e+07
1.80031e+07
1.80041e+07
1.80053e+07
1.80069e+07
1.80089e+07
1.80114e+07
1.80146e+07
1.80186e+07
1.80235e+07
1.80296e+07
1.80371e+07
1.80462e+07
1.80573e+07
1.80706e+07
1.80866e+07
1.81055e+07
1.81278e+07
1.81539e+07
1.81842e+07
1.82189e+07
1.82584e+07
1.83027e+07
1.8352e+07
1.84061e+07
1.84647e+07
1.85274e+07
1.85934e+07
1.86619e+07
1.87318e+07
1.88021e+07
1.88716e+07
1.89393e+07
1.9004e+07
1.9065e+07
1.91215e+07
1.91731e+07
1.92195e+07
1.92607e+07
1.92966e+07
1.93277e+07
1.93541e+07
1.93763e+07
1.93948e+07
1.941e+07
1.94223e+07
1.94322e+07
1.944e+07
1.94462e+07
1.94509e+07
1.94545e+07
1.94572e+07
1.94592e+07
1.94605e+07
1.94613e+07
1.94616e+07
1.94616e+07
1.94616e+07
1.94615e+07
1.94614e+07
1.94613e+07
1.94613e+07
1.94612e+07
1.94612e+07
1.94612e+07
1.94612e+07
1.94612e+07
1.94612e+07
1.94612e+07
1.94612e+07
1.94612e+07
1.94612e+07
1.94612e+07
1.94612e+07
1.94612e+07
1.94612e+07
1.94612e+07
1.94612e+07
1.94612e+07
1.94612e+07
1.94612e+07
1.94612e+07
1.94613e+07
1.94613e+07
1.94613e+07
1.94613e+07
1.94613e+07
1.94613e+07
1.94613e+07
1.94613e+07
1.94613e+07
1.94613e+07
1.94613e+07
1.94613e+07
1.94613e+07
1.94613e+07
1.94613e+07
1.94613e+07
1.94613e+07
1.94613e+07
1.94613e+07
1.94613e+07
1.94613e+07
1.94613e+07
1.94613e+07
1.94613e+07
1.94613e+07
1.94613e+07
1.94613e+07
1.94613e+07
1.94613e+07
1.94613e+07
1.94613e+07
1.94613e+07
1.94613e+07
1.94613e+07
1.94613e+07
1.94613e+07
1.94614e+07
1.94614e+07
1.94614e+07
1.94614e+07
1.94614e+07
1.94614e+07
1.94614e+07
1.94614e+07
1.94614e+07
1.94614e+07
1.94614e+07
1.94614e+07
1.94614e+07
1.94614e+07
1.94614e+07
1.94614e+07
1.94614e+07
1.94614e+07
1.94614e+07
1.94614e+07
1.94614e+07
1.94614e+07
1.94614e+07
1.94614e+07
1.94614e+07
1.94614e+07
1.94614e+07
1.94614e+07
1.94614e+07
1.94614e+07
1.94614e+07
1.94614e+07
1.94614e+07
1.94614e+07
1.94614e+07
1.94614e+07
1.94614e+07
1.94614e+07
1.94614e+07
1.94614e+07
1.94614e+07
1.94614e+07
1.94614e+07
1.94614e+07
1.94614e+07
1.94614e+07
1.94614e+07
1.94614e+07
1.94614e+07
1.94614e+07
1.94614e+07
1.94614e+07
1.94614e+07
1.94614e+07
1.94614e+07
1.94614e+07
1.94614e+07
1.94614e+07
1.94614e+07
1.94614e+07
1.94614e+07
1.94614e+07
1.94614e+07
1.94614e+07
1.94614e+07
1.94614e+07
1.94613e+07
1.94615e+07
1.94613e+07
1.94615e+07
1.94613e+07
1.94616e+07
1.94612e+07
1.94616e+07
1.94612e+07
1.94617e+07
1.94611e+07
1.94618e+07
1.9461e+07
1.94619e+07
1.94609e+07
1.9462e+07
1.94608e+07
1.94621e+07
1.94607e+07
1.94622e+07
1.94606e+07
1.94623e+07
1.94605e+07
1.94623e+07
1.94605e+07
1.94623e+07
1.94606e+07
1.94622e+07
1.94606e+07
1.94621e+07
1.94608e+07
1.94619e+07
1.9461e+07
1.94617e+07
1.94612e+07
1.94615e+07
)
;

boundaryField
{
    inlet
    {
        type            zeroGradient;
    }
    backWall
    {
        type            zeroGradient;
    }
    sides
    {
        type            empty;
    }
}


// ************************************************************************* //
