/*--------------------------------*- C++ -*----------------------------------*\
| =========                 |                                                 |
| \\      /  F ield         | OpenFOAM: The Open Source CFD Toolbox           |
|  \\    /   O peration     | Version:  3.0.x                                 |
|   \\  /    A nd           | Web:      www.OpenFOAM.org                      |
|    \\/     M anipulation  |                                                 |
\*---------------------------------------------------------------------------*/
FoamFile
{
    version     2.0;
    format      ascii;
    class       volScalarField;
    location    "0.003";
    object      T;
}
// * * * * * * * * * * * * * * * * * * * * * * * * * * * * * * * * * * * * * //

dimensions      [0 0 0 1 0 0 0];

internalField   nonuniform List<scalar> 
1000
(
773
773
773
773
773
773
773
773
773
773
773
773
773
773
773
773
773
773
773
773
773
773
773
773
773
773
773
773
773
773
773
773
773
773
773
773
773
773
773
773
773
773
773
773
773
773
773
773
773
773
773
773
773
773
773
773
773
773
773
773
773
773
773
773
773
773
773
773
773
773
773
773
773
773
773
773
773
773
773
773
773
773
773
773
773
773
773
773
773
773
773
773
773
773
773
773
773
773
773
773
773
773
773
773
773
773
773
773
773
773
773
773
773
773
773
773
773
773
773
773
773
773
773
773
773
773
773
773
773
773
773
773
773
773
773
773
773
773
773
773
773
773
773
773
773
773
773
773
773
773
773
773
773
773
773
773
773
773
773
773
773
773
773
773
773
773
773
773
773
773
773
773
773
773
773
773
773
773
773
773
773
773
773
773
773
773
773
773
773
773
773
773
773
773
773
773
773
773
773
773
773
773
773
773
773
773
773
773
773
773
773
773
773
773
773
773
773
773
773
773
773
773
773
773
773
773
773
773
773
773
773
773
773
773
773
773
773
773
773
773
773
773
773
773
773
773
773
773
773
773
773
773
773
773
773
773
773
773
773
773
773
773
773
773
773
773
773
773
773
773
773
773
773
773
773
773
773
773
773
773
773
773
773
773
773
773
773
773
773
773
773
773
773
773
773
773
773
773
773
773
773
773
773
773
773
773
773
773
773
773
773
773
773
773
773
773
773
773
773
773
773
773
773
773
773
773
773
773
773
773
773
773
773
773
773
773
773
773
773
773
773
773
773
773
773
773
773
773
773
773
773
773
773
773
773
773
773
773
773
773
773
773
773
773
773
773
773
773
773
773
773
773
773
773
773
773
773
773
773
773
773
773
773
773
773
773
773
773
773
773
773
773
773
773
773
773
773
773
773
773
773
773
773
773
773
773
773
773
773
773
773
773
773
773
773
773
773
773
773
773
773
773
773
773
773
773
773
773
773
773
773
773
773
773
773
773
773
773
773
773
773
773
773
773
773
773
773
773
773
773
773
773
773
773
773
773
773
773
773
773
773
773
773
773
773
773
773
773
773
773
773
773
773
773
773
773
773
773
773
773
773
773
773
773
773
773
773
773
773
773
773
773
773
773
773
773
773
773
773
773
773
773
773
773
773
773
773
773
773
773
773
773
773
773
773
773
773
773
773
773
773
773
773
773
773
773
773
773
773
773
773
773
773
773
773
773
773
773
773
773
773
773
773
773
773
773
773
773
773
773
773
773
773
773
773
773
773
773
773
773
773
773
773
773
773
773
773
773
773
773
773
773
773
773
773
773
773
773
773
773
773
773
773
773
773
773
773
773
773
773
773
773
773
773
773
773
773
773
773
773
773
773
773
773
773
773
773
773
773
773
773
773
773
773
773
773
773
773
773
773
773
773
773
773
773
773
773
773
773
773
773
773
773
773
773
773
773
773
773
773
773
773
773
773
773
773
773
773
773
773
773
773
773
773
773
773
773
773
773
773
773
773
773
773
773
773
773
773
773
773
773
773
773
773
773
773
773
773
773
773
773
773
773
773
773
773
773
773
773
773
773
773
773
773
773
773
773
773
773
773
773
773
773
773
773
773
773
773
773
773
773
773
773
773
773
773
773
773
773
773
773
773
773
773
773
773
773
773
773
773
773
773
773
773
773
773
773
773
773
773
773
773
773
773
773
773
773
773
773
773
773
773
773
773
773
773
773
773
773
773
773
773
773
773
773
773
773
773
773
773.001
773.001
773.001
773.002
773.002
773.003
773.004
773.005
773.007
773.01
773.013
773.017
773.022
773.029
773.038
773.049
773.064
773.082
773.105
773.133
773.168
773.212
773.266
773.331
773.41
773.506
773.62
773.755
773.915
774.101
774.316
774.563
774.843
775.158
775.507
775.889
776.302
776.742
777.204
777.682
778.169
778.658
779.139
779.605
780.051
780.469
780.856
781.208
781.524
781.804
782.048
782.258
782.437
782.587
782.712
782.814
782.897
782.963
783.016
783.058
783.09
783.114
783.132
783.145
783.154
783.16
783.162
783.162
783.162
783.161
783.16
783.16
783.16
783.16
783.159
783.159
783.159
783.159
783.159
783.159
783.159
783.16
783.16
783.16
783.16
783.16
783.16
783.16
783.16
783.16
783.16
783.16
783.16
783.16
783.161
783.161
783.161
783.161
783.161
783.161
783.161
783.161
783.161
783.161
783.161
783.161
783.161
783.162
783.162
783.162
783.162
783.162
783.162
783.162
783.162
783.162
783.162
783.162
783.162
783.162
783.162
783.162
783.163
783.163
783.163
783.163
783.163
783.163
783.163
783.163
783.163
783.163
783.163
783.163
783.163
783.164
783.164
783.164
783.164
783.164
783.164
783.164
783.164
783.164
783.164
783.164
783.165
783.165
783.165
783.165
783.165
783.165
783.165
783.165
783.165
783.165
783.166
783.166
783.166
783.166
783.166
783.166
783.166
783.166
783.167
783.167
783.167
783.167
783.167
783.167
783.167
783.168
783.168
783.168
783.168
783.168
783.168
783.169
783.169
783.169
783.169
783.169
783.17
783.17
783.17
783.17
783.17
783.171
783.171
783.171
783.172
783.172
783.172
783.172
783.173
783.173
783.174
783.173
783.175
783.173
783.176
783.174
783.177
783.174
783.178
783.175
783.18
783.175
783.182
783.176
783.184
783.176
783.186
783.177
783.189
783.179
783.191
783.181
783.194
783.184
783.198
783.188
783.202
783.195
783.208
783.205
783.218
783.229
783.275
783.445
783.29
)
;

boundaryField
{
    inlet
    {
        type            zeroGradient;
    }
    backWall
    {
        type            zeroGradient;
    }
    sides
    {
        type            empty;
    }
}


// ************************************************************************* //
