/*--------------------------------*- C++ -*----------------------------------*\
| =========                 |                                                 |
| \\      /  F ield         | OpenFOAM: The Open Source CFD Toolbox           |
|  \\    /   O peration     | Version:  3.0.x                                 |
|   \\  /    A nd           | Web:      www.OpenFOAM.org                      |
|    \\/     M anipulation  |                                                 |
\*---------------------------------------------------------------------------*/
FoamFile
{
    version     2.0;
    format      ascii;
    class       volScalarField;
    location    "0.01005";
    object      T;
}
// * * * * * * * * * * * * * * * * * * * * * * * * * * * * * * * * * * * * * //

dimensions      [0 0 0 1 0 0 0];

internalField   nonuniform List<scalar> 
13800
(
773.001
773
773
773
773
773
773
773
773
773
773
773
773
773
773
773
773
773
773
773
773
773
773
773
773
773
773
773
773
773
773
773
773
773
773
773
773
773
773
773
773
773
773
773
773
773
773
773
773
773
773
773
773
773
773
773
773
773
773
773
773
773
773
773
773
773
773
773
773
773
773
773
773
773
773
773
773
773
773
773
773
773
773
773
773
773
773
773
773
773
773
773
773
773
773
773
773
773
773
773
773
773
773
773
773
773
773
773
773
773
773
773
773
773
773
773
773
773
773
773
773
773
773
773
773
773
773
773
773
773
773
773
773
773
773
773
773
773
773
773
773
773
773
773
773
773
773
773
773
773
773
773
773
773
773
773
773
773
773
773
773
773
773.001
773.001
773.002
773.003
773.006
773.01
773.018
773.031
773.051
773.08
773.118
773.165
773.219
773.272
773.317
773.347
773.355
773.342
773.314
773.267
773.207
773.145
773.091
773.052
773.031
773.026
773.029
773.035
773.043
773.05
773.056
773.061
773.062
773.066
773.065
773.081
773.093
773.383
773
773
773
773
773
773
773
773
773
773
773
773
773
773
773
773
773
773
773
773
773
773
773
773
773
773
773
773
773
773
773
773
773
773
773
773
773
773
773
773
773
773
773
773
773
773
773
773
773
773
773
773
773
773
773
773
773
773
773
773
773
773
773
773
773
773
773
773
773
773
773
773
773
773
773
773
773
773
773
773
773
773
773
773
773
773
773
773
773
773
773
773
773
773
773
773
773
773
773
773
773
773
773
773
773
773
773
773
773
773
773
773
773
773
773
773
773
773
773
773
773
773
773
773
773
773
773
773
773
773
773
773
773
773
773
773
773
773
773
773
773
773
773
773
773
773
773
773
773
773
773
773
773
773
773
773
773
773
773
773
773
773
773
773.001
773.001
773.003
773.005
773.01
773.018
773.031
773.051
773.079
773.118
773.165
773.218
773.271
773.317
773.346
773.354
773.342
773.314
773.266
773.207
773.145
773.091
773.052
773.031
773.026
773.029
773.035
773.043
773.05
773.055
773.06
773.064
773.063
773.07
773.071
773.099
773.401
773
773
773
773
773
773
773
773
773
773
773
773
773
773
773
773
773
773
773
773
773
773
773
773
773
773
773
773
773
773
773
773
773
773
773
773
773
773
773
773
773
773
773
773
773
773
773
773
773
773
773
773
773
773
773
773
773
773
773
773
773
773
773
773
773
773
773
773
773
773
773
773
773
773
773
773
773
773
773
773
773
773
773
773
773
773
773
773
773
773
773
773
773
773
773
773
773
773
773
773
773
773
773
773
773
773
773
773
773
773
773
773
773
773
773
773
773
773
773
773
773
773
773
773
773
773
773
773
773
773
773
773
773
773
773
773
773
773
773
773
773
773
773
773
773
773
773
773
773
773
773
773
773
773
773
773
773
773
773
773
773
773
773
773.001
773.001
773.003
773.005
773.01
773.018
773.031
773.051
773.079
773.118
773.165
773.218
773.271
773.317
773.346
773.354
773.342
773.314
773.266
773.207
773.145
773.091
773.052
773.031
773.026
773.029
773.035
773.043
773.05
773.055
773.06
773.064
773.063
773.069
773.072
773.093
773.402
773
773
773
773
773
773
773
773
773
773
773
773
773
773
773
773
773
773
773
773
773
773
773
773
773
773
773
773
773
773
773
773
773
773
773
773
773
773
773
773
773
773
773
773
773
773
773
773
773
773
773
773
773
773
773
773
773
773
773
773
773
773
773
773
773
773
773
773
773
773
773
773
773
773
773
773
773
773
773
773
773
773
773
773
773
773
773
773
773
773
773
773
773
773
773
773
773
773
773
773
773
773
773
773
773
773
773
773
773
773
773
773
773
773
773
773
773
773
773
773
773
773
773
773
773
773
773
773
773
773
773
773
773
773
773
773
773
773
773
773
773
773
773
773
773
773
773
773
773
773
773
773
773
773
773
773
773
773
773
773
773
773
773
773.001
773.001
773.003
773.005
773.01
773.018
773.031
773.051
773.079
773.118
773.165
773.218
773.271
773.317
773.346
773.354
773.342
773.314
773.266
773.207
773.145
773.091
773.052
773.031
773.026
773.029
773.035
773.043
773.05
773.055
773.06
773.064
773.063
773.069
773.072
773.086
773.334
773
773
773
773
773
773
773
773
773
773
773
773
773
773
773
773
773
773
773
773
773
773
773
773
773
773
773
773
773
773
773
773
773
773
773
773
773
773
773
773
773
773
773
773
773
773
773
773
773
773
773
773
773
773
773
773
773
773
773
773
773
773
773
773
773
773
773
773
773
773
773
773
773
773
773
773
773
773
773
773
773
773
773
773
773
773
773
773
773
773
773
773
773
773
773
773
773
773
773
773
773
773
773
773
773
773
773
773
773
773
773
773
773
773
773
773
773
773
773
773
773
773
773
773
773
773
773
773
773
773
773
773
773
773
773
773
773
773
773
773
773
773
773
773
773
773
773
773
773
773
773
773
773
773
773
773
773
773
773
773
773
773
773
773.001
773.001
773.003
773.005
773.01
773.018
773.031
773.051
773.079
773.118
773.165
773.218
773.271
773.317
773.346
773.354
773.342
773.314
773.266
773.207
773.145
773.091
773.052
773.031
773.026
773.029
773.035
773.043
773.05
773.055
773.06
773.064
773.063
773.067
773.068
773.072
773.236
773
773
773
773
773
773
773
773
773
773
773
773
773
773
773
773
773
773
773
773
773
773
773
773
773
773
773
773
773
773
773
773
773
773
773
773
773
773
773
773
773
773
773
773
773
773
773
773
773
773
773
773
773
773
773
773
773
773
773
773
773
773
773
773
773
773
773
773
773
773
773
773
773
773
773
773
773
773
773
773
773
773
773
773
773
773
773
773
773
773
773
773
773
773
773
773
773
773
773
773
773
773
773
773
773
773
773
773
773
773
773
773
773
773
773
773
773
773
773
773
773
773
773
773
773
773
773
773
773
773
773
773
773
773
773
773
773
773
773
773
773
773
773
773
773
773
773
773
773
773
773
773
773
773
773
773
773
773
773
773
773
773
773
773.001
773.001
773.003
773.005
773.01
773.018
773.031
773.051
773.079
773.118
773.165
773.218
773.271
773.317
773.346
773.354
773.342
773.314
773.266
773.207
773.145
773.091
773.052
773.031
773.026
773.029
773.035
773.043
773.05
773.055
773.06
773.063
773.062
773.066
773.062
773.06
773.018
773
773
773
773
773
773
773
773
773
773
773
773
773
773
773
773
773
773
773
773
773
773
773
773
773
773
773
773
773
773
773
773
773
773
773
773
773
773
773
773
773
773
773
773
773
773
773
773
773
773
773
773
773
773
773
773
773
773
773
773
773
773
773
773
773
773
773
773
773
773
773
773
773
773
773
773
773
773
773
773
773
773
773
773
773
773
773
773
773
773
773
773
773
773
773
773
773
773
773
773
773
773
773
773
773
773
773
773
773
773
773
773
773
773
773
773
773
773
773
773
773
773
773
773
773
773
773
773
773
773
773
773
773
773
773
773
773
773
773
773
773
773
773
773
773
773
773
773
773
773
773
773
773
773
773
773
773
773
773
773
773
773
773
773.001
773.001
773.003
773.005
773.01
773.018
773.031
773.051
773.079
773.118
773.165
773.218
773.271
773.317
773.346
773.354
773.342
773.314
773.266
773.207
773.145
773.091
773.052
773.031
773.026
773.029
773.035
773.043
773.05
773.055
773.06
773.063
773.062
773.065
773.055
773.047
772.75
773
773
773
773
773
773
773
773
773
773
773
773
773
773
773
773
773
773
773
773
773
773
773
773
773
773
773
773
773
773
773
773
773
773
773
773
773
773
773
773
773
773
773
773
773
773
773
773
773
773
773
773
773
773
773
773
773
773
773
773
773
773
773
773
773
773
773
773
773
773
773
773
773
773
773
773
773
773
773
773
773
773
773
773
773
773
773
773
773
773
773
773
773
773
773
773
773
773
773
773
773
773
773
773
773
773
773
773
773
773
773
773
773
773
773
773
773
773
773
773
773
773
773
773
773
773
773
773
773
773
773
773
773
773
773
773
773
773
773
773
773
773
773
773
773
773
773
773
773
773
773
773
773
773
773
773
773
773
773
773
773
773
773
773.001
773.001
773.003
773.005
773.01
773.018
773.031
773.051
773.079
773.118
773.165
773.218
773.271
773.317
773.346
773.354
773.342
773.314
773.266
773.207
773.145
773.091
773.052
773.031
773.026
773.029
773.035
773.043
773.05
773.055
773.06
773.063
773.062
773.065
773.051
773.061
772.345
773
773
773
773
773
773
773
773
773
773
773
773
773
773
773
773
773
773
773
773
773
773
773
773
773
773
773
773
773
773
773
773
773
773
773
773
773
773
773
773
773
773
773
773
773
773
773
773
773
773
773
773
773
773
773
773
773
773
773
773
773
773
773
773
773
773
773
773
773
773
773
773
773
773
773
773
773
773
773
773
773
773
773
773
773
773
773
773
773
773
773
773
773
773
773
773
773
773
773
773
773
773
773
773
773
773
773
773
773
773
773
773
773
773
773
773
773
773
773
773
773
773
773
773
773
773
773
773
773
773
773
773
773
773
773
773
773
773
773
773
773
773
773
773
773
773
773
773
773
773
773
773
773
773
773
773
773
773
773
773
773
773
773
773.001
773.001
773.003
773.005
773.01
773.018
773.031
773.051
773.079
773.118
773.165
773.218
773.271
773.317
773.346
773.354
773.342
773.314
773.266
773.207
773.145
773.091
773.052
773.031
773.026
773.029
773.035
773.043
773.05
773.055
773.06
773.063
773.063
773.062
773.053
773.067
772.173
773.001
773
773
773
773
773
773
773
773
773
773
773
773
773
773
773
773
773
773
773
773
773
773
773
773
773
773
773
773
773
773
773
773
773
773
773
773
773
773
773
773
773
773
773
773
773
773
773
773
773
773
773
773
773
773
773
773
773
773
773
773
773
773
773
773
773
773
773
773
773
773
773
773
773
773
773
773
773
773
773
773
773
773
773
773
773
773
773
773
773
773
773
773
773
773
773
773
773
773
773
773
773
773
773
773
773
773
773
773
773
773
773
773
773
773
773
773
773
773
773
773
773
773
773
773
773
773
773
773
773
773
773
773
773
773
773
773
773
773
773
773
773
773
773
773
773
773
773
773
773
773
773
773
773
773
773
773
773
773
773
773
773
773.001
773.001
773.002
773.003
773.006
773.01
773.018
773.031
773.051
773.08
773.118
773.165
773.219
773.272
773.317
773.347
773.355
773.342
773.314
773.267
773.207
773.145
773.091
773.052
773.031
773.026
773.029
773.035
773.043
773.05
773.056
773.06
773.064
773.063
773.064
773.052
773.069
772.121
773.311
773.365
773.441
773.523
773.617
773.786
774.069
774.593
775.986
779.624
787.201
795.663
799.541
799.178
795.591
790.694
785.288
780.857
777.018
773.382
773.271
773.285
773.24
772.946
772.697
772.669
772.807
773.176
773.885
774.903
776.052
777.27
778.31
778.825
778.146
776.777
775.439
774.306
773.566
773.197
773.281
773.298
773.27
773.178
773.034
772.818
772.668
772.646
772.674
772.602
772.375
772.115
771.956
771.919
771.931
771.971
772.065
772.206
772.384
772.66
773.248
773.264
773.261
773.244
773.207
773.131
772.991
772.856
772.772
772.712
772.624
772.466
772.189
771.949
771.835
771.819
771.892
772.139
772.412
772.675
773.177
773.207
773.225
773.228
773.23
773.223
773.196
773.133
773.065
773.013
772.978
772.951
772.92
772.883
772.835
772.768
772.696
772.667
772.666
772.709
773.039
773.024
773.006
773
772.989
772.979
772.968
772.97
772.97
772.96
772.944
772.927
772.913
772.894
772.878
772.87
772.864
772.868
772.87
772.891
772.885
772.871
772.873
772.885
772.898
772.908
772.915
772.918
772.919
772.92
772.917
772.903
772.873
772.838
772.806
772.793
772.793
772.817
772.862
772.959
772.671
772.598
772.538
772.515
772.512
772.525
772.553
772.599
772.663
772.724
772.789
772.854
772.92
772.968
773.008
773.026
773.062
773.084
773.14
773.192
772.559
772.493
772.432
772.421
772.427
772.44
772.46
772.495
772.541
772.59
772.644
772.705
772.771
772.833
772.885
772.917
772.934
772.942
772.966
772.965
772.527
772.435
772.308
772.3
772.32
772.353
772.399
772.475
772.561
772.651
772.739
772.83
772.927
773.024
773.092
773.118
773.106
773.039
772.879
772.489
770.297
769.397
769.424
770.101
771.499
772.308
772.683
772.842
772.906
772.933
772.944
772.95
772.954
772.956
772.957
772.959
772.961
772.964
772.967
772.97
772.974
772.977
772.979
772.978
772.972
772.956
772.933
772.902
772.864
772.823
772.779
772.739
772.705
772.679
772.664
772.661
772.668
772.689
772.718
772.751
772.787
772.823
772.856
772.886
772.912
772.934
772.952
772.965
772.976
772.983
772.989
772.993
772.995
772.997
772.998
772.999
773
773
773
773
773
773
773
773
773
773
773
773
773
773
773
773
773
773
773
773
773
773
773
773
773
773
773
773
773
773
773
773
773
773
773
773
773
773
773
773
773
773
773
773
773
773
773
773
773
773
773
773
773
773
773
773
773
773
773
773
773
773
773
773
773
773
773
773
773
773
773
773
773
773
773
773
773
773
773
773
773
773
773
773
773
773
773
773
773
773
773
773
773
773
773
773
773.001
773.001
773.001
773.002
773.003
773.004
773.007
773.012
773.019
773.029
773.045
773.065
773.093
773.126
773.166
773.21
773.255
773.297
773.332
773.356
773.367
773.362
773.346
773.316
773.275
773.226
773.174
773.125
773.084
773.053
773.035
773.027
773.027
773.03
773.035
773.041
773.047
773.052
773.055
773.059
773.061
773.063
773.062
773.064
773.062
773.043
773.048
772.166
773.381
774.084
774.412
774.375
773.933
773.292
773.014
772.937
772.928
772.935
772.945
772.95
772.953
772.955
772.957
772.959
772.961
772.963
772.966
772.97
772.974
772.977
772.979
772.978
772.972
772.956
772.933
772.902
772.864
772.822
772.779
772.739
772.704
772.678
772.663
772.66
772.668
772.689
772.718
772.751
772.787
772.822
772.856
772.886
772.912
772.934
772.951
772.965
772.975
772.983
772.988
772.992
772.995
772.997
772.998
772.999
772.999
773
773
773
773
773
773
773
773
773
773
773
773
773
773
773
773
773
773
773
773
773
773
773
773
773
773
773
773
773
773
773
773
773
773
773
773
773
773
773
773
773
773
773
773
773
773
773
773
773
773
773
773
773
773
773
773
773
773
773
773
773
773
773
773
773
773
773
773
773
773
773
773
773
773
773
773
773
773
773
773
773
773
773
773
773
773
773
773
773
773
773
773
773
773
773
773
773
773.001
773.001
773.002
773.004
773.007
773.011
773.018
773.029
773.044
773.065
773.092
773.126
773.166
773.21
773.254
773.297
773.332
773.356
773.366
773.362
773.346
773.316
773.275
773.225
773.173
773.125
773.083
773.053
773.034
773.026
773.026
773.03
773.035
773.041
773.047
773.051
773.055
773.059
773.061
773.062
773.063
773.062
773.061
773.041
773.044
772.216
773.165
773.749
774.065
774.071
773.794
773.26
773.01
772.938
772.93
772.936
772.945
772.95
772.953
772.955
772.957
772.959
772.961
772.963
772.966
772.97
772.974
772.977
772.979
772.978
772.972
772.956
772.933
772.902
772.864
772.822
772.779
772.739
772.704
772.678
772.663
772.66
772.668
772.689
772.718
772.751
772.787
772.822
772.856
772.886
772.912
772.934
772.951
772.965
772.975
772.983
772.988
772.992
772.995
772.997
772.998
772.999
772.999
773
773
773
773
773
773
773
773
773
773
773
773
773
773
773
773
773
773
773
773
773
773
773
773
773
773
773
773
773
773
773
773
773
773
773
773
773
773
773
773
773
773
773
773
773
773
773
773
773
773
773
773
773
773
773
773
773
773
773
773
773
773
773
773
773
773
773
773
773
773
773
773
773
773
773
773
773
773
773
773
773
773
773
773
773
773
773
773
773
773
773
773
773
773
773
773
773
773.001
773.001
773.002
773.004
773.007
773.011
773.018
773.029
773.044
773.065
773.092
773.126
773.166
773.21
773.254
773.297
773.332
773.356
773.366
773.362
773.346
773.316
773.275
773.225
773.173
773.125
773.083
773.053
773.034
773.026
773.026
773.03
773.035
773.041
773.047
773.051
773.055
773.059
773.061
773.062
773.063
773.062
773.062
773.044
773.037
772.401
772.873
773.08
773.249
773.281
773.201
773.026
772.952
772.936
772.938
772.944
772.949
772.952
772.954
772.956
772.957
772.959
772.961
772.963
772.966
772.97
772.974
772.977
772.979
772.978
772.972
772.956
772.933
772.902
772.864
772.822
772.779
772.739
772.704
772.678
772.663
772.66
772.668
772.689
772.718
772.751
772.787
772.822
772.856
772.886
772.912
772.934
772.951
772.965
772.975
772.983
772.988
772.992
772.995
772.997
772.998
772.999
772.999
773
773
773
773
773
773
773
773
773
773
773
773
773
773
773
773
773
773
773
773
773
773
773
773
773
773
773
773
773
773
773
773
773
773
773
773
773
773
773
773
773
773
773
773
773
773
773
773
773
773
773
773
773
773
773
773
773
773
773
773
773
773
773
773
773
773
773
773
773
773
773
773
773
773
773
773
773
773
773
773
773
773
773
773
773
773
773
773
773
773
773
773
773
773
773
773
773
773.001
773.001
773.002
773.004
773.007
773.011
773.018
773.029
773.044
773.065
773.092
773.126
773.166
773.21
773.254
773.297
773.332
773.356
773.366
773.362
773.346
773.316
773.275
773.225
773.173
773.125
773.083
773.053
773.034
773.026
773.026
773.03
773.035
773.041
773.047
773.051
773.055
773.059
773.061
773.062
773.063
773.062
773.062
773.053
773.03
772.776
772.801
772.837
772.868
772.936
772.96
772.947
772.936
772.939
772.946
772.95
772.951
772.953
772.954
772.956
772.957
772.959
772.961
772.963
772.966
772.97
772.974
772.977
772.979
772.978
772.972
772.956
772.933
772.902
772.864
772.822
772.779
772.739
772.704
772.678
772.663
772.66
772.668
772.689
772.718
772.751
772.787
772.822
772.856
772.886
772.912
772.934
772.951
772.965
772.975
772.983
772.988
772.992
772.995
772.997
772.998
772.999
772.999
773
773
773
773
773
773
773
773
773
773
773
773
773
773
773
773
773
773
773
773
773
773
773
773
773
773
773
773
773
773
773
773
773
773
773
773
773
773
773
773
773
773
773
773
773
773
773
773
773
773
773
773
773
773
773
773
773
773
773
773
773
773
773
773
773
773
773
773
773
773
773
773
773
773
773
773
773
773
773
773
773
773
773
773
773
773
773
773
773
773
773
773
773
773
773
773
773
773.001
773.001
773.002
773.004
773.007
773.011
773.018
773.029
773.044
773.065
773.092
773.126
773.166
773.21
773.254
773.297
773.332
773.356
773.366
773.362
773.346
773.316
773.275
773.225
773.173
773.125
773.083
773.053
773.034
773.026
773.026
773.03
773.035
773.041
773.047
773.051
773.055
773.059
773.061
773.062
773.063
773.063
773.065
773.062
773.053
773.019
772.961
772.837
772.714
772.715
772.761
772.863
772.926
772.953
772.959
772.958
772.956
772.955
772.955
772.956
772.957
772.959
772.961
772.963
772.966
772.97
772.974
772.977
772.979
772.978
772.972
772.956
772.933
772.902
772.864
772.822
772.779
772.739
772.704
772.678
772.663
772.66
772.668
772.689
772.718
772.751
772.787
772.822
772.856
772.886
772.912
772.934
772.951
772.965
772.975
772.983
772.988
772.992
772.995
772.997
772.998
772.999
772.999
773
773
773
773
773
773
773
773
773
773
773
773
773
773
773
773
773
773
773
773
773
773
773
773
773
773
773
773
773
773
773
773
773
773
773
773
773
773
773
773
773
773
773
773
773
773
773
773
773
773
773
773
773
773
773
773
773
773
773
773
773
773
773
773
773
773
773
773
773
773
773
773
773
773
773
773
773
773
773
773
773
773
773
773
773
773
773
773
773
773
773
773
773
773
773
773
773
773.001
773.001
773.002
773.004
773.007
773.011
773.018
773.029
773.044
773.065
773.092
773.126
773.166
773.21
773.254
773.297
773.332
773.356
773.366
773.362
773.346
773.316
773.275
773.225
773.173
773.125
773.083
773.053
773.034
773.026
773.026
773.03
773.035
773.041
773.047
773.051
773.055
773.059
773.061
773.061
773.064
773.063
773.068
773.073
773.078
773.213
773.13
772.935
772.46
772.391
772.525
772.771
772.908
772.955
772.963
772.962
772.958
772.956
772.955
772.956
772.958
772.959
772.961
772.963
772.966
772.97
772.974
772.977
772.979
772.978
772.972
772.956
772.933
772.902
772.864
772.822
772.779
772.739
772.704
772.678
772.663
772.66
772.668
772.689
772.718
772.751
772.787
772.822
772.856
772.886
772.912
772.934
772.951
772.965
772.975
772.983
772.988
772.992
772.995
772.997
772.998
772.999
772.999
773
773
773
773
773
773
773
773
773
773
773
773
773
773
773
773
773
773
773
773
773
773
773
773
773
773
773
773
773
773
773
773
773
773
773
773
773
773
773
773
773
773
773
773
773
773
773
773
773
773
773
773
773
773
773
773
773
773
773
773
773
773
773
773
773
773
773
773
773
773
773
773
773
773
773
773
773
773
773
773
773
773
773
773
773
773
773
773
773
773
773
773
773
773
773
773
773
773.001
773.001
773.002
773.004
773.007
773.011
773.018
773.029
773.044
773.065
773.092
773.126
773.166
773.21
773.254
773.297
773.332
773.356
773.366
773.362
773.346
773.316
773.275
773.225
773.173
773.125
773.083
773.053
773.034
773.026
773.026
773.03
773.035
773.041
773.047
773.051
773.055
773.059
773.061
773.062
773.064
773.064
773.068
773.079
773.1
773.303
773.755
773.683
772.924
772.499
772.538
772.767
772.922
772.967
772.972
772.967
772.96
772.956
772.956
772.956
772.958
772.959
772.961
772.963
772.966
772.97
772.974
772.977
772.979
772.978
772.972
772.956
772.933
772.902
772.864
772.822
772.779
772.739
772.704
772.678
772.663
772.66
772.668
772.689
772.718
772.751
772.787
772.822
772.856
772.886
772.912
772.934
772.951
772.965
772.975
772.983
772.988
772.992
772.995
772.997
772.998
772.999
772.999
773
773
773
773
773
773
773
773
773
773
773
773
773
773
773
773
773
773
773
773
773
773
773
773
773
773
773
773
773
773
773
773
773
773
773
773
773
773
773
773
773
773
773
773
773
773
773
773
773
773
773
773
773
773
773
773
773
773
773
773
773
773
773
773
773
773
773
773
773
773
773
773
773
773
773
773
773
773
773
773
773
773
773
773
773
773
773
773
773
773
773
773
773
773
773
773
773
773.001
773.001
773.002
773.004
773.007
773.011
773.018
773.029
773.044
773.065
773.092
773.126
773.166
773.21
773.254
773.297
773.332
773.356
773.366
773.362
773.346
773.316
773.275
773.225
773.173
773.125
773.083
773.053
773.034
773.026
773.026
773.03
773.035
773.041
773.047
773.051
773.055
773.059
773.061
773.062
773.064
773.064
773.069
773.08
773.107
773.38
773.086
774.451
775.051
774.698
773.683
773.213
773.061
773.006
772.98
772.966
772.959
772.956
772.956
772.956
772.958
772.959
772.961
772.963
772.966
772.97
772.974
772.977
772.979
772.978
772.972
772.956
772.933
772.902
772.864
772.822
772.779
772.739
772.704
772.678
772.663
772.66
772.668
772.689
772.718
772.751
772.787
772.822
772.856
772.886
772.912
772.934
772.951
772.965
772.975
772.983
772.988
772.992
772.995
772.997
772.998
772.999
772.999
773
773
773
773
773
773
773
773
773
773
773
773
773
773
773
773
773
773
773
773
773
773
773
773
773
773
773
773
773
773
773
773
773
773
773
773
773
773
773
773
773
773
773
773
773
773
773
773
773
773
773
773
773
773
773
773
773
773
773
773
773
773
773
773
773
773
773
773
773
773
773
773
773
773
773
773
773
773
773
773
773
773
773
773
773
773
773
773
773
773
773
773
773
773
773
773
773
773.001
773.001
773.002
773.004
773.007
773.011
773.018
773.029
773.044
773.065
773.092
773.126
773.166
773.21
773.254
773.297
773.332
773.356
773.366
773.362
773.346
773.316
773.275
773.225
773.173
773.125
773.083
773.053
773.034
773.026
773.026
773.03
773.035
773.041
773.047
773.051
773.055
773.059
773.061
773.062
773.064
773.064
773.071
773.08
773.114
773.383
771.017
774.089
778.495
778.451
776.247
774.175
773.373
773.096
773.003
772.972
772.961
772.957
772.956
772.957
772.958
772.959
772.961
772.964
772.967
772.97
772.974
772.977
772.979
772.978
772.972
772.956
772.933
772.902
772.864
772.823
772.779
772.739
772.705
772.679
772.664
772.661
772.668
772.689
772.718
772.751
772.787
772.823
772.856
772.886
772.912
772.934
772.952
772.965
772.976
772.983
772.989
772.993
772.995
772.997
772.998
772.999
773
773
773
773
773
773
773
773
773
773
773
773
773
773
773
773
773
773
773
773
773
773
773
773
773
773
773
773
773
773
773
773
773
773
773
773
773
773
773
773
773
773
773
773
773
773
773
773
773
773
773
773
773
773
773
773
773
773
773
773
773
773
773
773
773
773
773
773
773
773
773
773
773
773
773
773
773
773
773
773
773
773
773
773
773
773
773
773
773
773
773
773
773
773
773
773
773.001
773.001
773.001
773.002
773.003
773.004
773.007
773.012
773.019
773.029
773.045
773.065
773.093
773.126
773.166
773.21
773.255
773.297
773.332
773.356
773.367
773.362
773.346
773.316
773.275
773.226
773.174
773.125
773.084
773.053
773.035
773.027
773.027
773.03
773.035
773.041
773.047
773.052
773.055
773.059
773.061
773.063
773.063
773.067
773.069
773.085
773.113
773.291
772.476
772.371
772.248
772.209
772.223
772.251
772.285
772.356
772.437
772.52
772.604
772.692
772.796
772.905
772.986
773.018
773.009
772.946
772.806
772.436
772.499
772.428
772.363
772.329
772.323
772.325
772.338
772.367
772.401
772.447
772.482
772.54
772.576
772.649
772.681
772.742
772.751
772.812
772.891
772.958
772.638
772.567
772.497
772.468
772.457
772.463
772.488
772.528
772.585
772.644
772.705
772.764
772.818
772.861
772.883
772.903
772.915
772.944
772.968
773.06
772.863
772.848
772.846
772.859
772.87
772.879
772.886
772.889
772.89
772.891
772.891
772.882
772.852
772.807
772.763
772.742
772.742
772.764
772.804
772.899
773.029
773.011
772.993
772.988
772.976
772.967
772.962
772.966
772.968
772.96
772.937
772.913
772.891
772.857
772.822
772.798
772.784
772.785
772.791
772.824
773.178
773.206
773.229
773.238
773.243
773.241
773.222
773.173
773.087
773
772.925
772.858
772.781
772.692
772.588
772.514
772.483
772.503
772.542
772.648
773.261
773.277
773.275
773.26
773.225
773.152
773.02
772.883
772.757
772.587
772.332
771.93
771.575
771.378
771.335
771.383
771.621
772.007
772.322
772.623
773.32
773.337
773.309
773.198
773.02
772.794
772.625
772.452
772.114
771.684
771.377
771.288
771.326
771.431
771.559
771.693
771.86
772.06
772.286
772.611
773.31
773.328
773.293
772.916
772.478
772.417
772.622
773.121
773.944
775.088
776.496
777.967
779.168
779.702
778.811
777.129
775.538
774.288
773.601
773.337
773.295
773.374
773.515
773.741
773.971
774.297
774.803
775.698
777.752
782.403
790.775
798.811
802.071
800.96
796.71
791.625
786.148
781.534
777.303
773.381
771.126
774.08
778.721
778.782
776.628
774.361
773.45
773.127
773.016
772.977
772.963
772.958
772.956
772.956
772.957
772.957
772.958
772.96
772.962
772.964
772.967
772.969
772.971
772.971
772.968
772.958
772.942
772.919
772.889
772.854
772.816
772.776
772.739
772.707
772.683
772.669
772.665
772.671
772.689
772.715
772.746
772.78
772.814
772.847
772.877
772.904
772.926
772.945
772.96
772.971
772.98
772.986
772.991
772.995
772.998
773
773.003
773.007
773.012
773.02
773.031
773.047
773.068
773.096
773.129
773.168
773.211
773.255
773.297
773.332
773.357
773.37
773.367
773.354
773.328
773.289
773.242
773.19
773.14
773.096
773.062
773.038
773.026
773.023
773.025
773.03
773.036
773.042
773.047
773.052
773.056
773.059
773.061
773.062
773.062
773.064
773.061
773.041
773.045
772.176
773.081
774.293
774.952
774.667
773.703
773.214
773.062
773.01
772.985
772.97
772.961
772.957
772.956
772.956
772.956
772.957
772.958
772.959
772.961
772.964
772.966
772.969
772.971
772.971
772.968
772.958
772.942
772.919
772.889
772.854
772.816
772.776
772.739
772.707
772.683
772.668
772.665
772.671
772.689
772.715
772.746
772.78
772.814
772.847
772.877
772.904
772.926
772.945
772.959
772.971
772.98
772.986
772.991
772.994
772.997
773
773.003
773.007
773.012
773.02
773.031
773.047
773.068
773.095
773.129
773.168
773.211
773.255
773.297
773.332
773.357
773.369
773.367
773.354
773.327
773.289
773.241
773.19
773.14
773.096
773.061
773.038
773.026
773.023
773.025
773.03
773.036
773.042
773.047
773.051
773.055
773.058
773.061
773.061
773.062
773.062
773.061
773.041
773.042
772.226
773.782
773.753
773.02
772.533
772.546
772.746
772.913
772.967
772.974
772.97
772.962
772.958
772.956
772.956
772.956
772.957
772.958
772.959
772.961
772.964
772.966
772.969
772.971
772.971
772.968
772.958
772.942
772.919
772.889
772.854
772.816
772.776
772.739
772.707
772.683
772.668
772.665
772.671
772.689
772.715
772.746
772.78
772.814
772.847
772.877
772.904
772.926
772.945
772.959
772.971
772.98
772.986
772.991
772.994
772.997
773
773.003
773.007
773.012
773.02
773.031
773.047
773.068
773.095
773.129
773.168
773.211
773.255
773.297
773.332
773.357
773.369
773.367
773.354
773.327
773.289
773.241
773.19
773.14
773.096
773.061
773.038
773.026
773.023
773.025
773.03
773.036
773.042
773.047
773.051
773.055
773.058
773.061
773.061
773.063
773.062
773.061
773.043
773.033
772.409
773.111
772.965
772.508
772.409
772.513
772.752
772.898
772.954
772.965
772.964
772.96
772.957
772.956
772.955
772.956
772.957
772.958
772.959
772.961
772.964
772.966
772.969
772.971
772.971
772.968
772.958
772.942
772.919
772.889
772.854
772.816
772.776
772.739
772.707
772.683
772.668
772.665
772.671
772.689
772.715
772.746
772.78
772.814
772.847
772.877
772.904
772.926
772.945
772.959
772.971
772.98
772.986
772.991
772.994
772.997
773
773.003
773.007
773.012
773.02
773.031
773.047
773.068
773.095
773.129
773.168
773.211
773.255
773.297
773.332
773.357
773.369
773.367
773.354
773.327
773.289
773.241
773.19
773.14
773.096
773.061
773.038
773.026
773.023
773.025
773.03
773.036
773.042
773.047
773.051
773.055
773.058
773.061
773.061
773.063
773.062
773.061
773.052
773.028
772.781
772.947
772.854
772.731
772.728
772.762
772.855
772.921
772.952
772.96
772.959
772.957
772.955
772.955
772.955
772.956
772.957
772.958
772.959
772.961
772.964
772.966
772.969
772.971
772.971
772.968
772.958
772.942
772.919
772.889
772.854
772.816
772.776
772.739
772.707
772.683
772.668
772.665
772.671
772.689
772.715
772.746
772.78
772.814
772.847
772.877
772.904
772.926
772.945
772.959
772.971
772.98
772.986
772.991
772.994
772.997
773
773.003
773.007
773.012
773.02
773.031
773.047
773.068
773.095
773.129
773.168
773.211
773.255
773.297
773.332
773.357
773.369
773.367
773.354
773.327
773.289
773.241
773.19
773.14
773.096
773.061
773.038
773.026
773.023
773.025
773.03
773.036
773.042
773.047
773.051
773.055
773.058
773.061
773.061
773.063
773.063
773.065
773.062
773.052
773.019
772.785
772.837
772.87
772.943
772.972
772.96
772.94
772.94
772.946
772.951
772.952
772.953
772.954
772.955
772.956
772.957
772.958
772.959
772.961
772.964
772.966
772.969
772.971
772.971
772.968
772.958
772.942
772.919
772.889
772.854
772.816
772.776
772.739
772.707
772.683
772.668
772.665
772.671
772.689
772.715
772.746
772.78
772.814
772.847
772.877
772.904
772.926
772.945
772.959
772.971
772.98
772.986
772.991
772.994
772.997
773
773.003
773.007
773.012
773.02
773.031
773.047
773.068
773.095
773.129
773.168
773.211
773.255
773.297
773.332
773.357
773.369
773.367
773.354
773.327
773.289
773.241
773.19
773.14
773.096
773.061
773.038
773.026
773.023
773.025
773.03
773.036
773.042
773.047
773.051
773.055
773.058
773.061
773.061
773.063
773.063
773.068
773.073
773.078
773.209
772.855
773.061
773.235
773.279
773.22
773.048
772.96
772.938
772.938
772.944
772.949
772.952
772.953
772.955
772.956
772.957
772.958
772.959
772.961
772.964
772.966
772.969
772.971
772.971
772.968
772.958
772.942
772.919
772.889
772.854
772.816
772.776
772.739
772.707
772.683
772.668
772.665
772.671
772.689
772.715
772.746
772.78
772.814
772.847
772.877
772.904
772.926
772.945
772.959
772.971
772.98
772.986
772.991
772.994
772.997
773
773.003
773.007
773.012
773.02
773.031
773.047
773.068
773.095
773.129
773.168
773.211
773.255
773.297
773.332
773.357
773.369
773.367
773.354
773.327
773.289
773.241
773.19
773.14
773.096
773.061
773.038
773.026
773.023
773.025
773.03
773.036
773.042
773.047
773.051
773.055
773.058
773.061
773.061
773.063
773.064
773.069
773.08
773.101
773.299
773.108
773.69
774.059
774.108
773.909
773.364
773.049
772.949
772.932
772.936
772.945
772.95
772.953
772.955
772.956
772.957
772.958
772.959
772.961
772.964
772.966
772.969
772.971
772.971
772.968
772.958
772.942
772.919
772.889
772.854
772.816
772.776
772.739
772.707
772.683
772.668
772.665
772.671
772.689
772.715
772.746
772.78
772.814
772.847
772.877
772.904
772.926
772.945
772.959
772.971
772.98
772.986
772.991
772.994
772.997
773
773.003
773.007
773.012
773.02
773.031
773.047
773.068
773.095
773.129
773.168
773.211
773.255
773.297
773.332
773.357
773.369
773.367
773.354
773.327
773.289
773.241
773.19
773.14
773.096
773.061
773.038
773.026
773.023
773.025
773.03
773.036
773.042
773.047
773.051
773.055
773.058
773.061
773.061
773.063
773.064
773.07
773.081
773.108
773.377
773.495
774.116
774.462
774.455
774.086
773.387
773.049
772.945
772.929
772.934
772.944
772.95
772.953
772.955
772.956
772.957
772.958
772.959
772.961
772.964
772.966
772.969
772.971
772.971
772.968
772.958
772.942
772.919
772.889
772.854
772.816
772.776
772.739
772.707
772.683
772.668
772.665
772.671
772.689
772.715
772.746
772.78
772.814
772.847
772.877
772.904
772.926
772.945
772.959
772.971
772.98
772.986
772.991
772.994
772.997
773
773.003
773.007
773.012
773.02
773.031
773.047
773.068
773.095
773.129
773.168
773.211
773.255
773.297
773.332
773.357
773.369
773.367
773.354
773.327
773.289
773.241
773.19
773.14
773.096
773.061
773.038
773.026
773.023
773.025
773.03
773.036
773.042
773.047
773.051
773.055
773.058
773.061
773.061
773.064
773.064
773.072
773.081
773.114
773.381
770.249
769.357
769.345
769.828
771.184
772.146
772.61
772.812
772.895
772.929
772.943
772.95
772.953
772.955
772.956
772.957
772.958
772.96
772.962
772.964
772.967
772.969
772.971
772.971
772.968
772.958
772.942
772.919
772.889
772.854
772.816
772.776
772.739
772.707
772.683
772.669
772.665
772.671
772.689
772.715
772.746
772.78
772.814
772.847
772.877
772.904
772.926
772.945
772.96
772.971
772.98
772.986
772.991
772.995
772.998
773
773.003
773.007
773.012
773.02
773.031
773.047
773.068
773.096
773.129
773.168
773.211
773.255
773.297
773.332
773.357
773.37
773.367
773.354
773.328
773.289
773.242
773.19
773.14
773.096
773.062
773.038
773.026
773.023
773.025
773.03
773.036
773.042
773.047
773.052
773.056
773.059
773.06
773.063
773.062
773.067
773.07
773.085
773.114
773.29
772.471
772.364
772.242
772.2
772.215
772.242
772.273
772.346
772.426
772.51
772.593
772.681
772.786
772.895
772.977
773.008
772.998
772.929
772.775
772.388
772.495
772.425
772.359
772.324
772.318
772.321
772.334
772.363
772.397
772.445
772.484
772.549
772.588
772.669
772.696
772.757
772.764
772.829
772.907
772.986
772.634
772.563
772.493
772.464
772.451
772.456
772.481
772.521
772.577
772.636
772.696
772.758
772.811
772.857
772.88
772.899
772.909
772.935
772.954
773.035
772.861
772.846
772.845
772.857
772.869
772.878
772.885
772.889
772.891
772.893
772.893
772.885
772.857
772.809
772.76
772.733
772.73
772.749
772.788
772.88
773.028
773.01
772.992
772.985
772.975
772.966
772.965
772.97
772.972
772.964
772.938
772.912
772.891
772.859
772.827
772.806
772.795
772.797
772.804
772.837
773.177
773.205
773.229
773.239
773.245
773.244
773.227
773.182
773.097
773.009
772.931
772.861
772.782
772.685
772.577
772.502
772.474
772.501
772.543
772.654
773.262
773.279
773.278
773.263
773.23
773.16
773.034
772.899
772.772
772.6
772.341
771.934
771.573
771.375
771.33
771.375
771.608
771.993
772.32
772.627
773.325
773.344
773.319
773.214
773.042
772.826
772.649
772.457
772.108
771.676
771.37
771.282
771.32
771.427
771.56
771.7
771.871
772.071
772.291
772.602
773.315
773.334
773.303
772.952
772.51
772.439
772.633
773.113
773.913
775.031
776.405
777.862
779.06
779.583
778.794
777.187
775.576
774.313
773.673
773.302
773.294
773.368
773.5
773.719
773.947
774.264
774.759
775.646
777.706
782.333
790.64
798.743
802.098
801.023
796.919
791.735
786.154
781.331
777.109
773.35
771.095
774.307
778.746
778.667
776.36
774.226
773.394
773.105
773.007
772.973
772.962
772.957
772.956
772.956
772.957
772.958
772.959
772.961
772.963
772.966
772.968
772.971
772.971
772.97
772.962
772.946
772.924
772.894
772.859
772.819
772.779
772.74
772.707
772.683
772.668
772.665
772.673
772.693
772.721
772.754
772.789
772.824
772.857
772.887
772.913
772.935
772.952
772.965
772.976
772.983
772.989
772.993
772.995
772.997
772.998
772.999
773
773
773
773
773
773
773
773
773
773
773
773
773
773
773
773
773
773
773
773
773
773
773
773
773
773
773
773
773
773
773
773
773
773
773
773
773
773
773
773
773
773
773
773
773
773
773
773
773
773
773
773
773
773
773
773
773
773
773
773
773
773
773
773
773
773
773
773
773
773
773
773
773
773
773
773
773
773
773
773
773
773
773
773
773
773
773
773
773
773
773
773
773
773
773
773
773.001
773.001
773.001
773.002
773.003
773.004
773.007
773.012
773.019
773.03
773.045
773.066
773.094
773.129
773.17
773.216
773.264
773.31
773.348
773.377
773.391
773.387
773.372
773.341
773.294
773.238
773.177
773.119
773.069
773.031
773.009
772.999
773
773.005
773.013
773.022
773.031
773.038
773.044
773.05
773.053
773.058
773.058
773.065
773.067
773.084
773.111
773.286
773.181
774.543
775.007
774.614
773.616
773.188
773.054
773.006
772.982
772.968
772.96
772.957
772.956
772.956
772.957
772.958
772.959
772.961
772.963
772.965
772.968
772.97
772.971
772.969
772.961
772.946
772.923
772.894
772.859
772.819
772.778
772.74
772.707
772.682
772.668
772.665
772.673
772.693
772.721
772.754
772.789
772.824
772.857
772.887
772.913
772.934
772.952
772.965
772.975
772.983
772.988
772.992
772.995
772.997
772.998
772.999
772.999
773
773
773
773
773
773
773
773
773
773
773
773
773
773
773
773
773
773
773
773
773
773
773
773
773
773
773
773
773
773
773
773
773
773
773
773
773
773
773
773
773
773
773
773
773
773
773
773
773
773
773
773
773
773
773
773
773
773
773
773
773
773
773
773
773
773
773
773
773
773
773
773
773
773
773
773
773
773
773
773
773
773
773
773
773
773
773
773
773
773
773
773
773
773
773
773
773
773.001
773.001
773.002
773.004
773.007
773.011
773.019
773.029
773.045
773.066
773.094
773.129
773.17
773.216
773.264
773.309
773.348
773.376
773.39
773.387
773.372
773.34
773.294
773.238
773.177
773.119
773.068
773.031
773.008
772.999
773
773.004
773.012
773.022
773.031
773.038
773.044
773.049
773.053
773.055
773.061
773.061
773.069
773.078
773.112
773.381
773.748
773.696
772.939
772.514
772.55
772.774
772.925
772.97
772.974
772.968
772.961
772.957
772.956
772.956
772.957
772.958
772.959
772.961
772.963
772.965
772.968
772.97
772.971
772.969
772.961
772.946
772.923
772.894
772.859
772.819
772.778
772.74
772.707
772.682
772.668
772.665
772.673
772.693
772.721
772.754
772.789
772.824
772.857
772.887
772.913
772.934
772.952
772.965
772.975
772.983
772.988
772.992
772.995
772.997
772.998
772.999
772.999
773
773
773
773
773
773
773
773
773
773
773
773
773
773
773
773
773
773
773
773
773
773
773
773
773
773
773
773
773
773
773
773
773
773
773
773
773
773
773
773
773
773
773
773
773
773
773
773
773
773
773
773
773
773
773
773
773
773
773
773
773
773
773
773
773
773
773
773
773
773
773
773
773
773
773
773
773
773
773
773
773
773
773
773
773
773
773
773
773
773
773
773
773
773
773
773
773
773.001
773.001
773.002
773.004
773.007
773.011
773.019
773.029
773.045
773.066
773.094
773.129
773.17
773.216
773.264
773.309
773.348
773.376
773.39
773.387
773.372
773.34
773.294
773.238
773.177
773.119
773.068
773.031
773.008
772.999
773
773.004
773.012
773.022
773.031
773.038
773.044
773.049
773.053
773.056
773.06
773.061
773.067
773.078
773.105
773.378
773.096
772.923
772.473
772.407
772.537
772.776
772.911
772.957
772.965
772.964
772.959
772.956
772.956
772.956
772.957
772.958
772.959
772.961
772.963
772.965
772.968
772.97
772.971
772.969
772.961
772.946
772.923
772.894
772.859
772.819
772.778
772.74
772.707
772.682
772.668
772.665
772.673
772.693
772.721
772.754
772.789
772.824
772.857
772.887
772.913
772.934
772.952
772.965
772.975
772.983
772.988
772.992
772.995
772.997
772.998
772.999
772.999
773
773
773
773
773
773
773
773
773
773
773
773
773
773
773
773
773
773
773
773
773
773
773
773
773
773
773
773
773
773
773
773
773
773
773
773
773
773
773
773
773
773
773
773
773
773
773
773
773
773
773
773
773
773
773
773
773
773
773
773
773
773
773
773
773
773
773
773
773
773
773
773
773
773
773
773
773
773
773
773
773
773
773
773
773
773
773
773
773
773
773
773
773
773
773
773
773
773.001
773.001
773.002
773.004
773.007
773.011
773.019
773.029
773.045
773.066
773.094
773.129
773.17
773.216
773.264
773.309
773.348
773.376
773.39
773.387
773.372
773.34
773.294
773.238
773.177
773.119
773.068
773.031
773.008
772.999
773
773.004
773.012
773.022
773.031
773.038
773.044
773.049
773.053
773.056
773.06
773.061
773.066
773.076
773.097
773.302
772.945
772.836
772.719
772.72
772.764
772.864
772.928
772.955
772.961
772.96
772.957
772.955
772.955
772.956
772.957
772.958
772.959
772.961
772.963
772.965
772.968
772.97
772.971
772.969
772.961
772.946
772.923
772.894
772.859
772.819
772.778
772.74
772.707
772.682
772.668
772.665
772.673
772.693
772.721
772.754
772.789
772.824
772.857
772.887
772.913
772.934
772.952
772.965
772.975
772.983
772.988
772.992
772.995
772.997
772.998
772.999
772.999
773
773
773
773
773
773
773
773
773
773
773
773
773
773
773
773
773
773
773
773
773
773
773
773
773
773
773
773
773
773
773
773
773
773
773
773
773
773
773
773
773
773
773
773
773
773
773
773
773
773
773
773
773
773
773
773
773
773
773
773
773
773
773
773
773
773
773
773
773
773
773
773
773
773
773
773
773
773
773
773
773
773
773
773
773
773
773
773
773
773
773
773
773
773
773
773
773
773.001
773.001
773.002
773.004
773.007
773.011
773.019
773.029
773.045
773.066
773.094
773.129
773.17
773.216
773.264
773.309
773.348
773.376
773.39
773.387
773.372
773.34
773.294
773.238
773.177
773.119
773.068
773.031
773.008
772.999
773
773.004
773.012
773.022
773.031
773.038
773.044
773.049
773.053
773.055
773.06
773.06
773.065
773.071
773.076
773.212
772.784
772.832
772.866
772.939
772.964
772.951
772.939
772.942
772.949
772.952
772.953
772.954
772.954
772.955
772.957
772.958
772.959
772.961
772.963
772.965
772.968
772.97
772.971
772.969
772.961
772.946
772.923
772.894
772.859
772.819
772.778
772.74
772.707
772.682
772.668
772.665
772.673
772.693
772.721
772.754
772.789
772.824
772.857
772.887
772.913
772.934
772.952
772.965
772.975
772.983
772.988
772.992
772.995
772.997
772.998
772.999
772.999
773
773
773
773
773
773
773
773
773
773
773
773
773
773
773
773
773
773
773
773
773
773
773
773
773
773
773
773
773
773
773
773
773
773
773
773
773
773
773
773
773
773
773
773
773
773
773
773
773
773
773
773
773
773
773
773
773
773
773
773
773
773
773
773
773
773
773
773
773
773
773
773
773
773
773
773
773
773
773
773
773
773
773
773
773
773
773
773
773
773
773
773
773
773
773
773
773
773.001
773.001
773.002
773.004
773.007
773.011
773.019
773.029
773.045
773.066
773.094
773.129
773.17
773.216
773.264
773.309
773.348
773.376
773.39
773.387
773.372
773.34
773.294
773.238
773.177
773.119
773.068
773.031
773.008
772.999
773
773.004
773.012
773.022
773.031
773.038
773.044
773.049
773.053
773.056
773.06
773.059
773.063
773.061
773.052
773.018
772.858
773.082
773.252
773.284
773.202
773.026
772.953
772.938
772.94
772.946
772.95
772.952
772.954
772.955
772.956
772.958
772.959
772.961
772.963
772.965
772.968
772.97
772.971
772.969
772.961
772.946
772.923
772.894
772.859
772.819
772.778
772.74
772.707
772.682
772.668
772.665
772.673
772.693
772.721
772.754
772.789
772.824
772.857
772.887
772.913
772.934
772.952
772.965
772.975
772.983
772.988
772.992
772.995
772.997
772.998
772.999
772.999
773
773
773
773
773
773
773
773
773
773
773
773
773
773
773
773
773
773
773
773
773
773
773
773
773
773
773
773
773
773
773
773
773
773
773
773
773
773
773
773
773
773
773
773
773
773
773
773
773
773
773
773
773
773
773
773
773
773
773
773
773
773
773
773
773
773
773
773
773
773
773
773
773
773
773
773
773
773
773
773
773
773
773
773
773
773
773
773
773
773
773
773
773
773
773
773
773
773.001
773.001
773.002
773.004
773.007
773.011
773.019
773.029
773.045
773.066
773.094
773.129
773.17
773.216
773.264
773.309
773.348
773.376
773.39
773.387
773.372
773.34
773.294
773.238
773.177
773.119
773.068
773.031
773.008
772.999
773
773.004
773.012
773.022
773.031
773.038
773.044
773.049
773.053
773.056
773.059
773.059
773.06
773.052
773.029
772.776
773.128
773.741
774.107
774.136
773.886
773.314
773.031
772.947
772.934
772.938
772.947
772.951
772.953
772.955
772.956
772.958
772.959
772.961
772.963
772.965
772.968
772.97
772.971
772.969
772.961
772.946
772.923
772.894
772.859
772.819
772.778
772.74
772.707
772.682
772.668
772.665
772.673
772.693
772.721
772.754
772.789
772.824
772.857
772.887
772.913
772.934
772.952
772.965
772.975
772.983
772.988
772.992
772.995
772.997
772.998
772.999
772.999
773
773
773
773
773
773
773
773
773
773
773
773
773
773
773
773
773
773
773
773
773
773
773
773
773
773
773
773
773
773
773
773
773
773
773
773
773
773
773
773
773
773
773
773
773
773
773
773
773
773
773
773
773
773
773
773
773
773
773
773
773
773
773
773
773
773
773
773
773
773
773
773
773
773
773
773
773
773
773
773
773
773
773
773
773
773
773
773
773
773
773
773
773
773
773
773
773
773.001
773.001
773.002
773.004
773.007
773.011
773.019
773.029
773.045
773.066
773.094
773.129
773.17
773.216
773.264
773.309
773.348
773.376
773.39
773.387
773.372
773.34
773.294
773.238
773.177
773.119
773.068
773.031
773.008
772.999
773
773.004
773.012
773.022
773.031
773.038
773.044
773.049
773.053
773.056
773.059
773.059
773.06
773.043
773.035
772.4
773.422
774.099
774.439
774.387
773.898
773.267
773.004
772.935
772.929
772.937
772.946
772.951
772.953
772.955
772.956
772.958
772.959
772.961
772.963
772.965
772.968
772.97
772.971
772.969
772.961
772.946
772.923
772.894
772.859
772.819
772.778
772.74
772.707
772.682
772.668
772.665
772.673
772.693
772.721
772.754
772.789
772.824
772.857
772.887
772.913
772.934
772.952
772.965
772.975
772.983
772.988
772.992
772.995
772.997
772.998
772.999
772.999
773
773
773
773
773
773
773
773
773
773
773
773
773
773
773
773
773
773
773
773
773
773
773
773
773
773
773
773
773
773
773
773
773
773
773
773
773
773
773
773
773
773
773
773
773
773
773
773
773
773
773
773
773
773
773
773
773
773
773
773
773
773
773
773
773
773
773
773
773
773
773
773
773
773
773
773
773
773
773
773
773
773
773
773
773
773
773
773
773
773
773
773
773
773
773
773
773
773.001
773.001
773.002
773.004
773.007
773.011
773.019
773.029
773.045
773.066
773.094
773.129
773.17
773.216
773.264
773.309
773.348
773.376
773.39
773.387
773.372
773.34
773.294
773.238
773.177
773.119
773.068
773.031
773.008
772.999
773
773.004
773.012
773.022
773.031
773.038
773.044
773.049
773.053
773.057
773.057
773.061
773.059
773.041
773.045
772.218
770.319
769.415
769.403
769.96
771.382
772.268
772.672
772.841
772.908
772.934
772.946
772.951
772.954
772.955
772.957
772.958
772.959
772.961
772.963
772.966
772.968
772.971
772.971
772.97
772.962
772.946
772.924
772.894
772.859
772.819
772.779
772.74
772.707
772.683
772.668
772.665
772.673
772.693
772.721
772.754
772.789
772.824
772.857
772.887
772.913
772.935
772.952
772.965
772.976
772.983
772.989
772.993
772.995
772.997
772.998
772.999
773
773
773
773
773
773
773
773
773
773
773
773
773
773
773
773
773
773
773
773
773
773
773
773
773
773
773
773
773
773
773
773
773
773
773
773
773
773
773
773
773
773
773
773
773
773
773
773
773
773
773
773
773
773
773
773
773
773
773
773
773
773
773
773
773
773
773
773
773
773
773
773
773
773
773
773
773
773
773
773
773
773
773
773
773
773
773
773
773
773
773
773
773
773
773
773
773.001
773.001
773.001
773.002
773.003
773.004
773.007
773.012
773.019
773.03
773.045
773.066
773.094
773.129
773.17
773.216
773.264
773.31
773.348
773.377
773.391
773.387
773.372
773.341
773.294
773.238
773.177
773.119
773.069
773.031
773.009
772.999
773
773.005
773.013
773.022
773.031
773.038
773.044
773.05
773.053
773.057
773.058
773.061
773.059
773.041
773.047
772.166
773.293
773.374
773.519
773.753
773.989
774.322
774.841
775.759
777.857
782.465
790.419
798.088
801.486
800.677
796.827
791.566
786.092
781.331
777.205
773.294
773.308
773.326
773.289
772.898
772.462
772.406
772.616
773.12
773.951
775.101
776.499
777.933
779.111
779.624
778.673
777.068
775.535
774.292
773.561
773.242
773.319
773.335
773.306
773.191
773.021
772.834
772.637
772.398
772.039
771.656
771.417
771.367
771.415
771.52
771.64
771.761
771.91
772.091
772.312
772.644
773.261
773.278
773.276
773.26
773.225
773.152
773.016
772.875
772.745
772.575
772.323
771.938
771.61
771.43
771.39
771.434
771.666
772.033
772.352
772.644
773.178
773.207
773.23
773.239
773.244
773.241
773.22
773.169
773.084
772.999
772.925
772.858
772.779
772.684
772.578
772.504
772.476
772.5
772.545
772.666
773.029
773.011
772.992
772.987
772.975
772.966
772.961
772.965
772.968
772.961
772.938
772.915
772.895
772.866
772.837
772.819
772.808
772.812
772.817
772.858
772.863
772.847
772.847
772.86
772.872
772.881
772.889
772.893
772.895
772.896
772.897
772.889
772.864
772.818
772.771
772.742
772.736
772.751
772.791
772.892
772.637
772.566
772.497
772.468
772.457
772.463
772.488
772.528
772.586
772.644
772.706
772.767
772.827
772.868
772.901
772.917
772.949
772.967
773.019
773.094
772.501
772.432
772.366
772.332
772.328
772.332
772.347
772.376
772.415
772.46
772.508
772.566
772.633
772.7
772.76
772.803
772.828
772.845
772.889
772.884
772.477
772.372
772.248
772.21
772.226
772.254
772.288
772.36
772.441
772.526
772.611
772.699
772.799
772.903
772.983
773.016
773.007
772.957
772.795
772.326
770.089
769.544
770.071
771.546
772.398
772.749
772.882
772.928
772.945
772.952
772.956
772.96
772.962
772.965
772.969
772.974
772.979
772.982
772.981
772.972
772.945
772.905
772.856
772.801
772.747
772.701
772.671
772.658
772.664
772.691
772.731
772.776
772.821
772.863
772.899
772.928
772.951
772.967
772.979
772.987
772.992
772.996
772.998
772.999
772.999
773
773
773
773
773
773
773
773
773
773
773
773
773
773
773
773
773
773
773
773
773
773
773
773
773
773
773
773
773
773
773
773
773
773
773
773
773
773
773
773
773
773
773
773
773
773
773
773
773
773
773
773
773
773
773
773
773
773
773
773
773
773
773
773
773
773
773
773
773
773
773
773
773
773
773
773
773
773
773
773
773
773
773
773
773
773
773
773
773
773
773
773
773
773
773
773
773
773
773
773
773
773
773
773
773
773
773
773
773
773
773
773
773
773
773
773
773
773
773
773
773
773
773
773
773
773
773
773
773
773
773
773
773
773
773
773
773
773
773
773
773
773
773
773
773
773
773
773
773
773
773
773
773
773
773
773
773
773
773
773
773
773
773
773
773
773
773
773
773
773
773
773
773
773
773
773
773
773
773
773
773
773
773
773
773
773
773
773
773
773
773
773
773
773
773
773
773
773
773
773
773
773
773
773
773
773
773
773
773
773
773
773
773
773
773
773
773
773
773
773
773
773
773
773
773
773
773
773
773
773
773
773
773
773
773
773
773
773
773
773
773
773
773
773
773
773
773
773
773
773
773
773
773
773
773
773
773
773
773
773
773
773
773
773
773
773
773
773
773
773
773
773
773
773
773
773
773
773
773
773
773
773
773
773
773
773
773
773
773
773
773
773
773
773
773
773
773
773
773
773
773
773
773
773
773
773
773
773
773
773
773
773
773
773
773
773
773
773
773
773
773
773
773
773
773
773
773
773
773
773
773
773
773
773
773
773
773
773
773
773
773
773
773
773
773
773
773
773
773
773
773
773
773
773
773
773
773
773
773
773
773
773
773
773
773
773
773
773
773
773
773
773
773
773
773
773
773
773
773
773
773
773
773
773
773
773
773
773
773
773
773
773
773
773
773
773
773
773
773
773
773
773
773
773
773
773
773
773
773
773
773
773
773
773
773
773
773
773
773
773
773
773
773
773
773
773
773
773
773
773
773
773
773
773
773
773
773
773
773
773
773
773
773
773
773
773
773
773
773
773
773
773
773
773
773
773
773
773
773
773
773
773
773
773
773
773
773
773
773
773
773
773
773
773
773
773
773
773
773
773
773
773
773
773
773
773
773
773
773
773
773
773
773
773
773
773
773
773
773
773
773
773
773
773
773
773
773
773
773
773
773
773
773
773
773
773
773
773
773
773
773
773
773
773
773
773
773
773
773
773.001
773.001
773.001
773.001
773.002
773.003
773.004
773.005
773.007
773.008
773.011
773.013
773.016
773.019
773.022
773.026
773.03
773.035
773.039
773.044
773.05
773.055
773.061
773.068
773.074
773.082
773.569
774.089
774.096
773.71
773.166
772.971
772.934
772.935
772.945
772.952
772.956
772.959
772.962
772.965
772.969
772.973
772.978
772.982
772.981
772.971
772.945
772.905
772.855
772.8
772.746
772.701
772.67
772.658
772.664
772.69
772.731
772.776
772.821
772.863
772.899
772.928
772.951
772.967
772.979
772.987
772.992
772.995
772.997
772.998
772.999
773
773
773
773
773
773
773
773
773
773
773
773
773
773
773
773
773
773
773
773
773
773
773
773
773
773
773
773
773
773
773
773
773
773
773
773
773
773
773
773
773
773
773
773
773
773
773
773
773
773
773
773
773
773
773
773
773
773
773
773
773
773
773
773
773
773
773
773
773
773
773
773
773
773
773
773
773
773
773
773
773
773
773
773
773
773
773
773
773
773
773
773
773
773
773
773
773
773
773
773
773
773
773
773
773
773
773
773
773
773
773
773
773
773
773
773
773
773
773
773
773
773
773
773
773
773
773
773
773
773
773
773
773
773
773
773
773
773
773
773
773
773
773
773
773
773
773
773
773
773
773
773
773
773
773
773
773
773
773
773
773
773
773
773
773
773
773
773
773
773
773
773
773
773
773
773
773
773
773
773
773
773
773
773
773
773
773
773
773
773
773
773
773
773
773
773
773
773
773
773
773
773
773
773
773
773
773
773
773
773
773
773
773
773
773
773
773
773
773
773
773
773
773
773
773
773
773
773
773
773
773
773
773
773
773
773
773
773
773
773
773
773
773
773
773
773
773
773
773
773
773
773
773
773
773
773
773
773
773
773
773
773
773
773
773
773
773
773
773
773
773
773
773
773
773
773
773
773
773
773
773
773
773
773
773
773
773
773
773
773
773
773
773
773
773
773
773
773
773
773
773
773
773
773
773
773
773
773
773
773
773
773
773
773
773
773
773
773
773
773
773
773
773
773
773
773
773
773
773
773
773
773
773
773
773
773
773
773
773
773
773
773
773
773
773
773
773
773
773
773
773
773
773
773
773
773
773
773
773
773
773
773
773
773
773
773
773
773
773
773
773
773
773
773
773
773
773
773
773
773
773
773
773
773
773
773
773
773
773
773
773
773
773
773
773
773
773
773
773
773
773
773
773
773
773
773
773
773
773
773
773
773
773
773
773
773
773
773
773
773
773
773
773
773
773
773
773
773
773
773
773
773
773
773
773
773
773
773
773
773
773
773
773
773
773
773
773
773
773
773
773
773
773
773
773
773
773
773
773
773
773
773
773
773
773
773
773
773
773
773
773
773
773
773
773
773
773
773
773
773
773
773
773
773
773
773
773
773
773
773
773
773
773
773
773
773
773
773
773
773
773
773
773
773
773
773
773
773
773
773
773
773
773
773
773
773
773
773
773
773
773
773
773
773
773
773
773
773
773
773
773
773.001
773.001
773.002
773.002
773.003
773.005
773.006
773.008
773.01
773.013
773.016
773.019
773.022
773.026
773.03
773.034
773.039
773.044
773.049
773.055
773.061
773.067
773.073
773.082
773.315
773.96
774.064
773.815
773.248
773.004
772.945
772.939
772.945
772.952
772.956
772.959
772.962
772.965
772.969
772.973
772.978
772.982
772.981
772.971
772.945
772.905
772.855
772.8
772.746
772.701
772.67
772.658
772.664
772.69
772.731
772.776
772.821
772.863
772.899
772.928
772.951
772.967
772.979
772.987
772.992
772.995
772.997
772.998
772.999
773
773
773
773
773
773
773
773
773
773
773
773
773
773
773
773
773
773
773
773
773
773
773
773
773
773
773
773
773
773
773
773
773
773
773
773
773
773
773
773
773
773
773
773
773
773
773
773
773
773
773
773
773
773
773
773
773
773
773
773
773
773
773
773
773
773
773
773
773
773
773
773
773
773
773
773
773
773
773
773
773
773
773
773
773
773
773
773
773
773
773
773
773
773
773
773
773
773
773
773
773
773
773
773
773
773
773
773
773
773
773
773
773
773
773
773
773
773
773
773
773
773
773
773
773
773
773
773
773
773
773
773
773
773
773
773
773
773
773
773
773
773
773
773
773
773
773
773
773
773
773
773
773
773
773
773
773
773
773
773
773
773
773
773
773
773
773
773
773
773
773
773
773
773
773
773
773
773
773
773
773
773
773
773
773
773
773
773
773
773
773
773
773
773
773
773
773
773
773
773
773
773
773
773
773
773
773
773
773
773
773
773
773
773
773
773
773
773
773
773
773
773
773
773
773
773
773
773
773
773
773
773
773
773
773
773
773
773
773
773
773
773
773
773
773
773
773
773
773
773
773
773
773
773
773
773
773
773
773
773
773
773
773
773
773
773
773
773
773
773
773
773
773
773
773
773
773
773
773
773
773
773
773
773
773
773
773
773
773
773
773
773
773
773
773
773
773
773
773
773
773
773
773
773
773
773
773
773
773
773
773
773
773
773
773
773
773
773
773
773
773
773
773
773
773
773
773
773
773
773
773
773
773
773
773
773
773
773
773
773
773
773
773
773
773
773
773
773
773
773
773
773
773
773
773
773
773
773
773
773
773
773
773
773
773
773
773
773
773
773
773
773
773
773
773
773
773
773
773
773
773
773
773
773
773
773
773
773
773
773
773
773
773
773
773
773
773
773
773
773
773
773
773
773
773
773
773
773
773
773
773
773
773
773
773
773
773
773
773
773
773
773
773
773
773
773
773
773
773
773
773
773
773
773
773
773
773
773
773
773
773
773
773
773
773
773
773
773
773
773
773
773
773
773
773
773
773
773
773
773
773
773
773
773
773
773
773
773
773
773
773
773
773
773
773
773
773
773
773
773
773
773
773
773
773
773
773
773
773
773
773
773
773
773
773
773
773
773
773
773
773
773
773
773
773
773
773
773
773
773
773
773
773
773
773
773
773
773
773
773
773
773
773
773
773
773
773
773
773
773
773
773.001
773.001
773.002
773.002
773.003
773.005
773.006
773.008
773.01
773.013
773.016
773.019
773.022
773.026
773.03
773.034
773.039
773.044
773.049
773.055
773.061
773.067
773.073
773.082
772.911
773.194
773.259
773.18
773.005
772.947
772.941
772.945
772.951
772.954
772.957
772.96
772.962
772.965
772.969
772.973
772.978
772.982
772.981
772.971
772.945
772.905
772.855
772.8
772.746
772.701
772.67
772.658
772.664
772.69
772.731
772.776
772.821
772.863
772.899
772.928
772.951
772.967
772.979
772.987
772.992
772.995
772.997
772.998
772.999
773
773
773
773
773
773
773
773
773
773
773
773
773
773
773
773
773
773
773
773
773
773
773
773
773
773
773
773
773
773
773
773
773
773
773
773
773
773
773
773
773
773
773
773
773
773
773
773
773
773
773
773
773
773
773
773
773
773
773
773
773
773
773
773
773
773
773
773
773
773
773
773
773
773
773
773
773
773
773
773
773
773
773
773
773
773
773
773
773
773
773
773
773
773
773
773
773
773
773
773
773
773
773
773
773
773
773
773
773
773
773
773
773
773
773
773
773
773
773
773
773
773
773
773
773
773
773
773
773
773
773
773
773
773
773
773
773
773
773
773
773
773
773
773
773
773
773
773
773
773
773
773
773
773
773
773
773
773
773
773
773
773
773
773
773
773
773
773
773
773
773
773
773
773
773
773
773
773
773
773
773
773
773
773
773
773
773
773
773
773
773
773
773
773
773
773
773
773
773
773
773
773
773
773
773
773
773
773
773
773
773
773
773
773
773
773
773
773
773
773
773
773
773
773
773
773
773
773
773
773
773
773
773
773
773
773
773
773
773
773
773
773
773
773
773
773
773
773
773
773
773
773
773
773
773
773
773
773
773
773
773
773
773
773
773
773
773
773
773
773
773
773
773
773
773
773
773
773
773
773
773
773
773
773
773
773
773
773
773
773
773
773
773
773
773
773
773
773
773
773
773
773
773
773
773
773
773
773
773
773
773
773
773
773
773
773
773
773
773
773
773
773
773
773
773
773
773
773
773
773
773
773
773
773
773
773
773
773
773
773
773
773
773
773
773
773
773
773
773
773
773
773
773
773
773
773
773
773
773
773
773
773
773
773
773
773
773
773
773
773
773
773
773
773
773
773
773
773
773
773
773
773
773
773
773
773
773
773
773
773
773
773
773
773
773
773
773
773
773
773
773
773
773
773
773
773
773
773
773
773
773
773
773
773
773
773
773
773
773
773
773
773
773
773
773
773
773
773
773
773
773
773
773
773
773
773
773
773
773
773
773
773
773
773
773
773
773
773
773
773
773
773
773
773
773
773
773
773
773
773
773
773
773
773
773
773
773
773
773
773
773
773
773
773
773
773
773
773
773
773
773
773
773
773
773
773
773
773
773
773
773
773
773
773
773
773
773
773
773
773
773
773
773
773
773
773
773
773
773
773
773
773
773
773
773
773
773
773
773
773
773
773
773
773
773
773
773
773
773
773
773
773.001
773.001
773.002
773.002
773.003
773.005
773.006
773.008
773.01
773.013
773.016
773.019
773.022
773.026
773.03
773.034
773.039
773.044
773.049
773.055
773.061
773.067
773.073
773.082
772.793
772.854
772.923
772.951
772.942
772.938
772.945
772.951
772.954
772.955
772.957
772.96
772.962
772.965
772.969
772.973
772.978
772.982
772.981
772.971
772.945
772.905
772.855
772.8
772.746
772.701
772.67
772.658
772.664
772.69
772.731
772.776
772.821
772.863
772.899
772.928
772.951
772.967
772.979
772.987
772.992
772.995
772.997
772.998
772.999
773
773
773
773
773
773
773
773
773
773
773
773
773
773
773
773
773
773
773
773
773
773
773
773
773
773
773
773
773
773
773
773
773
773
773
773
773
773
773
773
773
773
773
773
773
773
773
773
773
773
773
773
773
773
773
773
773
773
773
773
773
773
773
773
773
773
773
773
773
773
773
773
773
773
773
773
773
773
773
773
773
773
773
773
773
773
773
773
773
773
773
773
773
773
773
773
773
773
773
773
773
773
773
773
773
773
773
773
773
773
773
773
773
773
773
773
773
773
773
773
773
773
773
773
773
773
773
773
773
773
773
773
773
773
773
773
773
773
773
773
773
773
773
773
773
773
773
773
773
773
773
773
773
773
773
773
773
773
773
773
773
773
773
773
773
773
773
773
773
773
773
773
773
773
773
773
773
773
773
773
773
773
773
773
773
773
773
773
773
773
773
773
773
773
773
773
773
773
773
773
773
773
773
773
773
773
773
773
773
773
773
773
773
773
773
773
773
773
773
773
773
773
773
773
773
773
773
773
773
773
773
773
773
773
773
773
773
773
773
773
773
773
773
773
773
773
773
773
773
773
773
773
773
773
773
773
773
773
773
773
773
773
773
773
773
773
773
773
773
773
773
773
773
773
773
773
773
773
773
773
773
773
773
773
773
773
773
773
773
773
773
773
773
773
773
773
773
773
773
773
773
773
773
773
773
773
773
773
773
773
773
773
773
773
773
773
773
773
773
773
773
773
773
773
773
773
773
773
773
773
773
773
773
773
773
773
773
773
773
773
773
773
773
773
773
773
773
773
773
773
773
773
773
773
773
773
773
773
773
773
773
773
773
773
773
773
773
773
773
773
773
773
773
773
773
773
773
773
773
773
773
773
773
773
773
773
773
773
773
773
773
773
773
773
773
773
773
773
773
773
773
773
773
773
773
773
773
773
773
773
773
773
773
773
773
773
773
773
773
773
773
773
773
773
773
773
773
773
773
773
773
773
773
773
773
773
773
773
773
773
773
773
773
773
773
773
773
773
773
773
773
773
773
773
773
773
773
773
773
773
773
773
773
773
773
773
773
773
773
773
773
773
773
773
773
773
773
773
773
773
773
773
773
773
773
773
773
773
773
773
773
773
773
773
773
773
773
773
773
773
773
773
773
773
773
773
773
773
773
773
773
773
773
773
773
773
773
773
773
773
773
773
773
773
773
773
773
773
773
773
773
773.001
773.001
773.002
773.002
773.003
773.005
773.006
773.008
773.01
773.013
773.016
773.019
773.022
773.026
773.03
773.034
773.039
773.044
773.049
773.055
773.061
773.067
773.073
773.082
772.918
772.759
772.716
772.747
772.854
772.931
772.959
772.962
772.96
772.958
772.958
772.96
772.962
772.965
772.969
772.973
772.978
772.982
772.981
772.971
772.945
772.905
772.855
772.8
772.746
772.701
772.67
772.658
772.664
772.69
772.731
772.776
772.821
772.863
772.899
772.928
772.951
772.967
772.979
772.987
772.992
772.995
772.997
772.998
772.999
773
773
773
773
773
773
773
773
773
773
773
773
773
773
773
773
773
773
773
773
773
773
773
773
773
773
773
773
773
773
773
773
773
773
773
773
773
773
773
773
773
773
773
773
773
773
773
773
773
773
773
773
773
773
773
773
773
773
773
773
773
773
773
773
773
773
773
773
773
773
773
773
773
773
773
773
773
773
773
773
773
773
773
773
773
773
773
773
773
773
773
773
773
773
773
773
773
773
773
773
773
773
773
773
773
773
773
773
773
773
773
773
773
773
773
773
773
773
773
773
773
773
773
773
773
773
773
773
773
773
773
773
773
773
773
773
773
773
773
773
773
773
773
773
773
773
773
773
773
773
773
773
773
773
773
773
773
773
773
773
773
773
773
773
773
773
773
773
773
773
773
773
773
773
773
773
773
773
773
773
773
773
773
773
773
773
773
773
773
773
773
773
773
773
773
773
773
773
773
773
773
773
773
773
773
773
773
773
773
773
773
773
773
773
773
773
773
773
773
773
773
773
773
773
773
773
773
773
773
773
773
773
773
773
773
773
773
773
773
773
773
773
773
773
773
773
773
773
773
773
773
773
773
773
773
773
773
773
773
773
773
773
773
773
773
773
773
773
773
773
773
773
773
773
773
773
773
773
773
773
773
773
773
773
773
773
773
773
773
773
773
773
773
773
773
773
773
773
773
773
773
773
773
773
773
773
773
773
773
773
773
773
773
773
773
773
773
773
773
773
773
773
773
773
773
773
773
773
773
773
773
773
773
773
773
773
773
773
773
773
773
773
773
773
773
773
773
773
773
773
773
773
773
773
773
773
773
773
773
773
773
773
773
773
773
773
773
773
773
773
773
773
773
773
773
773
773
773
773
773
773
773
773
773
773
773
773
773
773
773
773
773
773
773
773
773
773
773
773
773
773
773
773
773
773
773
773
773
773
773
773
773
773
773
773
773
773
773
773
773
773
773
773
773
773
773
773
773
773
773
773
773
773
773
773
773
773
773
773
773
773
773
773
773
773
773
773
773
773
773
773
773
773
773
773
773
773
773
773
773
773
773
773
773
773
773
773
773
773
773
773
773
773
773
773
773
773
773
773
773
773
773
773
773
773
773
773
773
773
773
773
773
773
773
773
773
773
773
773
773
773
773
773
773
773
773
773
773
773
773
773
773
773
773
773
773
773
773
773
773
773
773
773
773
773
773
773
773
773
773
773
773.001
773.001
773.002
773.002
773.003
773.005
773.006
773.008
773.01
773.013
773.016
773.019
773.022
773.026
773.03
773.034
773.039
773.044
773.049
773.055
773.061
773.067
773.073
773.082
773.032
772.66
772.411
772.495
772.754
772.911
772.96
772.965
772.962
772.959
772.959
772.96
772.962
772.965
772.969
772.973
772.978
772.982
772.981
772.971
772.945
772.905
772.855
772.8
772.746
772.701
772.67
772.658
772.664
772.69
772.731
772.776
772.821
772.863
772.899
772.928
772.951
772.967
772.979
772.987
772.992
772.995
772.997
772.998
772.999
773
773
773
773
773
773
773
773
773
773
773
773
773
773
773
773
773
773
773
773
773
773
773
773
773
773
773
773
773
773
773
773
773
773
773
773
773
773
773
773
773
773
773
773
773
773
773
773
773
773
773
773
773
773
773
773
773
773
773
773
773
773
773
773
773
773
773
773
773
773
773
773
773
773
773
773
773
773
773
773
773
773
773
773
773
773
773
773
773
773
773
773
773
773
773
773
773
773
773
773
773
773
773
773
773
773
773
773
773
773
773
773
773
773
773
773
773
773
773
773
773
773
773
773
773
773
773
773
773
773
773
773
773
773
773
773
773
773
773
773
773
773
773
773
773
773
773
773
773
773
773
773
773
773
773
773
773
773
773
773
773
773
773
773
773
773
773
773
773
773
773
773
773
773
773
773
773
773
773
773
773
773
773
773
773
773
773
773
773
773
773
773
773
773
773
773
773
773
773
773
773
773
773
773
773
773
773
773
773
773
773
773
773
773
773
773
773
773
773
773
773
773
773
773
773
773
773
773
773
773
773
773
773
773
773
773
773
773
773
773
773
773
773
773
773
773
773
773
773
773
773
773
773
773
773
773
773
773
773
773
773
773
773
773
773
773
773
773
773
773
773
773
773
773
773
773
773
773
773
773
773
773
773
773
773
773
773
773
773
773
773
773
773
773
773
773
773
773
773
773
773
773
773
773
773
773
773
773
773
773
773
773
773
773
773
773
773
773
773
773
773
773
773
773
773
773
773
773
773
773
773
773
773
773
773
773
773
773
773
773
773
773
773
773
773
773
773
773
773
773
773
773
773
773
773
773
773
773
773
773
773
773
773
773
773
773
773
773
773
773
773
773
773
773
773
773
773
773
773
773
773
773
773
773
773
773
773
773
773
773
773
773
773
773
773
773
773
773
773
773
773
773
773
773
773
773
773
773
773
773
773
773
773
773
773
773
773
773
773
773
773
773
773
773
773
773
773
773
773
773
773
773
773
773
773
773
773
773
773
773
773
773
773
773
773
773
773
773
773
773
773
773
773
773
773
773
773
773
773
773
773
773
773
773
773
773
773
773
773
773
773
773
773
773
773
773
773
773
773
773
773
773
773
773
773
773
773
773
773
773
773
773
773
773
773
773
773
773
773
773
773
773
773
773
773
773
773
773
773
773
773
773
773
773
773
773
773
773
773
773
773
773
773
773
773
773
773
773
773
773
773
773.001
773.001
773.002
773.002
773.003
773.005
773.006
773.008
773.01
773.013
773.016
773.019
773.022
773.026
773.03
773.034
773.039
773.044
773.049
773.055
773.061
773.067
773.073
773.082
773.744
773.305
772.518
772.487
772.713
772.914
772.967
772.971
772.965
772.96
772.959
772.96
772.962
772.965
772.969
772.973
772.978
772.982
772.981
772.971
772.945
772.905
772.855
772.8
772.746
772.701
772.67
772.658
772.664
772.69
772.731
772.776
772.821
772.863
772.899
772.928
772.951
772.967
772.979
772.987
772.992
772.995
772.997
772.998
772.999
773
773
773
773
773
773
773
773
773
773
773
773
773
773
773
773
773
773
773
773
773
773
773
773
773
773
773
773
773
773
773
773
773
773
773
773
773
773
773
773
773
773
773
773
773
773
773
773
773
773
773
773
773
773
773
773
773
773
773
773
773
773
773
773
773
773
773
773
773
773
773
773
773
773
773
773
773
773
773
773
773
773
773
773
773
773
773
773
773
773
773
773
773
773
773
773
773
773
773
773
773
773
773
773
773
773
773
773
773
773
773
773
773
773
773
773
773
773
773
773
773
773
773
773
773
773
773
773
773
773
773
773
773
773
773
773
773
773
773
773
773
773
773
773
773
773
773
773
773
773
773
773
773
773
773
773
773
773
773
773
773
773
773
773
773
773
773
773
773
773
773
773
773
773
773
773
773
773
773
773
773
773
773
773
773
773
773
773
773
773
773
773
773
773
773
773
773
773
773
773
773
773
773
773
773
773
773
773
773
773
773
773
773
773
773
773
773
773
773
773
773
773
773
773
773
773
773
773
773
773
773
773
773
773
773
773
773
773
773
773
773
773
773
773
773
773
773
773
773
773
773
773
773
773
773
773
773
773
773
773
773
773
773
773
773
773
773
773
773
773
773
773
773
773
773
773
773
773
773
773
773
773
773
773
773
773
773
773
773
773
773
773
773
773
773
773
773
773
773
773
773
773
773
773
773
773
773
773
773
773
773
773
773
773
773
773
773
773
773
773
773
773
773
773
773
773
773
773
773
773
773
773
773
773
773
773
773
773
773
773
773
773
773
773
773
773
773
773
773
773
773
773
773
773
773
773
773
773
773
773
773
773
773
773
773
773
773
773
773
773
773
773
773
773
773
773
773
773
773
773
773
773
773
773
773
773
773
773
773
773
773
773
773
773
773
773
773
773
773
773
773
773
773
773
773
773
773
773
773
773
773
773
773
773
773
773
773
773
773
773
773
773
773
773
773
773
773
773
773
773
773
773
773
773
773
773
773
773
773
773
773
773
773
773
773
773
773
773
773
773
773
773
773
773
773
773
773
773
773
773
773
773
773
773
773
773
773
773
773
773
773
773
773
773
773
773
773
773
773
773
773
773
773
773
773
773
773
773
773
773
773
773
773
773
773
773
773
773
773
773
773
773
773
773
773
773
773
773
773
773
773
773
773
773
773
773
773
773
773
773
773
773
773
773
773
773
773
773
773
773
773
773.001
773.001
773.002
773.002
773.003
773.005
773.006
773.008
773.01
773.013
773.016
773.019
773.022
773.026
773.03
773.034
773.039
773.044
773.049
773.055
773.061
773.067
773.073
773.082
773.384
774.619
774.59
773.835
773.248
773.065
773.002
772.975
772.963
772.959
772.959
772.96
772.962
772.965
772.969
772.973
772.978
772.982
772.981
772.971
772.945
772.905
772.855
772.8
772.746
772.701
772.67
772.658
772.664
772.69
772.731
772.776
772.821
772.863
772.899
772.928
772.951
772.967
772.979
772.987
772.992
772.995
772.997
772.998
772.999
773
773
773
773
773
773
773
773
773
773
773
773
773
773
773
773
773
773
773
773
773
773
773
773
773
773
773
773
773
773
773
773
773
773
773
773
773
773
773
773
773
773
773
773
773
773
773
773
773
773
773
773
773
773
773
773
773
773
773
773
773
773
773
773
773
773
773
773
773
773
773
773
773
773
773
773
773
773
773
773
773
773
773
773
773
773
773
773
773
773
773
773
773
773
773
773
773
773
773
773
773
773
773
773
773
773
773
773
773
773
773
773
773
773
773
773
773
773
773
773
773
773
773
773
773
773
773
773
773
773
773
773
773
773
773
773
773
773
773
773
773
773
773
773
773
773
773
773
773
773
773
773
773
773
773
773
773
773
773
773
773
773
773
773
773
773
773
773
773
773
773
773
773
773
773
773
773
773
773
773
773
773
773
773
773
773
773
773
773
773
773
773
773
773
773
773
773
773
773
773
773
773
773
773
773
773
773
773
773
773
773
773
773
773
773
773
773
773
773
773
773
773
773
773
773
773
773
773
773
773
773
773
773
773
773
773
773
773
773
773
773
773
773
773
773
773
773
773
773
773
773
773
773
773
773
773
773
773
773
773
773
773
773
773
773
773
773
773
773
773
773
773
773
773
773
773
773
773
773
773
773
773
773
773
773
773
773
773
773
773
773
773
773
773
773
773
773
773
773
773
773
773
773
773
773
773
773
773
773
773
773
773
773
773
773
773
773
773
773
773
773
773
773
773
773
773
773
773
773
773
773
773
773
773
773
773
773
773
773
773
773
773
773
773
773
773
773
773
773
773
773
773
773
773
773
773
773
773
773
773
773
773
773
773
773
773
773
773
773
773
773
773
773
773
773
773
773
773
773
773
773
773
773
773
773
773
773
773
773
773
773
773
773
773
773
773
773
773
773
773
773
773
773
773
773
773
773
773
773
773
773
773
773
773
773
773
773
773
773
773
773
773
773
773
773
773
773
773
773
773
773
773
773
773
773
773
773
773
773
773
773
773
773
773
773
773
773
773
773
773
773
773
773
773
773
773
773
773
773
773
773
773
773
773
773
773
773
773
773
773
773
773
773
773
773
773
773
773
773
773
773
773
773
773
773
773
773
773
773
773
773
773
773
773
773
773
773
773
773
773
773
773
773
773
773
773
773
773
773
773
773
773
773
773
773
773
773
773
773
773
773
773
773
773
773
773
773
773
773
773
773
773.001
773.001
773.002
773.002
773.003
773.005
773.006
773.008
773.01
773.013
773.016
773.019
773.022
773.026
773.03
773.034
773.039
773.044
773.049
773.055
773.061
773.067
773.073
773.082
771.764
776.594
778.481
777.09
774.518
773.448
773.1
772.997
772.968
772.96
772.959
772.96
772.962
772.965
772.969
772.974
772.979
772.982
772.981
772.972
772.945
772.905
772.856
772.801
772.747
772.701
772.671
772.658
772.664
772.691
772.731
772.776
772.821
772.863
772.899
772.928
772.951
772.967
772.979
772.987
772.992
772.996
772.998
772.999
772.999
773
773
773
773
773
773
773
773
773
773
773
773
773
773
773
773
773
773
773
773
773
773
773
773
773
773
773
773
773
773
773
773
773
773
773
773
773
773
773
773
773
773
773
773
773
773
773
773
773
773
773
773
773
773
773
773
773
773
773
773
773
773
773
773
773
773
773
773
773
773
773
773
773
773
773
773
773
773
773
773
773
773
773
773
773
773
773
773
773
773
773
773
773
773
773
773
773
773
773
773
773
773
773
773
773
773
773
773
773
773
773
773
773
773
773
773
773
773
773
773
773
773
773
773
773
773
773
773
773
773
773
773
773
773
773
773
773
773
773
773
773
773
773
773
773
773
773
773
773
773
773
773
773
773
773
773
773
773
773
773
773
773
773
773
773
773
773
773
773
773
773
773
773
773
773
773
773
773
773
773
773
773
773
773
773
773
773
773
773
773
773
773
773
773
773
773
773
773
773
773
773
773
773
773
773
773
773
773
773
773
773
773
773
773
773
773
773
773
773
773
773
773
773
773
773
773
773
773
773
773
773
773
773
773
773
773
773
773
773
773
773
773
773
773
773
773
773
773
773
773
773
773
773
773
773
773
773
773
773
773
773
773
773
773
773
773
773
773
773
773
773
773
773
773
773
773
773
773
773
773
773
773
773
773
773
773
773
773
773
773
773
773
773
773
773
773
773
773
773
773
773
773
773
773
773
773
773
773
773
773
773
773
773
773
773
773
773
773
773
773
773
773
773
773
773
773
773
773
773
773
773
773
773
773
773
773
773
773
773
773
773
773
773
773
773
773
773
773
773
773
773
773
773
773
773
773
773
773
773
773
773
773
773
773
773
773
773
773
773
773
773
773
773
773
773
773
773
773
773
773
773
773
773
773
773
773
773
773
773
773
773
773
773
773
773
773
773
773
773
773
773
773
773
773
773
773
773
773
773
773
773
773
773
773
773
773
773
773
773
773
773
773
773
773
773
773
773
773
773
773
773
773
773
773
773
773
773
773
773
773
773
773
773
773
773
773
773
773
773
773
773
773
773
773
773
773
773
773
773
773
773
773
773
773
773
773
773
773
773
773
773
773
773
773
773
773
773
773
773
773
773
773
773
773
773
773
773
773
773
773
773
773
773
773
773
773
773
773
773
773
773
773
773
773
773
773
773
773
773
773
773
773
773
773
773
773
773
773
773
773
773
773
773
773
773
773
773
773
773
773.001
773.001
773.001
773.001
773.002
773.003
773.004
773.005
773.007
773.008
773.011
773.013
773.016
773.019
773.022
773.026
773.03
773.035
773.039
773.044
773.05
773.055
773.061
773.068
773.074
773.082
)
;

boundaryField
{
    inlet
    {
        type            zeroGradient;
    }
    outlet
    {
        type            zeroGradient;
    }
    sides
    {
        type            empty;
    }
    walls
    {
        type            zeroGradient;
    }
}


// ************************************************************************* //
