/*--------------------------------*- C++ -*----------------------------------*\
| =========                 |                                                 |
| \\      /  F ield         | OpenFOAM: The Open Source CFD Toolbox           |
|  \\    /   O peration     | Version:  3.0.x                                 |
|   \\  /    A nd           | Web:      www.OpenFOAM.org                      |
|    \\/     M anipulation  |                                                 |
\*---------------------------------------------------------------------------*/
FoamFile
{
    version     2.0;
    format      ascii;
    class       volVectorField;
    location    "0.001";
    object      U;
}
// * * * * * * * * * * * * * * * * * * * * * * * * * * * * * * * * * * * * * //

dimensions      [0 1 -1 0 0 0 0];

internalField   nonuniform List<vector> 
1000
(
(57.9 0 0)
(57.9 0 0)
(57.9 0 0)
(57.9 0 0)
(57.9 0 0)
(57.9 0 0)
(57.9 0 0)
(57.9 0 0)
(57.9 0 0)
(57.9 0 0)
(57.9 0 0)
(57.9 0 0)
(57.9 0 0)
(57.9 0 0)
(57.9 0 0)
(57.9 0 0)
(57.9 0 0)
(57.9 0 0)
(57.9 0 0)
(57.9 0 0)
(57.9 0 0)
(57.9 0 0)
(57.9 0 0)
(57.9 0 0)
(57.9 0 0)
(57.9 0 0)
(57.9 0 0)
(57.9 0 0)
(57.9 0 0)
(57.9 0 0)
(57.9 0 0)
(57.9 0 0)
(57.9 0 0)
(57.9 0 0)
(57.9 0 0)
(57.9 0 0)
(57.9 0 0)
(57.9 0 0)
(57.9 0 0)
(57.9 0 0)
(57.9 0 0)
(57.9 0 0)
(57.9 0 0)
(57.9 0 0)
(57.9 0 0)
(57.9 0 0)
(57.9 0 0)
(57.9 0 0)
(57.9 0 0)
(57.9 0 0)
(57.9 0 0)
(57.9 0 0)
(57.9 0 0)
(57.9 0 0)
(57.9 0 0)
(57.9 0 0)
(57.9 0 0)
(57.9 0 0)
(57.9 0 0)
(57.9 0 0)
(57.9 0 0)
(57.9 0 0)
(57.9 0 0)
(57.9 0 0)
(57.9 0 0)
(57.9 0 0)
(57.9 0 0)
(57.9 0 0)
(57.9 0 0)
(57.9 0 0)
(57.9 0 0)
(57.9 0 0)
(57.9 0 0)
(57.9 0 0)
(57.9 0 0)
(57.9 0 0)
(57.9 0 0)
(57.9 0 0)
(57.9 0 0)
(57.9 0 0)
(57.9 0 0)
(57.9 0 0)
(57.9 0 0)
(57.9 0 0)
(57.9 0 0)
(57.9 0 0)
(57.9 0 0)
(57.9 0 0)
(57.9 0 0)
(57.9 0 0)
(57.9 0 0)
(57.9 0 0)
(57.9 0 0)
(57.9 0 0)
(57.9 0 0)
(57.9 0 0)
(57.9 0 0)
(57.9 0 0)
(57.9 0 0)
(57.9 0 0)
(57.9 0 0)
(57.9 0 0)
(57.9 0 0)
(57.9 0 0)
(57.9 0 0)
(57.9 0 0)
(57.9 0 0)
(57.9 0 0)
(57.9 0 0)
(57.9 0 0)
(57.9 0 0)
(57.9 0 0)
(57.9 0 0)
(57.9 0 0)
(57.9 0 0)
(57.9 0 0)
(57.9 0 0)
(57.9 0 0)
(57.9 0 0)
(57.9 0 0)
(57.9 0 0)
(57.9 0 0)
(57.9 0 0)
(57.9 0 0)
(57.9 0 0)
(57.9 0 0)
(57.9 0 0)
(57.9 0 0)
(57.9 0 0)
(57.9 0 0)
(57.9 0 0)
(57.9 0 0)
(57.9 0 0)
(57.9 0 0)
(57.9 0 0)
(57.9 0 0)
(57.9 0 0)
(57.9 0 0)
(57.9 0 0)
(57.9 0 0)
(57.9 0 0)
(57.9 0 0)
(57.9 0 0)
(57.9 0 0)
(57.9 0 0)
(57.9 0 0)
(57.9 0 0)
(57.9 0 0)
(57.9 0 0)
(57.9 0 0)
(57.9 0 0)
(57.9 0 0)
(57.9 0 0)
(57.9 0 0)
(57.9 0 0)
(57.9 0 0)
(57.9 0 0)
(57.9 0 0)
(57.9 0 0)
(57.9 0 0)
(57.9 0 0)
(57.9 0 0)
(57.9 0 0)
(57.9 0 0)
(57.9 0 0)
(57.9 0 0)
(57.9 0 0)
(57.9 0 0)
(57.9 0 0)
(57.9 0 0)
(57.9 0 0)
(57.9 0 0)
(57.9 0 0)
(57.9 0 0)
(57.9 0 0)
(57.9 0 0)
(57.9 0 0)
(57.9 0 0)
(57.9 0 0)
(57.9 0 0)
(57.9 0 0)
(57.9 0 0)
(57.9 0 0)
(57.9 0 0)
(57.9 0 0)
(57.9 0 0)
(57.9 0 0)
(57.9 0 0)
(57.9 0 0)
(57.9 0 0)
(57.9 0 0)
(57.9 0 0)
(57.9 0 0)
(57.9 0 0)
(57.9 0 0)
(57.9 0 0)
(57.9 0 0)
(57.9 0 0)
(57.9 0 0)
(57.9 0 0)
(57.9 0 0)
(57.9 0 0)
(57.9 0 0)
(57.9 0 0)
(57.9 0 0)
(57.9 0 0)
(57.9 0 0)
(57.9 0 0)
(57.9 0 0)
(57.9 0 0)
(57.9 0 0)
(57.9 0 0)
(57.9 0 0)
(57.9 0 0)
(57.9 0 0)
(57.9 0 0)
(57.9 0 0)
(57.9 0 0)
(57.9 0 0)
(57.9 0 0)
(57.9 0 0)
(57.9 0 0)
(57.9 0 0)
(57.9 0 0)
(57.9 0 0)
(57.9 0 0)
(57.9 0 0)
(57.9 0 0)
(57.9 0 0)
(57.9 0 0)
(57.9 0 0)
(57.9 0 0)
(57.9 0 0)
(57.9 0 0)
(57.9 0 0)
(57.9 0 0)
(57.9 0 0)
(57.9 0 0)
(57.9 0 0)
(57.9 0 0)
(57.9 0 0)
(57.9 0 0)
(57.9 0 0)
(57.9 0 0)
(57.9 0 0)
(57.9 0 0)
(57.9 0 0)
(57.9 0 0)
(57.9 0 0)
(57.9 0 0)
(57.9 0 0)
(57.9 0 0)
(57.9 0 0)
(57.9 0 0)
(57.9 0 0)
(57.9 0 0)
(57.9 0 0)
(57.9 0 0)
(57.9 0 0)
(57.9 0 0)
(57.9 0 0)
(57.9 0 0)
(57.9 0 0)
(57.9 0 0)
(57.9 0 0)
(57.9 0 0)
(57.9 0 0)
(57.9 0 0)
(57.9 0 0)
(57.9 0 0)
(57.9 0 0)
(57.9 0 0)
(57.9 0 0)
(57.9 0 0)
(57.9 0 0)
(57.9 0 0)
(57.9 0 0)
(57.9 0 0)
(57.9 0 0)
(57.9 0 0)
(57.9 0 0)
(57.9 0 0)
(57.9 0 0)
(57.9 0 0)
(57.9 0 0)
(57.9 0 0)
(57.9 0 0)
(57.9 0 0)
(57.9 0 0)
(57.9 0 0)
(57.9 0 0)
(57.9 0 0)
(57.9 0 0)
(57.9 0 0)
(57.9 0 0)
(57.9 0 0)
(57.9 0 0)
(57.9 0 0)
(57.9 0 0)
(57.9 0 0)
(57.9 0 0)
(57.9 0 0)
(57.9 0 0)
(57.9 0 0)
(57.9 0 0)
(57.9 0 0)
(57.9 0 0)
(57.9 0 0)
(57.9 0 0)
(57.9 0 0)
(57.9 0 0)
(57.9 0 0)
(57.9 0 0)
(57.9 0 0)
(57.9 0 0)
(57.9 0 0)
(57.9 0 0)
(57.9 0 0)
(57.9 0 0)
(57.9 0 0)
(57.9 0 0)
(57.9 0 0)
(57.9 0 0)
(57.9 0 0)
(57.9 0 0)
(57.9 0 0)
(57.9 0 0)
(57.9 0 0)
(57.9 0 0)
(57.9 0 0)
(57.9 0 0)
(57.9 0 0)
(57.9 0 0)
(57.9 0 0)
(57.9 0 0)
(57.9 0 0)
(57.9 0 0)
(57.9 0 0)
(57.9 0 0)
(57.9 0 0)
(57.9 0 0)
(57.9 0 0)
(57.9 0 0)
(57.9 0 0)
(57.9 0 0)
(57.9 0 0)
(57.9 0 0)
(57.9 0 0)
(57.9 0 0)
(57.9 0 0)
(57.9 0 0)
(57.9 0 0)
(57.9 0 0)
(57.9 0 0)
(57.9 0 0)
(57.9 0 0)
(57.9 0 0)
(57.9 0 0)
(57.9 0 0)
(57.9 0 0)
(57.9 0 0)
(57.9 0 0)
(57.9 0 0)
(57.9 0 0)
(57.9 0 0)
(57.9 0 0)
(57.9 0 0)
(57.9 0 0)
(57.9 0 0)
(57.9 0 0)
(57.9 0 0)
(57.9 0 0)
(57.9 0 0)
(57.9 0 0)
(57.9 0 0)
(57.9 0 0)
(57.9 0 0)
(57.9 0 0)
(57.9 0 0)
(57.9 0 0)
(57.9 0 0)
(57.9 0 0)
(57.9 0 0)
(57.9 0 0)
(57.9 0 0)
(57.9 0 0)
(57.9 0 0)
(57.9 0 0)
(57.9 0 0)
(57.9 0 0)
(57.9 0 0)
(57.9 0 0)
(57.9 0 0)
(57.9 0 0)
(57.9 0 0)
(57.9 0 0)
(57.9 0 0)
(57.9 0 0)
(57.9 0 0)
(57.9 0 0)
(57.9 0 0)
(57.9 0 0)
(57.9 0 0)
(57.9 0 0)
(57.9 0 0)
(57.9 0 0)
(57.9 0 0)
(57.9 0 0)
(57.9 0 0)
(57.9 0 0)
(57.9 0 0)
(57.9 0 0)
(57.9 0 0)
(57.9 0 0)
(57.9 0 0)
(57.9 0 0)
(57.9 0 0)
(57.9 0 0)
(57.9 0 0)
(57.9 0 0)
(57.9 0 0)
(57.9 0 0)
(57.9 0 0)
(57.9 0 0)
(57.9 0 0)
(57.9 0 0)
(57.9 0 0)
(57.9 0 0)
(57.9 0 0)
(57.9 0 0)
(57.9 0 0)
(57.9 0 0)
(57.9 0 0)
(57.9 0 0)
(57.9 0 0)
(57.9 0 0)
(57.9 0 0)
(57.9 0 0)
(57.9 0 0)
(57.9 0 0)
(57.9 0 0)
(57.9 0 0)
(57.9 0 0)
(57.9 0 0)
(57.9 0 0)
(57.9 0 0)
(57.9 0 0)
(57.9 0 0)
(57.9 0 0)
(57.9 0 0)
(57.9 0 0)
(57.9 0 0)
(57.9 0 0)
(57.9 0 0)
(57.9 0 0)
(57.9 0 0)
(57.9 0 0)
(57.9 0 0)
(57.9 0 0)
(57.9 0 0)
(57.9 0 0)
(57.9 0 0)
(57.9 0 0)
(57.9 0 0)
(57.9 0 0)
(57.9 0 0)
(57.9 0 0)
(57.9 0 0)
(57.9 0 0)
(57.9 0 0)
(57.9 0 0)
(57.9 0 0)
(57.9 0 0)
(57.9 0 0)
(57.9 0 0)
(57.9 0 0)
(57.9 0 0)
(57.9 0 0)
(57.9 0 0)
(57.9 0 0)
(57.9 0 0)
(57.9 0 0)
(57.9 0 0)
(57.9 0 0)
(57.9 0 0)
(57.9 0 0)
(57.9 0 0)
(57.9 0 0)
(57.9 0 0)
(57.9 0 0)
(57.9 0 0)
(57.9 0 0)
(57.9 0 0)
(57.9 0 0)
(57.9 0 0)
(57.9 0 0)
(57.9 0 0)
(57.9 0 0)
(57.9 0 0)
(57.9 0 0)
(57.9 0 0)
(57.9 0 0)
(57.9 0 0)
(57.9 0 0)
(57.9 0 0)
(57.9 0 0)
(57.9 0 0)
(57.9 0 0)
(57.9 0 0)
(57.9 0 0)
(57.9 0 0)
(57.9 0 0)
(57.9 0 0)
(57.9 0 0)
(57.9 0 0)
(57.9 0 0)
(57.9 0 0)
(57.9 0 0)
(57.9 0 0)
(57.9 0 0)
(57.9 0 0)
(57.9 0 0)
(57.9 0 0)
(57.9 0 0)
(57.9 0 0)
(57.9 0 0)
(57.9 0 0)
(57.9 0 0)
(57.9 0 0)
(57.9 0 0)
(57.9 0 0)
(57.9 0 0)
(57.9 0 0)
(57.9 0 0)
(57.9 0 0)
(57.9 0 0)
(57.9 0 0)
(57.9 0 0)
(57.9 0 0)
(57.9 0 0)
(57.9 0 0)
(57.9 0 0)
(57.9 0 0)
(57.9 0 0)
(57.9 0 0)
(57.9 0 0)
(57.9 0 0)
(57.9 0 0)
(57.9 0 0)
(57.9 0 0)
(57.9 0 0)
(57.9 0 0)
(57.9 0 0)
(57.9 0 0)
(57.9 0 0)
(57.9 0 0)
(57.9 0 0)
(57.9 0 0)
(57.9 0 0)
(57.9 0 0)
(57.9 0 0)
(57.9 0 0)
(57.9 0 0)
(57.9 0 0)
(57.9 0 0)
(57.9 0 0)
(57.9 0 0)
(57.9 0 0)
(57.9 0 0)
(57.9 0 0)
(57.9 0 0)
(57.9 0 0)
(57.9 0 0)
(57.9 0 0)
(57.9 0 0)
(57.9 0 0)
(57.9 0 0)
(57.9 0 0)
(57.9 0 0)
(57.9 0 0)
(57.9 0 0)
(57.9 0 0)
(57.9 0 0)
(57.9 0 0)
(57.9 0 0)
(57.9 0 0)
(57.9 0 0)
(57.9 0 0)
(57.9 0 0)
(57.9 0 0)
(57.9 0 0)
(57.9 0 0)
(57.9 0 0)
(57.9 0 0)
(57.9 0 0)
(57.9 0 0)
(57.9 0 0)
(57.9 0 0)
(57.9 0 0)
(57.9 0 0)
(57.9 0 0)
(57.9 0 0)
(57.9 0 0)
(57.9 0 0)
(57.9 0 0)
(57.9 0 0)
(57.9 0 0)
(57.9 0 0)
(57.9 0 0)
(57.9 0 0)
(57.9 0 0)
(57.9 0 0)
(57.9 0 0)
(57.9 0 0)
(57.9 0 0)
(57.9 0 0)
(57.9 0 0)
(57.9 0 0)
(57.9 0 0)
(57.9 0 0)
(57.9 0 0)
(57.9 0 0)
(57.9 0 0)
(57.9 0 0)
(57.9 0 0)
(57.9 0 0)
(57.9 0 0)
(57.9 0 0)
(57.9 0 0)
(57.9 0 0)
(57.9 0 0)
(57.9 0 0)
(57.9 0 0)
(57.9 0 0)
(57.9 0 0)
(57.9 0 0)
(57.9 0 0)
(57.9 0 0)
(57.9 0 0)
(57.9 0 0)
(57.9 0 0)
(57.9 0 0)
(57.9 0 0)
(57.9 0 0)
(57.9 0 0)
(57.9 0 0)
(57.9 0 0)
(57.9 0 0)
(57.9 0 0)
(57.9 0 0)
(57.9 0 0)
(57.9 0 0)
(57.9 0 0)
(57.9 0 0)
(57.9 0 0)
(57.9 0 0)
(57.9 0 0)
(57.9 0 0)
(57.9 0 0)
(57.9 0 0)
(57.9 0 0)
(57.9 0 0)
(57.9 0 0)
(57.9 0 0)
(57.9 0 0)
(57.9 0 0)
(57.9 0 0)
(57.9 0 0)
(57.9 0 0)
(57.9 0 0)
(57.9 0 0)
(57.9 0 0)
(57.9 0 0)
(57.9 0 0)
(57.9 0 0)
(57.9 0 0)
(57.9 0 0)
(57.9 0 0)
(57.9 0 0)
(57.9 0 0)
(57.9 0 0)
(57.9 0 0)
(57.9 0 0)
(57.9 0 0)
(57.9 0 0)
(57.9 0 0)
(57.9 0 0)
(57.9 0 0)
(57.9 0 0)
(57.9 0 0)
(57.9 0 0)
(57.9 0 0)
(57.9 0 0)
(57.9 0 0)
(57.9 0 0)
(57.9 0 0)
(57.9 0 0)
(57.9 0 0)
(57.9 0 0)
(57.9 0 0)
(57.9 0 0)
(57.9 0 0)
(57.9 0 0)
(57.9 0 0)
(57.9 0 0)
(57.9 0 0)
(57.9 0 0)
(57.9 0 0)
(57.9 0 0)
(57.9 0 0)
(57.9 0 0)
(57.9 0 0)
(57.9 0 0)
(57.9 0 0)
(57.9 0 0)
(57.9 0 0)
(57.9 0 0)
(57.9 0 0)
(57.9 0 0)
(57.9 0 0)
(57.9 0 0)
(57.9 0 0)
(57.9 0 0)
(57.9 0 0)
(57.9 0 0)
(57.9 0 0)
(57.9 0 0)
(57.9 0 0)
(57.9 0 0)
(57.9 0 0)
(57.9 0 0)
(57.9 0 0)
(57.9 0 0)
(57.9 0 0)
(57.9 0 0)
(57.9 0 0)
(57.9 0 0)
(57.9 0 0)
(57.9 0 0)
(57.9 0 0)
(57.9 0 0)
(57.9 0 0)
(57.9 0 0)
(57.9 0 0)
(57.9 0 0)
(57.9 0 0)
(57.9 0 0)
(57.9 0 0)
(57.9 0 0)
(57.9 0 0)
(57.9 0 0)
(57.9 0 0)
(57.9 0 0)
(57.9 0 0)
(57.9 0 0)
(57.9 0 0)
(57.9 0 0)
(57.9 0 0)
(57.9 0 0)
(57.9 0 0)
(57.9 0 0)
(57.9 0 0)
(57.9 0 0)
(57.9 0 0)
(57.9 0 0)
(57.9 0 0)
(57.9 0 0)
(57.9 0 0)
(57.9 0 0)
(57.9 0 0)
(57.9 0 0)
(57.9 0 0)
(57.9 0 0)
(57.9 0 0)
(57.9 0 0)
(57.9 0 0)
(57.9 0 0)
(57.9 0 0)
(57.9 0 0)
(57.9 0 0)
(57.9 0 0)
(57.9 0 0)
(57.9 0 0)
(57.9 0 0)
(57.9 0 0)
(57.9 0 0)
(57.9 0 0)
(57.9 0 0)
(57.9 0 0)
(57.9 0 0)
(57.9 0 0)
(57.9 0 0)
(57.9 0 0)
(57.9 0 0)
(57.9 0 0)
(57.9 0 0)
(57.9 0 0)
(57.9 0 0)
(57.9 0 0)
(57.9 0 0)
(57.9 0 0)
(57.9 0 0)
(57.9 0 0)
(57.9 0 0)
(57.9 0 0)
(57.9 0 0)
(57.9 0 0)
(57.9 0 0)
(57.9 0 0)
(57.9 0 0)
(57.9 0 0)
(57.9 0 0)
(57.9 0 0)
(57.9 0 0)
(57.9 0 0)
(57.9 0 0)
(57.9 0 0)
(57.9 0 0)
(57.9 0 0)
(57.9 0 0)
(57.9 0 0)
(57.9 0 0)
(57.9 0 0)
(57.9 0 0)
(57.9 0 0)
(57.9 0 0)
(57.9 0 0)
(57.9 0 0)
(57.9 0 0)
(57.9 0 0)
(57.9 0 0)
(57.9 0 0)
(57.9 0 0)
(57.9 0 0)
(57.9 0 0)
(57.9 0 0)
(57.9 0 0)
(57.9 0 0)
(57.9 0 0)
(57.9 0 0)
(57.9 0 0)
(57.9 0 0)
(57.9 0 0)
(57.9 0 0)
(57.9 0 0)
(57.9 0 0)
(57.9 0 0)
(57.9 0 0)
(57.9 0 0)
(57.9 0 0)
(57.9 0 0)
(57.9 0 0)
(57.9 0 0)
(57.9 0 0)
(57.9 0 0)
(57.9 0 0)
(57.9 0 0)
(57.9 0 0)
(57.9 0 0)
(57.9 0 0)
(57.9 0 0)
(57.9 0 0)
(57.9 0 0)
(57.9 0 0)
(57.9 0 0)
(57.9 0 0)
(57.9 0 0)
(57.9 0 0)
(57.9 0 0)
(57.9 0 0)
(57.9 0 0)
(57.9 0 0)
(57.9 0 0)
(57.9 0 0)
(57.9 0 0)
(57.9 0 0)
(57.9 0 0)
(57.9 0 0)
(57.9 0 0)
(57.9 0 0)
(57.9 0 0)
(57.9 0 0)
(57.9 0 0)
(57.9 0 0)
(57.9 0 0)
(57.9 0 0)
(57.9 0 0)
(57.9 0 0)
(57.9 0 0)
(57.9 0 0)
(57.9 0 0)
(57.9 0 0)
(57.9 0 0)
(57.9 0 0)
(57.9 0 0)
(57.9 0 0)
(57.9 0 0)
(57.9 0 0)
(57.9 0 0)
(57.9 0 0)
(57.9 0 0)
(57.9 0 0)
(57.9 0 0)
(57.9 0 0)
(57.8999 0 0)
(57.8999 0 0)
(57.8998 0 0)
(57.8997 0 0)
(57.8995 0 0)
(57.8991 0 0)
(57.8985 0 0)
(57.8974 0 0)
(57.8957 0 0)
(57.8928 0 0)
(57.8883 0 0)
(57.881 0 0)
(57.8696 0 0)
(57.8518 0 0)
(57.8245 0 0)
(57.7829 0 0)
(57.7204 0 0)
(57.6277 0 0)
(57.492 0 0)
(57.2958 0 0)
(57.0162 0 0)
(56.6234 0 0)
(56.0799 0 0)
(55.3397 0 0)
(54.3493 0 0)
(53.0484 0 0)
(51.3745 0 0)
(49.2687 0 0)
(46.6849 0 0)
(43.6007 0 0)
(40.0296 0 0)
(36.0298 0 0)
(31.7081 0 0)
(27.2145 0 0)
(22.7264 0 0)
(18.4266 0 0)
(14.4775 0 0)
(11.0006 0 0)
(8.0652 0 0)
(5.68774 0 0)
(3.83988 0 0)
(2.46193 0 0)
(1.47718 0 0)
(0.80407 0 0)
(0.365934 0 0)
(0.0999672 0 0)
(-0.0320661 0 0)
(-0.0702827 0 0)
(-0.0677595 0 0)
(-0.0511337 0 0)
(-0.0303645 0 0)
(-0.0121741 0 0)
(0.00333071 0 0)
(0.013429 0 0)
(0.0178423 0 0)
(0.0193042 0 0)
(0.0187788 0 0)
(0.0177179 0 0)
(0.016748 0 0)
(0.01606 0 0)
(0.0151355 0 0)
(0.0146919 0 0)
(0.0143769 0 0)
(0.0135749 0 0)
(0.0134833 0 0)
(0.0128055 0 0)
(0.0125124 0 0)
(0.0120745 0 0)
(0.0114995 0 0)
(0.0112426 0 0)
(0.010517 0 0)
(0.0101756 0 0)
(0.00835085 0 0)
(0.015816 0 0)
(-0.00918108 0 0)
(0.0395995 0 0)
(-0.0419357 0 0)
(0.0827246 0 0)
(-0.106635 0 0)
(0.171084 0 0)
(-0.229467 0 0)
(0.332186 0 0)
(-0.439455 0 0)
(0.593794 0 0)
(-0.760412 0 0)
(0.972092 0 0)
(-1.19713 0 0)
(1.45694 0 0)
(-1.72175 0 0)
(2.00135 0 0)
(-2.26834 0 0)
(2.52302 0 0)
(-2.74249 0 0)
(2.92211 0 0)
(-3.04647 0 0)
(3.1114 0 0)
)
;

boundaryField
{
    inlet
    {
        type            fixedValue;
        value           uniform (57.9 0 0);
    }
    backWall
    {
        type            fixedValue;
        value           uniform (0 0 0);
    }
    sides
    {
        type            empty;
    }
}


// ************************************************************************* //
