// outlet0.2.dat

// Outlet total pressure boundary condition for a valve closure 
// time of 0.2s.  This is based upon the calculated initial and maximum 
// pressure of 1.8e7 and 1.97e7 (from SH1 solution)

// The timestep used is 0.001 s
	
//  t	    p(t)
(
    (0	1.8000E+07)
    (0.001	1.8001E+07)
    (0.002	1.8003E+07)
    (0.003	1.8005E+07)
    (0.004	1.8008E+07)
    (0.005	1.8012E+07)
    (0.006	1.8015E+07)
    (0.007	1.8019E+07)
    (0.008	1.8023E+07)
    (0.009	1.8028E+07)
    (0.01	1.8032E+07)
    (0.011	1.8037E+07)
    (0.012	1.8042E+07)
    (0.013	1.8048E+07)
    (0.014	1.8053E+07)
    (0.015	1.8059E+07)
    (0.016	1.8065E+07)
    (0.017	1.8071E+07)
    (0.018	1.8077E+07)
    (0.019	1.8084E+07)
    (0.02	1.8090E+07)
    (0.021	1.8097E+07)
    (0.022	1.8104E+07)
    (0.023	1.8110E+07)
    (0.024	1.8118E+07)
    (0.025	1.8125E+07)
    (0.026	1.8132E+07)
    (0.027	1.8140E+07)
    (0.028	1.8147E+07)
    (0.029	1.8155E+07)
    (0.03	1.8163E+07)
    (0.031	1.8171E+07)
    (0.032	1.8179E+07)
    (0.033	1.8187E+07)
    (0.034	1.8195E+07)
    (0.035	1.8203E+07)
    (0.036	1.8212E+07)
    (0.037	1.8220E+07)
    (0.038	1.8229E+07)
    (0.039	1.8238E+07)
    (0.04	1.8246E+07)
    (0.041	1.8255E+07)
    (0.042	1.8264E+07)
    (0.043	1.8273E+07)
    (0.044	1.8282E+07)
    (0.045	1.8291E+07)
    (0.046	1.8301E+07)
    (0.047	1.8310E+07)
    (0.048	1.8319E+07)
    (0.049	1.8329E+07)
    (0.05	1.8338E+07)
    (0.051	1.8348E+07)
    (0.052	1.8357E+07)
    (0.053	1.8367E+07)
    (0.054	1.8377E+07)
    (0.055	1.8387E+07)
    (0.056	1.8397E+07)
    (0.057	1.8406E+07)
    (0.058	1.8416E+07)
    (0.059	1.8426E+07)
    (0.06	1.8437E+07)
    (0.061	1.8447E+07)
    (0.062	1.8457E+07)
    (0.063	1.8467E+07)
    (0.064	1.8477E+07)
    (0.065	1.8488E+07)
    (0.066	1.8498E+07)
    (0.067	1.8508E+07)
    (0.068	1.8519E+07)
    (0.069	1.8529E+07)
    (0.07	1.8540E+07)
    (0.071	1.8550E+07)
    (0.072	1.8561E+07)
    (0.073	1.8571E+07)
    (0.074	1.8582E+07)
    (0.075	1.8593E+07)
    (0.076	1.8603E+07)
    (0.077	1.8614E+07)
    (0.078	1.8625E+07)
    (0.079	1.8635E+07)
    (0.08	1.8646E+07)
    (0.081	1.8657E+07)
    (0.082	1.8668E+07)
    (0.083	1.8679E+07)
    (0.084	1.8690E+07)
    (0.085	1.8700E+07)
    (0.086	1.8711E+07)
    (0.087	1.8722E+07)
    (0.088	1.8733E+07)
    (0.089	1.8744E+07)
    (0.09	1.8755E+07)
    (0.091	1.8766E+07)
    (0.092	1.8777E+07)
    (0.093	1.8788E+07)
    (0.094	1.8799E+07)
    (0.095	1.8810E+07)
    (0.096	1.8821E+07)
    (0.097	1.8832E+07)
    (0.098	1.8843E+07)
    (0.099	1.8854E+07)
    (0.1	1.8865E+07)
    (0.101	1.8876E+07)
    (0.102	1.8887E+07)
    (0.103	1.8898E+07)
    (0.104	1.8909E+07)
    (0.105	1.8920E+07)
    (0.106	1.8931E+07)
    (0.107	1.8942E+07)
    (0.108	1.8953E+07)
    (0.109	1.8964E+07)
    (0.11	1.8975E+07)
    (0.111	1.8986E+07)
    (0.112	1.8997E+07)
    (0.113	1.9008E+07)
    (0.114	1.9019E+07)
    (0.115	1.9030E+07)
    (0.116	1.9040E+07)
    (0.117	1.9051E+07)
    (0.118	1.9062E+07)
    (0.119	1.9073E+07)
    (0.12	1.9084E+07)
    (0.121	1.9095E+07)
    (0.122	1.9105E+07)
    (0.123	1.9116E+07)
    (0.124	1.9127E+07)
    (0.125	1.9137E+07)
    (0.126	1.9148E+07)
    (0.127	1.9159E+07)
    (0.128	1.9169E+07)
    (0.129	1.9180E+07)
    (0.13	1.9190E+07)
    (0.131	1.9201E+07)
    (0.132	1.9211E+07)
    (0.133	1.9222E+07)
    (0.134	1.9232E+07)
    (0.135	1.9242E+07)
    (0.136	1.9253E+07)
    (0.137	1.9263E+07)
    (0.138	1.9273E+07)
    (0.139	1.9283E+07)
    (0.14	1.9293E+07)
    (0.141	1.9304E+07)
    (0.142	1.9314E+07)
    (0.143	1.9324E+07)
    (0.144	1.9333E+07)
    (0.145	1.9343E+07)
    (0.146	1.9353E+07)
    (0.147	1.9363E+07)
    (0.148	1.9373E+07)
    (0.149	1.9382E+07)
    (0.15	1.9392E+07)
    (0.151	1.9401E+07)
    (0.152	1.9411E+07)
    (0.153	1.9420E+07)
    (0.154	1.9429E+07)
    (0.155	1.9439E+07)
    (0.156	1.9448E+07)
    (0.157	1.9457E+07)
    (0.158	1.9466E+07)
    (0.159	1.9475E+07)
    (0.16	1.9484E+07)
    (0.161	1.9492E+07)
    (0.162	1.9501E+07)
    (0.163	1.9510E+07)
    (0.164	1.9518E+07)
    (0.165	1.9527E+07)
    (0.166	1.9535E+07)
    (0.167	1.9543E+07)
    (0.168	1.9551E+07)
    (0.169	1.9559E+07)
    (0.17	1.9567E+07)
    (0.171	1.9575E+07)
    (0.172	1.9583E+07)
    (0.173	1.9590E+07)
    (0.174	1.9598E+07)
    (0.175	1.9605E+07)
    (0.176	1.9612E+07)
    (0.177	1.9620E+07)
    (0.178	1.9626E+07)
    (0.179	1.9633E+07)
    (0.18	1.9640E+07)
    (0.181	1.9646E+07)
    (0.182	1.9653E+07)
    (0.183	1.9659E+07)
    (0.184	1.9665E+07)
    (0.185	1.9671E+07)
    (0.186	1.9677E+07)
    (0.187	1.9682E+07)
    (0.188	1.9688E+07)
    (0.189	1.9693E+07)
    (0.19	1.9698E+07)
    (0.191	1.9702E+07)
    (0.192	1.9707E+07)
    (0.193	1.9711E+07)
    (0.194	1.9715E+07)
    (0.195	1.9718E+07)
    (0.196	1.9722E+07)
    (0.197	1.9725E+07)
    (0.198	1.9727E+07)
    (0.199	1.9729E+07)
    (0.2	1.9730E+07)
)
