/*--------------------------------*- C++ -*----------------------------------*\
| =========                 |                                                 |
| \\      /  F ield         | OpenFOAM: The Open Source CFD Toolbox           |
|  \\    /   O peration     | Version:  3.0.x                                 |
|   \\  /    A nd           | Web:      www.OpenFOAM.org                      |
|    \\/     M anipulation  |                                                 |
\*---------------------------------------------------------------------------*/
FoamFile
{
    version     2.0;
    format      ascii;
    class       volScalarField;
    location    "0.13";
    object      p;
}
// * * * * * * * * * * * * * * * * * * * * * * * * * * * * * * * * * * * * * //

dimensions      [1 -1 -2 0 0 0 0];

internalField   nonuniform List<scalar> 
6900
(
1.80513e+07
1.80514e+07
1.80514e+07
1.80514e+07
1.80515e+07
1.80516e+07
1.80517e+07
1.80518e+07
1.80519e+07
1.80521e+07
1.80523e+07
1.80524e+07
1.80526e+07
1.80528e+07
1.80531e+07
1.80533e+07
1.80535e+07
1.80538e+07
1.80541e+07
1.80544e+07
1.80547e+07
1.8055e+07
1.80553e+07
1.80556e+07
1.8056e+07
1.80563e+07
1.80567e+07
1.80571e+07
1.80574e+07
1.80578e+07
1.80582e+07
1.80586e+07
1.8059e+07
1.80594e+07
1.80597e+07
1.80601e+07
1.80605e+07
1.80608e+07
1.80612e+07
1.80615e+07
1.80619e+07
1.80622e+07
1.80625e+07
1.80628e+07
1.8063e+07
1.80633e+07
1.80635e+07
1.80638e+07
1.8064e+07
1.80642e+07
1.80644e+07
1.80646e+07
1.80648e+07
1.80649e+07
1.80651e+07
1.80653e+07
1.80655e+07
1.80657e+07
1.80658e+07
1.8066e+07
1.80662e+07
1.80664e+07
1.80666e+07
1.80668e+07
1.8067e+07
1.80672e+07
1.80675e+07
1.80677e+07
1.80679e+07
1.80682e+07
1.80684e+07
1.80687e+07
1.80689e+07
1.80692e+07
1.80694e+07
1.80697e+07
1.80699e+07
1.80701e+07
1.80704e+07
1.80706e+07
1.80708e+07
1.8071e+07
1.80711e+07
1.80713e+07
1.80715e+07
1.80716e+07
1.80717e+07
1.80718e+07
1.80719e+07
1.8072e+07
1.80721e+07
1.80721e+07
1.80722e+07
1.80722e+07
1.80722e+07
1.80722e+07
1.80723e+07
1.80723e+07
1.80723e+07
1.80723e+07
1.80724e+07
1.80724e+07
1.80724e+07
1.80725e+07
1.80726e+07
1.80727e+07
1.80728e+07
1.8073e+07
1.80731e+07
1.80733e+07
1.80735e+07
1.80737e+07
1.80739e+07
1.80741e+07
1.80744e+07
1.80746e+07
1.80749e+07
1.80751e+07
1.80754e+07
1.80756e+07
1.80758e+07
1.8076e+07
1.80762e+07
1.80764e+07
1.80765e+07
1.80767e+07
1.80768e+07
1.80768e+07
1.80769e+07
1.80769e+07
1.80769e+07
1.80768e+07
1.80768e+07
1.80767e+07
1.80766e+07
1.80764e+07
1.80763e+07
1.80761e+07
1.8076e+07
1.80758e+07
1.80756e+07
1.80754e+07
1.80752e+07
1.8075e+07
1.80749e+07
1.80747e+07
1.80746e+07
1.80744e+07
1.80743e+07
1.80742e+07
1.80741e+07
1.8074e+07
1.8074e+07
1.8074e+07
1.80739e+07
1.80739e+07
1.80739e+07
1.8074e+07
1.8074e+07
1.8074e+07
1.8074e+07
1.80741e+07
1.80741e+07
1.80741e+07
1.80741e+07
1.80741e+07
1.80741e+07
1.8074e+07
1.8074e+07
1.8074e+07
1.80739e+07
1.80739e+07
1.80738e+07
1.80737e+07
1.80736e+07
1.80735e+07
1.80735e+07
1.80733e+07
1.80732e+07
1.80731e+07
1.8073e+07
1.80729e+07
1.80728e+07
1.80727e+07
1.80726e+07
1.80726e+07
1.80725e+07
1.80725e+07
1.80725e+07
1.80725e+07
1.80725e+07
1.80725e+07
1.80726e+07
1.80727e+07
1.80728e+07
1.80729e+07
1.8073e+07
1.80731e+07
1.80733e+07
1.80739e+07
1.80513e+07
1.80514e+07
1.80514e+07
1.80514e+07
1.80515e+07
1.80516e+07
1.80517e+07
1.80518e+07
1.80519e+07
1.80521e+07
1.80523e+07
1.80524e+07
1.80526e+07
1.80528e+07
1.80531e+07
1.80533e+07
1.80535e+07
1.80538e+07
1.80541e+07
1.80544e+07
1.80547e+07
1.8055e+07
1.80553e+07
1.80556e+07
1.8056e+07
1.80563e+07
1.80567e+07
1.80571e+07
1.80574e+07
1.80578e+07
1.80582e+07
1.80586e+07
1.8059e+07
1.80594e+07
1.80597e+07
1.80601e+07
1.80605e+07
1.80608e+07
1.80612e+07
1.80615e+07
1.80619e+07
1.80622e+07
1.80625e+07
1.80628e+07
1.8063e+07
1.80633e+07
1.80635e+07
1.80638e+07
1.8064e+07
1.80642e+07
1.80644e+07
1.80646e+07
1.80648e+07
1.80649e+07
1.80651e+07
1.80653e+07
1.80655e+07
1.80657e+07
1.80658e+07
1.8066e+07
1.80662e+07
1.80664e+07
1.80666e+07
1.80668e+07
1.8067e+07
1.80672e+07
1.80675e+07
1.80677e+07
1.80679e+07
1.80682e+07
1.80684e+07
1.80687e+07
1.80689e+07
1.80692e+07
1.80694e+07
1.80697e+07
1.80699e+07
1.80701e+07
1.80704e+07
1.80706e+07
1.80708e+07
1.8071e+07
1.80711e+07
1.80713e+07
1.80715e+07
1.80716e+07
1.80717e+07
1.80718e+07
1.80719e+07
1.8072e+07
1.80721e+07
1.80721e+07
1.80722e+07
1.80722e+07
1.80722e+07
1.80722e+07
1.80723e+07
1.80723e+07
1.80723e+07
1.80723e+07
1.80724e+07
1.80724e+07
1.80724e+07
1.80725e+07
1.80726e+07
1.80727e+07
1.80728e+07
1.8073e+07
1.80731e+07
1.80733e+07
1.80735e+07
1.80737e+07
1.80739e+07
1.80741e+07
1.80744e+07
1.80746e+07
1.80749e+07
1.80751e+07
1.80754e+07
1.80756e+07
1.80758e+07
1.8076e+07
1.80762e+07
1.80764e+07
1.80765e+07
1.80767e+07
1.80768e+07
1.80768e+07
1.80769e+07
1.80769e+07
1.80769e+07
1.80768e+07
1.80768e+07
1.80767e+07
1.80766e+07
1.80764e+07
1.80763e+07
1.80761e+07
1.8076e+07
1.80758e+07
1.80756e+07
1.80754e+07
1.80752e+07
1.8075e+07
1.80749e+07
1.80747e+07
1.80746e+07
1.80744e+07
1.80743e+07
1.80742e+07
1.80741e+07
1.8074e+07
1.8074e+07
1.8074e+07
1.80739e+07
1.80739e+07
1.80739e+07
1.8074e+07
1.8074e+07
1.8074e+07
1.8074e+07
1.80741e+07
1.80741e+07
1.80741e+07
1.80741e+07
1.80741e+07
1.80741e+07
1.8074e+07
1.8074e+07
1.8074e+07
1.80739e+07
1.80739e+07
1.80738e+07
1.80737e+07
1.80736e+07
1.80735e+07
1.80735e+07
1.80733e+07
1.80732e+07
1.80731e+07
1.8073e+07
1.80729e+07
1.80728e+07
1.80727e+07
1.80726e+07
1.80726e+07
1.80725e+07
1.80725e+07
1.80725e+07
1.80725e+07
1.80725e+07
1.80725e+07
1.80726e+07
1.80727e+07
1.80728e+07
1.80729e+07
1.8073e+07
1.80731e+07
1.80733e+07
1.80739e+07
1.80513e+07
1.80514e+07
1.80514e+07
1.80514e+07
1.80515e+07
1.80516e+07
1.80517e+07
1.80518e+07
1.80519e+07
1.80521e+07
1.80523e+07
1.80524e+07
1.80526e+07
1.80528e+07
1.80531e+07
1.80533e+07
1.80535e+07
1.80538e+07
1.80541e+07
1.80544e+07
1.80547e+07
1.8055e+07
1.80553e+07
1.80556e+07
1.8056e+07
1.80563e+07
1.80567e+07
1.80571e+07
1.80574e+07
1.80578e+07
1.80582e+07
1.80586e+07
1.8059e+07
1.80594e+07
1.80597e+07
1.80601e+07
1.80605e+07
1.80608e+07
1.80612e+07
1.80615e+07
1.80619e+07
1.80622e+07
1.80625e+07
1.80628e+07
1.8063e+07
1.80633e+07
1.80635e+07
1.80638e+07
1.8064e+07
1.80642e+07
1.80644e+07
1.80646e+07
1.80648e+07
1.80649e+07
1.80651e+07
1.80653e+07
1.80655e+07
1.80657e+07
1.80658e+07
1.8066e+07
1.80662e+07
1.80664e+07
1.80666e+07
1.80668e+07
1.8067e+07
1.80672e+07
1.80675e+07
1.80677e+07
1.80679e+07
1.80682e+07
1.80684e+07
1.80687e+07
1.80689e+07
1.80692e+07
1.80694e+07
1.80697e+07
1.80699e+07
1.80701e+07
1.80704e+07
1.80706e+07
1.80708e+07
1.8071e+07
1.80711e+07
1.80713e+07
1.80715e+07
1.80716e+07
1.80717e+07
1.80718e+07
1.80719e+07
1.8072e+07
1.80721e+07
1.80721e+07
1.80722e+07
1.80722e+07
1.80722e+07
1.80722e+07
1.80723e+07
1.80723e+07
1.80723e+07
1.80723e+07
1.80724e+07
1.80724e+07
1.80724e+07
1.80725e+07
1.80726e+07
1.80727e+07
1.80728e+07
1.8073e+07
1.80731e+07
1.80733e+07
1.80735e+07
1.80737e+07
1.80739e+07
1.80741e+07
1.80744e+07
1.80746e+07
1.80749e+07
1.80751e+07
1.80754e+07
1.80756e+07
1.80758e+07
1.8076e+07
1.80762e+07
1.80764e+07
1.80765e+07
1.80767e+07
1.80768e+07
1.80768e+07
1.80769e+07
1.80769e+07
1.80769e+07
1.80768e+07
1.80768e+07
1.80767e+07
1.80766e+07
1.80764e+07
1.80763e+07
1.80761e+07
1.8076e+07
1.80758e+07
1.80756e+07
1.80754e+07
1.80752e+07
1.8075e+07
1.80749e+07
1.80747e+07
1.80746e+07
1.80744e+07
1.80743e+07
1.80742e+07
1.80741e+07
1.8074e+07
1.8074e+07
1.8074e+07
1.80739e+07
1.80739e+07
1.80739e+07
1.8074e+07
1.8074e+07
1.8074e+07
1.8074e+07
1.80741e+07
1.80741e+07
1.80741e+07
1.80741e+07
1.80741e+07
1.80741e+07
1.8074e+07
1.8074e+07
1.8074e+07
1.80739e+07
1.80739e+07
1.80738e+07
1.80737e+07
1.80736e+07
1.80735e+07
1.80735e+07
1.80733e+07
1.80732e+07
1.80731e+07
1.8073e+07
1.80729e+07
1.80728e+07
1.80727e+07
1.80726e+07
1.80726e+07
1.80725e+07
1.80725e+07
1.80725e+07
1.80725e+07
1.80725e+07
1.80725e+07
1.80726e+07
1.80727e+07
1.80728e+07
1.80729e+07
1.8073e+07
1.8073e+07
1.80731e+07
1.80732e+07
1.80513e+07
1.80514e+07
1.80514e+07
1.80514e+07
1.80515e+07
1.80516e+07
1.80517e+07
1.80518e+07
1.80519e+07
1.80521e+07
1.80523e+07
1.80524e+07
1.80526e+07
1.80528e+07
1.80531e+07
1.80533e+07
1.80535e+07
1.80538e+07
1.80541e+07
1.80544e+07
1.80547e+07
1.8055e+07
1.80553e+07
1.80556e+07
1.8056e+07
1.80563e+07
1.80567e+07
1.80571e+07
1.80574e+07
1.80578e+07
1.80582e+07
1.80586e+07
1.8059e+07
1.80594e+07
1.80597e+07
1.80601e+07
1.80605e+07
1.80608e+07
1.80612e+07
1.80615e+07
1.80619e+07
1.80622e+07
1.80625e+07
1.80628e+07
1.8063e+07
1.80633e+07
1.80635e+07
1.80638e+07
1.8064e+07
1.80642e+07
1.80644e+07
1.80646e+07
1.80648e+07
1.80649e+07
1.80651e+07
1.80653e+07
1.80655e+07
1.80657e+07
1.80658e+07
1.8066e+07
1.80662e+07
1.80664e+07
1.80666e+07
1.80668e+07
1.8067e+07
1.80672e+07
1.80675e+07
1.80677e+07
1.80679e+07
1.80682e+07
1.80684e+07
1.80687e+07
1.80689e+07
1.80692e+07
1.80694e+07
1.80697e+07
1.80699e+07
1.80701e+07
1.80704e+07
1.80706e+07
1.80708e+07
1.8071e+07
1.80711e+07
1.80713e+07
1.80715e+07
1.80716e+07
1.80717e+07
1.80718e+07
1.80719e+07
1.8072e+07
1.80721e+07
1.80721e+07
1.80722e+07
1.80722e+07
1.80722e+07
1.80722e+07
1.80723e+07
1.80723e+07
1.80723e+07
1.80723e+07
1.80724e+07
1.80724e+07
1.80724e+07
1.80725e+07
1.80726e+07
1.80727e+07
1.80728e+07
1.8073e+07
1.80731e+07
1.80733e+07
1.80735e+07
1.80737e+07
1.80739e+07
1.80741e+07
1.80744e+07
1.80746e+07
1.80749e+07
1.80751e+07
1.80754e+07
1.80756e+07
1.80758e+07
1.8076e+07
1.80762e+07
1.80764e+07
1.80765e+07
1.80767e+07
1.80768e+07
1.80768e+07
1.80769e+07
1.80769e+07
1.80769e+07
1.80768e+07
1.80768e+07
1.80767e+07
1.80766e+07
1.80764e+07
1.80763e+07
1.80761e+07
1.8076e+07
1.80758e+07
1.80756e+07
1.80754e+07
1.80752e+07
1.8075e+07
1.80749e+07
1.80747e+07
1.80746e+07
1.80744e+07
1.80743e+07
1.80742e+07
1.80741e+07
1.8074e+07
1.8074e+07
1.8074e+07
1.80739e+07
1.80739e+07
1.80739e+07
1.8074e+07
1.8074e+07
1.8074e+07
1.8074e+07
1.80741e+07
1.80741e+07
1.80741e+07
1.80741e+07
1.80741e+07
1.80741e+07
1.8074e+07
1.8074e+07
1.8074e+07
1.80739e+07
1.80739e+07
1.80738e+07
1.80737e+07
1.80736e+07
1.80735e+07
1.80735e+07
1.80733e+07
1.80732e+07
1.80731e+07
1.8073e+07
1.80729e+07
1.80728e+07
1.80727e+07
1.80726e+07
1.80726e+07
1.80725e+07
1.80725e+07
1.80725e+07
1.80725e+07
1.80725e+07
1.80725e+07
1.80726e+07
1.80727e+07
1.80728e+07
1.80729e+07
1.8073e+07
1.8073e+07
1.80729e+07
1.80723e+07
1.80513e+07
1.80514e+07
1.80514e+07
1.80514e+07
1.80515e+07
1.80516e+07
1.80517e+07
1.80518e+07
1.80519e+07
1.80521e+07
1.80523e+07
1.80524e+07
1.80526e+07
1.80528e+07
1.80531e+07
1.80533e+07
1.80535e+07
1.80538e+07
1.80541e+07
1.80544e+07
1.80547e+07
1.8055e+07
1.80553e+07
1.80556e+07
1.8056e+07
1.80563e+07
1.80567e+07
1.80571e+07
1.80574e+07
1.80578e+07
1.80582e+07
1.80586e+07
1.8059e+07
1.80594e+07
1.80597e+07
1.80601e+07
1.80605e+07
1.80608e+07
1.80612e+07
1.80615e+07
1.80619e+07
1.80622e+07
1.80625e+07
1.80628e+07
1.8063e+07
1.80633e+07
1.80635e+07
1.80638e+07
1.8064e+07
1.80642e+07
1.80644e+07
1.80646e+07
1.80648e+07
1.80649e+07
1.80651e+07
1.80653e+07
1.80655e+07
1.80657e+07
1.80658e+07
1.8066e+07
1.80662e+07
1.80664e+07
1.80666e+07
1.80668e+07
1.8067e+07
1.80672e+07
1.80675e+07
1.80677e+07
1.80679e+07
1.80682e+07
1.80684e+07
1.80687e+07
1.80689e+07
1.80692e+07
1.80694e+07
1.80697e+07
1.80699e+07
1.80701e+07
1.80704e+07
1.80706e+07
1.80708e+07
1.8071e+07
1.80711e+07
1.80713e+07
1.80715e+07
1.80716e+07
1.80717e+07
1.80718e+07
1.80719e+07
1.8072e+07
1.80721e+07
1.80721e+07
1.80722e+07
1.80722e+07
1.80722e+07
1.80722e+07
1.80723e+07
1.80723e+07
1.80723e+07
1.80723e+07
1.80724e+07
1.80724e+07
1.80724e+07
1.80725e+07
1.80726e+07
1.80727e+07
1.80728e+07
1.8073e+07
1.80731e+07
1.80733e+07
1.80735e+07
1.80737e+07
1.80739e+07
1.80741e+07
1.80744e+07
1.80746e+07
1.80749e+07
1.80751e+07
1.80754e+07
1.80756e+07
1.80758e+07
1.8076e+07
1.80762e+07
1.80764e+07
1.80765e+07
1.80767e+07
1.80768e+07
1.80768e+07
1.80769e+07
1.80769e+07
1.80769e+07
1.80768e+07
1.80768e+07
1.80767e+07
1.80766e+07
1.80764e+07
1.80763e+07
1.80761e+07
1.8076e+07
1.80758e+07
1.80756e+07
1.80754e+07
1.80752e+07
1.8075e+07
1.80749e+07
1.80747e+07
1.80746e+07
1.80744e+07
1.80743e+07
1.80742e+07
1.80741e+07
1.8074e+07
1.8074e+07
1.8074e+07
1.80739e+07
1.80739e+07
1.80739e+07
1.8074e+07
1.8074e+07
1.8074e+07
1.8074e+07
1.80741e+07
1.80741e+07
1.80741e+07
1.80741e+07
1.80741e+07
1.80741e+07
1.8074e+07
1.8074e+07
1.8074e+07
1.80739e+07
1.80739e+07
1.80738e+07
1.80737e+07
1.80736e+07
1.80735e+07
1.80735e+07
1.80733e+07
1.80732e+07
1.80731e+07
1.8073e+07
1.80729e+07
1.80728e+07
1.80727e+07
1.80726e+07
1.80726e+07
1.80725e+07
1.80725e+07
1.80725e+07
1.80725e+07
1.80725e+07
1.80725e+07
1.80726e+07
1.80727e+07
1.80728e+07
1.80729e+07
1.8073e+07
1.8073e+07
1.80729e+07
1.80723e+07
1.80796e+07
1.80822e+07
1.80824e+07
1.80818e+07
1.80812e+07
1.80805e+07
1.80795e+07
1.80783e+07
1.80772e+07
1.80766e+07
1.80767e+07
1.80783e+07
1.80789e+07
1.80764e+07
1.80709e+07
1.80647e+07
1.80611e+07
1.80583e+07
1.80559e+07
1.80543e+07
1.80782e+07
1.80794e+07
1.80793e+07
1.80786e+07
1.8078e+07
1.80774e+07
1.80763e+07
1.8075e+07
1.80739e+07
1.80733e+07
1.80736e+07
1.80753e+07
1.80755e+07
1.80724e+07
1.80661e+07
1.80597e+07
1.80563e+07
1.80537e+07
1.80518e+07
1.80511e+07
1.80735e+07
1.80735e+07
1.80731e+07
1.80723e+07
1.80712e+07
1.80699e+07
1.80684e+07
1.80666e+07
1.80644e+07
1.80619e+07
1.80591e+07
1.80559e+07
1.80528e+07
1.80499e+07
1.80471e+07
1.80442e+07
1.80407e+07
1.80369e+07
1.80328e+07
1.80283e+07
1.80646e+07
1.80636e+07
1.8064e+07
1.80644e+07
1.80639e+07
1.80623e+07
1.80602e+07
1.80573e+07
1.80551e+07
1.8052e+07
1.80495e+07
1.80468e+07
1.80441e+07
1.80415e+07
1.8039e+07
1.80368e+07
1.80349e+07
1.80333e+07
1.8032e+07
1.80311e+07
1.80601e+07
1.80557e+07
1.80541e+07
1.80539e+07
1.80531e+07
1.80513e+07
1.80489e+07
1.80458e+07
1.8043e+07
1.80398e+07
1.80367e+07
1.80336e+07
1.80306e+07
1.80276e+07
1.80248e+07
1.80223e+07
1.80202e+07
1.80185e+07
1.80174e+07
1.80173e+07
1.80444e+07
1.80322e+07
1.80273e+07
1.80265e+07
1.80266e+07
1.80264e+07
1.80258e+07
1.80255e+07
1.80256e+07
1.80258e+07
1.80259e+07
1.80258e+07
1.80258e+07
1.80258e+07
1.80259e+07
1.8026e+07
1.80261e+07
1.80261e+07
1.80262e+07
1.80263e+07
1.80264e+07
1.80266e+07
1.80268e+07
1.8027e+07
1.80273e+07
1.80275e+07
1.80278e+07
1.8028e+07
1.80282e+07
1.80284e+07
1.80285e+07
1.80286e+07
1.80286e+07
1.80285e+07
1.80285e+07
1.80284e+07
1.80283e+07
1.80283e+07
1.80282e+07
1.80281e+07
1.80281e+07
1.8028e+07
1.8028e+07
1.8028e+07
1.80279e+07
1.80279e+07
1.80279e+07
1.8028e+07
1.8028e+07
1.8028e+07
1.80281e+07
1.80281e+07
1.80282e+07
1.80283e+07
1.80284e+07
1.80285e+07
1.80286e+07
1.80287e+07
1.80288e+07
1.8029e+07
1.80291e+07
1.80293e+07
1.80295e+07
1.80297e+07
1.80299e+07
1.80301e+07
1.80303e+07
1.80305e+07
1.80308e+07
1.8031e+07
1.80312e+07
1.80315e+07
1.80317e+07
1.8032e+07
1.80323e+07
1.80325e+07
1.80328e+07
1.80331e+07
1.80333e+07
1.80336e+07
1.80339e+07
1.80342e+07
1.80345e+07
1.80348e+07
1.8035e+07
1.80353e+07
1.80356e+07
1.80359e+07
1.80362e+07
1.80365e+07
1.80368e+07
1.80371e+07
1.80374e+07
1.80377e+07
1.80379e+07
1.80382e+07
1.80385e+07
1.80388e+07
1.8039e+07
1.80393e+07
1.80395e+07
1.80398e+07
1.804e+07
1.80402e+07
1.80404e+07
1.80406e+07
1.80408e+07
1.8041e+07
1.80411e+07
1.80413e+07
1.80414e+07
1.80416e+07
1.80417e+07
1.80418e+07
1.80419e+07
1.8042e+07
1.80422e+07
1.80423e+07
1.80424e+07
1.80425e+07
1.80426e+07
1.80427e+07
1.80428e+07
1.80429e+07
1.8043e+07
1.80431e+07
1.80432e+07
1.80433e+07
1.80435e+07
1.80436e+07
1.80437e+07
1.80439e+07
1.8044e+07
1.80442e+07
1.80444e+07
1.80445e+07
1.80447e+07
1.80449e+07
1.80451e+07
1.80453e+07
1.80456e+07
1.80458e+07
1.8046e+07
1.80463e+07
1.80465e+07
1.80468e+07
1.8047e+07
1.80473e+07
1.80475e+07
1.80478e+07
1.8048e+07
1.80482e+07
1.80485e+07
1.80487e+07
1.80489e+07
1.80491e+07
1.80493e+07
1.80494e+07
1.80496e+07
1.80497e+07
1.80499e+07
1.805e+07
1.80501e+07
1.80501e+07
1.80502e+07
1.80502e+07
1.80503e+07
1.80503e+07
1.80503e+07
1.80503e+07
1.80503e+07
1.80503e+07
1.80502e+07
1.80502e+07
1.80502e+07
1.80501e+07
1.805e+07
1.805e+07
1.80499e+07
1.80498e+07
1.80497e+07
1.80497e+07
1.80496e+07
1.80496e+07
1.80495e+07
1.80495e+07
1.80494e+07
1.80494e+07
1.80494e+07
1.80494e+07
1.80494e+07
1.80495e+07
1.80495e+07
1.80496e+07
1.80497e+07
1.80498e+07
1.80498e+07
1.80499e+07
1.80497e+07
1.80489e+07
1.80433e+07
1.8032e+07
1.80274e+07
1.80265e+07
1.80266e+07
1.80264e+07
1.80258e+07
1.80255e+07
1.80256e+07
1.80258e+07
1.80259e+07
1.80258e+07
1.80258e+07
1.80258e+07
1.80259e+07
1.8026e+07
1.80261e+07
1.80261e+07
1.80262e+07
1.80263e+07
1.80264e+07
1.80266e+07
1.80268e+07
1.8027e+07
1.80273e+07
1.80275e+07
1.80278e+07
1.8028e+07
1.80282e+07
1.80284e+07
1.80285e+07
1.80286e+07
1.80286e+07
1.80285e+07
1.80285e+07
1.80284e+07
1.80283e+07
1.80283e+07
1.80282e+07
1.80281e+07
1.80281e+07
1.8028e+07
1.8028e+07
1.8028e+07
1.80279e+07
1.80279e+07
1.80279e+07
1.8028e+07
1.8028e+07
1.8028e+07
1.80281e+07
1.80281e+07
1.80282e+07
1.80283e+07
1.80284e+07
1.80285e+07
1.80286e+07
1.80287e+07
1.80288e+07
1.8029e+07
1.80291e+07
1.80293e+07
1.80295e+07
1.80297e+07
1.80299e+07
1.80301e+07
1.80303e+07
1.80305e+07
1.80308e+07
1.8031e+07
1.80312e+07
1.80315e+07
1.80317e+07
1.8032e+07
1.80323e+07
1.80325e+07
1.80328e+07
1.80331e+07
1.80333e+07
1.80336e+07
1.80339e+07
1.80342e+07
1.80345e+07
1.80348e+07
1.8035e+07
1.80353e+07
1.80356e+07
1.80359e+07
1.80362e+07
1.80365e+07
1.80368e+07
1.80371e+07
1.80374e+07
1.80377e+07
1.80379e+07
1.80382e+07
1.80385e+07
1.80388e+07
1.8039e+07
1.80393e+07
1.80395e+07
1.80398e+07
1.804e+07
1.80402e+07
1.80404e+07
1.80406e+07
1.80408e+07
1.8041e+07
1.80411e+07
1.80413e+07
1.80414e+07
1.80416e+07
1.80417e+07
1.80418e+07
1.80419e+07
1.8042e+07
1.80422e+07
1.80423e+07
1.80424e+07
1.80425e+07
1.80426e+07
1.80427e+07
1.80428e+07
1.80429e+07
1.8043e+07
1.80431e+07
1.80432e+07
1.80433e+07
1.80435e+07
1.80436e+07
1.80437e+07
1.80439e+07
1.8044e+07
1.80442e+07
1.80444e+07
1.80445e+07
1.80447e+07
1.80449e+07
1.80451e+07
1.80453e+07
1.80456e+07
1.80458e+07
1.8046e+07
1.80463e+07
1.80465e+07
1.80468e+07
1.8047e+07
1.80473e+07
1.80475e+07
1.80478e+07
1.8048e+07
1.80482e+07
1.80485e+07
1.80487e+07
1.80489e+07
1.80491e+07
1.80493e+07
1.80494e+07
1.80496e+07
1.80497e+07
1.80499e+07
1.805e+07
1.80501e+07
1.80501e+07
1.80502e+07
1.80502e+07
1.80503e+07
1.80503e+07
1.80503e+07
1.80503e+07
1.80503e+07
1.80503e+07
1.80502e+07
1.80502e+07
1.80502e+07
1.80501e+07
1.805e+07
1.805e+07
1.80499e+07
1.80498e+07
1.80497e+07
1.80497e+07
1.80496e+07
1.80496e+07
1.80495e+07
1.80495e+07
1.80494e+07
1.80494e+07
1.80494e+07
1.80494e+07
1.80494e+07
1.80495e+07
1.80495e+07
1.80496e+07
1.80497e+07
1.80498e+07
1.80498e+07
1.80499e+07
1.80498e+07
1.80489e+07
1.80167e+07
1.80214e+07
1.80249e+07
1.80257e+07
1.80254e+07
1.80252e+07
1.80252e+07
1.80253e+07
1.80255e+07
1.80255e+07
1.80256e+07
1.80256e+07
1.80257e+07
1.80258e+07
1.80259e+07
1.8026e+07
1.80261e+07
1.80262e+07
1.80263e+07
1.80264e+07
1.80266e+07
1.80268e+07
1.8027e+07
1.80272e+07
1.80275e+07
1.80277e+07
1.8028e+07
1.80282e+07
1.80283e+07
1.80285e+07
1.80285e+07
1.80286e+07
1.80286e+07
1.80285e+07
1.80285e+07
1.80284e+07
1.80283e+07
1.80283e+07
1.80282e+07
1.80281e+07
1.80281e+07
1.8028e+07
1.8028e+07
1.8028e+07
1.80279e+07
1.80279e+07
1.80279e+07
1.8028e+07
1.8028e+07
1.8028e+07
1.80281e+07
1.80281e+07
1.80282e+07
1.80283e+07
1.80284e+07
1.80285e+07
1.80286e+07
1.80287e+07
1.80288e+07
1.8029e+07
1.80291e+07
1.80293e+07
1.80295e+07
1.80297e+07
1.80299e+07
1.80301e+07
1.80303e+07
1.80305e+07
1.80308e+07
1.8031e+07
1.80312e+07
1.80315e+07
1.80317e+07
1.8032e+07
1.80323e+07
1.80325e+07
1.80328e+07
1.80331e+07
1.80333e+07
1.80336e+07
1.80339e+07
1.80342e+07
1.80345e+07
1.80348e+07
1.8035e+07
1.80353e+07
1.80356e+07
1.80359e+07
1.80362e+07
1.80365e+07
1.80368e+07
1.80371e+07
1.80374e+07
1.80377e+07
1.80379e+07
1.80382e+07
1.80385e+07
1.80388e+07
1.8039e+07
1.80393e+07
1.80395e+07
1.80398e+07
1.804e+07
1.80402e+07
1.80404e+07
1.80406e+07
1.80408e+07
1.8041e+07
1.80411e+07
1.80413e+07
1.80414e+07
1.80416e+07
1.80417e+07
1.80418e+07
1.80419e+07
1.8042e+07
1.80422e+07
1.80423e+07
1.80424e+07
1.80425e+07
1.80426e+07
1.80427e+07
1.80428e+07
1.80429e+07
1.8043e+07
1.80431e+07
1.80432e+07
1.80433e+07
1.80435e+07
1.80436e+07
1.80437e+07
1.80439e+07
1.8044e+07
1.80442e+07
1.80444e+07
1.80445e+07
1.80447e+07
1.80449e+07
1.80451e+07
1.80453e+07
1.80456e+07
1.80458e+07
1.8046e+07
1.80463e+07
1.80465e+07
1.80468e+07
1.8047e+07
1.80473e+07
1.80475e+07
1.80478e+07
1.8048e+07
1.80482e+07
1.80485e+07
1.80487e+07
1.80489e+07
1.80491e+07
1.80493e+07
1.80494e+07
1.80496e+07
1.80497e+07
1.80499e+07
1.805e+07
1.80501e+07
1.80501e+07
1.80502e+07
1.80502e+07
1.80503e+07
1.80503e+07
1.80503e+07
1.80503e+07
1.80503e+07
1.80503e+07
1.80502e+07
1.80502e+07
1.80502e+07
1.80501e+07
1.805e+07
1.805e+07
1.80499e+07
1.80498e+07
1.80497e+07
1.80497e+07
1.80496e+07
1.80496e+07
1.80495e+07
1.80495e+07
1.80494e+07
1.80494e+07
1.80494e+07
1.80494e+07
1.80494e+07
1.80495e+07
1.80495e+07
1.80496e+07
1.80497e+07
1.80498e+07
1.80499e+07
1.805e+07
1.80501e+07
1.80503e+07
1.8028e+07
1.80267e+07
1.80261e+07
1.80257e+07
1.80254e+07
1.80252e+07
1.80252e+07
1.80253e+07
1.80254e+07
1.80255e+07
1.80256e+07
1.80256e+07
1.80257e+07
1.80258e+07
1.80259e+07
1.8026e+07
1.80261e+07
1.80263e+07
1.80264e+07
1.80266e+07
1.80267e+07
1.80269e+07
1.80272e+07
1.80274e+07
1.80277e+07
1.80279e+07
1.80281e+07
1.80283e+07
1.80284e+07
1.80285e+07
1.80286e+07
1.80286e+07
1.80286e+07
1.80286e+07
1.80285e+07
1.80284e+07
1.80283e+07
1.80283e+07
1.80282e+07
1.80281e+07
1.80281e+07
1.8028e+07
1.8028e+07
1.8028e+07
1.80279e+07
1.80279e+07
1.80279e+07
1.8028e+07
1.8028e+07
1.8028e+07
1.80281e+07
1.80281e+07
1.80282e+07
1.80283e+07
1.80284e+07
1.80285e+07
1.80286e+07
1.80287e+07
1.80288e+07
1.8029e+07
1.80291e+07
1.80293e+07
1.80295e+07
1.80297e+07
1.80299e+07
1.80301e+07
1.80303e+07
1.80305e+07
1.80308e+07
1.8031e+07
1.80312e+07
1.80315e+07
1.80317e+07
1.8032e+07
1.80323e+07
1.80325e+07
1.80328e+07
1.80331e+07
1.80333e+07
1.80336e+07
1.80339e+07
1.80342e+07
1.80345e+07
1.80348e+07
1.8035e+07
1.80353e+07
1.80356e+07
1.80359e+07
1.80362e+07
1.80365e+07
1.80368e+07
1.80371e+07
1.80374e+07
1.80377e+07
1.80379e+07
1.80382e+07
1.80385e+07
1.80388e+07
1.8039e+07
1.80393e+07
1.80395e+07
1.80398e+07
1.804e+07
1.80402e+07
1.80404e+07
1.80406e+07
1.80408e+07
1.8041e+07
1.80411e+07
1.80413e+07
1.80414e+07
1.80416e+07
1.80417e+07
1.80418e+07
1.80419e+07
1.8042e+07
1.80422e+07
1.80423e+07
1.80424e+07
1.80425e+07
1.80426e+07
1.80427e+07
1.80428e+07
1.80429e+07
1.8043e+07
1.80431e+07
1.80432e+07
1.80433e+07
1.80435e+07
1.80436e+07
1.80437e+07
1.80439e+07
1.8044e+07
1.80442e+07
1.80444e+07
1.80445e+07
1.80447e+07
1.80449e+07
1.80451e+07
1.80453e+07
1.80456e+07
1.80458e+07
1.8046e+07
1.80463e+07
1.80465e+07
1.80468e+07
1.8047e+07
1.80473e+07
1.80475e+07
1.80478e+07
1.8048e+07
1.80482e+07
1.80485e+07
1.80487e+07
1.80489e+07
1.80491e+07
1.80493e+07
1.80494e+07
1.80496e+07
1.80497e+07
1.80499e+07
1.805e+07
1.80501e+07
1.80501e+07
1.80502e+07
1.80502e+07
1.80503e+07
1.80503e+07
1.80503e+07
1.80503e+07
1.80503e+07
1.80503e+07
1.80502e+07
1.80502e+07
1.80502e+07
1.80501e+07
1.805e+07
1.805e+07
1.80499e+07
1.80498e+07
1.80497e+07
1.80497e+07
1.80496e+07
1.80496e+07
1.80495e+07
1.80495e+07
1.80494e+07
1.80494e+07
1.80494e+07
1.80494e+07
1.80494e+07
1.80495e+07
1.80495e+07
1.80496e+07
1.80497e+07
1.80498e+07
1.80499e+07
1.805e+07
1.80503e+07
1.80511e+07
1.80254e+07
1.80263e+07
1.8026e+07
1.80257e+07
1.80254e+07
1.80252e+07
1.80252e+07
1.80253e+07
1.80254e+07
1.80255e+07
1.80256e+07
1.80256e+07
1.80257e+07
1.80258e+07
1.80259e+07
1.8026e+07
1.80261e+07
1.80263e+07
1.80264e+07
1.80266e+07
1.80267e+07
1.80269e+07
1.80272e+07
1.80274e+07
1.80276e+07
1.80279e+07
1.80281e+07
1.80283e+07
1.80284e+07
1.80285e+07
1.80286e+07
1.80286e+07
1.80286e+07
1.80286e+07
1.80285e+07
1.80284e+07
1.80283e+07
1.80283e+07
1.80282e+07
1.80281e+07
1.80281e+07
1.8028e+07
1.8028e+07
1.8028e+07
1.80279e+07
1.80279e+07
1.80279e+07
1.8028e+07
1.8028e+07
1.8028e+07
1.80281e+07
1.80281e+07
1.80282e+07
1.80283e+07
1.80284e+07
1.80285e+07
1.80286e+07
1.80287e+07
1.80288e+07
1.8029e+07
1.80291e+07
1.80293e+07
1.80295e+07
1.80297e+07
1.80299e+07
1.80301e+07
1.80303e+07
1.80305e+07
1.80308e+07
1.8031e+07
1.80312e+07
1.80315e+07
1.80317e+07
1.8032e+07
1.80323e+07
1.80325e+07
1.80328e+07
1.80331e+07
1.80333e+07
1.80336e+07
1.80339e+07
1.80342e+07
1.80345e+07
1.80348e+07
1.8035e+07
1.80353e+07
1.80356e+07
1.80359e+07
1.80362e+07
1.80365e+07
1.80368e+07
1.80371e+07
1.80374e+07
1.80377e+07
1.80379e+07
1.80382e+07
1.80385e+07
1.80388e+07
1.8039e+07
1.80393e+07
1.80395e+07
1.80398e+07
1.804e+07
1.80402e+07
1.80404e+07
1.80406e+07
1.80408e+07
1.8041e+07
1.80411e+07
1.80413e+07
1.80414e+07
1.80416e+07
1.80417e+07
1.80418e+07
1.80419e+07
1.8042e+07
1.80422e+07
1.80423e+07
1.80424e+07
1.80425e+07
1.80426e+07
1.80427e+07
1.80428e+07
1.80429e+07
1.8043e+07
1.80431e+07
1.80432e+07
1.80433e+07
1.80435e+07
1.80436e+07
1.80437e+07
1.80439e+07
1.8044e+07
1.80442e+07
1.80444e+07
1.80445e+07
1.80447e+07
1.80449e+07
1.80451e+07
1.80453e+07
1.80456e+07
1.80458e+07
1.8046e+07
1.80463e+07
1.80465e+07
1.80468e+07
1.8047e+07
1.80473e+07
1.80475e+07
1.80478e+07
1.8048e+07
1.80482e+07
1.80485e+07
1.80487e+07
1.80489e+07
1.80491e+07
1.80493e+07
1.80494e+07
1.80496e+07
1.80497e+07
1.80499e+07
1.805e+07
1.80501e+07
1.80501e+07
1.80502e+07
1.80502e+07
1.80503e+07
1.80503e+07
1.80503e+07
1.80503e+07
1.80503e+07
1.80503e+07
1.80502e+07
1.80502e+07
1.80502e+07
1.80501e+07
1.805e+07
1.805e+07
1.80499e+07
1.80498e+07
1.80497e+07
1.80497e+07
1.80496e+07
1.80496e+07
1.80495e+07
1.80495e+07
1.80494e+07
1.80494e+07
1.80494e+07
1.80494e+07
1.80494e+07
1.80495e+07
1.80495e+07
1.80496e+07
1.80497e+07
1.80498e+07
1.80499e+07
1.805e+07
1.80503e+07
1.80512e+07
1.80383e+07
1.80337e+07
1.8032e+07
1.80317e+07
1.80309e+07
1.80292e+07
1.80266e+07
1.80241e+07
1.8021e+07
1.80182e+07
1.80151e+07
1.80121e+07
1.80091e+07
1.80063e+07
1.80037e+07
1.80014e+07
1.79994e+07
1.79978e+07
1.79967e+07
1.79967e+07
1.80423e+07
1.80413e+07
1.80416e+07
1.80419e+07
1.80414e+07
1.80398e+07
1.80374e+07
1.80354e+07
1.80325e+07
1.80303e+07
1.80275e+07
1.80249e+07
1.80223e+07
1.80198e+07
1.80175e+07
1.80154e+07
1.80136e+07
1.80121e+07
1.80109e+07
1.801e+07
1.80506e+07
1.80506e+07
1.80502e+07
1.80495e+07
1.80485e+07
1.80472e+07
1.80458e+07
1.8044e+07
1.80419e+07
1.80394e+07
1.80366e+07
1.80338e+07
1.80312e+07
1.80286e+07
1.80258e+07
1.80225e+07
1.80189e+07
1.80151e+07
1.80109e+07
1.80064e+07
1.80549e+07
1.80561e+07
1.8056e+07
1.80554e+07
1.80548e+07
1.80541e+07
1.80532e+07
1.80523e+07
1.80516e+07
1.80518e+07
1.80531e+07
1.80531e+07
1.80502e+07
1.80445e+07
1.80392e+07
1.80362e+07
1.80338e+07
1.80318e+07
1.80308e+07
1.80325e+07
1.80563e+07
1.80588e+07
1.80591e+07
1.80585e+07
1.80579e+07
1.80572e+07
1.80564e+07
1.80554e+07
1.80547e+07
1.80548e+07
1.80561e+07
1.80563e+07
1.80539e+07
1.80489e+07
1.80438e+07
1.80406e+07
1.8038e+07
1.80356e+07
1.80343e+07
1.80356e+07
1.80044e+07
1.80052e+07
1.80049e+07
1.80047e+07
1.80044e+07
1.80043e+07
1.80043e+07
1.80045e+07
1.80046e+07
1.80046e+07
1.80047e+07
1.80048e+07
1.80048e+07
1.80049e+07
1.8005e+07
1.80051e+07
1.80051e+07
1.80052e+07
1.80052e+07
1.80053e+07
1.80054e+07
1.80055e+07
1.80057e+07
1.80058e+07
1.8006e+07
1.80062e+07
1.80064e+07
1.80065e+07
1.80066e+07
1.80067e+07
1.80068e+07
1.80068e+07
1.80068e+07
1.80068e+07
1.80068e+07
1.80067e+07
1.80067e+07
1.80066e+07
1.80066e+07
1.80065e+07
1.80065e+07
1.80065e+07
1.80065e+07
1.80064e+07
1.80064e+07
1.80064e+07
1.80064e+07
1.80065e+07
1.80065e+07
1.80065e+07
1.80065e+07
1.80065e+07
1.80065e+07
1.80066e+07
1.80066e+07
1.80066e+07
1.80066e+07
1.80067e+07
1.80067e+07
1.80067e+07
1.80067e+07
1.80067e+07
1.80067e+07
1.80067e+07
1.80067e+07
1.80067e+07
1.80067e+07
1.80067e+07
1.80067e+07
1.80067e+07
1.80067e+07
1.80067e+07
1.80066e+07
1.80066e+07
1.80065e+07
1.80065e+07
1.80064e+07
1.80064e+07
1.80063e+07
1.80062e+07
1.80062e+07
1.80061e+07
1.8006e+07
1.8006e+07
1.80059e+07
1.80059e+07
1.80058e+07
1.80058e+07
1.80058e+07
1.80058e+07
1.80058e+07
1.80058e+07
1.80058e+07
1.80058e+07
1.80058e+07
1.80059e+07
1.80059e+07
1.80059e+07
1.80057e+07
1.80047e+07
1.80069e+07
1.80055e+07
1.8005e+07
1.80047e+07
1.80045e+07
1.80043e+07
1.80043e+07
1.80045e+07
1.80046e+07
1.80046e+07
1.80047e+07
1.80048e+07
1.80048e+07
1.80049e+07
1.8005e+07
1.80051e+07
1.80051e+07
1.80052e+07
1.80052e+07
1.80053e+07
1.80054e+07
1.80055e+07
1.80057e+07
1.80058e+07
1.8006e+07
1.80062e+07
1.80064e+07
1.80065e+07
1.80066e+07
1.80067e+07
1.80068e+07
1.80068e+07
1.80068e+07
1.80068e+07
1.80068e+07
1.80067e+07
1.80067e+07
1.80066e+07
1.80066e+07
1.80065e+07
1.80065e+07
1.80065e+07
1.80065e+07
1.80064e+07
1.80064e+07
1.80064e+07
1.80064e+07
1.80065e+07
1.80065e+07
1.80065e+07
1.80065e+07
1.80065e+07
1.80065e+07
1.80066e+07
1.80066e+07
1.80066e+07
1.80066e+07
1.80067e+07
1.80067e+07
1.80067e+07
1.80067e+07
1.80067e+07
1.80067e+07
1.80067e+07
1.80067e+07
1.80067e+07
1.80067e+07
1.80067e+07
1.80067e+07
1.80067e+07
1.80067e+07
1.80067e+07
1.80066e+07
1.80066e+07
1.80065e+07
1.80065e+07
1.80064e+07
1.80064e+07
1.80063e+07
1.80062e+07
1.80062e+07
1.80061e+07
1.8006e+07
1.8006e+07
1.80059e+07
1.80059e+07
1.80058e+07
1.80058e+07
1.80058e+07
1.80058e+07
1.80058e+07
1.80058e+07
1.80058e+07
1.80058e+07
1.80058e+07
1.80059e+07
1.80059e+07
1.80059e+07
1.80057e+07
1.80048e+07
1.79961e+07
1.80005e+07
1.80039e+07
1.80047e+07
1.80044e+07
1.80042e+07
1.80043e+07
1.80045e+07
1.80046e+07
1.80046e+07
1.80047e+07
1.80048e+07
1.80048e+07
1.80049e+07
1.8005e+07
1.8005e+07
1.80051e+07
1.80051e+07
1.80051e+07
1.80052e+07
1.80053e+07
1.80054e+07
1.80055e+07
1.80057e+07
1.80059e+07
1.8006e+07
1.80062e+07
1.80064e+07
1.80065e+07
1.80066e+07
1.80067e+07
1.80068e+07
1.80068e+07
1.80068e+07
1.80067e+07
1.80067e+07
1.80067e+07
1.80066e+07
1.80066e+07
1.80065e+07
1.80065e+07
1.80065e+07
1.80065e+07
1.80064e+07
1.80064e+07
1.80064e+07
1.80064e+07
1.80065e+07
1.80065e+07
1.80065e+07
1.80065e+07
1.80065e+07
1.80065e+07
1.80066e+07
1.80066e+07
1.80066e+07
1.80066e+07
1.80067e+07
1.80067e+07
1.80067e+07
1.80067e+07
1.80067e+07
1.80067e+07
1.80067e+07
1.80067e+07
1.80067e+07
1.80067e+07
1.80067e+07
1.80067e+07
1.80067e+07
1.80067e+07
1.80067e+07
1.80066e+07
1.80066e+07
1.80065e+07
1.80065e+07
1.80064e+07
1.80064e+07
1.80063e+07
1.80062e+07
1.80062e+07
1.80061e+07
1.8006e+07
1.8006e+07
1.80059e+07
1.80059e+07
1.80058e+07
1.80058e+07
1.80058e+07
1.80058e+07
1.80058e+07
1.80058e+07
1.80058e+07
1.80058e+07
1.80058e+07
1.80059e+07
1.80059e+07
1.8006e+07
1.80061e+07
1.80062e+07
1.8023e+07
1.80089e+07
1.80055e+07
1.80059e+07
1.80063e+07
1.80056e+07
1.80048e+07
1.80046e+07
1.80048e+07
1.80051e+07
1.8005e+07
1.80049e+07
1.80049e+07
1.80049e+07
1.8005e+07
1.80051e+07
1.80053e+07
1.80053e+07
1.80052e+07
1.80051e+07
1.80051e+07
1.80052e+07
1.80053e+07
1.80055e+07
1.80057e+07
1.80058e+07
1.8006e+07
1.80062e+07
1.80064e+07
1.80066e+07
1.80067e+07
1.80067e+07
1.80068e+07
1.80068e+07
1.80067e+07
1.80067e+07
1.80066e+07
1.80066e+07
1.80066e+07
1.80065e+07
1.80065e+07
1.80065e+07
1.80065e+07
1.80064e+07
1.80064e+07
1.80064e+07
1.80064e+07
1.80065e+07
1.80065e+07
1.80065e+07
1.80065e+07
1.80065e+07
1.80065e+07
1.80066e+07
1.80066e+07
1.80066e+07
1.80066e+07
1.80067e+07
1.80067e+07
1.80067e+07
1.80067e+07
1.80067e+07
1.80067e+07
1.80067e+07
1.80067e+07
1.80067e+07
1.80067e+07
1.80067e+07
1.80067e+07
1.80067e+07
1.80067e+07
1.80067e+07
1.80066e+07
1.80066e+07
1.80065e+07
1.80065e+07
1.80064e+07
1.80064e+07
1.80063e+07
1.80062e+07
1.80062e+07
1.80061e+07
1.8006e+07
1.8006e+07
1.80059e+07
1.80059e+07
1.80058e+07
1.80058e+07
1.80058e+07
1.80058e+07
1.80058e+07
1.80058e+07
1.80058e+07
1.80058e+07
1.80058e+07
1.80059e+07
1.8006e+07
1.8006e+07
1.80063e+07
1.80071e+07
1.80243e+07
1.80091e+07
1.80055e+07
1.80058e+07
1.80063e+07
1.80056e+07
1.80047e+07
1.80046e+07
1.80048e+07
1.80051e+07
1.8005e+07
1.80049e+07
1.80049e+07
1.80049e+07
1.8005e+07
1.80051e+07
1.80053e+07
1.80053e+07
1.80052e+07
1.80051e+07
1.80052e+07
1.80052e+07
1.80053e+07
1.80055e+07
1.80057e+07
1.80058e+07
1.8006e+07
1.80062e+07
1.80064e+07
1.80066e+07
1.80067e+07
1.80067e+07
1.80068e+07
1.80068e+07
1.80067e+07
1.80067e+07
1.80066e+07
1.80066e+07
1.80066e+07
1.80065e+07
1.80065e+07
1.80065e+07
1.80065e+07
1.80064e+07
1.80064e+07
1.80064e+07
1.80064e+07
1.80065e+07
1.80065e+07
1.80065e+07
1.80065e+07
1.80065e+07
1.80065e+07
1.80066e+07
1.80066e+07
1.80066e+07
1.80066e+07
1.80067e+07
1.80067e+07
1.80067e+07
1.80067e+07
1.80067e+07
1.80067e+07
1.80067e+07
1.80067e+07
1.80067e+07
1.80067e+07
1.80067e+07
1.80067e+07
1.80067e+07
1.80067e+07
1.80067e+07
1.80066e+07
1.80066e+07
1.80065e+07
1.80065e+07
1.80064e+07
1.80064e+07
1.80063e+07
1.80062e+07
1.80062e+07
1.80061e+07
1.8006e+07
1.8006e+07
1.80059e+07
1.80059e+07
1.80058e+07
1.80058e+07
1.80058e+07
1.80058e+07
1.80058e+07
1.80058e+07
1.80058e+07
1.80058e+07
1.80058e+07
1.80059e+07
1.8006e+07
1.8006e+07
1.80063e+07
1.80071e+07
1.79942e+07
1.79895e+07
1.79878e+07
1.79875e+07
1.79867e+07
1.79849e+07
1.79824e+07
1.79798e+07
1.79767e+07
1.79739e+07
1.79708e+07
1.79678e+07
1.79648e+07
1.79619e+07
1.79593e+07
1.7957e+07
1.79549e+07
1.79533e+07
1.79522e+07
1.79521e+07
1.79982e+07
1.79971e+07
1.79974e+07
1.79978e+07
1.79972e+07
1.79956e+07
1.79932e+07
1.79912e+07
1.79883e+07
1.7986e+07
1.79832e+07
1.79806e+07
1.79779e+07
1.79754e+07
1.79731e+07
1.7971e+07
1.79692e+07
1.79677e+07
1.79664e+07
1.79655e+07
1.80065e+07
1.80065e+07
1.80061e+07
1.80053e+07
1.80043e+07
1.80031e+07
1.80016e+07
1.79998e+07
1.79977e+07
1.79952e+07
1.79924e+07
1.79896e+07
1.79869e+07
1.79843e+07
1.79815e+07
1.79782e+07
1.79746e+07
1.79707e+07
1.79666e+07
1.79621e+07
1.80107e+07
1.8012e+07
1.80119e+07
1.80113e+07
1.80107e+07
1.801e+07
1.80091e+07
1.80081e+07
1.80074e+07
1.80076e+07
1.80088e+07
1.80088e+07
1.80059e+07
1.80003e+07
1.7995e+07
1.79919e+07
1.79895e+07
1.79875e+07
1.79864e+07
1.79881e+07
1.80121e+07
1.80147e+07
1.80149e+07
1.80144e+07
1.80137e+07
1.80131e+07
1.80122e+07
1.80112e+07
1.80106e+07
1.80106e+07
1.80118e+07
1.8012e+07
1.80096e+07
1.80047e+07
1.79995e+07
1.79963e+07
1.79936e+07
1.79913e+07
1.79899e+07
1.79912e+07
1.79598e+07
1.79606e+07
1.79604e+07
1.79602e+07
1.79599e+07
1.79598e+07
1.79598e+07
1.79599e+07
1.796e+07
1.79601e+07
1.79602e+07
1.79603e+07
1.79604e+07
1.79605e+07
1.79605e+07
1.79606e+07
1.79607e+07
1.79608e+07
1.79609e+07
1.79611e+07
1.79612e+07
1.79614e+07
1.79616e+07
1.79618e+07
1.79621e+07
1.79623e+07
1.79625e+07
1.79626e+07
1.79628e+07
1.79629e+07
1.79629e+07
1.79629e+07
1.79629e+07
1.79629e+07
1.79628e+07
1.79628e+07
1.79627e+07
1.79627e+07
1.79626e+07
1.79626e+07
1.79625e+07
1.79625e+07
1.79624e+07
1.79624e+07
1.79623e+07
1.79623e+07
1.79623e+07
1.79623e+07
1.79623e+07
1.79622e+07
1.79622e+07
1.79622e+07
1.79623e+07
1.79623e+07
1.79623e+07
1.79623e+07
1.79623e+07
1.79624e+07
1.79624e+07
1.79624e+07
1.79625e+07
1.79625e+07
1.79626e+07
1.79626e+07
1.79626e+07
1.79627e+07
1.79627e+07
1.79627e+07
1.79628e+07
1.79628e+07
1.79628e+07
1.79629e+07
1.79629e+07
1.79629e+07
1.79629e+07
1.79629e+07
1.79629e+07
1.79629e+07
1.79629e+07
1.7963e+07
1.7963e+07
1.7963e+07
1.7963e+07
1.7963e+07
1.79631e+07
1.79631e+07
1.79631e+07
1.79632e+07
1.79632e+07
1.79633e+07
1.79634e+07
1.79635e+07
1.79635e+07
1.79636e+07
1.79638e+07
1.79639e+07
1.7964e+07
1.79641e+07
1.79643e+07
1.79644e+07
1.79646e+07
1.79648e+07
1.79649e+07
1.79651e+07
1.79653e+07
1.79655e+07
1.79656e+07
1.79658e+07
1.7966e+07
1.79662e+07
1.79664e+07
1.79666e+07
1.79667e+07
1.79669e+07
1.79671e+07
1.79673e+07
1.79674e+07
1.79676e+07
1.79678e+07
1.79679e+07
1.79681e+07
1.79682e+07
1.79684e+07
1.79685e+07
1.79686e+07
1.79688e+07
1.79689e+07
1.7969e+07
1.79691e+07
1.79692e+07
1.79693e+07
1.79694e+07
1.79695e+07
1.79696e+07
1.79697e+07
1.79698e+07
1.79699e+07
1.797e+07
1.797e+07
1.79701e+07
1.79702e+07
1.79703e+07
1.79705e+07
1.79706e+07
1.79707e+07
1.79708e+07
1.79709e+07
1.7971e+07
1.79712e+07
1.79713e+07
1.79714e+07
1.79716e+07
1.79717e+07
1.79718e+07
1.7972e+07
1.79721e+07
1.79722e+07
1.79724e+07
1.79725e+07
1.79727e+07
1.79729e+07
1.7973e+07
1.79732e+07
1.79734e+07
1.79736e+07
1.79738e+07
1.7974e+07
1.79742e+07
1.79744e+07
1.79746e+07
1.79748e+07
1.79751e+07
1.79753e+07
1.79755e+07
1.79757e+07
1.7976e+07
1.79762e+07
1.79765e+07
1.79767e+07
1.79769e+07
1.79772e+07
1.79774e+07
1.79777e+07
1.79779e+07
1.79782e+07
1.79785e+07
1.79787e+07
1.7979e+07
1.79792e+07
1.79795e+07
1.79797e+07
1.798e+07
1.79802e+07
1.79805e+07
1.79807e+07
1.79809e+07
1.79811e+07
1.79813e+07
1.79817e+07
1.79825e+07
1.79622e+07
1.79609e+07
1.79605e+07
1.79602e+07
1.79599e+07
1.79598e+07
1.79598e+07
1.79599e+07
1.796e+07
1.79601e+07
1.79602e+07
1.79603e+07
1.79604e+07
1.79605e+07
1.79606e+07
1.79606e+07
1.79607e+07
1.79608e+07
1.79609e+07
1.79611e+07
1.79612e+07
1.79614e+07
1.79616e+07
1.79618e+07
1.79621e+07
1.79623e+07
1.79625e+07
1.79626e+07
1.79628e+07
1.79629e+07
1.79629e+07
1.79629e+07
1.79629e+07
1.79629e+07
1.79628e+07
1.79628e+07
1.79627e+07
1.79627e+07
1.79626e+07
1.79626e+07
1.79625e+07
1.79625e+07
1.79624e+07
1.79624e+07
1.79623e+07
1.79623e+07
1.79623e+07
1.79623e+07
1.79623e+07
1.79622e+07
1.79622e+07
1.79622e+07
1.79623e+07
1.79623e+07
1.79623e+07
1.79623e+07
1.79623e+07
1.79624e+07
1.79624e+07
1.79624e+07
1.79625e+07
1.79625e+07
1.79626e+07
1.79626e+07
1.79626e+07
1.79627e+07
1.79627e+07
1.79627e+07
1.79628e+07
1.79628e+07
1.79628e+07
1.79629e+07
1.79629e+07
1.79629e+07
1.79629e+07
1.79629e+07
1.79629e+07
1.79629e+07
1.79629e+07
1.7963e+07
1.7963e+07
1.7963e+07
1.7963e+07
1.7963e+07
1.79631e+07
1.79631e+07
1.79631e+07
1.79632e+07
1.79632e+07
1.79633e+07
1.79634e+07
1.79635e+07
1.79635e+07
1.79636e+07
1.79638e+07
1.79639e+07
1.7964e+07
1.79641e+07
1.79643e+07
1.79644e+07
1.79646e+07
1.79648e+07
1.79649e+07
1.79651e+07
1.79653e+07
1.79655e+07
1.79656e+07
1.79658e+07
1.7966e+07
1.79662e+07
1.79664e+07
1.79666e+07
1.79667e+07
1.79669e+07
1.79671e+07
1.79673e+07
1.79674e+07
1.79676e+07
1.79678e+07
1.79679e+07
1.79681e+07
1.79682e+07
1.79684e+07
1.79685e+07
1.79686e+07
1.79688e+07
1.79689e+07
1.7969e+07
1.79691e+07
1.79692e+07
1.79693e+07
1.79694e+07
1.79695e+07
1.79696e+07
1.79697e+07
1.79698e+07
1.79699e+07
1.797e+07
1.797e+07
1.79701e+07
1.79702e+07
1.79703e+07
1.79705e+07
1.79706e+07
1.79707e+07
1.79708e+07
1.79709e+07
1.7971e+07
1.79712e+07
1.79713e+07
1.79714e+07
1.79716e+07
1.79717e+07
1.79718e+07
1.7972e+07
1.79721e+07
1.79722e+07
1.79724e+07
1.79725e+07
1.79727e+07
1.79729e+07
1.7973e+07
1.79732e+07
1.79734e+07
1.79736e+07
1.79738e+07
1.7974e+07
1.79742e+07
1.79744e+07
1.79746e+07
1.79748e+07
1.79751e+07
1.79753e+07
1.79755e+07
1.79757e+07
1.7976e+07
1.79762e+07
1.79765e+07
1.79767e+07
1.79769e+07
1.79772e+07
1.79774e+07
1.79777e+07
1.79779e+07
1.79782e+07
1.79785e+07
1.79787e+07
1.7979e+07
1.79792e+07
1.79795e+07
1.79797e+07
1.798e+07
1.79802e+07
1.79805e+07
1.79807e+07
1.79809e+07
1.79811e+07
1.79813e+07
1.79816e+07
1.79825e+07
1.79515e+07
1.79561e+07
1.79595e+07
1.79602e+07
1.79599e+07
1.79597e+07
1.79598e+07
1.79599e+07
1.796e+07
1.79601e+07
1.79602e+07
1.79603e+07
1.79603e+07
1.79604e+07
1.79605e+07
1.79606e+07
1.79606e+07
1.79607e+07
1.79608e+07
1.79609e+07
1.79611e+07
1.79613e+07
1.79615e+07
1.79617e+07
1.79619e+07
1.79621e+07
1.79623e+07
1.79625e+07
1.79627e+07
1.79628e+07
1.79629e+07
1.79629e+07
1.79629e+07
1.79629e+07
1.79628e+07
1.79628e+07
1.79627e+07
1.79627e+07
1.79626e+07
1.79626e+07
1.79625e+07
1.79625e+07
1.79624e+07
1.79624e+07
1.79623e+07
1.79623e+07
1.79623e+07
1.79623e+07
1.79623e+07
1.79622e+07
1.79622e+07
1.79622e+07
1.79623e+07
1.79623e+07
1.79623e+07
1.79623e+07
1.79623e+07
1.79624e+07
1.79624e+07
1.79624e+07
1.79625e+07
1.79625e+07
1.79626e+07
1.79626e+07
1.79626e+07
1.79627e+07
1.79627e+07
1.79627e+07
1.79628e+07
1.79628e+07
1.79628e+07
1.79629e+07
1.79629e+07
1.79629e+07
1.79629e+07
1.79629e+07
1.79629e+07
1.79629e+07
1.79629e+07
1.7963e+07
1.7963e+07
1.7963e+07
1.7963e+07
1.7963e+07
1.79631e+07
1.79631e+07
1.79631e+07
1.79632e+07
1.79632e+07
1.79633e+07
1.79634e+07
1.79635e+07
1.79635e+07
1.79636e+07
1.79638e+07
1.79639e+07
1.7964e+07
1.79641e+07
1.79643e+07
1.79644e+07
1.79646e+07
1.79648e+07
1.79649e+07
1.79651e+07
1.79653e+07
1.79655e+07
1.79656e+07
1.79658e+07
1.7966e+07
1.79662e+07
1.79664e+07
1.79666e+07
1.79667e+07
1.79669e+07
1.79671e+07
1.79673e+07
1.79674e+07
1.79676e+07
1.79678e+07
1.79679e+07
1.79681e+07
1.79682e+07
1.79684e+07
1.79685e+07
1.79686e+07
1.79688e+07
1.79689e+07
1.7969e+07
1.79691e+07
1.79692e+07
1.79693e+07
1.79694e+07
1.79695e+07
1.79696e+07
1.79697e+07
1.79698e+07
1.79699e+07
1.797e+07
1.797e+07
1.79701e+07
1.79702e+07
1.79703e+07
1.79705e+07
1.79706e+07
1.79707e+07
1.79708e+07
1.79709e+07
1.7971e+07
1.79712e+07
1.79713e+07
1.79714e+07
1.79716e+07
1.79717e+07
1.79718e+07
1.7972e+07
1.79721e+07
1.79722e+07
1.79724e+07
1.79725e+07
1.79727e+07
1.79729e+07
1.7973e+07
1.79732e+07
1.79734e+07
1.79736e+07
1.79738e+07
1.7974e+07
1.79742e+07
1.79744e+07
1.79746e+07
1.79748e+07
1.79751e+07
1.79753e+07
1.79755e+07
1.79757e+07
1.7976e+07
1.79762e+07
1.79765e+07
1.79767e+07
1.79769e+07
1.79772e+07
1.79774e+07
1.79777e+07
1.79779e+07
1.79782e+07
1.79785e+07
1.79787e+07
1.7979e+07
1.79792e+07
1.79795e+07
1.79797e+07
1.798e+07
1.79802e+07
1.79805e+07
1.79807e+07
1.79809e+07
1.79811e+07
1.79813e+07
1.79814e+07
1.79816e+07
1.79778e+07
1.79641e+07
1.7961e+07
1.79614e+07
1.79616e+07
1.79608e+07
1.79601e+07
1.79601e+07
1.79603e+07
1.79606e+07
1.79605e+07
1.79604e+07
1.79604e+07
1.79605e+07
1.79606e+07
1.79607e+07
1.79608e+07
1.79607e+07
1.79607e+07
1.79608e+07
1.79609e+07
1.79611e+07
1.79613e+07
1.79615e+07
1.79617e+07
1.79619e+07
1.79622e+07
1.79624e+07
1.79626e+07
1.79627e+07
1.79628e+07
1.79629e+07
1.79629e+07
1.79629e+07
1.79628e+07
1.79628e+07
1.79627e+07
1.79627e+07
1.79626e+07
1.79626e+07
1.79625e+07
1.79625e+07
1.79624e+07
1.79624e+07
1.79623e+07
1.79623e+07
1.79623e+07
1.79623e+07
1.79623e+07
1.79622e+07
1.79622e+07
1.79622e+07
1.79623e+07
1.79623e+07
1.79623e+07
1.79623e+07
1.79623e+07
1.79624e+07
1.79624e+07
1.79624e+07
1.79625e+07
1.79625e+07
1.79626e+07
1.79626e+07
1.79626e+07
1.79627e+07
1.79627e+07
1.79627e+07
1.79628e+07
1.79628e+07
1.79628e+07
1.79629e+07
1.79629e+07
1.79629e+07
1.79629e+07
1.79629e+07
1.79629e+07
1.79629e+07
1.79629e+07
1.7963e+07
1.7963e+07
1.7963e+07
1.7963e+07
1.7963e+07
1.79631e+07
1.79631e+07
1.79631e+07
1.79632e+07
1.79632e+07
1.79633e+07
1.79634e+07
1.79635e+07
1.79635e+07
1.79636e+07
1.79638e+07
1.79639e+07
1.7964e+07
1.79641e+07
1.79643e+07
1.79644e+07
1.79646e+07
1.79648e+07
1.79649e+07
1.79651e+07
1.79653e+07
1.79655e+07
1.79656e+07
1.79658e+07
1.7966e+07
1.79662e+07
1.79664e+07
1.79666e+07
1.79667e+07
1.79669e+07
1.79671e+07
1.79673e+07
1.79674e+07
1.79676e+07
1.79678e+07
1.79679e+07
1.79681e+07
1.79682e+07
1.79684e+07
1.79685e+07
1.79686e+07
1.79688e+07
1.79689e+07
1.7969e+07
1.79691e+07
1.79692e+07
1.79693e+07
1.79694e+07
1.79695e+07
1.79696e+07
1.79697e+07
1.79698e+07
1.79699e+07
1.797e+07
1.797e+07
1.79701e+07
1.79702e+07
1.79703e+07
1.79705e+07
1.79706e+07
1.79707e+07
1.79708e+07
1.79709e+07
1.7971e+07
1.79712e+07
1.79713e+07
1.79714e+07
1.79716e+07
1.79717e+07
1.79718e+07
1.7972e+07
1.79721e+07
1.79722e+07
1.79724e+07
1.79725e+07
1.79727e+07
1.79729e+07
1.7973e+07
1.79732e+07
1.79734e+07
1.79736e+07
1.79738e+07
1.7974e+07
1.79742e+07
1.79744e+07
1.79746e+07
1.79748e+07
1.79751e+07
1.79753e+07
1.79755e+07
1.79757e+07
1.7976e+07
1.79762e+07
1.79765e+07
1.79767e+07
1.79769e+07
1.79772e+07
1.79774e+07
1.79777e+07
1.79779e+07
1.79782e+07
1.79785e+07
1.79787e+07
1.7979e+07
1.79792e+07
1.79795e+07
1.79797e+07
1.798e+07
1.79802e+07
1.79805e+07
1.79807e+07
1.79809e+07
1.79811e+07
1.79812e+07
1.79811e+07
1.79802e+07
1.79791e+07
1.79642e+07
1.7961e+07
1.79614e+07
1.79616e+07
1.79608e+07
1.79601e+07
1.79601e+07
1.79603e+07
1.79606e+07
1.79605e+07
1.79604e+07
1.79604e+07
1.79605e+07
1.79605e+07
1.79607e+07
1.79608e+07
1.79607e+07
1.79607e+07
1.79608e+07
1.79609e+07
1.79611e+07
1.79613e+07
1.79615e+07
1.79617e+07
1.7962e+07
1.79622e+07
1.79624e+07
1.79626e+07
1.79627e+07
1.79628e+07
1.79629e+07
1.79629e+07
1.79629e+07
1.79628e+07
1.79628e+07
1.79627e+07
1.79627e+07
1.79626e+07
1.79626e+07
1.79625e+07
1.79625e+07
1.79624e+07
1.79624e+07
1.79623e+07
1.79623e+07
1.79623e+07
1.79623e+07
1.79623e+07
1.79622e+07
1.79622e+07
1.79622e+07
1.79623e+07
1.79623e+07
1.79623e+07
1.79623e+07
1.79623e+07
1.79624e+07
1.79624e+07
1.79624e+07
1.79625e+07
1.79625e+07
1.79626e+07
1.79626e+07
1.79626e+07
1.79627e+07
1.79627e+07
1.79627e+07
1.79628e+07
1.79628e+07
1.79628e+07
1.79629e+07
1.79629e+07
1.79629e+07
1.79629e+07
1.79629e+07
1.79629e+07
1.79629e+07
1.79629e+07
1.7963e+07
1.7963e+07
1.7963e+07
1.7963e+07
1.7963e+07
1.79631e+07
1.79631e+07
1.79631e+07
1.79632e+07
1.79632e+07
1.79633e+07
1.79634e+07
1.79635e+07
1.79635e+07
1.79636e+07
1.79638e+07
1.79639e+07
1.7964e+07
1.79641e+07
1.79643e+07
1.79644e+07
1.79646e+07
1.79648e+07
1.79649e+07
1.79651e+07
1.79653e+07
1.79655e+07
1.79656e+07
1.79658e+07
1.7966e+07
1.79662e+07
1.79664e+07
1.79666e+07
1.79667e+07
1.79669e+07
1.79671e+07
1.79673e+07
1.79674e+07
1.79676e+07
1.79678e+07
1.79679e+07
1.79681e+07
1.79682e+07
1.79684e+07
1.79685e+07
1.79686e+07
1.79688e+07
1.79689e+07
1.7969e+07
1.79691e+07
1.79692e+07
1.79693e+07
1.79694e+07
1.79695e+07
1.79696e+07
1.79697e+07
1.79698e+07
1.79699e+07
1.797e+07
1.797e+07
1.79701e+07
1.79702e+07
1.79703e+07
1.79705e+07
1.79706e+07
1.79707e+07
1.79708e+07
1.79709e+07
1.7971e+07
1.79712e+07
1.79713e+07
1.79714e+07
1.79716e+07
1.79717e+07
1.79718e+07
1.7972e+07
1.79721e+07
1.79722e+07
1.79724e+07
1.79725e+07
1.79727e+07
1.79729e+07
1.7973e+07
1.79732e+07
1.79734e+07
1.79736e+07
1.79738e+07
1.7974e+07
1.79742e+07
1.79744e+07
1.79746e+07
1.79748e+07
1.79751e+07
1.79753e+07
1.79755e+07
1.79757e+07
1.7976e+07
1.79762e+07
1.79765e+07
1.79767e+07
1.79769e+07
1.79772e+07
1.79774e+07
1.79777e+07
1.79779e+07
1.79782e+07
1.79785e+07
1.79787e+07
1.7979e+07
1.79792e+07
1.79795e+07
1.79797e+07
1.798e+07
1.79802e+07
1.79805e+07
1.79807e+07
1.79809e+07
1.79811e+07
1.79812e+07
1.79811e+07
1.79802e+07
1.79878e+07
1.79905e+07
1.79907e+07
1.79902e+07
1.79896e+07
1.7989e+07
1.7988e+07
1.79868e+07
1.79857e+07
1.79852e+07
1.79855e+07
1.7987e+07
1.79872e+07
1.79843e+07
1.79786e+07
1.79728e+07
1.79694e+07
1.79666e+07
1.79643e+07
1.7963e+07
1.79864e+07
1.79877e+07
1.79876e+07
1.7987e+07
1.79864e+07
1.79858e+07
1.79848e+07
1.79835e+07
1.79824e+07
1.7982e+07
1.79823e+07
1.79839e+07
1.79838e+07
1.79803e+07
1.79738e+07
1.79678e+07
1.79646e+07
1.79621e+07
1.79602e+07
1.79597e+07
1.79819e+07
1.79819e+07
1.79815e+07
1.79807e+07
1.79797e+07
1.79784e+07
1.79769e+07
1.79751e+07
1.7973e+07
1.79704e+07
1.79676e+07
1.79644e+07
1.79614e+07
1.79585e+07
1.79558e+07
1.79528e+07
1.79492e+07
1.79454e+07
1.79413e+07
1.79369e+07
1.79732e+07
1.79721e+07
1.79724e+07
1.79728e+07
1.79722e+07
1.79706e+07
1.79681e+07
1.79659e+07
1.79629e+07
1.79605e+07
1.79576e+07
1.79549e+07
1.79521e+07
1.79495e+07
1.79469e+07
1.79447e+07
1.79426e+07
1.79409e+07
1.79396e+07
1.79385e+07
1.79691e+07
1.79642e+07
1.79625e+07
1.79622e+07
1.79614e+07
1.79595e+07
1.79568e+07
1.79542e+07
1.7951e+07
1.7948e+07
1.79448e+07
1.79416e+07
1.79385e+07
1.79355e+07
1.79326e+07
1.79301e+07
1.79278e+07
1.7926e+07
1.79247e+07
1.79244e+07
1.79469e+07
1.79366e+07
1.79351e+07
1.79348e+07
1.79343e+07
1.79339e+07
1.79337e+07
1.79338e+07
1.7934e+07
1.79341e+07
1.79342e+07
1.79342e+07
1.79343e+07
1.79344e+07
1.79346e+07
1.79348e+07
1.7935e+07
1.79354e+07
1.79357e+07
1.79361e+07
1.79365e+07
1.79368e+07
1.79371e+07
1.79373e+07
1.79375e+07
1.79376e+07
1.79376e+07
1.79376e+07
1.79376e+07
1.79376e+07
1.79375e+07
1.79375e+07
1.79374e+07
1.79374e+07
1.79373e+07
1.79372e+07
1.79371e+07
1.79371e+07
1.7937e+07
1.79369e+07
1.79369e+07
1.79368e+07
1.79368e+07
1.79368e+07
1.79367e+07
1.79367e+07
1.79367e+07
1.79367e+07
1.79368e+07
1.79368e+07
1.79368e+07
1.79369e+07
1.79369e+07
1.7937e+07
1.79371e+07
1.79372e+07
1.79372e+07
1.79373e+07
1.79374e+07
1.79375e+07
1.79376e+07
1.79376e+07
1.79377e+07
1.79378e+07
1.79379e+07
1.7938e+07
1.7938e+07
1.79381e+07
1.79382e+07
1.79383e+07
1.79384e+07
1.79385e+07
1.79386e+07
1.79387e+07
1.79388e+07
1.79389e+07
1.7939e+07
1.79392e+07
1.79393e+07
1.79395e+07
1.79397e+07
1.79398e+07
1.794e+07
1.79402e+07
1.79404e+07
1.79406e+07
1.79409e+07
1.79411e+07
1.79413e+07
1.79416e+07
1.79418e+07
1.79421e+07
1.79423e+07
1.79426e+07
1.79428e+07
1.79431e+07
1.79433e+07
1.79436e+07
1.79438e+07
1.7944e+07
1.79442e+07
1.79444e+07
1.79446e+07
1.79447e+07
1.79449e+07
1.79451e+07
1.79452e+07
1.79453e+07
1.79454e+07
1.79456e+07
1.79457e+07
1.79458e+07
1.79459e+07
1.7946e+07
1.79461e+07
1.79462e+07
1.79464e+07
1.79465e+07
1.79467e+07
1.79468e+07
1.7947e+07
1.79472e+07
1.79474e+07
1.79477e+07
1.79479e+07
1.79482e+07
1.79485e+07
1.79488e+07
1.79491e+07
1.79494e+07
1.79497e+07
1.79501e+07
1.79505e+07
1.79508e+07
1.79512e+07
1.79516e+07
1.7952e+07
1.79524e+07
1.79528e+07
1.79532e+07
1.79536e+07
1.79539e+07
1.79543e+07
1.79547e+07
1.79551e+07
1.79554e+07
1.79558e+07
1.79561e+07
1.79564e+07
1.79568e+07
1.79571e+07
1.79574e+07
1.79577e+07
1.7958e+07
1.79583e+07
1.79586e+07
1.79589e+07
1.79592e+07
1.79595e+07
1.79597e+07
1.796e+07
1.79603e+07
1.79606e+07
1.79608e+07
1.79611e+07
1.79614e+07
1.79617e+07
1.79619e+07
1.79622e+07
1.79624e+07
1.79627e+07
1.7963e+07
1.79632e+07
1.79634e+07
1.79637e+07
1.79639e+07
1.79641e+07
1.79643e+07
1.79645e+07
1.79647e+07
1.79649e+07
1.7965e+07
1.79652e+07
1.79654e+07
1.79655e+07
1.79656e+07
1.79657e+07
1.79659e+07
1.7966e+07
1.79661e+07
1.79662e+07
1.79663e+07
1.79664e+07
1.79665e+07
1.79667e+07
1.79668e+07
1.7967e+07
1.79671e+07
1.79673e+07
1.79675e+07
1.79677e+07
1.79679e+07
1.79681e+07
1.79684e+07
1.79686e+07
1.79689e+07
1.79692e+07
1.79695e+07
1.79698e+07
1.79701e+07
1.79705e+07
1.79708e+07
1.79712e+07
1.79715e+07
1.79719e+07
1.79722e+07
1.79726e+07
1.7973e+07
1.79733e+07
1.79736e+07
1.7974e+07
1.79743e+07
1.79746e+07
1.79749e+07
1.79752e+07
1.79755e+07
1.79757e+07
1.7976e+07
1.79762e+07
1.79764e+07
1.79766e+07
1.79768e+07
1.79769e+07
1.79771e+07
1.79772e+07
1.79773e+07
1.79774e+07
1.79775e+07
1.79776e+07
1.79777e+07
1.79778e+07
1.79778e+07
1.79779e+07
1.79779e+07
1.79779e+07
1.7978e+07
1.7978e+07
1.7978e+07
1.7978e+07
1.7978e+07
1.79781e+07
1.79781e+07
1.79781e+07
1.79781e+07
1.79781e+07
1.79782e+07
1.79782e+07
1.79782e+07
1.79783e+07
1.79783e+07
1.79783e+07
1.79784e+07
1.79784e+07
1.79785e+07
1.79785e+07
1.79786e+07
1.79786e+07
1.79787e+07
1.79788e+07
1.79788e+07
1.79789e+07
1.7979e+07
1.7979e+07
1.79791e+07
1.79792e+07
1.79793e+07
1.79794e+07
1.79795e+07
1.79796e+07
1.79797e+07
1.79798e+07
1.79799e+07
1.79801e+07
1.79802e+07
1.79804e+07
1.79805e+07
1.79807e+07
1.79809e+07
1.79811e+07
1.79813e+07
1.79816e+07
1.79818e+07
1.79821e+07
1.79824e+07
1.79827e+07
1.79831e+07
1.79834e+07
1.79838e+07
1.79842e+07
1.79847e+07
1.79852e+07
1.79857e+07
1.79862e+07
1.79868e+07
1.79873e+07
1.7988e+07
1.79886e+07
1.79893e+07
1.799e+07
1.79908e+07
1.79916e+07
1.79924e+07
1.79932e+07
1.79941e+07
1.7995e+07
1.7996e+07
1.79969e+07
1.7998e+07
1.7999e+07
1.80001e+07
1.80012e+07
1.80023e+07
1.80034e+07
1.80046e+07
1.80058e+07
1.8007e+07
1.80083e+07
1.80096e+07
1.80109e+07
1.80122e+07
1.80135e+07
1.80149e+07
1.80162e+07
1.80176e+07
1.8019e+07
1.80204e+07
1.80218e+07
1.80233e+07
1.80247e+07
1.80262e+07
1.80277e+07
1.80292e+07
1.80307e+07
1.80322e+07
1.80337e+07
1.80353e+07
1.80369e+07
1.80385e+07
1.80401e+07
1.80418e+07
1.80435e+07
1.80452e+07
1.80469e+07
1.80487e+07
1.80505e+07
1.80524e+07
1.80543e+07
1.80562e+07
1.80582e+07
1.80602e+07
1.80622e+07
1.80643e+07
1.80664e+07
1.80686e+07
1.80708e+07
1.80731e+07
1.80753e+07
1.80777e+07
1.808e+07
1.80824e+07
1.80848e+07
1.80873e+07
1.80898e+07
1.80923e+07
1.80948e+07
1.80974e+07
1.81e+07
1.81026e+07
1.81052e+07
1.81078e+07
1.81104e+07
1.81131e+07
1.81158e+07
1.81185e+07
1.81212e+07
1.81239e+07
1.81266e+07
1.81293e+07
1.8132e+07
1.81348e+07
1.81375e+07
1.81403e+07
1.81431e+07
1.81459e+07
1.81486e+07
1.81514e+07
1.81543e+07
1.81571e+07
1.81599e+07
1.81628e+07
1.81657e+07
1.81685e+07
1.81714e+07
1.81744e+07
1.81773e+07
1.81802e+07
1.81832e+07
1.81862e+07
1.81892e+07
1.81922e+07
1.81953e+07
1.81983e+07
1.82014e+07
1.82045e+07
1.82076e+07
1.82107e+07
1.82139e+07
1.82171e+07
1.82203e+07
1.82235e+07
1.82267e+07
1.823e+07
1.82333e+07
1.82366e+07
1.82399e+07
1.82432e+07
1.82466e+07
1.825e+07
1.82534e+07
1.82568e+07
1.82603e+07
1.82637e+07
1.82672e+07
1.82707e+07
1.82742e+07
1.82778e+07
1.82814e+07
1.82849e+07
1.82885e+07
1.82922e+07
1.82958e+07
1.82995e+07
1.83032e+07
1.83069e+07
1.83106e+07
1.83143e+07
1.83181e+07
1.83218e+07
1.83256e+07
1.83294e+07
1.83333e+07
1.83371e+07
1.8341e+07
1.83449e+07
1.83488e+07
1.83527e+07
1.83566e+07
1.83606e+07
1.83645e+07
1.83685e+07
1.83725e+07
1.83765e+07
1.83805e+07
1.83846e+07
1.83887e+07
1.83927e+07
1.83968e+07
1.84009e+07
1.84051e+07
1.84092e+07
1.84133e+07
1.84175e+07
1.84217e+07
1.84259e+07
1.84301e+07
1.84343e+07
1.84386e+07
1.84428e+07
1.84471e+07
1.84514e+07
1.84556e+07
1.846e+07
1.84643e+07
1.84686e+07
1.84729e+07
1.84773e+07
1.84817e+07
1.8486e+07
1.84904e+07
1.84948e+07
1.84992e+07
1.85036e+07
1.85081e+07
1.85125e+07
1.8517e+07
1.85214e+07
1.85259e+07
1.85304e+07
1.85349e+07
1.85394e+07
1.85439e+07
1.85484e+07
1.85529e+07
1.85575e+07
1.8562e+07
1.85666e+07
1.85711e+07
1.85757e+07
1.85803e+07
1.85849e+07
1.85895e+07
1.85941e+07
1.85987e+07
1.86033e+07
1.86079e+07
1.86125e+07
1.86171e+07
1.86218e+07
1.86264e+07
1.86311e+07
1.86357e+07
1.86404e+07
1.8645e+07
1.86497e+07
1.86544e+07
1.8659e+07
1.86637e+07
1.86684e+07
1.86731e+07
1.86778e+07
1.86824e+07
1.86871e+07
1.86918e+07
1.86965e+07
1.87012e+07
1.87059e+07
1.87106e+07
1.87153e+07
1.872e+07
1.87247e+07
1.87295e+07
1.87342e+07
1.87389e+07
1.87436e+07
1.87483e+07
1.8753e+07
1.87577e+07
1.87624e+07
1.87671e+07
1.87718e+07
1.87765e+07
1.87812e+07
1.87859e+07
1.87906e+07
1.87953e+07
1.88e+07
1.88047e+07
1.88094e+07
1.88141e+07
1.88188e+07
1.88235e+07
1.88281e+07
1.88328e+07
1.88375e+07
1.88421e+07
1.88468e+07
1.88515e+07
1.88561e+07
1.88608e+07
1.88654e+07
1.887e+07
1.88747e+07
1.88793e+07
1.88839e+07
1.88885e+07
1.88931e+07
1.88977e+07
1.89023e+07
1.89069e+07
1.89115e+07
1.89161e+07
1.89206e+07
1.89252e+07
1.89297e+07
1.89343e+07
1.89388e+07
1.89433e+07
1.89478e+07
1.89523e+07
1.89568e+07
1.89613e+07
1.89658e+07
1.89702e+07
1.89747e+07
1.89791e+07
1.89836e+07
1.8988e+07
1.89924e+07
1.89968e+07
1.90012e+07
1.7946e+07
1.79366e+07
1.79351e+07
1.79348e+07
1.79343e+07
1.79339e+07
1.79337e+07
1.79338e+07
1.7934e+07
1.79341e+07
1.79342e+07
1.79342e+07
1.79343e+07
1.79344e+07
1.79346e+07
1.79348e+07
1.7935e+07
1.79353e+07
1.79357e+07
1.79361e+07
1.79364e+07
1.79368e+07
1.79371e+07
1.79373e+07
1.79375e+07
1.79376e+07
1.79376e+07
1.79376e+07
1.79376e+07
1.79376e+07
1.79375e+07
1.79375e+07
1.79374e+07
1.79374e+07
1.79373e+07
1.79372e+07
1.79371e+07
1.79371e+07
1.7937e+07
1.79369e+07
1.79369e+07
1.79368e+07
1.79368e+07
1.79368e+07
1.79367e+07
1.79367e+07
1.79367e+07
1.79367e+07
1.79368e+07
1.79368e+07
1.79368e+07
1.79369e+07
1.79369e+07
1.7937e+07
1.79371e+07
1.79372e+07
1.79372e+07
1.79373e+07
1.79374e+07
1.79375e+07
1.79376e+07
1.79376e+07
1.79377e+07
1.79378e+07
1.79379e+07
1.7938e+07
1.7938e+07
1.79381e+07
1.79382e+07
1.79383e+07
1.79384e+07
1.79385e+07
1.79386e+07
1.79387e+07
1.79388e+07
1.79389e+07
1.7939e+07
1.79392e+07
1.79393e+07
1.79395e+07
1.79397e+07
1.79398e+07
1.794e+07
1.79402e+07
1.79404e+07
1.79406e+07
1.79409e+07
1.79411e+07
1.79413e+07
1.79416e+07
1.79418e+07
1.79421e+07
1.79423e+07
1.79426e+07
1.79428e+07
1.79431e+07
1.79433e+07
1.79436e+07
1.79438e+07
1.7944e+07
1.79442e+07
1.79444e+07
1.79446e+07
1.79447e+07
1.79449e+07
1.79451e+07
1.79452e+07
1.79453e+07
1.79454e+07
1.79456e+07
1.79457e+07
1.79458e+07
1.79459e+07
1.7946e+07
1.79461e+07
1.79462e+07
1.79464e+07
1.79465e+07
1.79467e+07
1.79468e+07
1.7947e+07
1.79472e+07
1.79474e+07
1.79477e+07
1.79479e+07
1.79482e+07
1.79485e+07
1.79488e+07
1.79491e+07
1.79494e+07
1.79497e+07
1.79501e+07
1.79505e+07
1.79508e+07
1.79512e+07
1.79516e+07
1.7952e+07
1.79524e+07
1.79528e+07
1.79532e+07
1.79536e+07
1.79539e+07
1.79543e+07
1.79547e+07
1.79551e+07
1.79554e+07
1.79558e+07
1.79561e+07
1.79564e+07
1.79568e+07
1.79571e+07
1.79574e+07
1.79577e+07
1.7958e+07
1.79583e+07
1.79586e+07
1.79589e+07
1.79592e+07
1.79595e+07
1.79597e+07
1.796e+07
1.79603e+07
1.79606e+07
1.79608e+07
1.79611e+07
1.79614e+07
1.79617e+07
1.79619e+07
1.79622e+07
1.79624e+07
1.79627e+07
1.7963e+07
1.79632e+07
1.79634e+07
1.79637e+07
1.79639e+07
1.79641e+07
1.79643e+07
1.79645e+07
1.79647e+07
1.79649e+07
1.7965e+07
1.79652e+07
1.79654e+07
1.79655e+07
1.79656e+07
1.79657e+07
1.79659e+07
1.7966e+07
1.79661e+07
1.79662e+07
1.79663e+07
1.79664e+07
1.79665e+07
1.79667e+07
1.79668e+07
1.7967e+07
1.79671e+07
1.79673e+07
1.79675e+07
1.79677e+07
1.79679e+07
1.79681e+07
1.79684e+07
1.79686e+07
1.79689e+07
1.79692e+07
1.79695e+07
1.79698e+07
1.79701e+07
1.79705e+07
1.79708e+07
1.79712e+07
1.79715e+07
1.79719e+07
1.79722e+07
1.79726e+07
1.7973e+07
1.79733e+07
1.79736e+07
1.7974e+07
1.79743e+07
1.79746e+07
1.79749e+07
1.79752e+07
1.79755e+07
1.79757e+07
1.7976e+07
1.79762e+07
1.79764e+07
1.79766e+07
1.79768e+07
1.79769e+07
1.79771e+07
1.79772e+07
1.79773e+07
1.79774e+07
1.79775e+07
1.79776e+07
1.79777e+07
1.79778e+07
1.79778e+07
1.79779e+07
1.79779e+07
1.79779e+07
1.7978e+07
1.7978e+07
1.7978e+07
1.7978e+07
1.7978e+07
1.79781e+07
1.79781e+07
1.79781e+07
1.79781e+07
1.79781e+07
1.79782e+07
1.79782e+07
1.79782e+07
1.79783e+07
1.79783e+07
1.79783e+07
1.79784e+07
1.79784e+07
1.79785e+07
1.79785e+07
1.79786e+07
1.79786e+07
1.79787e+07
1.79788e+07
1.79788e+07
1.79789e+07
1.7979e+07
1.7979e+07
1.79791e+07
1.79792e+07
1.79793e+07
1.79794e+07
1.79795e+07
1.79796e+07
1.79797e+07
1.79798e+07
1.79799e+07
1.79801e+07
1.79802e+07
1.79804e+07
1.79805e+07
1.79807e+07
1.79809e+07
1.79811e+07
1.79813e+07
1.79816e+07
1.79818e+07
1.79821e+07
1.79824e+07
1.79827e+07
1.79831e+07
1.79834e+07
1.79838e+07
1.79842e+07
1.79847e+07
1.79852e+07
1.79857e+07
1.79862e+07
1.79868e+07
1.79873e+07
1.7988e+07
1.79886e+07
1.79893e+07
1.799e+07
1.79908e+07
1.79916e+07
1.79924e+07
1.79932e+07
1.79941e+07
1.7995e+07
1.7996e+07
1.79969e+07
1.7998e+07
1.7999e+07
1.80001e+07
1.80012e+07
1.80023e+07
1.80034e+07
1.80046e+07
1.80058e+07
1.8007e+07
1.80083e+07
1.80096e+07
1.80109e+07
1.80122e+07
1.80135e+07
1.80149e+07
1.80162e+07
1.80176e+07
1.8019e+07
1.80204e+07
1.80218e+07
1.80233e+07
1.80247e+07
1.80262e+07
1.80277e+07
1.80292e+07
1.80307e+07
1.80322e+07
1.80337e+07
1.80353e+07
1.80369e+07
1.80385e+07
1.80401e+07
1.80418e+07
1.80435e+07
1.80452e+07
1.80469e+07
1.80487e+07
1.80505e+07
1.80524e+07
1.80543e+07
1.80562e+07
1.80582e+07
1.80602e+07
1.80622e+07
1.80643e+07
1.80664e+07
1.80686e+07
1.80708e+07
1.80731e+07
1.80753e+07
1.80777e+07
1.808e+07
1.80824e+07
1.80848e+07
1.80873e+07
1.80898e+07
1.80923e+07
1.80948e+07
1.80974e+07
1.81e+07
1.81026e+07
1.81052e+07
1.81078e+07
1.81104e+07
1.81131e+07
1.81158e+07
1.81185e+07
1.81212e+07
1.81239e+07
1.81266e+07
1.81293e+07
1.8132e+07
1.81348e+07
1.81375e+07
1.81403e+07
1.81431e+07
1.81459e+07
1.81486e+07
1.81514e+07
1.81543e+07
1.81571e+07
1.81599e+07
1.81628e+07
1.81657e+07
1.81685e+07
1.81714e+07
1.81744e+07
1.81773e+07
1.81802e+07
1.81832e+07
1.81862e+07
1.81892e+07
1.81922e+07
1.81953e+07
1.81983e+07
1.82014e+07
1.82045e+07
1.82076e+07
1.82107e+07
1.82139e+07
1.82171e+07
1.82203e+07
1.82235e+07
1.82267e+07
1.823e+07
1.82333e+07
1.82366e+07
1.82399e+07
1.82432e+07
1.82466e+07
1.825e+07
1.82534e+07
1.82568e+07
1.82603e+07
1.82637e+07
1.82672e+07
1.82707e+07
1.82742e+07
1.82778e+07
1.82814e+07
1.82849e+07
1.82885e+07
1.82922e+07
1.82958e+07
1.82995e+07
1.83032e+07
1.83069e+07
1.83106e+07
1.83143e+07
1.83181e+07
1.83218e+07
1.83256e+07
1.83294e+07
1.83333e+07
1.83371e+07
1.8341e+07
1.83449e+07
1.83488e+07
1.83527e+07
1.83566e+07
1.83606e+07
1.83645e+07
1.83685e+07
1.83725e+07
1.83765e+07
1.83805e+07
1.83846e+07
1.83887e+07
1.83927e+07
1.83968e+07
1.84009e+07
1.84051e+07
1.84092e+07
1.84133e+07
1.84175e+07
1.84217e+07
1.84259e+07
1.84301e+07
1.84343e+07
1.84386e+07
1.84428e+07
1.84471e+07
1.84514e+07
1.84556e+07
1.846e+07
1.84643e+07
1.84686e+07
1.84729e+07
1.84773e+07
1.84817e+07
1.8486e+07
1.84904e+07
1.84948e+07
1.84992e+07
1.85036e+07
1.85081e+07
1.85125e+07
1.8517e+07
1.85214e+07
1.85259e+07
1.85304e+07
1.85349e+07
1.85394e+07
1.85439e+07
1.85484e+07
1.85529e+07
1.85575e+07
1.8562e+07
1.85666e+07
1.85711e+07
1.85757e+07
1.85803e+07
1.85849e+07
1.85895e+07
1.85941e+07
1.85987e+07
1.86033e+07
1.86079e+07
1.86125e+07
1.86171e+07
1.86218e+07
1.86264e+07
1.86311e+07
1.86357e+07
1.86404e+07
1.8645e+07
1.86497e+07
1.86544e+07
1.8659e+07
1.86637e+07
1.86684e+07
1.86731e+07
1.86778e+07
1.86824e+07
1.86871e+07
1.86918e+07
1.86965e+07
1.87012e+07
1.87059e+07
1.87106e+07
1.87153e+07
1.872e+07
1.87247e+07
1.87295e+07
1.87342e+07
1.87389e+07
1.87436e+07
1.87483e+07
1.8753e+07
1.87577e+07
1.87624e+07
1.87671e+07
1.87718e+07
1.87765e+07
1.87812e+07
1.87859e+07
1.87906e+07
1.87953e+07
1.88e+07
1.88047e+07
1.88094e+07
1.88141e+07
1.88188e+07
1.88235e+07
1.88281e+07
1.88328e+07
1.88375e+07
1.88421e+07
1.88468e+07
1.88515e+07
1.88561e+07
1.88608e+07
1.88654e+07
1.887e+07
1.88747e+07
1.88793e+07
1.88839e+07
1.88885e+07
1.88931e+07
1.88977e+07
1.89023e+07
1.89069e+07
1.89115e+07
1.89161e+07
1.89206e+07
1.89252e+07
1.89297e+07
1.89343e+07
1.89388e+07
1.89433e+07
1.89478e+07
1.89523e+07
1.89568e+07
1.89613e+07
1.89658e+07
1.89702e+07
1.89747e+07
1.89791e+07
1.89836e+07
1.8988e+07
1.89924e+07
1.89968e+07
1.90012e+07
1.79229e+07
1.793e+07
1.79339e+07
1.79342e+07
1.79337e+07
1.79335e+07
1.79336e+07
1.79337e+07
1.79339e+07
1.79339e+07
1.7934e+07
1.79342e+07
1.79343e+07
1.79345e+07
1.79347e+07
1.79349e+07
1.79352e+07
1.79355e+07
1.79359e+07
1.79362e+07
1.79366e+07
1.79369e+07
1.79372e+07
1.79374e+07
1.79375e+07
1.79376e+07
1.79376e+07
1.79376e+07
1.79376e+07
1.79376e+07
1.79375e+07
1.79375e+07
1.79374e+07
1.79374e+07
1.79373e+07
1.79372e+07
1.79371e+07
1.79371e+07
1.7937e+07
1.79369e+07
1.79369e+07
1.79368e+07
1.79368e+07
1.79368e+07
1.79367e+07
1.79367e+07
1.79367e+07
1.79367e+07
1.79368e+07
1.79368e+07
1.79368e+07
1.79369e+07
1.79369e+07
1.7937e+07
1.79371e+07
1.79372e+07
1.79372e+07
1.79373e+07
1.79374e+07
1.79375e+07
1.79376e+07
1.79376e+07
1.79377e+07
1.79378e+07
1.79379e+07
1.7938e+07
1.7938e+07
1.79381e+07
1.79382e+07
1.79383e+07
1.79384e+07
1.79385e+07
1.79386e+07
1.79387e+07
1.79388e+07
1.79389e+07
1.7939e+07
1.79392e+07
1.79393e+07
1.79395e+07
1.79397e+07
1.79398e+07
1.794e+07
1.79402e+07
1.79404e+07
1.79406e+07
1.79409e+07
1.79411e+07
1.79413e+07
1.79416e+07
1.79418e+07
1.79421e+07
1.79423e+07
1.79426e+07
1.79428e+07
1.79431e+07
1.79433e+07
1.79436e+07
1.79438e+07
1.7944e+07
1.79442e+07
1.79444e+07
1.79446e+07
1.79447e+07
1.79449e+07
1.79451e+07
1.79452e+07
1.79453e+07
1.79454e+07
1.79456e+07
1.79457e+07
1.79458e+07
1.79459e+07
1.7946e+07
1.79461e+07
1.79462e+07
1.79464e+07
1.79465e+07
1.79467e+07
1.79468e+07
1.7947e+07
1.79472e+07
1.79474e+07
1.79477e+07
1.79479e+07
1.79482e+07
1.79485e+07
1.79488e+07
1.79491e+07
1.79494e+07
1.79497e+07
1.79501e+07
1.79505e+07
1.79508e+07
1.79512e+07
1.79516e+07
1.7952e+07
1.79524e+07
1.79528e+07
1.79532e+07
1.79536e+07
1.79539e+07
1.79543e+07
1.79547e+07
1.79551e+07
1.79554e+07
1.79558e+07
1.79561e+07
1.79564e+07
1.79568e+07
1.79571e+07
1.79574e+07
1.79577e+07
1.7958e+07
1.79583e+07
1.79586e+07
1.79589e+07
1.79592e+07
1.79595e+07
1.79597e+07
1.796e+07
1.79603e+07
1.79606e+07
1.79608e+07
1.79611e+07
1.79614e+07
1.79617e+07
1.79619e+07
1.79622e+07
1.79624e+07
1.79627e+07
1.7963e+07
1.79632e+07
1.79634e+07
1.79637e+07
1.79639e+07
1.79641e+07
1.79643e+07
1.79645e+07
1.79647e+07
1.79649e+07
1.7965e+07
1.79652e+07
1.79654e+07
1.79655e+07
1.79656e+07
1.79657e+07
1.79659e+07
1.7966e+07
1.79661e+07
1.79662e+07
1.79663e+07
1.79664e+07
1.79665e+07
1.79667e+07
1.79668e+07
1.7967e+07
1.79671e+07
1.79673e+07
1.79675e+07
1.79677e+07
1.79679e+07
1.79681e+07
1.79684e+07
1.79686e+07
1.79689e+07
1.79692e+07
1.79695e+07
1.79698e+07
1.79701e+07
1.79705e+07
1.79708e+07
1.79712e+07
1.79715e+07
1.79719e+07
1.79722e+07
1.79726e+07
1.7973e+07
1.79733e+07
1.79736e+07
1.7974e+07
1.79743e+07
1.79746e+07
1.79749e+07
1.79752e+07
1.79755e+07
1.79757e+07
1.7976e+07
1.79762e+07
1.79764e+07
1.79766e+07
1.79768e+07
1.79769e+07
1.79771e+07
1.79772e+07
1.79773e+07
1.79774e+07
1.79775e+07
1.79776e+07
1.79777e+07
1.79778e+07
1.79778e+07
1.79779e+07
1.79779e+07
1.79779e+07
1.7978e+07
1.7978e+07
1.7978e+07
1.7978e+07
1.7978e+07
1.79781e+07
1.79781e+07
1.79781e+07
1.79781e+07
1.79781e+07
1.79782e+07
1.79782e+07
1.79782e+07
1.79783e+07
1.79783e+07
1.79783e+07
1.79784e+07
1.79784e+07
1.79785e+07
1.79785e+07
1.79786e+07
1.79786e+07
1.79787e+07
1.79788e+07
1.79788e+07
1.79789e+07
1.7979e+07
1.7979e+07
1.79791e+07
1.79792e+07
1.79793e+07
1.79794e+07
1.79795e+07
1.79796e+07
1.79797e+07
1.79798e+07
1.79799e+07
1.79801e+07
1.79802e+07
1.79804e+07
1.79805e+07
1.79807e+07
1.79809e+07
1.79811e+07
1.79813e+07
1.79816e+07
1.79818e+07
1.79821e+07
1.79824e+07
1.79827e+07
1.79831e+07
1.79834e+07
1.79838e+07
1.79842e+07
1.79847e+07
1.79852e+07
1.79857e+07
1.79862e+07
1.79868e+07
1.79873e+07
1.7988e+07
1.79886e+07
1.79893e+07
1.799e+07
1.79908e+07
1.79916e+07
1.79924e+07
1.79932e+07
1.79941e+07
1.7995e+07
1.7996e+07
1.79969e+07
1.7998e+07
1.7999e+07
1.80001e+07
1.80012e+07
1.80023e+07
1.80034e+07
1.80046e+07
1.80058e+07
1.8007e+07
1.80083e+07
1.80096e+07
1.80109e+07
1.80122e+07
1.80135e+07
1.80149e+07
1.80162e+07
1.80176e+07
1.8019e+07
1.80204e+07
1.80218e+07
1.80233e+07
1.80247e+07
1.80262e+07
1.80277e+07
1.80292e+07
1.80307e+07
1.80322e+07
1.80337e+07
1.80353e+07
1.80369e+07
1.80385e+07
1.80401e+07
1.80418e+07
1.80435e+07
1.80452e+07
1.80469e+07
1.80487e+07
1.80505e+07
1.80524e+07
1.80543e+07
1.80562e+07
1.80582e+07
1.80602e+07
1.80622e+07
1.80643e+07
1.80664e+07
1.80686e+07
1.80708e+07
1.80731e+07
1.80753e+07
1.80777e+07
1.808e+07
1.80824e+07
1.80848e+07
1.80873e+07
1.80898e+07
1.80923e+07
1.80948e+07
1.80974e+07
1.81e+07
1.81026e+07
1.81052e+07
1.81078e+07
1.81104e+07
1.81131e+07
1.81158e+07
1.81185e+07
1.81212e+07
1.81239e+07
1.81266e+07
1.81293e+07
1.8132e+07
1.81348e+07
1.81375e+07
1.81403e+07
1.81431e+07
1.81459e+07
1.81486e+07
1.81514e+07
1.81543e+07
1.81571e+07
1.81599e+07
1.81628e+07
1.81657e+07
1.81685e+07
1.81714e+07
1.81744e+07
1.81773e+07
1.81802e+07
1.81832e+07
1.81862e+07
1.81892e+07
1.81922e+07
1.81953e+07
1.81983e+07
1.82014e+07
1.82045e+07
1.82076e+07
1.82107e+07
1.82139e+07
1.82171e+07
1.82203e+07
1.82235e+07
1.82267e+07
1.823e+07
1.82333e+07
1.82366e+07
1.82399e+07
1.82432e+07
1.82466e+07
1.825e+07
1.82534e+07
1.82568e+07
1.82603e+07
1.82637e+07
1.82672e+07
1.82707e+07
1.82742e+07
1.82778e+07
1.82814e+07
1.82849e+07
1.82885e+07
1.82922e+07
1.82958e+07
1.82995e+07
1.83032e+07
1.83069e+07
1.83106e+07
1.83143e+07
1.83181e+07
1.83218e+07
1.83256e+07
1.83294e+07
1.83333e+07
1.83371e+07
1.8341e+07
1.83449e+07
1.83488e+07
1.83527e+07
1.83566e+07
1.83606e+07
1.83645e+07
1.83685e+07
1.83725e+07
1.83765e+07
1.83805e+07
1.83846e+07
1.83887e+07
1.83927e+07
1.83968e+07
1.84009e+07
1.84051e+07
1.84092e+07
1.84133e+07
1.84175e+07
1.84217e+07
1.84259e+07
1.84301e+07
1.84343e+07
1.84386e+07
1.84428e+07
1.84471e+07
1.84514e+07
1.84556e+07
1.846e+07
1.84643e+07
1.84686e+07
1.84729e+07
1.84773e+07
1.84817e+07
1.8486e+07
1.84904e+07
1.84948e+07
1.84992e+07
1.85036e+07
1.85081e+07
1.85125e+07
1.8517e+07
1.85214e+07
1.85259e+07
1.85304e+07
1.85349e+07
1.85394e+07
1.85439e+07
1.85484e+07
1.85529e+07
1.85575e+07
1.8562e+07
1.85666e+07
1.85711e+07
1.85757e+07
1.85803e+07
1.85849e+07
1.85895e+07
1.85941e+07
1.85987e+07
1.86033e+07
1.86079e+07
1.86125e+07
1.86171e+07
1.86218e+07
1.86264e+07
1.86311e+07
1.86357e+07
1.86404e+07
1.8645e+07
1.86497e+07
1.86544e+07
1.8659e+07
1.86637e+07
1.86684e+07
1.86731e+07
1.86778e+07
1.86824e+07
1.86871e+07
1.86918e+07
1.86965e+07
1.87012e+07
1.87059e+07
1.87106e+07
1.87153e+07
1.872e+07
1.87247e+07
1.87295e+07
1.87342e+07
1.87389e+07
1.87436e+07
1.87483e+07
1.8753e+07
1.87577e+07
1.87624e+07
1.87671e+07
1.87718e+07
1.87765e+07
1.87812e+07
1.87859e+07
1.87906e+07
1.87953e+07
1.88e+07
1.88047e+07
1.88094e+07
1.88141e+07
1.88188e+07
1.88235e+07
1.88281e+07
1.88328e+07
1.88375e+07
1.88421e+07
1.88468e+07
1.88515e+07
1.88561e+07
1.88608e+07
1.88654e+07
1.887e+07
1.88747e+07
1.88793e+07
1.88839e+07
1.88885e+07
1.88931e+07
1.88977e+07
1.89023e+07
1.89069e+07
1.89115e+07
1.89161e+07
1.89206e+07
1.89252e+07
1.89297e+07
1.89343e+07
1.89388e+07
1.89433e+07
1.89478e+07
1.89523e+07
1.89568e+07
1.89613e+07
1.89658e+07
1.89702e+07
1.89747e+07
1.89791e+07
1.89836e+07
1.8988e+07
1.89924e+07
1.89968e+07
1.90012e+07
1.79338e+07
1.79336e+07
1.79343e+07
1.79342e+07
1.79337e+07
1.79335e+07
1.79336e+07
1.79337e+07
1.79339e+07
1.7934e+07
1.79341e+07
1.79342e+07
1.79344e+07
1.79346e+07
1.79348e+07
1.79351e+07
1.79354e+07
1.79357e+07
1.7936e+07
1.79364e+07
1.79367e+07
1.7937e+07
1.79373e+07
1.79375e+07
1.79376e+07
1.79377e+07
1.79377e+07
1.79377e+07
1.79376e+07
1.79376e+07
1.79375e+07
1.79375e+07
1.79374e+07
1.79374e+07
1.79373e+07
1.79372e+07
1.79371e+07
1.79371e+07
1.7937e+07
1.79369e+07
1.79369e+07
1.79368e+07
1.79368e+07
1.79368e+07
1.79367e+07
1.79367e+07
1.79367e+07
1.79367e+07
1.79368e+07
1.79368e+07
1.79368e+07
1.79369e+07
1.79369e+07
1.7937e+07
1.79371e+07
1.79372e+07
1.79372e+07
1.79373e+07
1.79374e+07
1.79375e+07
1.79376e+07
1.79376e+07
1.79377e+07
1.79378e+07
1.79379e+07
1.7938e+07
1.7938e+07
1.79381e+07
1.79382e+07
1.79383e+07
1.79384e+07
1.79385e+07
1.79386e+07
1.79387e+07
1.79388e+07
1.79389e+07
1.7939e+07
1.79392e+07
1.79393e+07
1.79395e+07
1.79397e+07
1.79398e+07
1.794e+07
1.79402e+07
1.79404e+07
1.79406e+07
1.79409e+07
1.79411e+07
1.79413e+07
1.79416e+07
1.79418e+07
1.79421e+07
1.79423e+07
1.79426e+07
1.79428e+07
1.79431e+07
1.79433e+07
1.79436e+07
1.79438e+07
1.7944e+07
1.79442e+07
1.79444e+07
1.79446e+07
1.79447e+07
1.79449e+07
1.79451e+07
1.79452e+07
1.79453e+07
1.79454e+07
1.79456e+07
1.79457e+07
1.79458e+07
1.79459e+07
1.7946e+07
1.79461e+07
1.79462e+07
1.79464e+07
1.79465e+07
1.79467e+07
1.79468e+07
1.7947e+07
1.79472e+07
1.79474e+07
1.79477e+07
1.79479e+07
1.79482e+07
1.79485e+07
1.79488e+07
1.79491e+07
1.79494e+07
1.79497e+07
1.79501e+07
1.79505e+07
1.79508e+07
1.79512e+07
1.79516e+07
1.7952e+07
1.79524e+07
1.79528e+07
1.79532e+07
1.79536e+07
1.79539e+07
1.79543e+07
1.79547e+07
1.79551e+07
1.79554e+07
1.79558e+07
1.79561e+07
1.79564e+07
1.79568e+07
1.79571e+07
1.79574e+07
1.79577e+07
1.7958e+07
1.79583e+07
1.79586e+07
1.79589e+07
1.79592e+07
1.79595e+07
1.79597e+07
1.796e+07
1.79603e+07
1.79606e+07
1.79608e+07
1.79611e+07
1.79614e+07
1.79617e+07
1.79619e+07
1.79622e+07
1.79624e+07
1.79627e+07
1.7963e+07
1.79632e+07
1.79634e+07
1.79637e+07
1.79639e+07
1.79641e+07
1.79643e+07
1.79645e+07
1.79647e+07
1.79649e+07
1.7965e+07
1.79652e+07
1.79654e+07
1.79655e+07
1.79656e+07
1.79657e+07
1.79659e+07
1.7966e+07
1.79661e+07
1.79662e+07
1.79663e+07
1.79664e+07
1.79665e+07
1.79667e+07
1.79668e+07
1.7967e+07
1.79671e+07
1.79673e+07
1.79675e+07
1.79677e+07
1.79679e+07
1.79681e+07
1.79684e+07
1.79686e+07
1.79689e+07
1.79692e+07
1.79695e+07
1.79698e+07
1.79701e+07
1.79705e+07
1.79708e+07
1.79712e+07
1.79715e+07
1.79719e+07
1.79722e+07
1.79726e+07
1.7973e+07
1.79733e+07
1.79736e+07
1.7974e+07
1.79743e+07
1.79746e+07
1.79749e+07
1.79752e+07
1.79755e+07
1.79757e+07
1.7976e+07
1.79762e+07
1.79764e+07
1.79766e+07
1.79768e+07
1.79769e+07
1.79771e+07
1.79772e+07
1.79773e+07
1.79774e+07
1.79775e+07
1.79776e+07
1.79777e+07
1.79778e+07
1.79778e+07
1.79779e+07
1.79779e+07
1.79779e+07
1.7978e+07
1.7978e+07
1.7978e+07
1.7978e+07
1.7978e+07
1.79781e+07
1.79781e+07
1.79781e+07
1.79781e+07
1.79781e+07
1.79782e+07
1.79782e+07
1.79782e+07
1.79783e+07
1.79783e+07
1.79783e+07
1.79784e+07
1.79784e+07
1.79785e+07
1.79785e+07
1.79786e+07
1.79786e+07
1.79787e+07
1.79788e+07
1.79788e+07
1.79789e+07
1.7979e+07
1.7979e+07
1.79791e+07
1.79792e+07
1.79793e+07
1.79794e+07
1.79795e+07
1.79796e+07
1.79797e+07
1.79798e+07
1.79799e+07
1.79801e+07
1.79802e+07
1.79804e+07
1.79805e+07
1.79807e+07
1.79809e+07
1.79811e+07
1.79813e+07
1.79816e+07
1.79818e+07
1.79821e+07
1.79824e+07
1.79827e+07
1.79831e+07
1.79834e+07
1.79838e+07
1.79842e+07
1.79847e+07
1.79852e+07
1.79857e+07
1.79862e+07
1.79868e+07
1.79873e+07
1.7988e+07
1.79886e+07
1.79893e+07
1.799e+07
1.79908e+07
1.79916e+07
1.79924e+07
1.79932e+07
1.79941e+07
1.7995e+07
1.7996e+07
1.79969e+07
1.7998e+07
1.7999e+07
1.80001e+07
1.80012e+07
1.80023e+07
1.80034e+07
1.80046e+07
1.80058e+07
1.8007e+07
1.80083e+07
1.80096e+07
1.80109e+07
1.80122e+07
1.80135e+07
1.80149e+07
1.80162e+07
1.80176e+07
1.8019e+07
1.80204e+07
1.80218e+07
1.80233e+07
1.80247e+07
1.80262e+07
1.80277e+07
1.80292e+07
1.80307e+07
1.80322e+07
1.80337e+07
1.80353e+07
1.80369e+07
1.80385e+07
1.80401e+07
1.80418e+07
1.80435e+07
1.80452e+07
1.80469e+07
1.80487e+07
1.80505e+07
1.80524e+07
1.80543e+07
1.80562e+07
1.80582e+07
1.80602e+07
1.80622e+07
1.80643e+07
1.80664e+07
1.80686e+07
1.80708e+07
1.80731e+07
1.80753e+07
1.80777e+07
1.808e+07
1.80824e+07
1.80848e+07
1.80873e+07
1.80898e+07
1.80923e+07
1.80948e+07
1.80974e+07
1.81e+07
1.81026e+07
1.81052e+07
1.81078e+07
1.81104e+07
1.81131e+07
1.81158e+07
1.81185e+07
1.81212e+07
1.81239e+07
1.81266e+07
1.81293e+07
1.8132e+07
1.81348e+07
1.81375e+07
1.81403e+07
1.81431e+07
1.81459e+07
1.81486e+07
1.81514e+07
1.81543e+07
1.81571e+07
1.81599e+07
1.81628e+07
1.81657e+07
1.81685e+07
1.81714e+07
1.81744e+07
1.81773e+07
1.81802e+07
1.81832e+07
1.81862e+07
1.81892e+07
1.81922e+07
1.81953e+07
1.81983e+07
1.82014e+07
1.82045e+07
1.82076e+07
1.82107e+07
1.82139e+07
1.82171e+07
1.82203e+07
1.82235e+07
1.82267e+07
1.823e+07
1.82333e+07
1.82366e+07
1.82399e+07
1.82432e+07
1.82466e+07
1.825e+07
1.82534e+07
1.82568e+07
1.82603e+07
1.82637e+07
1.82672e+07
1.82707e+07
1.82742e+07
1.82778e+07
1.82814e+07
1.82849e+07
1.82885e+07
1.82922e+07
1.82958e+07
1.82995e+07
1.83032e+07
1.83069e+07
1.83106e+07
1.83143e+07
1.83181e+07
1.83218e+07
1.83256e+07
1.83294e+07
1.83333e+07
1.83371e+07
1.8341e+07
1.83449e+07
1.83488e+07
1.83527e+07
1.83566e+07
1.83606e+07
1.83645e+07
1.83685e+07
1.83725e+07
1.83765e+07
1.83805e+07
1.83846e+07
1.83887e+07
1.83927e+07
1.83968e+07
1.84009e+07
1.84051e+07
1.84092e+07
1.84133e+07
1.84175e+07
1.84217e+07
1.84259e+07
1.84301e+07
1.84343e+07
1.84386e+07
1.84428e+07
1.84471e+07
1.84514e+07
1.84556e+07
1.846e+07
1.84643e+07
1.84686e+07
1.84729e+07
1.84773e+07
1.84817e+07
1.8486e+07
1.84904e+07
1.84948e+07
1.84992e+07
1.85036e+07
1.85081e+07
1.85125e+07
1.8517e+07
1.85214e+07
1.85259e+07
1.85304e+07
1.85349e+07
1.85394e+07
1.85439e+07
1.85484e+07
1.85529e+07
1.85575e+07
1.8562e+07
1.85666e+07
1.85711e+07
1.85757e+07
1.85803e+07
1.85849e+07
1.85895e+07
1.85941e+07
1.85987e+07
1.86033e+07
1.86079e+07
1.86125e+07
1.86171e+07
1.86218e+07
1.86264e+07
1.86311e+07
1.86357e+07
1.86404e+07
1.8645e+07
1.86497e+07
1.86544e+07
1.8659e+07
1.86637e+07
1.86684e+07
1.86731e+07
1.86778e+07
1.86824e+07
1.86871e+07
1.86918e+07
1.86965e+07
1.87012e+07
1.87059e+07
1.87106e+07
1.87153e+07
1.872e+07
1.87247e+07
1.87295e+07
1.87342e+07
1.87389e+07
1.87436e+07
1.87483e+07
1.8753e+07
1.87577e+07
1.87624e+07
1.87671e+07
1.87718e+07
1.87765e+07
1.87812e+07
1.87859e+07
1.87906e+07
1.87953e+07
1.88e+07
1.88047e+07
1.88094e+07
1.88141e+07
1.88188e+07
1.88235e+07
1.88281e+07
1.88328e+07
1.88375e+07
1.88421e+07
1.88468e+07
1.88515e+07
1.88561e+07
1.88608e+07
1.88654e+07
1.887e+07
1.88747e+07
1.88793e+07
1.88839e+07
1.88885e+07
1.88931e+07
1.88977e+07
1.89023e+07
1.89069e+07
1.89115e+07
1.89161e+07
1.89206e+07
1.89252e+07
1.89297e+07
1.89343e+07
1.89388e+07
1.89433e+07
1.89478e+07
1.89523e+07
1.89568e+07
1.89613e+07
1.89658e+07
1.89702e+07
1.89747e+07
1.89791e+07
1.89836e+07
1.8988e+07
1.89924e+07
1.89968e+07
1.90012e+07
1.79318e+07
1.79334e+07
1.79342e+07
1.79341e+07
1.79337e+07
1.79335e+07
1.79336e+07
1.79337e+07
1.79339e+07
1.7934e+07
1.79341e+07
1.79342e+07
1.79344e+07
1.79345e+07
1.79348e+07
1.7935e+07
1.79353e+07
1.79357e+07
1.7936e+07
1.79364e+07
1.79367e+07
1.7937e+07
1.79373e+07
1.79375e+07
1.79376e+07
1.79376e+07
1.79377e+07
1.79377e+07
1.79376e+07
1.79376e+07
1.79375e+07
1.79375e+07
1.79374e+07
1.79374e+07
1.79373e+07
1.79372e+07
1.79371e+07
1.79371e+07
1.7937e+07
1.79369e+07
1.79369e+07
1.79368e+07
1.79368e+07
1.79368e+07
1.79367e+07
1.79367e+07
1.79367e+07
1.79367e+07
1.79368e+07
1.79368e+07
1.79368e+07
1.79369e+07
1.79369e+07
1.7937e+07
1.79371e+07
1.79372e+07
1.79372e+07
1.79373e+07
1.79374e+07
1.79375e+07
1.79376e+07
1.79376e+07
1.79377e+07
1.79378e+07
1.79379e+07
1.7938e+07
1.7938e+07
1.79381e+07
1.79382e+07
1.79383e+07
1.79384e+07
1.79385e+07
1.79386e+07
1.79387e+07
1.79388e+07
1.79389e+07
1.7939e+07
1.79392e+07
1.79393e+07
1.79395e+07
1.79397e+07
1.79398e+07
1.794e+07
1.79402e+07
1.79404e+07
1.79406e+07
1.79409e+07
1.79411e+07
1.79413e+07
1.79416e+07
1.79418e+07
1.79421e+07
1.79423e+07
1.79426e+07
1.79428e+07
1.79431e+07
1.79433e+07
1.79436e+07
1.79438e+07
1.7944e+07
1.79442e+07
1.79444e+07
1.79446e+07
1.79447e+07
1.79449e+07
1.79451e+07
1.79452e+07
1.79453e+07
1.79454e+07
1.79456e+07
1.79457e+07
1.79458e+07
1.79459e+07
1.7946e+07
1.79461e+07
1.79462e+07
1.79464e+07
1.79465e+07
1.79467e+07
1.79468e+07
1.7947e+07
1.79472e+07
1.79474e+07
1.79477e+07
1.79479e+07
1.79482e+07
1.79485e+07
1.79488e+07
1.79491e+07
1.79494e+07
1.79497e+07
1.79501e+07
1.79505e+07
1.79508e+07
1.79512e+07
1.79516e+07
1.7952e+07
1.79524e+07
1.79528e+07
1.79532e+07
1.79536e+07
1.79539e+07
1.79543e+07
1.79547e+07
1.79551e+07
1.79554e+07
1.79558e+07
1.79561e+07
1.79564e+07
1.79568e+07
1.79571e+07
1.79574e+07
1.79577e+07
1.7958e+07
1.79583e+07
1.79586e+07
1.79589e+07
1.79592e+07
1.79595e+07
1.79597e+07
1.796e+07
1.79603e+07
1.79606e+07
1.79608e+07
1.79611e+07
1.79614e+07
1.79617e+07
1.79619e+07
1.79622e+07
1.79624e+07
1.79627e+07
1.7963e+07
1.79632e+07
1.79634e+07
1.79637e+07
1.79639e+07
1.79641e+07
1.79643e+07
1.79645e+07
1.79647e+07
1.79649e+07
1.7965e+07
1.79652e+07
1.79654e+07
1.79655e+07
1.79656e+07
1.79657e+07
1.79659e+07
1.7966e+07
1.79661e+07
1.79662e+07
1.79663e+07
1.79664e+07
1.79665e+07
1.79667e+07
1.79668e+07
1.7967e+07
1.79671e+07
1.79673e+07
1.79675e+07
1.79677e+07
1.79679e+07
1.79681e+07
1.79684e+07
1.79686e+07
1.79689e+07
1.79692e+07
1.79695e+07
1.79698e+07
1.79701e+07
1.79705e+07
1.79708e+07
1.79712e+07
1.79715e+07
1.79719e+07
1.79722e+07
1.79726e+07
1.7973e+07
1.79733e+07
1.79736e+07
1.7974e+07
1.79743e+07
1.79746e+07
1.79749e+07
1.79752e+07
1.79755e+07
1.79757e+07
1.7976e+07
1.79762e+07
1.79764e+07
1.79766e+07
1.79768e+07
1.79769e+07
1.79771e+07
1.79772e+07
1.79773e+07
1.79774e+07
1.79775e+07
1.79776e+07
1.79777e+07
1.79778e+07
1.79778e+07
1.79779e+07
1.79779e+07
1.79779e+07
1.7978e+07
1.7978e+07
1.7978e+07
1.7978e+07
1.7978e+07
1.79781e+07
1.79781e+07
1.79781e+07
1.79781e+07
1.79781e+07
1.79782e+07
1.79782e+07
1.79782e+07
1.79783e+07
1.79783e+07
1.79783e+07
1.79784e+07
1.79784e+07
1.79785e+07
1.79785e+07
1.79786e+07
1.79786e+07
1.79787e+07
1.79788e+07
1.79788e+07
1.79789e+07
1.7979e+07
1.7979e+07
1.79791e+07
1.79792e+07
1.79793e+07
1.79794e+07
1.79795e+07
1.79796e+07
1.79797e+07
1.79798e+07
1.79799e+07
1.79801e+07
1.79802e+07
1.79804e+07
1.79805e+07
1.79807e+07
1.79809e+07
1.79811e+07
1.79813e+07
1.79816e+07
1.79818e+07
1.79821e+07
1.79824e+07
1.79827e+07
1.79831e+07
1.79834e+07
1.79838e+07
1.79842e+07
1.79847e+07
1.79852e+07
1.79857e+07
1.79862e+07
1.79868e+07
1.79873e+07
1.7988e+07
1.79886e+07
1.79893e+07
1.799e+07
1.79908e+07
1.79916e+07
1.79924e+07
1.79932e+07
1.79941e+07
1.7995e+07
1.7996e+07
1.79969e+07
1.7998e+07
1.7999e+07
1.80001e+07
1.80012e+07
1.80023e+07
1.80034e+07
1.80046e+07
1.80058e+07
1.8007e+07
1.80083e+07
1.80096e+07
1.80109e+07
1.80122e+07
1.80135e+07
1.80149e+07
1.80162e+07
1.80176e+07
1.8019e+07
1.80204e+07
1.80218e+07
1.80233e+07
1.80247e+07
1.80262e+07
1.80277e+07
1.80292e+07
1.80307e+07
1.80322e+07
1.80337e+07
1.80353e+07
1.80369e+07
1.80385e+07
1.80401e+07
1.80418e+07
1.80435e+07
1.80452e+07
1.80469e+07
1.80487e+07
1.80505e+07
1.80524e+07
1.80543e+07
1.80562e+07
1.80582e+07
1.80602e+07
1.80622e+07
1.80643e+07
1.80664e+07
1.80686e+07
1.80708e+07
1.80731e+07
1.80753e+07
1.80777e+07
1.808e+07
1.80824e+07
1.80848e+07
1.80873e+07
1.80898e+07
1.80923e+07
1.80948e+07
1.80974e+07
1.81e+07
1.81026e+07
1.81052e+07
1.81078e+07
1.81104e+07
1.81131e+07
1.81158e+07
1.81185e+07
1.81212e+07
1.81239e+07
1.81266e+07
1.81293e+07
1.8132e+07
1.81348e+07
1.81375e+07
1.81403e+07
1.81431e+07
1.81459e+07
1.81486e+07
1.81514e+07
1.81543e+07
1.81571e+07
1.81599e+07
1.81628e+07
1.81657e+07
1.81685e+07
1.81714e+07
1.81744e+07
1.81773e+07
1.81802e+07
1.81832e+07
1.81862e+07
1.81892e+07
1.81922e+07
1.81953e+07
1.81983e+07
1.82014e+07
1.82045e+07
1.82076e+07
1.82107e+07
1.82139e+07
1.82171e+07
1.82203e+07
1.82235e+07
1.82267e+07
1.823e+07
1.82333e+07
1.82366e+07
1.82399e+07
1.82432e+07
1.82466e+07
1.825e+07
1.82534e+07
1.82568e+07
1.82603e+07
1.82637e+07
1.82672e+07
1.82707e+07
1.82742e+07
1.82778e+07
1.82814e+07
1.82849e+07
1.82885e+07
1.82922e+07
1.82958e+07
1.82995e+07
1.83032e+07
1.83069e+07
1.83106e+07
1.83143e+07
1.83181e+07
1.83218e+07
1.83256e+07
1.83294e+07
1.83333e+07
1.83371e+07
1.8341e+07
1.83449e+07
1.83488e+07
1.83527e+07
1.83566e+07
1.83606e+07
1.83645e+07
1.83685e+07
1.83725e+07
1.83765e+07
1.83805e+07
1.83846e+07
1.83887e+07
1.83927e+07
1.83968e+07
1.84009e+07
1.84051e+07
1.84092e+07
1.84133e+07
1.84175e+07
1.84217e+07
1.84259e+07
1.84301e+07
1.84343e+07
1.84386e+07
1.84428e+07
1.84471e+07
1.84514e+07
1.84556e+07
1.846e+07
1.84643e+07
1.84686e+07
1.84729e+07
1.84773e+07
1.84817e+07
1.8486e+07
1.84904e+07
1.84948e+07
1.84992e+07
1.85036e+07
1.85081e+07
1.85125e+07
1.8517e+07
1.85214e+07
1.85259e+07
1.85304e+07
1.85349e+07
1.85394e+07
1.85439e+07
1.85484e+07
1.85529e+07
1.85575e+07
1.8562e+07
1.85666e+07
1.85711e+07
1.85757e+07
1.85803e+07
1.85849e+07
1.85895e+07
1.85941e+07
1.85987e+07
1.86033e+07
1.86079e+07
1.86125e+07
1.86171e+07
1.86218e+07
1.86264e+07
1.86311e+07
1.86357e+07
1.86404e+07
1.8645e+07
1.86497e+07
1.86544e+07
1.8659e+07
1.86637e+07
1.86684e+07
1.86731e+07
1.86778e+07
1.86824e+07
1.86871e+07
1.86918e+07
1.86965e+07
1.87012e+07
1.87059e+07
1.87106e+07
1.87153e+07
1.872e+07
1.87247e+07
1.87295e+07
1.87342e+07
1.87389e+07
1.87436e+07
1.87483e+07
1.8753e+07
1.87577e+07
1.87624e+07
1.87671e+07
1.87718e+07
1.87765e+07
1.87812e+07
1.87859e+07
1.87906e+07
1.87953e+07
1.88e+07
1.88047e+07
1.88094e+07
1.88141e+07
1.88188e+07
1.88235e+07
1.88281e+07
1.88328e+07
1.88375e+07
1.88421e+07
1.88468e+07
1.88515e+07
1.88561e+07
1.88608e+07
1.88654e+07
1.887e+07
1.88747e+07
1.88793e+07
1.88839e+07
1.88885e+07
1.88931e+07
1.88977e+07
1.89023e+07
1.89069e+07
1.89115e+07
1.89161e+07
1.89206e+07
1.89252e+07
1.89297e+07
1.89343e+07
1.89388e+07
1.89433e+07
1.89478e+07
1.89523e+07
1.89568e+07
1.89613e+07
1.89658e+07
1.89702e+07
1.89747e+07
1.89791e+07
1.89836e+07
1.8988e+07
1.89924e+07
1.89968e+07
1.90012e+07
)
;

boundaryField
{
    inlet
    {
        type            zeroGradient;
    }
    outlet
    {
        type            uniformTotalPressure;
        rho             none;
        psi             none;
        gamma           1.4364;
        pressure        tableFile;
        pressureCoeffs
        {
            fileName        "$FOAM_RUN/SH5_43mps_MFR_newBC/outlet0.2_42.7mps_fromCapture.dat";
        }
        value           uniform 1.90034e+07;
    }
    sides
    {
        type            empty;
    }
    walls
    {
        type            zeroGradient;
    }
}


// ************************************************************************* //
