/*--------------------------------*- C++ -*----------------------------------*\
| =========                 |                                                 |
| \\      /  F ield         | OpenFOAM: The Open Source CFD Toolbox           |
|  \\    /   O peration     | Version:  3.0.x                                 |
|   \\  /    A nd           | Web:      www.OpenFOAM.org                      |
|    \\/     M anipulation  |                                                 |
\*---------------------------------------------------------------------------*/
FoamFile
{
    version     2.0;
    format      ascii;
    class       volScalarField;
    location    "0.012";
    object      T;
}
// * * * * * * * * * * * * * * * * * * * * * * * * * * * * * * * * * * * * * //

dimensions      [0 0 0 1 0 0 0];

internalField   nonuniform List<scalar> 
1000
(
773
773
773
773
773
773
773
773
773
773
773
773
773
773
773
773
773
773
773
773
773
773
773
773
773
773
773
773
773
773
773
773
773
773
773
773
773
773
773
773
773
773
773
773
773
773
773
773
773
773
773
773
773
773
773
773
773
773
773
773
773
773
773
773
773
773
773
773
773
773
773
773
773
773
773
773
773
773
773
773
773
773
773
773
773
773
773
773
773
773
773
773
773
773
773
773
773
773
773
773
773
773
773
773
773
773
773
773
773
773
773
773
773
773
773
773
773
773
773
773
773
773
773
773
773
773
773
773
773
773
773
773
773
773
773
773
773
773
773
773
773
773
773
773
773
773
773
773
773
773
773
773
773
773
773
773
773
773
773
773
773
773
773
773
773
773
773
773
773
773
773
773
773
773
773
773
773
773
773
773
773
773
773
773
773
773
773
773
773
773
773
773
773
773
773
773
773
773
773
773
773
773
773
773
773
773.001
773.001
773.001
773.001
773.001
773.002
773.002
773.003
773.003
773.004
773.005
773.007
773.008
773.01
773.013
773.016
773.02
773.024
773.03
773.037
773.046
773.057
773.071
773.087
773.108
773.133
773.164
773.201
773.248
773.305
773.374
773.459
773.561
773.687
773.838
774.02
774.24
774.502
774.813
775.18
775.61
776.108
776.678
777.324
778.044
778.835
779.688
780.59
781.527
782.479
783.425
784.347
785.225
786.047
786.8
787.478
788.08
788.607
789.061
789.449
789.777
790.053
790.282
790.472
790.628
790.757
790.861
790.946
791.013
791.067
791.109
791.141
791.165
791.181
791.191
791.196
791.197
791.196
791.196
791.195
791.194
791.194
791.193
791.193
791.193
791.192
791.192
791.192
791.192
791.192
791.192
791.192
791.192
791.192
791.192
791.192
791.192
791.192
791.192
791.192
791.192
791.192
791.192
791.192
791.192
791.192
791.192
791.192
791.192
791.192
791.192
791.192
791.192
791.192
791.192
791.192
791.192
791.192
791.192
791.192
791.192
791.193
791.193
791.193
791.193
791.193
791.193
791.193
791.193
791.193
791.193
791.193
791.193
791.193
791.193
791.193
791.193
791.193
791.193
791.193
791.193
791.193
791.193
791.193
791.193
791.193
791.193
791.193
791.193
791.193
791.193
791.193
791.193
791.193
791.193
791.193
791.193
791.193
791.193
791.193
791.193
791.193
791.193
791.193
791.193
791.193
791.193
791.193
791.193
791.193
791.193
791.194
791.194
791.194
791.194
791.194
791.194
791.194
791.194
791.194
791.194
791.194
791.194
791.194
791.194
791.194
791.194
791.194
791.194
791.194
791.194
791.194
791.194
791.194
791.194
791.194
791.194
791.194
791.194
791.194
791.194
791.194
791.194
791.194
791.194
791.194
791.194
791.194
791.194
791.194
791.194
791.194
791.194
791.194
791.194
791.194
791.194
791.194
791.194
791.194
791.194
791.194
791.194
791.194
791.194
791.194
791.194
791.194
791.194
791.194
791.194
791.194
791.194
791.194
791.194
791.194
791.194
791.194
791.194
791.194
791.194
791.194
791.194
791.195
791.195
791.195
791.195
791.195
791.195
791.195
791.195
791.195
791.195
791.195
791.195
791.195
791.195
791.195
791.195
791.195
791.195
791.195
791.195
791.195
791.195
791.195
791.195
791.195
791.195
791.195
791.195
791.195
791.195
791.195
791.195
791.195
791.195
791.195
791.195
791.195
791.195
791.195
791.195
791.195
791.195
791.195
791.195
791.195
791.195
791.195
791.195
791.195
791.195
791.195
791.195
791.195
791.195
791.195
791.195
791.195
791.195
791.195
791.195
791.195
791.195
791.195
791.195
791.195
791.195
791.195
791.195
791.195
791.195
791.195
791.195
791.195
791.195
791.195
791.195
791.195
791.195
791.196
791.196
791.196
791.196
791.196
791.196
791.196
791.196
791.196
791.196
791.196
791.196
791.196
791.196
791.196
791.196
791.196
791.196
791.196
791.196
791.196
791.196
791.196
791.196
791.196
791.196
791.196
791.196
791.196
791.196
791.196
791.196
791.196
791.196
791.196
791.196
791.196
791.196
791.196
791.196
791.196
791.196
791.196
791.196
791.196
791.196
791.196
791.196
791.196
791.196
791.196
791.196
791.196
791.196
791.196
791.196
791.196
791.196
791.196
791.196
791.196
791.196
791.196
791.196
791.196
791.196
791.196
791.196
791.197
791.197
791.197
791.197
791.197
791.197
791.197
791.197
791.197
791.197
791.197
791.197
791.197
791.197
791.197
791.197
791.197
791.197
791.197
791.197
791.197
791.197
791.197
791.197
791.197
791.197
791.197
791.197
791.197
791.197
791.197
791.197
791.197
791.197
791.197
791.197
791.197
791.197
791.197
791.197
791.197
791.197
791.197
791.197
791.197
791.197
791.197
791.197
791.197
791.197
791.197
791.197
791.197
791.198
791.198
791.198
791.198
791.198
791.198
791.198
791.198
791.198
791.198
791.198
791.198
791.198
791.198
791.198
791.198
791.198
791.198
791.198
791.198
791.198
791.198
791.198
791.198
791.198
791.198
791.198
791.198
791.198
791.198
791.198
791.198
791.198
791.198
791.198
791.198
791.198
791.198
791.198
791.198
791.198
791.198
791.199
791.199
791.199
791.199
791.199
791.199
791.199
791.199
791.199
791.199
791.199
791.199
791.199
791.199
791.199
791.199
791.199
791.199
791.199
791.199
791.199
791.199
791.199
791.199
791.199
791.199
791.199
791.199
791.199
791.199
791.199
791.199
791.199
791.2
791.2
791.2
791.2
791.2
791.2
791.2
791.2
791.2
791.2
791.2
791.2
791.2
791.2
791.2
791.2
791.2
791.2
791.2
791.2
791.2
791.2
791.2
791.2
791.2
791.2
791.2
791.201
791.201
791.201
791.201
791.201
791.201
791.201
791.201
791.201
791.201
791.201
791.201
791.201
791.201
791.201
791.201
791.201
791.201
791.201
791.201
791.201
791.201
791.201
791.202
791.202
791.202
791.202
791.202
791.202
791.202
791.202
791.202
791.202
791.202
791.202
791.202
791.202
791.202
791.202
791.202
791.202
791.202
791.203
791.203
791.203
791.203
791.203
791.203
791.203
791.203
791.203
791.203
791.203
791.203
791.203
791.203
791.203
791.203
791.203
791.204
791.204
791.204
791.204
791.204
791.204
791.204
791.204
791.204
791.204
791.204
791.204
791.204
791.204
791.205
791.205
791.205
791.205
791.205
791.205
791.205
791.205
791.205
791.205
791.205
791.205
791.205
791.206
791.206
791.206
791.206
791.206
791.206
791.206
791.206
791.206
791.206
791.206
791.207
791.207
791.207
791.207
791.207
791.207
791.207
791.207
791.207
791.207
791.208
791.208
791.208
791.208
791.208
791.208
791.208
791.208
791.208
791.209
791.209
791.209
791.209
791.209
791.209
791.209
791.209
791.21
791.21
791.21
791.21
791.21
791.21
791.21
791.211
791.211
791.211
791.211
791.211
791.211
791.212
791.212
791.212
791.212
791.212
791.212
791.213
791.213
791.213
791.213
791.213
791.213
791.214
791.214
791.214
791.214
791.214
791.215
791.215
791.215
791.215
791.215
791.216
791.216
791.216
791.216
791.217
791.217
791.217
791.217
791.218
791.218
791.218
791.218
791.219
791.219
791.219
791.22
791.22
791.22
791.22
791.221
791.221
791.222
791.222
791.222
791.222
791.223
791.223
791.224
791.224
791.225
791.224
791.226
791.225
791.227
791.226
791.228
791.227
791.229
791.228
791.23
791.229
791.231
791.23
791.233
791.231
791.234
791.232
791.235
791.233
791.237
791.235
791.239
791.236
791.24
791.238
791.242
791.239
791.244
791.241
791.247
791.243
791.249
791.245
791.252
791.248
791.254
791.251
791.258
791.254
791.261
791.258
791.265
791.262
791.27
791.268
791.275
791.274
791.281
791.281
791.289
791.291
791.3
791.303
791.314
791.321
791.335
791.351
791.368
791.411
791.497
791.801
791.932
)
;

boundaryField
{
    inlet
    {
        type            zeroGradient;
    }
    backWall
    {
        type            zeroGradient;
    }
    sides
    {
        type            empty;
    }
}


// ************************************************************************* //
