/*--------------------------------*- C++ -*----------------------------------*\
| =========                 |                                                 |
| \\      /  F ield         | OpenFOAM: The Open Source CFD Toolbox           |
|  \\    /   O peration     | Version:  3.0.x                                 |
|   \\  /    A nd           | Web:      www.OpenFOAM.org                      |
|    \\/     M anipulation  |                                                 |
\*---------------------------------------------------------------------------*/
FoamFile
{
    version     2.0;
    format      ascii;
    class       volScalarField;
    location    "0.45";
    object      T;
}
// * * * * * * * * * * * * * * * * * * * * * * * * * * * * * * * * * * * * * //

dimensions      [0 0 0 1 0 0 0];

internalField   nonuniform List<scalar> 
1000
(
773
773
773
773
773
773
773
773
773
773
773
773
773
773
773
773
773
773
773
773
773
773
773
773
773
773
773
773
773
773
773
773
773
773
773
773
773
773
773
773
773
773
773
773
773
773
773
773
773
773
773
773
773
773
773
773
773
773
773
773
773
773
773
773
773
773
773
773
773
773
773
773
773
773
773
773
773
773
773
773
773
773
773
773
773
773
773
773
773
773
773
773
773
773
773
773
773
773
773
773
773
773
773
773
773
773
773
773
773
773
773
773
773
773
773
773
773
773
773
773
773
773
773
773
773
773
773
773
773
773
773
773
773
773
773
773
773
773
773
773
773
773
773
773
773
773
773
773
773
773
773
773
773
773
773
773
773
773
773
773
773
773
773
773
773
773
773
773
773
773
773
773
773
773
773
773
773
773
773
773
773
773
773
773
773
773
773
773
773
773
773
773
773
773
773
773
773
773
773
773
773
773
773
773
773
773
773
773
773
773
773
773
773
773
773
773
773
773
773
773
773
773
773
773
773
773
773
773
773
773
773
773
773
773
773
773
773
773
773
773
773
773
773
773
773
773
773
773
773
773
773
773
773
773
773
773
773
773
773
773
773
773
773
773
773
773
773
773
773
773
773
773
773
773
773
773
773
773
773
773
773
773
773
773
773
773
773
773
773
773
773
773
773
773
773
773
773
773
773
773
773
773
773
773
773
773
773
773
773
773
773
773
773
773
773
773
773
773
773
773
773
773
773
773
773
773
773
773
773
773
773
773
773
773
773
773
773
773
773
773
773
773
773
773
773
773
773
773
773
773
773
773
773
773
773
773
773
773
773
773
773
773
773
773
773
773
773
773
773
773
773
773
773
773
773
773
773
773
773
773
773
773
773
773
773
773
773
773
773
773
773
773
773
773
773
773
773
773
773
773
773
773
773
773
773
773
773
773
773
773
773
773
773
773
773
773
773
773
773
773
773
773
773
773
773
773
773
773
773
773
773
773
773
773
773
773
773
773
773
773
773
773
773
773
773
773
773
773
773
773
773
773
773
773
773
773
773
773
773
773
773
773
773
773
773
773
773
773
773
773
773
773
773
773
773
773
773
773
773
773
773
773
773
773
773
773
773
773
773
773
773
773
773
773
773
773
773
773
773
773
773
773
773
773
773
773
773
773
773
773
773
773
773
773
773
773
773
773
773
773
773
773
773
773
773
773
773
773
773
773
773
773
773
773
773
773
773
773
773
773
773
773
773
773
773
773
773
773
773
773
773
773
773
773
773
773
773
773
773
773
773
773
773
773
773
773
773
773
773
773
773
773
773
773
773
773
773
773
773
773
773
773
773
773
773
773
773
773
773
773
773
773
773
773
773
773
773
773
773
773
773
773
773
773
773
773
773
773
773
773
773
773
773
773
773
773
773
773
773
773
773
773
773
773
773
773
773
773
773
773
773
773
773
773
773
773
773
773
773
773
773
773
773
773
773
773
773
773
773
773
773
773
773
773
773
773
773
773
773
773
773
773
773
773
773
773
773
773
773
773
773
773
773
773
773
773
773
773
773
773
773
773
773
773
773
773
773
773
773
773
773
773
773
773
773
773
773
773
773
773
773
773
773
773
773
773
773
773
773
773
773
773
773
773
773
773
773
773
773
773
773
773
773
773
773
773
773
773
773
773
773
773
773
773
773
773
773
773
773
773
773
773
773
773
773
773
773
773
773
773
773
773.001
773.001
773.001
773.001
773.002
773.002
773.003
773.004
773.005
773.006
773.008
773.01
773.013
773.016
773.02
773.024
773.03
773.036
773.044
773.053
773.064
773.077
773.091
773.109
773.128
773.151
773.177
773.206
773.239
773.276
773.318
773.364
773.415
773.472
773.534
773.601
773.674
773.753
773.839
773.93
774.027
774.131
774.24
774.355
774.476
774.603
774.735
774.872
775.014
775.161
775.312
775.467
775.626
775.788
775.953
776.122
776.292
776.466
776.641
776.818
776.996
777.176
777.357
777.539
777.721
777.904
778.088
778.271
778.454
778.637
778.82
779.002
779.184
779.365
779.544
779.723
779.9
780.077
780.251
780.425
780.596
780.766
780.934
781.099
781.263
781.425
781.584
781.741
781.895
782.047
782.196
782.343
782.486
782.627
782.764
782.898
783.029
783.156
783.28
783.399
783.515
783.627
783.735
783.838
783.937
784.031
784.121
784.206
784.285
784.36
784.429
784.494
784.553
784.607
784.656
784.701
784.74
784.776
784.806
784.833
784.856
784.876
784.892
784.905
784.915
784.923
784.929
784.934
784.938
784.941
784.943
784.945
784.946
784.947
784.947
784.947
784.948
784.948
784.948
784.948
784.948
784.947
784.947
784.947
784.947
784.947
784.947
784.947
784.947
784.947
784.947
784.947
784.947
784.947
784.947
784.947
784.947
784.947
784.947
784.947
784.947
784.947
784.947
784.947
784.947
784.947
784.947
784.947
784.947
784.947
784.947
784.947
784.947
784.947
784.947
784.946
784.946
784.946
784.946
784.946
784.946
784.946
784.946
784.946
784.946
784.946
784.946
784.946
784.946
784.946
784.946
784.946
784.946
784.946
784.946
784.946
784.946
784.946
784.946
784.946
784.946
784.946
784.946
784.946
784.946
784.946
784.946
784.946
784.946
784.946
784.946
784.946
784.946
784.946
784.946
784.946
784.946
784.946
784.946
784.946
784.946
784.946
784.946
784.946
784.946
784.946
784.946
784.946
784.946
784.946
784.946
784.946
784.946
784.946
784.946
784.946
784.946
784.946
784.946
784.946
784.946
784.946
784.946
784.946
784.946
784.947
784.944
784.95
784.939
)
;

boundaryField
{
    inlet
    {
        type            zeroGradient;
    }
    backWall
    {
        type            zeroGradient;
    }
    sides
    {
        type            empty;
    }
}


// ************************************************************************* //
