/*--------------------------------*- C++ -*----------------------------------*\
| =========                 |                                                 |
| \\      /  F ield         | OpenFOAM: The Open Source CFD Toolbox           |
|  \\    /   O peration     | Version:  3.0.x                                 |
|   \\  /    A nd           | Web:      www.OpenFOAM.org                      |
|    \\/     M anipulation  |                                                 |
\*---------------------------------------------------------------------------*/
FoamFile
{
    version     2.0;
    format      ascii;
    class       volScalarField;
    location    "0.5";
    object      p;
}
// * * * * * * * * * * * * * * * * * * * * * * * * * * * * * * * * * * * * * //

dimensions      [1 -1 -2 0 0 0 0];

internalField   nonuniform List<scalar> 
6900
(
1.82336e+07
1.82337e+07
1.82339e+07
1.82341e+07
1.82343e+07
1.82346e+07
1.82349e+07
1.82352e+07
1.82356e+07
1.8236e+07
1.82365e+07
1.82369e+07
1.82374e+07
1.8238e+07
1.82386e+07
1.82392e+07
1.82398e+07
1.82405e+07
1.82412e+07
1.82419e+07
1.82427e+07
1.82435e+07
1.82443e+07
1.82452e+07
1.82461e+07
1.8247e+07
1.8248e+07
1.8249e+07
1.825e+07
1.82511e+07
1.82522e+07
1.82533e+07
1.82545e+07
1.82557e+07
1.8257e+07
1.82583e+07
1.82596e+07
1.8261e+07
1.82624e+07
1.82639e+07
1.82653e+07
1.82668e+07
1.82684e+07
1.827e+07
1.82716e+07
1.82732e+07
1.82749e+07
1.82766e+07
1.82783e+07
1.828e+07
1.82818e+07
1.82836e+07
1.82855e+07
1.82874e+07
1.82893e+07
1.82912e+07
1.82932e+07
1.82951e+07
1.82972e+07
1.82992e+07
1.83013e+07
1.83034e+07
1.83056e+07
1.83078e+07
1.831e+07
1.83123e+07
1.83146e+07
1.83169e+07
1.83193e+07
1.83217e+07
1.83241e+07
1.83266e+07
1.83291e+07
1.83317e+07
1.83343e+07
1.83369e+07
1.83395e+07
1.83422e+07
1.83449e+07
1.83477e+07
1.83505e+07
1.83533e+07
1.83561e+07
1.8359e+07
1.83619e+07
1.83648e+07
1.83678e+07
1.83707e+07
1.83737e+07
1.83767e+07
1.83798e+07
1.83829e+07
1.8386e+07
1.83891e+07
1.83923e+07
1.83954e+07
1.83987e+07
1.84019e+07
1.84052e+07
1.84085e+07
1.84118e+07
1.84152e+07
1.84186e+07
1.84221e+07
1.84256e+07
1.84291e+07
1.84326e+07
1.84362e+07
1.84399e+07
1.84435e+07
1.84473e+07
1.8451e+07
1.84548e+07
1.84586e+07
1.84625e+07
1.84663e+07
1.84703e+07
1.84742e+07
1.84782e+07
1.84822e+07
1.84863e+07
1.84903e+07
1.84944e+07
1.84985e+07
1.85027e+07
1.85068e+07
1.8511e+07
1.85152e+07
1.85194e+07
1.85237e+07
1.85279e+07
1.85322e+07
1.85365e+07
1.85409e+07
1.85452e+07
1.85496e+07
1.8554e+07
1.85584e+07
1.85629e+07
1.85674e+07
1.85719e+07
1.85764e+07
1.85809e+07
1.85855e+07
1.85901e+07
1.85948e+07
1.85994e+07
1.86041e+07
1.86088e+07
1.86136e+07
1.86183e+07
1.86231e+07
1.8628e+07
1.86328e+07
1.86377e+07
1.86427e+07
1.86476e+07
1.86526e+07
1.86576e+07
1.86626e+07
1.86677e+07
1.86728e+07
1.86779e+07
1.8683e+07
1.86882e+07
1.86933e+07
1.86985e+07
1.87037e+07
1.87089e+07
1.87141e+07
1.87194e+07
1.87246e+07
1.87299e+07
1.87351e+07
1.87404e+07
1.87457e+07
1.8751e+07
1.87563e+07
1.87616e+07
1.87669e+07
1.87722e+07
1.87775e+07
1.87829e+07
1.87882e+07
1.87936e+07
1.87989e+07
1.88043e+07
1.88097e+07
1.88151e+07
1.88204e+07
1.88258e+07
1.88312e+07
1.88367e+07
1.88421e+07
1.88475e+07
1.88529e+07
1.88583e+07
1.88638e+07
1.88693e+07
1.88748e+07
1.82336e+07
1.82337e+07
1.82339e+07
1.82341e+07
1.82343e+07
1.82346e+07
1.82349e+07
1.82352e+07
1.82356e+07
1.8236e+07
1.82365e+07
1.82369e+07
1.82374e+07
1.8238e+07
1.82386e+07
1.82392e+07
1.82398e+07
1.82405e+07
1.82412e+07
1.82419e+07
1.82427e+07
1.82435e+07
1.82443e+07
1.82452e+07
1.82461e+07
1.8247e+07
1.8248e+07
1.8249e+07
1.825e+07
1.82511e+07
1.82522e+07
1.82533e+07
1.82545e+07
1.82557e+07
1.8257e+07
1.82583e+07
1.82596e+07
1.8261e+07
1.82624e+07
1.82639e+07
1.82653e+07
1.82668e+07
1.82684e+07
1.827e+07
1.82716e+07
1.82732e+07
1.82749e+07
1.82766e+07
1.82783e+07
1.828e+07
1.82818e+07
1.82836e+07
1.82855e+07
1.82874e+07
1.82893e+07
1.82912e+07
1.82932e+07
1.82951e+07
1.82972e+07
1.82992e+07
1.83013e+07
1.83034e+07
1.83056e+07
1.83078e+07
1.831e+07
1.83123e+07
1.83146e+07
1.83169e+07
1.83193e+07
1.83217e+07
1.83241e+07
1.83266e+07
1.83291e+07
1.83317e+07
1.83343e+07
1.83369e+07
1.83395e+07
1.83422e+07
1.83449e+07
1.83477e+07
1.83505e+07
1.83533e+07
1.83561e+07
1.8359e+07
1.83619e+07
1.83648e+07
1.83678e+07
1.83707e+07
1.83737e+07
1.83767e+07
1.83798e+07
1.83829e+07
1.8386e+07
1.83891e+07
1.83923e+07
1.83954e+07
1.83987e+07
1.84019e+07
1.84052e+07
1.84085e+07
1.84118e+07
1.84152e+07
1.84186e+07
1.84221e+07
1.84256e+07
1.84291e+07
1.84326e+07
1.84362e+07
1.84399e+07
1.84435e+07
1.84473e+07
1.8451e+07
1.84548e+07
1.84586e+07
1.84625e+07
1.84663e+07
1.84703e+07
1.84742e+07
1.84782e+07
1.84822e+07
1.84863e+07
1.84903e+07
1.84944e+07
1.84985e+07
1.85027e+07
1.85068e+07
1.8511e+07
1.85152e+07
1.85194e+07
1.85237e+07
1.85279e+07
1.85322e+07
1.85365e+07
1.85409e+07
1.85452e+07
1.85496e+07
1.8554e+07
1.85584e+07
1.85629e+07
1.85674e+07
1.85719e+07
1.85764e+07
1.85809e+07
1.85855e+07
1.85901e+07
1.85948e+07
1.85994e+07
1.86041e+07
1.86088e+07
1.86136e+07
1.86183e+07
1.86231e+07
1.8628e+07
1.86328e+07
1.86377e+07
1.86427e+07
1.86476e+07
1.86526e+07
1.86576e+07
1.86626e+07
1.86677e+07
1.86728e+07
1.86779e+07
1.8683e+07
1.86882e+07
1.86933e+07
1.86985e+07
1.87037e+07
1.87089e+07
1.87141e+07
1.87194e+07
1.87246e+07
1.87299e+07
1.87351e+07
1.87404e+07
1.87457e+07
1.8751e+07
1.87563e+07
1.87616e+07
1.87669e+07
1.87722e+07
1.87775e+07
1.87829e+07
1.87882e+07
1.87936e+07
1.87989e+07
1.88043e+07
1.88097e+07
1.88151e+07
1.88204e+07
1.88258e+07
1.88312e+07
1.88367e+07
1.88421e+07
1.88475e+07
1.88529e+07
1.88583e+07
1.88638e+07
1.88693e+07
1.88748e+07
1.82336e+07
1.82337e+07
1.82339e+07
1.82341e+07
1.82343e+07
1.82346e+07
1.82349e+07
1.82352e+07
1.82356e+07
1.8236e+07
1.82365e+07
1.82369e+07
1.82374e+07
1.8238e+07
1.82386e+07
1.82392e+07
1.82398e+07
1.82405e+07
1.82412e+07
1.82419e+07
1.82427e+07
1.82435e+07
1.82443e+07
1.82452e+07
1.82461e+07
1.8247e+07
1.8248e+07
1.8249e+07
1.825e+07
1.82511e+07
1.82522e+07
1.82533e+07
1.82545e+07
1.82557e+07
1.8257e+07
1.82583e+07
1.82596e+07
1.8261e+07
1.82624e+07
1.82639e+07
1.82653e+07
1.82668e+07
1.82684e+07
1.827e+07
1.82716e+07
1.82732e+07
1.82749e+07
1.82766e+07
1.82783e+07
1.828e+07
1.82818e+07
1.82836e+07
1.82855e+07
1.82874e+07
1.82893e+07
1.82912e+07
1.82932e+07
1.82951e+07
1.82972e+07
1.82992e+07
1.83013e+07
1.83034e+07
1.83056e+07
1.83078e+07
1.831e+07
1.83123e+07
1.83146e+07
1.83169e+07
1.83193e+07
1.83217e+07
1.83241e+07
1.83266e+07
1.83291e+07
1.83317e+07
1.83343e+07
1.83369e+07
1.83395e+07
1.83422e+07
1.83449e+07
1.83477e+07
1.83505e+07
1.83533e+07
1.83561e+07
1.8359e+07
1.83619e+07
1.83648e+07
1.83678e+07
1.83707e+07
1.83737e+07
1.83767e+07
1.83798e+07
1.83829e+07
1.8386e+07
1.83891e+07
1.83923e+07
1.83954e+07
1.83987e+07
1.84019e+07
1.84052e+07
1.84085e+07
1.84118e+07
1.84152e+07
1.84186e+07
1.84221e+07
1.84256e+07
1.84291e+07
1.84326e+07
1.84362e+07
1.84399e+07
1.84435e+07
1.84473e+07
1.8451e+07
1.84548e+07
1.84586e+07
1.84625e+07
1.84663e+07
1.84703e+07
1.84742e+07
1.84782e+07
1.84822e+07
1.84863e+07
1.84903e+07
1.84944e+07
1.84985e+07
1.85027e+07
1.85068e+07
1.8511e+07
1.85152e+07
1.85194e+07
1.85237e+07
1.85279e+07
1.85322e+07
1.85365e+07
1.85409e+07
1.85452e+07
1.85496e+07
1.8554e+07
1.85584e+07
1.85629e+07
1.85674e+07
1.85719e+07
1.85764e+07
1.85809e+07
1.85855e+07
1.85901e+07
1.85948e+07
1.85994e+07
1.86041e+07
1.86088e+07
1.86136e+07
1.86183e+07
1.86231e+07
1.8628e+07
1.86328e+07
1.86377e+07
1.86427e+07
1.86476e+07
1.86526e+07
1.86576e+07
1.86626e+07
1.86677e+07
1.86728e+07
1.86779e+07
1.8683e+07
1.86882e+07
1.86933e+07
1.86985e+07
1.87037e+07
1.87089e+07
1.87141e+07
1.87194e+07
1.87246e+07
1.87299e+07
1.87351e+07
1.87404e+07
1.87457e+07
1.8751e+07
1.87563e+07
1.87616e+07
1.87669e+07
1.87722e+07
1.87775e+07
1.87829e+07
1.87882e+07
1.87936e+07
1.87989e+07
1.88043e+07
1.88097e+07
1.88151e+07
1.88204e+07
1.88258e+07
1.88312e+07
1.88367e+07
1.88421e+07
1.88475e+07
1.88529e+07
1.88583e+07
1.88638e+07
1.88692e+07
1.88746e+07
1.82336e+07
1.82337e+07
1.82339e+07
1.82341e+07
1.82343e+07
1.82346e+07
1.82349e+07
1.82352e+07
1.82356e+07
1.8236e+07
1.82365e+07
1.82369e+07
1.82374e+07
1.8238e+07
1.82386e+07
1.82392e+07
1.82398e+07
1.82405e+07
1.82412e+07
1.82419e+07
1.82427e+07
1.82435e+07
1.82443e+07
1.82452e+07
1.82461e+07
1.8247e+07
1.8248e+07
1.8249e+07
1.825e+07
1.82511e+07
1.82522e+07
1.82533e+07
1.82545e+07
1.82557e+07
1.8257e+07
1.82583e+07
1.82596e+07
1.8261e+07
1.82624e+07
1.82639e+07
1.82653e+07
1.82668e+07
1.82684e+07
1.827e+07
1.82716e+07
1.82732e+07
1.82749e+07
1.82766e+07
1.82783e+07
1.828e+07
1.82818e+07
1.82836e+07
1.82855e+07
1.82874e+07
1.82893e+07
1.82912e+07
1.82932e+07
1.82951e+07
1.82972e+07
1.82992e+07
1.83013e+07
1.83034e+07
1.83056e+07
1.83078e+07
1.831e+07
1.83123e+07
1.83146e+07
1.83169e+07
1.83193e+07
1.83217e+07
1.83241e+07
1.83266e+07
1.83291e+07
1.83317e+07
1.83343e+07
1.83369e+07
1.83395e+07
1.83422e+07
1.83449e+07
1.83477e+07
1.83505e+07
1.83533e+07
1.83561e+07
1.8359e+07
1.83619e+07
1.83648e+07
1.83678e+07
1.83707e+07
1.83737e+07
1.83767e+07
1.83798e+07
1.83829e+07
1.8386e+07
1.83891e+07
1.83923e+07
1.83954e+07
1.83987e+07
1.84019e+07
1.84052e+07
1.84085e+07
1.84118e+07
1.84152e+07
1.84186e+07
1.84221e+07
1.84256e+07
1.84291e+07
1.84326e+07
1.84362e+07
1.84399e+07
1.84435e+07
1.84473e+07
1.8451e+07
1.84548e+07
1.84586e+07
1.84625e+07
1.84663e+07
1.84703e+07
1.84742e+07
1.84782e+07
1.84822e+07
1.84863e+07
1.84903e+07
1.84944e+07
1.84985e+07
1.85027e+07
1.85068e+07
1.8511e+07
1.85152e+07
1.85194e+07
1.85237e+07
1.85279e+07
1.85322e+07
1.85365e+07
1.85409e+07
1.85452e+07
1.85496e+07
1.8554e+07
1.85584e+07
1.85629e+07
1.85674e+07
1.85719e+07
1.85764e+07
1.85809e+07
1.85855e+07
1.85901e+07
1.85948e+07
1.85994e+07
1.86041e+07
1.86088e+07
1.86136e+07
1.86183e+07
1.86231e+07
1.8628e+07
1.86328e+07
1.86377e+07
1.86427e+07
1.86476e+07
1.86526e+07
1.86576e+07
1.86626e+07
1.86677e+07
1.86728e+07
1.86779e+07
1.8683e+07
1.86882e+07
1.86933e+07
1.86985e+07
1.87037e+07
1.87089e+07
1.87141e+07
1.87194e+07
1.87246e+07
1.87299e+07
1.87351e+07
1.87404e+07
1.87457e+07
1.8751e+07
1.87563e+07
1.87616e+07
1.87669e+07
1.87722e+07
1.87775e+07
1.87829e+07
1.87882e+07
1.87936e+07
1.87989e+07
1.88043e+07
1.88097e+07
1.88151e+07
1.88204e+07
1.88258e+07
1.88312e+07
1.88367e+07
1.88421e+07
1.88475e+07
1.88529e+07
1.88583e+07
1.88638e+07
1.88692e+07
1.88745e+07
1.82336e+07
1.82337e+07
1.82339e+07
1.82341e+07
1.82343e+07
1.82346e+07
1.82349e+07
1.82352e+07
1.82356e+07
1.8236e+07
1.82365e+07
1.82369e+07
1.82374e+07
1.8238e+07
1.82386e+07
1.82392e+07
1.82398e+07
1.82405e+07
1.82412e+07
1.82419e+07
1.82427e+07
1.82435e+07
1.82443e+07
1.82452e+07
1.82461e+07
1.8247e+07
1.8248e+07
1.8249e+07
1.825e+07
1.82511e+07
1.82522e+07
1.82533e+07
1.82545e+07
1.82557e+07
1.8257e+07
1.82583e+07
1.82596e+07
1.8261e+07
1.82624e+07
1.82639e+07
1.82653e+07
1.82668e+07
1.82684e+07
1.827e+07
1.82716e+07
1.82732e+07
1.82749e+07
1.82766e+07
1.82783e+07
1.828e+07
1.82818e+07
1.82836e+07
1.82855e+07
1.82874e+07
1.82893e+07
1.82912e+07
1.82932e+07
1.82951e+07
1.82972e+07
1.82992e+07
1.83013e+07
1.83034e+07
1.83056e+07
1.83078e+07
1.831e+07
1.83123e+07
1.83146e+07
1.83169e+07
1.83193e+07
1.83217e+07
1.83241e+07
1.83266e+07
1.83291e+07
1.83317e+07
1.83343e+07
1.83369e+07
1.83395e+07
1.83422e+07
1.83449e+07
1.83477e+07
1.83505e+07
1.83533e+07
1.83561e+07
1.8359e+07
1.83619e+07
1.83648e+07
1.83678e+07
1.83707e+07
1.83737e+07
1.83767e+07
1.83798e+07
1.83829e+07
1.8386e+07
1.83891e+07
1.83923e+07
1.83954e+07
1.83987e+07
1.84019e+07
1.84052e+07
1.84085e+07
1.84118e+07
1.84152e+07
1.84186e+07
1.84221e+07
1.84256e+07
1.84291e+07
1.84326e+07
1.84362e+07
1.84399e+07
1.84435e+07
1.84473e+07
1.8451e+07
1.84548e+07
1.84586e+07
1.84625e+07
1.84663e+07
1.84703e+07
1.84742e+07
1.84782e+07
1.84822e+07
1.84863e+07
1.84903e+07
1.84944e+07
1.84985e+07
1.85027e+07
1.85068e+07
1.8511e+07
1.85152e+07
1.85194e+07
1.85237e+07
1.85279e+07
1.85322e+07
1.85365e+07
1.85409e+07
1.85452e+07
1.85496e+07
1.8554e+07
1.85584e+07
1.85629e+07
1.85674e+07
1.85719e+07
1.85764e+07
1.85809e+07
1.85855e+07
1.85901e+07
1.85948e+07
1.85994e+07
1.86041e+07
1.86088e+07
1.86136e+07
1.86183e+07
1.86231e+07
1.8628e+07
1.86328e+07
1.86377e+07
1.86427e+07
1.86476e+07
1.86526e+07
1.86576e+07
1.86626e+07
1.86677e+07
1.86728e+07
1.86779e+07
1.8683e+07
1.86882e+07
1.86933e+07
1.86985e+07
1.87037e+07
1.87089e+07
1.87141e+07
1.87194e+07
1.87246e+07
1.87299e+07
1.87351e+07
1.87404e+07
1.87457e+07
1.8751e+07
1.87563e+07
1.87616e+07
1.87669e+07
1.87722e+07
1.87775e+07
1.87829e+07
1.87882e+07
1.87936e+07
1.87989e+07
1.88043e+07
1.88097e+07
1.88151e+07
1.88204e+07
1.88258e+07
1.88312e+07
1.88367e+07
1.88421e+07
1.88475e+07
1.88529e+07
1.88583e+07
1.88638e+07
1.88692e+07
1.88745e+07
1.88797e+07
1.88816e+07
1.88828e+07
1.88838e+07
1.88848e+07
1.88859e+07
1.88871e+07
1.8888e+07
1.88884e+07
1.88882e+07
1.88884e+07
1.88889e+07
1.88896e+07
1.88907e+07
1.88933e+07
1.88962e+07
1.8898e+07
1.88978e+07
1.88954e+07
1.88919e+07
1.88792e+07
1.88807e+07
1.88818e+07
1.88828e+07
1.88838e+07
1.88849e+07
1.88861e+07
1.8887e+07
1.88872e+07
1.88869e+07
1.88871e+07
1.88877e+07
1.88885e+07
1.88897e+07
1.88923e+07
1.8895e+07
1.88964e+07
1.88959e+07
1.88928e+07
1.88892e+07
1.8878e+07
1.8879e+07
1.88799e+07
1.88806e+07
1.88812e+07
1.88818e+07
1.88822e+07
1.88825e+07
1.88829e+07
1.88831e+07
1.88832e+07
1.88831e+07
1.8883e+07
1.88827e+07
1.88822e+07
1.88818e+07
1.88815e+07
1.88813e+07
1.88812e+07
1.88811e+07
1.88765e+07
1.88773e+07
1.88783e+07
1.88791e+07
1.88795e+07
1.88798e+07
1.88799e+07
1.888e+07
1.888e+07
1.888e+07
1.888e+07
1.888e+07
1.88801e+07
1.88802e+07
1.88804e+07
1.88802e+07
1.88805e+07
1.88806e+07
1.88808e+07
1.88811e+07
1.8875e+07
1.88747e+07
1.88751e+07
1.88757e+07
1.88761e+07
1.88763e+07
1.88763e+07
1.88763e+07
1.88762e+07
1.88761e+07
1.88759e+07
1.88758e+07
1.88757e+07
1.88757e+07
1.88757e+07
1.88755e+07
1.88756e+07
1.88757e+07
1.88759e+07
1.88765e+07
1.88847e+07
1.889e+07
1.88967e+07
1.88986e+07
1.89008e+07
1.89049e+07
1.89102e+07
1.8914e+07
1.89173e+07
1.89215e+07
1.89264e+07
1.89305e+07
1.8934e+07
1.8938e+07
1.89425e+07
1.89473e+07
1.89514e+07
1.8955e+07
1.8959e+07
1.89632e+07
1.89676e+07
1.8972e+07
1.8976e+07
1.898e+07
1.89841e+07
1.89883e+07
1.89925e+07
1.89967e+07
1.90009e+07
1.90051e+07
1.90093e+07
1.90135e+07
1.90176e+07
1.90218e+07
1.90261e+07
1.90303e+07
1.90343e+07
1.90383e+07
1.90424e+07
1.90466e+07
1.90507e+07
1.90548e+07
1.90589e+07
1.9063e+07
1.9067e+07
1.90711e+07
1.90752e+07
1.90792e+07
1.90833e+07
1.90873e+07
1.90913e+07
1.90954e+07
1.90994e+07
1.91034e+07
1.91074e+07
1.91113e+07
1.91153e+07
1.91193e+07
1.91232e+07
1.91271e+07
1.9131e+07
1.91349e+07
1.91388e+07
1.91427e+07
1.91465e+07
1.91503e+07
1.91541e+07
1.91579e+07
1.91617e+07
1.91655e+07
1.91692e+07
1.91729e+07
1.91766e+07
1.91803e+07
1.9184e+07
1.91876e+07
1.91913e+07
1.91949e+07
1.91985e+07
1.9202e+07
1.92056e+07
1.92091e+07
1.92127e+07
1.92162e+07
1.92197e+07
1.92232e+07
1.92268e+07
1.92307e+07
1.92345e+07
1.92375e+07
1.92404e+07
1.92436e+07
1.9247e+07
1.92504e+07
1.92538e+07
1.92572e+07
1.92607e+07
1.92641e+07
1.92675e+07
1.92709e+07
1.92743e+07
1.92776e+07
1.9281e+07
1.92843e+07
1.92876e+07
1.92909e+07
1.92942e+07
1.92974e+07
1.93006e+07
1.93039e+07
1.9307e+07
1.93102e+07
1.93133e+07
1.93164e+07
1.93194e+07
1.93225e+07
1.93255e+07
1.93284e+07
1.93313e+07
1.93343e+07
1.93371e+07
1.934e+07
1.93428e+07
1.93457e+07
1.93485e+07
1.93512e+07
1.9354e+07
1.93567e+07
1.93594e+07
1.93621e+07
1.93648e+07
1.93674e+07
1.937e+07
1.93726e+07
1.93752e+07
1.93777e+07
1.93802e+07
1.93827e+07
1.93852e+07
1.93876e+07
1.93901e+07
1.93925e+07
1.93948e+07
1.93972e+07
1.93995e+07
1.94018e+07
1.94041e+07
1.94064e+07
1.94086e+07
1.94109e+07
1.94131e+07
1.94152e+07
1.94174e+07
1.94195e+07
1.94217e+07
1.94238e+07
1.94259e+07
1.94279e+07
1.943e+07
1.9432e+07
1.9434e+07
1.9436e+07
1.94379e+07
1.94399e+07
1.94418e+07
1.94437e+07
1.94456e+07
1.94475e+07
1.94494e+07
1.94512e+07
1.9453e+07
1.94548e+07
1.94566e+07
1.94584e+07
1.94601e+07
1.94618e+07
1.94635e+07
1.94652e+07
1.94669e+07
1.94685e+07
1.94701e+07
1.94717e+07
1.94733e+07
1.94749e+07
1.94764e+07
1.94779e+07
1.94794e+07
1.94809e+07
1.94824e+07
1.94838e+07
1.94852e+07
1.94866e+07
1.9488e+07
1.94894e+07
1.94907e+07
1.9492e+07
1.94933e+07
1.94945e+07
1.94958e+07
1.9497e+07
1.88841e+07
1.889e+07
1.88967e+07
1.88986e+07
1.89008e+07
1.8905e+07
1.89102e+07
1.8914e+07
1.89173e+07
1.89215e+07
1.89264e+07
1.89305e+07
1.8934e+07
1.8938e+07
1.89425e+07
1.89473e+07
1.89514e+07
1.8955e+07
1.8959e+07
1.89632e+07
1.89676e+07
1.89719e+07
1.8976e+07
1.898e+07
1.89841e+07
1.89883e+07
1.89925e+07
1.89967e+07
1.90009e+07
1.90051e+07
1.90093e+07
1.90135e+07
1.90176e+07
1.90218e+07
1.90261e+07
1.90303e+07
1.90343e+07
1.90383e+07
1.90424e+07
1.90466e+07
1.90507e+07
1.90548e+07
1.90589e+07
1.9063e+07
1.9067e+07
1.90711e+07
1.90752e+07
1.90792e+07
1.90833e+07
1.90873e+07
1.90913e+07
1.90954e+07
1.90994e+07
1.91034e+07
1.91074e+07
1.91113e+07
1.91153e+07
1.91193e+07
1.91232e+07
1.91271e+07
1.9131e+07
1.91349e+07
1.91388e+07
1.91427e+07
1.91465e+07
1.91503e+07
1.91541e+07
1.91579e+07
1.91617e+07
1.91655e+07
1.91692e+07
1.91729e+07
1.91766e+07
1.91803e+07
1.9184e+07
1.91876e+07
1.91913e+07
1.91949e+07
1.91985e+07
1.9202e+07
1.92056e+07
1.92091e+07
1.92127e+07
1.92162e+07
1.92197e+07
1.92232e+07
1.92268e+07
1.92307e+07
1.92345e+07
1.92375e+07
1.92404e+07
1.92436e+07
1.9247e+07
1.92504e+07
1.92538e+07
1.92572e+07
1.92606e+07
1.92641e+07
1.92675e+07
1.92709e+07
1.92743e+07
1.92776e+07
1.9281e+07
1.92843e+07
1.92876e+07
1.92909e+07
1.92942e+07
1.92974e+07
1.93006e+07
1.93038e+07
1.9307e+07
1.93102e+07
1.93133e+07
1.93164e+07
1.93194e+07
1.93225e+07
1.93255e+07
1.93284e+07
1.93313e+07
1.93343e+07
1.93371e+07
1.934e+07
1.93428e+07
1.93457e+07
1.93485e+07
1.93512e+07
1.9354e+07
1.93567e+07
1.93594e+07
1.93621e+07
1.93648e+07
1.93674e+07
1.937e+07
1.93726e+07
1.93752e+07
1.93777e+07
1.93802e+07
1.93827e+07
1.93852e+07
1.93876e+07
1.93901e+07
1.93925e+07
1.93948e+07
1.93972e+07
1.93995e+07
1.94018e+07
1.94041e+07
1.94064e+07
1.94086e+07
1.94109e+07
1.94131e+07
1.94152e+07
1.94174e+07
1.94195e+07
1.94217e+07
1.94238e+07
1.94259e+07
1.94279e+07
1.943e+07
1.9432e+07
1.9434e+07
1.9436e+07
1.94379e+07
1.94399e+07
1.94418e+07
1.94437e+07
1.94456e+07
1.94475e+07
1.94494e+07
1.94512e+07
1.9453e+07
1.94548e+07
1.94566e+07
1.94584e+07
1.94601e+07
1.94618e+07
1.94635e+07
1.94652e+07
1.94669e+07
1.94685e+07
1.94701e+07
1.94717e+07
1.94733e+07
1.94749e+07
1.94764e+07
1.94779e+07
1.94794e+07
1.94809e+07
1.94824e+07
1.94838e+07
1.94852e+07
1.94866e+07
1.9488e+07
1.94894e+07
1.94907e+07
1.9492e+07
1.94933e+07
1.94945e+07
1.94958e+07
1.9497e+07
1.88806e+07
1.88871e+07
1.88919e+07
1.8896e+07
1.89001e+07
1.89044e+07
1.89085e+07
1.89126e+07
1.89168e+07
1.89211e+07
1.89252e+07
1.89294e+07
1.89336e+07
1.89378e+07
1.89421e+07
1.89462e+07
1.89504e+07
1.89546e+07
1.89589e+07
1.89631e+07
1.89673e+07
1.89715e+07
1.89757e+07
1.89799e+07
1.89841e+07
1.89883e+07
1.89925e+07
1.89967e+07
1.90009e+07
1.90051e+07
1.90093e+07
1.90135e+07
1.90176e+07
1.90218e+07
1.90259e+07
1.903e+07
1.90342e+07
1.90383e+07
1.90424e+07
1.90466e+07
1.90507e+07
1.90548e+07
1.90589e+07
1.9063e+07
1.9067e+07
1.90711e+07
1.90752e+07
1.90792e+07
1.90833e+07
1.90873e+07
1.90914e+07
1.90954e+07
1.90994e+07
1.91034e+07
1.91074e+07
1.91113e+07
1.91153e+07
1.91193e+07
1.91232e+07
1.91271e+07
1.9131e+07
1.91349e+07
1.91388e+07
1.91427e+07
1.91465e+07
1.91503e+07
1.91542e+07
1.91579e+07
1.91617e+07
1.91655e+07
1.91692e+07
1.91729e+07
1.91766e+07
1.91803e+07
1.9184e+07
1.91876e+07
1.91913e+07
1.91949e+07
1.91985e+07
1.92021e+07
1.92056e+07
1.92092e+07
1.92127e+07
1.92162e+07
1.92198e+07
1.92233e+07
1.92268e+07
1.92302e+07
1.92335e+07
1.92369e+07
1.92403e+07
1.92437e+07
1.92471e+07
1.92506e+07
1.9254e+07
1.92574e+07
1.92608e+07
1.92642e+07
1.92676e+07
1.9271e+07
1.92744e+07
1.92778e+07
1.92811e+07
1.92844e+07
1.92877e+07
1.9291e+07
1.92942e+07
1.92975e+07
1.93007e+07
1.93039e+07
1.9307e+07
1.93102e+07
1.93133e+07
1.93164e+07
1.93194e+07
1.93225e+07
1.93254e+07
1.93284e+07
1.93313e+07
1.93342e+07
1.93371e+07
1.934e+07
1.93428e+07
1.93457e+07
1.93485e+07
1.93512e+07
1.9354e+07
1.93567e+07
1.93594e+07
1.93621e+07
1.93648e+07
1.93674e+07
1.937e+07
1.93726e+07
1.93752e+07
1.93777e+07
1.93802e+07
1.93827e+07
1.93852e+07
1.93876e+07
1.93901e+07
1.93925e+07
1.93948e+07
1.93972e+07
1.93995e+07
1.94018e+07
1.94041e+07
1.94064e+07
1.94086e+07
1.94109e+07
1.94131e+07
1.94152e+07
1.94174e+07
1.94195e+07
1.94217e+07
1.94238e+07
1.94259e+07
1.94279e+07
1.943e+07
1.9432e+07
1.9434e+07
1.9436e+07
1.94379e+07
1.94399e+07
1.94418e+07
1.94437e+07
1.94456e+07
1.94475e+07
1.94494e+07
1.94512e+07
1.9453e+07
1.94548e+07
1.94566e+07
1.94584e+07
1.94601e+07
1.94618e+07
1.94635e+07
1.94652e+07
1.94669e+07
1.94685e+07
1.94701e+07
1.94717e+07
1.94733e+07
1.94749e+07
1.94764e+07
1.94779e+07
1.94794e+07
1.94809e+07
1.94824e+07
1.94838e+07
1.94852e+07
1.94866e+07
1.9488e+07
1.94894e+07
1.94907e+07
1.9492e+07
1.94933e+07
1.94945e+07
1.94958e+07
1.9497e+07
1.88823e+07
1.88869e+07
1.88912e+07
1.88951e+07
1.88992e+07
1.89034e+07
1.89076e+07
1.89117e+07
1.8916e+07
1.89202e+07
1.89245e+07
1.89287e+07
1.89329e+07
1.89372e+07
1.89415e+07
1.89457e+07
1.89499e+07
1.89542e+07
1.89584e+07
1.89627e+07
1.89669e+07
1.89712e+07
1.89754e+07
1.89796e+07
1.89839e+07
1.89881e+07
1.89923e+07
1.89965e+07
1.90008e+07
1.9005e+07
1.90092e+07
1.90133e+07
1.90175e+07
1.90217e+07
1.90258e+07
1.903e+07
1.90341e+07
1.90383e+07
1.90424e+07
1.90465e+07
1.90506e+07
1.90548e+07
1.90589e+07
1.9063e+07
1.9067e+07
1.90711e+07
1.90752e+07
1.90792e+07
1.90833e+07
1.90873e+07
1.90914e+07
1.90954e+07
1.90994e+07
1.91034e+07
1.91074e+07
1.91114e+07
1.91153e+07
1.91193e+07
1.91232e+07
1.91271e+07
1.9131e+07
1.91349e+07
1.91388e+07
1.91427e+07
1.91465e+07
1.91503e+07
1.91542e+07
1.9158e+07
1.91617e+07
1.91655e+07
1.91692e+07
1.9173e+07
1.91767e+07
1.91803e+07
1.9184e+07
1.91877e+07
1.91913e+07
1.91949e+07
1.91985e+07
1.92021e+07
1.92057e+07
1.92093e+07
1.92128e+07
1.92163e+07
1.92199e+07
1.92234e+07
1.92269e+07
1.92304e+07
1.92337e+07
1.9237e+07
1.92404e+07
1.92439e+07
1.92473e+07
1.92507e+07
1.92541e+07
1.92575e+07
1.9261e+07
1.92644e+07
1.92677e+07
1.92711e+07
1.92745e+07
1.92778e+07
1.92812e+07
1.92845e+07
1.92878e+07
1.9291e+07
1.92943e+07
1.92975e+07
1.93007e+07
1.93039e+07
1.93071e+07
1.93102e+07
1.93133e+07
1.93164e+07
1.93194e+07
1.93225e+07
1.93254e+07
1.93284e+07
1.93313e+07
1.93342e+07
1.93371e+07
1.934e+07
1.93428e+07
1.93457e+07
1.93485e+07
1.93512e+07
1.9354e+07
1.93567e+07
1.93594e+07
1.93621e+07
1.93648e+07
1.93674e+07
1.937e+07
1.93726e+07
1.93752e+07
1.93777e+07
1.93802e+07
1.93827e+07
1.93852e+07
1.93876e+07
1.93901e+07
1.93925e+07
1.93948e+07
1.93972e+07
1.93995e+07
1.94018e+07
1.94041e+07
1.94064e+07
1.94086e+07
1.94109e+07
1.94131e+07
1.94152e+07
1.94174e+07
1.94195e+07
1.94217e+07
1.94238e+07
1.94259e+07
1.94279e+07
1.943e+07
1.9432e+07
1.9434e+07
1.9436e+07
1.94379e+07
1.94399e+07
1.94418e+07
1.94437e+07
1.94456e+07
1.94475e+07
1.94494e+07
1.94512e+07
1.9453e+07
1.94548e+07
1.94566e+07
1.94584e+07
1.94601e+07
1.94618e+07
1.94635e+07
1.94652e+07
1.94669e+07
1.94685e+07
1.94701e+07
1.94717e+07
1.94733e+07
1.94749e+07
1.94764e+07
1.94779e+07
1.94794e+07
1.94809e+07
1.94824e+07
1.94838e+07
1.94852e+07
1.94866e+07
1.9488e+07
1.94894e+07
1.94907e+07
1.9492e+07
1.94933e+07
1.94945e+07
1.94958e+07
1.9497e+07
1.88815e+07
1.88868e+07
1.88912e+07
1.88951e+07
1.88992e+07
1.89034e+07
1.89076e+07
1.89117e+07
1.8916e+07
1.89202e+07
1.89245e+07
1.89287e+07
1.89329e+07
1.89372e+07
1.89415e+07
1.89457e+07
1.89499e+07
1.89542e+07
1.89584e+07
1.89627e+07
1.89669e+07
1.89712e+07
1.89754e+07
1.89796e+07
1.89839e+07
1.89881e+07
1.89923e+07
1.89965e+07
1.90008e+07
1.9005e+07
1.90092e+07
1.90133e+07
1.90175e+07
1.90217e+07
1.90258e+07
1.903e+07
1.90341e+07
1.90383e+07
1.90424e+07
1.90465e+07
1.90506e+07
1.90548e+07
1.90589e+07
1.9063e+07
1.9067e+07
1.90711e+07
1.90752e+07
1.90792e+07
1.90833e+07
1.90873e+07
1.90914e+07
1.90954e+07
1.90994e+07
1.91034e+07
1.91074e+07
1.91114e+07
1.91153e+07
1.91193e+07
1.91232e+07
1.91271e+07
1.9131e+07
1.91349e+07
1.91388e+07
1.91427e+07
1.91465e+07
1.91503e+07
1.91542e+07
1.9158e+07
1.91617e+07
1.91655e+07
1.91692e+07
1.9173e+07
1.91767e+07
1.91803e+07
1.9184e+07
1.91877e+07
1.91913e+07
1.91949e+07
1.91985e+07
1.92021e+07
1.92057e+07
1.92093e+07
1.92128e+07
1.92163e+07
1.92199e+07
1.92234e+07
1.92269e+07
1.92304e+07
1.92337e+07
1.9237e+07
1.92404e+07
1.92439e+07
1.92473e+07
1.92507e+07
1.92541e+07
1.92575e+07
1.92609e+07
1.92643e+07
1.92677e+07
1.92711e+07
1.92745e+07
1.92778e+07
1.92812e+07
1.92845e+07
1.92878e+07
1.9291e+07
1.92943e+07
1.92975e+07
1.93007e+07
1.93039e+07
1.93071e+07
1.93102e+07
1.93133e+07
1.93164e+07
1.93194e+07
1.93225e+07
1.93254e+07
1.93284e+07
1.93313e+07
1.93342e+07
1.93371e+07
1.934e+07
1.93428e+07
1.93457e+07
1.93485e+07
1.93512e+07
1.9354e+07
1.93567e+07
1.93594e+07
1.93621e+07
1.93648e+07
1.93674e+07
1.937e+07
1.93726e+07
1.93752e+07
1.93777e+07
1.93802e+07
1.93827e+07
1.93852e+07
1.93876e+07
1.93901e+07
1.93925e+07
1.93948e+07
1.93972e+07
1.93995e+07
1.94018e+07
1.94041e+07
1.94064e+07
1.94086e+07
1.94109e+07
1.94131e+07
1.94152e+07
1.94174e+07
1.94195e+07
1.94217e+07
1.94238e+07
1.94259e+07
1.94279e+07
1.943e+07
1.9432e+07
1.9434e+07
1.9436e+07
1.94379e+07
1.94399e+07
1.94418e+07
1.94437e+07
1.94456e+07
1.94475e+07
1.94494e+07
1.94512e+07
1.9453e+07
1.94548e+07
1.94566e+07
1.94584e+07
1.94601e+07
1.94618e+07
1.94635e+07
1.94652e+07
1.94669e+07
1.94685e+07
1.94701e+07
1.94717e+07
1.94733e+07
1.94749e+07
1.94764e+07
1.94779e+07
1.94794e+07
1.94809e+07
1.94824e+07
1.94838e+07
1.94852e+07
1.94866e+07
1.9488e+07
1.94894e+07
1.94907e+07
1.9492e+07
1.94933e+07
1.94945e+07
1.94958e+07
1.9497e+07
1.94978e+07
1.9498e+07
1.94982e+07
1.94984e+07
1.94986e+07
1.94988e+07
1.9499e+07
1.94991e+07
1.94993e+07
1.94995e+07
1.94997e+07
1.94998e+07
1.95e+07
1.95002e+07
1.95003e+07
1.95005e+07
1.95007e+07
1.95008e+07
1.9501e+07
1.95012e+07
1.94978e+07
1.9498e+07
1.94982e+07
1.94985e+07
1.94987e+07
1.94988e+07
1.9499e+07
1.94992e+07
1.94994e+07
1.94996e+07
1.94998e+07
1.94999e+07
1.95001e+07
1.95003e+07
1.95005e+07
1.95007e+07
1.95008e+07
1.9501e+07
1.95012e+07
1.95013e+07
1.94977e+07
1.9498e+07
1.94983e+07
1.94985e+07
1.94988e+07
1.94991e+07
1.94993e+07
1.94996e+07
1.94998e+07
1.95e+07
1.95002e+07
1.95004e+07
1.95006e+07
1.95008e+07
1.9501e+07
1.95013e+07
1.95015e+07
1.95017e+07
1.95018e+07
1.9502e+07
1.94977e+07
1.94981e+07
1.94984e+07
1.94987e+07
1.9499e+07
1.94993e+07
1.94996e+07
1.94999e+07
1.95004e+07
1.95009e+07
1.95013e+07
1.95015e+07
1.95014e+07
1.95014e+07
1.95017e+07
1.9502e+07
1.95022e+07
1.95025e+07
1.9503e+07
1.95035e+07
1.94977e+07
1.94981e+07
1.94984e+07
1.94987e+07
1.9499e+07
1.94993e+07
1.94996e+07
1.95e+07
1.95004e+07
1.9501e+07
1.95014e+07
1.95016e+07
1.95016e+07
1.95016e+07
1.95018e+07
1.95021e+07
1.95023e+07
1.95025e+07
1.9503e+07
1.95035e+07
1.95017e+07
1.95027e+07
1.95036e+07
1.95045e+07
1.95053e+07
1.9506e+07
1.95069e+07
1.95078e+07
1.95087e+07
1.95093e+07
1.95102e+07
1.95112e+07
1.95119e+07
1.95125e+07
1.95133e+07
1.95143e+07
1.95153e+07
1.95159e+07
1.95162e+07
1.95169e+07
1.9518e+07
1.95187e+07
1.95192e+07
1.95191e+07
1.95193e+07
1.95203e+07
1.95215e+07
1.95224e+07
1.95229e+07
1.95227e+07
1.95228e+07
1.95235e+07
1.95242e+07
1.95249e+07
1.95255e+07
1.9526e+07
1.95266e+07
1.95271e+07
1.95276e+07
1.9528e+07
1.95285e+07
1.9529e+07
1.95294e+07
1.95298e+07
1.95303e+07
1.95307e+07
1.95311e+07
1.95315e+07
1.95318e+07
1.95322e+07
1.95325e+07
1.95329e+07
1.95332e+07
1.95335e+07
1.95338e+07
1.95341e+07
1.95344e+07
1.95346e+07
1.95349e+07
1.95352e+07
1.95354e+07
1.95357e+07
1.95359e+07
1.95361e+07
1.95363e+07
1.95366e+07
1.95368e+07
1.9537e+07
1.95373e+07
1.95376e+07
1.9538e+07
1.95381e+07
1.9538e+07
1.9538e+07
1.95383e+07
1.95386e+07
1.95388e+07
1.95391e+07
1.95393e+07
1.95395e+07
1.95397e+07
1.95399e+07
1.95402e+07
1.95404e+07
1.95407e+07
1.95409e+07
1.95412e+07
1.95416e+07
1.95419e+07
1.95422e+07
1.95426e+07
1.95429e+07
1.95433e+07
1.95436e+07
1.95439e+07
1.95441e+07
1.95444e+07
1.95447e+07
1.95449e+07
1.9545e+07
1.95018e+07
1.95027e+07
1.95036e+07
1.95045e+07
1.95053e+07
1.9506e+07
1.95069e+07
1.95078e+07
1.95087e+07
1.95093e+07
1.95102e+07
1.95112e+07
1.9512e+07
1.95125e+07
1.95133e+07
1.95143e+07
1.95153e+07
1.95159e+07
1.95162e+07
1.95169e+07
1.9518e+07
1.95188e+07
1.95192e+07
1.95191e+07
1.95193e+07
1.95203e+07
1.95215e+07
1.95224e+07
1.95229e+07
1.95227e+07
1.95228e+07
1.95235e+07
1.95242e+07
1.95249e+07
1.95255e+07
1.9526e+07
1.95266e+07
1.95271e+07
1.95276e+07
1.9528e+07
1.95285e+07
1.9529e+07
1.95294e+07
1.95298e+07
1.95303e+07
1.95307e+07
1.95311e+07
1.95315e+07
1.95318e+07
1.95322e+07
1.95325e+07
1.95329e+07
1.95332e+07
1.95335e+07
1.95338e+07
1.95341e+07
1.95344e+07
1.95346e+07
1.95349e+07
1.95352e+07
1.95354e+07
1.95357e+07
1.95359e+07
1.95361e+07
1.95363e+07
1.95366e+07
1.95368e+07
1.9537e+07
1.95373e+07
1.95377e+07
1.9538e+07
1.95381e+07
1.9538e+07
1.9538e+07
1.95383e+07
1.95386e+07
1.95388e+07
1.95391e+07
1.95393e+07
1.95395e+07
1.95397e+07
1.95399e+07
1.95402e+07
1.95404e+07
1.95407e+07
1.9541e+07
1.95412e+07
1.95416e+07
1.95419e+07
1.95422e+07
1.95426e+07
1.95429e+07
1.95433e+07
1.95436e+07
1.95439e+07
1.95441e+07
1.95444e+07
1.95447e+07
1.95449e+07
1.9545e+07
1.95023e+07
1.95034e+07
1.95044e+07
1.95054e+07
1.95061e+07
1.95067e+07
1.95076e+07
1.95087e+07
1.95094e+07
1.95099e+07
1.95108e+07
1.95119e+07
1.95126e+07
1.95128e+07
1.95136e+07
1.95146e+07
1.95162e+07
1.95164e+07
1.95161e+07
1.95169e+07
1.95179e+07
1.95192e+07
1.952e+07
1.95191e+07
1.95193e+07
1.95202e+07
1.95214e+07
1.95229e+07
1.95235e+07
1.95226e+07
1.95228e+07
1.95235e+07
1.95244e+07
1.95251e+07
1.95258e+07
1.95263e+07
1.95268e+07
1.95273e+07
1.95278e+07
1.95283e+07
1.95287e+07
1.95291e+07
1.95296e+07
1.953e+07
1.95304e+07
1.95308e+07
1.95312e+07
1.95315e+07
1.95319e+07
1.95322e+07
1.95326e+07
1.95329e+07
1.95332e+07
1.95335e+07
1.95338e+07
1.95341e+07
1.95344e+07
1.95346e+07
1.95349e+07
1.95352e+07
1.95354e+07
1.95356e+07
1.95359e+07
1.95361e+07
1.95363e+07
1.95365e+07
1.95368e+07
1.9537e+07
1.95372e+07
1.95375e+07
1.9538e+07
1.95379e+07
1.95377e+07
1.9538e+07
1.95382e+07
1.95385e+07
1.95387e+07
1.95389e+07
1.95391e+07
1.95393e+07
1.95396e+07
1.95398e+07
1.954e+07
1.95402e+07
1.95405e+07
1.95408e+07
1.95411e+07
1.95414e+07
1.95417e+07
1.95421e+07
1.95425e+07
1.95429e+07
1.95432e+07
1.95435e+07
1.95439e+07
1.95441e+07
1.95444e+07
1.95447e+07
1.9545e+07
1.95452e+07
1.95048e+07
1.95044e+07
1.95046e+07
1.95057e+07
1.95083e+07
1.95089e+07
1.95082e+07
1.95091e+07
1.95119e+07
1.95126e+07
1.95115e+07
1.95125e+07
1.9516e+07
1.95175e+07
1.95149e+07
1.95152e+07
1.95172e+07
1.95233e+07
1.95233e+07
1.95188e+07
1.95186e+07
1.95203e+07
1.95249e+07
1.95305e+07
1.95256e+07
1.95216e+07
1.95221e+07
1.95242e+07
1.953e+07
1.95345e+07
1.95288e+07
1.95249e+07
1.95248e+07
1.95253e+07
1.95258e+07
1.95263e+07
1.95268e+07
1.95273e+07
1.95278e+07
1.95282e+07
1.95287e+07
1.95291e+07
1.95296e+07
1.953e+07
1.95304e+07
1.95308e+07
1.95312e+07
1.95315e+07
1.95319e+07
1.95322e+07
1.95326e+07
1.95329e+07
1.95332e+07
1.95335e+07
1.95338e+07
1.95341e+07
1.95344e+07
1.95346e+07
1.95349e+07
1.95352e+07
1.95354e+07
1.95356e+07
1.95359e+07
1.95361e+07
1.95363e+07
1.95365e+07
1.95367e+07
1.9537e+07
1.95372e+07
1.95376e+07
1.95387e+07
1.95423e+07
1.95424e+07
1.95393e+07
1.95384e+07
1.95385e+07
1.95387e+07
1.95388e+07
1.9539e+07
1.95392e+07
1.95394e+07
1.95396e+07
1.95398e+07
1.95401e+07
1.95403e+07
1.95406e+07
1.95409e+07
1.95412e+07
1.95416e+07
1.9542e+07
1.95423e+07
1.95427e+07
1.95431e+07
1.95434e+07
1.95438e+07
1.95441e+07
1.95444e+07
1.95446e+07
1.95449e+07
1.9545e+07
1.95048e+07
1.95045e+07
1.95046e+07
1.95057e+07
1.95083e+07
1.95089e+07
1.95082e+07
1.95091e+07
1.95119e+07
1.95126e+07
1.95115e+07
1.95125e+07
1.9516e+07
1.95175e+07
1.95148e+07
1.95152e+07
1.95172e+07
1.95233e+07
1.95234e+07
1.95187e+07
1.95186e+07
1.95203e+07
1.95248e+07
1.95306e+07
1.95256e+07
1.95216e+07
1.95222e+07
1.95242e+07
1.953e+07
1.95346e+07
1.95289e+07
1.95249e+07
1.95248e+07
1.95253e+07
1.95258e+07
1.95263e+07
1.95268e+07
1.95273e+07
1.95278e+07
1.95282e+07
1.95287e+07
1.95291e+07
1.95296e+07
1.953e+07
1.95304e+07
1.95308e+07
1.95312e+07
1.95315e+07
1.95319e+07
1.95322e+07
1.95326e+07
1.95329e+07
1.95332e+07
1.95335e+07
1.95338e+07
1.95341e+07
1.95344e+07
1.95346e+07
1.95349e+07
1.95352e+07
1.95354e+07
1.95356e+07
1.95359e+07
1.95361e+07
1.95363e+07
1.95365e+07
1.95367e+07
1.9537e+07
1.95372e+07
1.95377e+07
1.95387e+07
1.95422e+07
1.95424e+07
1.95393e+07
1.95384e+07
1.95385e+07
1.95387e+07
1.95388e+07
1.9539e+07
1.95392e+07
1.95394e+07
1.95396e+07
1.95398e+07
1.95401e+07
1.95403e+07
1.95406e+07
1.95409e+07
1.95412e+07
1.95416e+07
1.9542e+07
1.95423e+07
1.95427e+07
1.95431e+07
1.95434e+07
1.95438e+07
1.95441e+07
1.95444e+07
1.95446e+07
1.95449e+07
1.9545e+07
1.95445e+07
1.95444e+07
1.95444e+07
1.95444e+07
1.95445e+07
1.95447e+07
1.95448e+07
1.95449e+07
1.9545e+07
1.95451e+07
1.95452e+07
1.95453e+07
1.95454e+07
1.95455e+07
1.95455e+07
1.95456e+07
1.95456e+07
1.95457e+07
1.95457e+07
1.95457e+07
1.95446e+07
1.95445e+07
1.95445e+07
1.95446e+07
1.95446e+07
1.95447e+07
1.95448e+07
1.95449e+07
1.9545e+07
1.95451e+07
1.95452e+07
1.95453e+07
1.95454e+07
1.95455e+07
1.95456e+07
1.95456e+07
1.95457e+07
1.95457e+07
1.95457e+07
1.95458e+07
1.95454e+07
1.95454e+07
1.95455e+07
1.95456e+07
1.95457e+07
1.95458e+07
1.95459e+07
1.95459e+07
1.9546e+07
1.9546e+07
1.95461e+07
1.95461e+07
1.95461e+07
1.95461e+07
1.95461e+07
1.95462e+07
1.95462e+07
1.95462e+07
1.95463e+07
1.95463e+07
1.95449e+07
1.95448e+07
1.95447e+07
1.95448e+07
1.95448e+07
1.9545e+07
1.95451e+07
1.95452e+07
1.95453e+07
1.95454e+07
1.95455e+07
1.95456e+07
1.95458e+07
1.95459e+07
1.9546e+07
1.95462e+07
1.95464e+07
1.95467e+07
1.95468e+07
1.9547e+07
1.95451e+07
1.95452e+07
1.95452e+07
1.95452e+07
1.95452e+07
1.95453e+07
1.95454e+07
1.95455e+07
1.95456e+07
1.95457e+07
1.95458e+07
1.95459e+07
1.9546e+07
1.95461e+07
1.95462e+07
1.95464e+07
1.95466e+07
1.95467e+07
1.95468e+07
1.9547e+07
1.95458e+07
1.95458e+07
1.95458e+07
1.95459e+07
1.95458e+07
1.95457e+07
1.95458e+07
1.95459e+07
1.95458e+07
1.95458e+07
1.9546e+07
1.95462e+07
1.95462e+07
1.9546e+07
1.9546e+07
1.95465e+07
1.95469e+07
1.9547e+07
1.95468e+07
1.95464e+07
1.95461e+07
1.95463e+07
1.95471e+07
1.95476e+07
1.95477e+07
1.95474e+07
1.95468e+07
1.95462e+07
1.95452e+07
1.95454e+07
1.95459e+07
1.95463e+07
1.95466e+07
1.95468e+07
1.9547e+07
1.95472e+07
1.95474e+07
1.95475e+07
1.95477e+07
1.95478e+07
1.95479e+07
1.95481e+07
1.95482e+07
1.95483e+07
1.95484e+07
1.95486e+07
1.95487e+07
1.95488e+07
1.95489e+07
1.9549e+07
1.95492e+07
1.95494e+07
1.95496e+07
1.955e+07
1.95506e+07
1.95512e+07
1.95513e+07
1.9551e+07
1.95502e+07
1.95494e+07
1.95496e+07
1.95506e+07
1.95509e+07
1.95505e+07
1.95499e+07
1.95497e+07
1.95501e+07
1.95505e+07
1.95507e+07
1.95509e+07
1.9551e+07
1.95511e+07
1.95512e+07
1.95513e+07
1.95514e+07
1.95515e+07
1.95516e+07
1.95518e+07
1.9552e+07
1.95522e+07
1.95524e+07
1.95527e+07
1.95529e+07
1.95531e+07
1.95533e+07
1.95534e+07
1.95536e+07
1.95538e+07
1.9554e+07
1.95542e+07
1.95544e+07
1.95546e+07
1.95547e+07
1.95549e+07
1.9555e+07
1.95551e+07
1.95552e+07
1.95552e+07
1.95552e+07
1.95552e+07
1.95552e+07
1.95552e+07
1.95552e+07
1.95552e+07
1.95552e+07
1.95552e+07
1.95551e+07
1.95551e+07
1.95551e+07
1.9555e+07
1.9555e+07
1.95549e+07
1.95549e+07
1.95548e+07
1.95548e+07
1.95548e+07
1.95547e+07
1.95547e+07
1.95547e+07
1.95546e+07
1.95546e+07
1.95546e+07
1.95545e+07
1.95545e+07
1.95545e+07
1.95545e+07
1.95545e+07
1.95545e+07
1.95544e+07
1.95544e+07
1.95544e+07
1.95544e+07
1.95544e+07
1.95544e+07
1.95543e+07
1.95543e+07
1.95543e+07
1.95542e+07
1.95542e+07
1.95542e+07
1.95541e+07
1.95541e+07
1.9554e+07
1.9554e+07
1.95539e+07
1.95539e+07
1.95538e+07
1.95538e+07
1.95537e+07
1.95537e+07
1.95536e+07
1.95536e+07
1.95535e+07
1.95534e+07
1.95534e+07
1.95534e+07
1.95533e+07
1.95533e+07
1.95533e+07
1.95532e+07
1.95532e+07
1.95532e+07
1.95532e+07
1.95532e+07
1.95532e+07
1.95532e+07
1.95532e+07
1.95532e+07
1.95533e+07
1.95533e+07
1.95533e+07
1.95534e+07
1.95534e+07
1.95535e+07
1.95535e+07
1.95536e+07
1.95536e+07
1.95537e+07
1.95538e+07
1.95538e+07
1.95539e+07
1.95539e+07
1.9554e+07
1.95541e+07
1.95541e+07
1.95542e+07
1.95542e+07
1.95543e+07
1.95544e+07
1.95544e+07
1.95545e+07
1.95545e+07
1.95546e+07
1.95546e+07
1.95547e+07
1.95547e+07
1.95547e+07
1.95548e+07
1.95548e+07
1.95549e+07
1.95458e+07
1.95458e+07
1.95458e+07
1.95459e+07
1.95458e+07
1.95457e+07
1.95458e+07
1.95459e+07
1.95458e+07
1.95458e+07
1.9546e+07
1.95462e+07
1.95463e+07
1.9546e+07
1.9546e+07
1.95465e+07
1.95469e+07
1.9547e+07
1.95468e+07
1.95464e+07
1.95461e+07
1.95463e+07
1.95471e+07
1.95476e+07
1.95477e+07
1.95474e+07
1.95468e+07
1.95462e+07
1.95452e+07
1.95454e+07
1.95459e+07
1.95463e+07
1.95466e+07
1.95468e+07
1.9547e+07
1.95472e+07
1.95474e+07
1.95475e+07
1.95477e+07
1.95478e+07
1.95479e+07
1.95481e+07
1.95482e+07
1.95483e+07
1.95484e+07
1.95486e+07
1.95487e+07
1.95488e+07
1.95489e+07
1.9549e+07
1.95492e+07
1.95494e+07
1.95496e+07
1.95501e+07
1.95507e+07
1.95512e+07
1.95513e+07
1.9551e+07
1.95503e+07
1.95494e+07
1.95496e+07
1.95506e+07
1.95509e+07
1.95506e+07
1.95499e+07
1.95497e+07
1.95501e+07
1.95505e+07
1.95507e+07
1.95509e+07
1.9551e+07
1.95511e+07
1.95512e+07
1.95513e+07
1.95514e+07
1.95515e+07
1.95517e+07
1.95518e+07
1.9552e+07
1.95522e+07
1.95524e+07
1.95527e+07
1.95529e+07
1.95531e+07
1.95533e+07
1.95534e+07
1.95536e+07
1.95538e+07
1.9554e+07
1.95542e+07
1.95544e+07
1.95546e+07
1.95547e+07
1.95549e+07
1.9555e+07
1.95551e+07
1.95552e+07
1.95552e+07
1.95552e+07
1.95552e+07
1.95552e+07
1.95552e+07
1.95552e+07
1.95552e+07
1.95552e+07
1.95552e+07
1.95551e+07
1.95551e+07
1.95551e+07
1.9555e+07
1.9555e+07
1.95549e+07
1.95549e+07
1.95548e+07
1.95548e+07
1.95548e+07
1.95547e+07
1.95547e+07
1.95547e+07
1.95546e+07
1.95546e+07
1.95546e+07
1.95545e+07
1.95545e+07
1.95545e+07
1.95545e+07
1.95545e+07
1.95545e+07
1.95544e+07
1.95544e+07
1.95544e+07
1.95544e+07
1.95544e+07
1.95544e+07
1.95543e+07
1.95543e+07
1.95543e+07
1.95542e+07
1.95542e+07
1.95542e+07
1.95541e+07
1.95541e+07
1.9554e+07
1.9554e+07
1.95539e+07
1.95539e+07
1.95538e+07
1.95538e+07
1.95537e+07
1.95537e+07
1.95536e+07
1.95536e+07
1.95535e+07
1.95534e+07
1.95534e+07
1.95534e+07
1.95533e+07
1.95533e+07
1.95533e+07
1.95532e+07
1.95532e+07
1.95532e+07
1.95532e+07
1.95532e+07
1.95532e+07
1.95532e+07
1.95532e+07
1.95532e+07
1.95533e+07
1.95533e+07
1.95533e+07
1.95534e+07
1.95534e+07
1.95535e+07
1.95535e+07
1.95536e+07
1.95536e+07
1.95537e+07
1.95538e+07
1.95538e+07
1.95539e+07
1.95539e+07
1.9554e+07
1.95541e+07
1.95541e+07
1.95542e+07
1.95542e+07
1.95543e+07
1.95544e+07
1.95544e+07
1.95545e+07
1.95545e+07
1.95546e+07
1.95546e+07
1.95547e+07
1.95547e+07
1.95547e+07
1.95548e+07
1.95548e+07
1.95549e+07
1.95462e+07
1.95462e+07
1.95462e+07
1.95465e+07
1.95463e+07
1.95462e+07
1.95462e+07
1.95466e+07
1.95463e+07
1.95461e+07
1.95462e+07
1.95466e+07
1.95469e+07
1.95463e+07
1.9546e+07
1.95462e+07
1.95468e+07
1.95473e+07
1.95473e+07
1.95468e+07
1.95459e+07
1.9546e+07
1.95467e+07
1.95477e+07
1.95482e+07
1.95481e+07
1.95475e+07
1.95458e+07
1.95451e+07
1.95454e+07
1.9546e+07
1.95466e+07
1.9547e+07
1.95473e+07
1.95475e+07
1.95477e+07
1.95478e+07
1.95479e+07
1.9548e+07
1.95481e+07
1.95482e+07
1.95484e+07
1.95485e+07
1.95486e+07
1.95487e+07
1.95487e+07
1.95488e+07
1.95489e+07
1.9549e+07
1.95491e+07
1.95492e+07
1.95493e+07
1.95494e+07
1.95496e+07
1.955e+07
1.95507e+07
1.95513e+07
1.95512e+07
1.95504e+07
1.95492e+07
1.95494e+07
1.95503e+07
1.95516e+07
1.95507e+07
1.95497e+07
1.95497e+07
1.95501e+07
1.95504e+07
1.95506e+07
1.95508e+07
1.95509e+07
1.95509e+07
1.9551e+07
1.95511e+07
1.95512e+07
1.95513e+07
1.95515e+07
1.95516e+07
1.95518e+07
1.9552e+07
1.95523e+07
1.95526e+07
1.95528e+07
1.95531e+07
1.95533e+07
1.95534e+07
1.95536e+07
1.95538e+07
1.9554e+07
1.95542e+07
1.95544e+07
1.95546e+07
1.95547e+07
1.95549e+07
1.9555e+07
1.95551e+07
1.95552e+07
1.95552e+07
1.95552e+07
1.95552e+07
1.95552e+07
1.95552e+07
1.95552e+07
1.95552e+07
1.95552e+07
1.95552e+07
1.95551e+07
1.95551e+07
1.95551e+07
1.9555e+07
1.9555e+07
1.95549e+07
1.95549e+07
1.95548e+07
1.95548e+07
1.95548e+07
1.95547e+07
1.95547e+07
1.95547e+07
1.95546e+07
1.95546e+07
1.95546e+07
1.95545e+07
1.95545e+07
1.95545e+07
1.95545e+07
1.95545e+07
1.95545e+07
1.95544e+07
1.95544e+07
1.95544e+07
1.95544e+07
1.95544e+07
1.95544e+07
1.95543e+07
1.95543e+07
1.95543e+07
1.95542e+07
1.95542e+07
1.95542e+07
1.95541e+07
1.95541e+07
1.9554e+07
1.9554e+07
1.95539e+07
1.95539e+07
1.95538e+07
1.95538e+07
1.95537e+07
1.95537e+07
1.95536e+07
1.95536e+07
1.95535e+07
1.95534e+07
1.95534e+07
1.95534e+07
1.95533e+07
1.95533e+07
1.95533e+07
1.95532e+07
1.95532e+07
1.95532e+07
1.95532e+07
1.95532e+07
1.95532e+07
1.95532e+07
1.95532e+07
1.95532e+07
1.95533e+07
1.95533e+07
1.95533e+07
1.95534e+07
1.95534e+07
1.95535e+07
1.95535e+07
1.95536e+07
1.95536e+07
1.95537e+07
1.95538e+07
1.95538e+07
1.95539e+07
1.95539e+07
1.9554e+07
1.95541e+07
1.95541e+07
1.95542e+07
1.95542e+07
1.95543e+07
1.95544e+07
1.95544e+07
1.95545e+07
1.95545e+07
1.95546e+07
1.95546e+07
1.95547e+07
1.95547e+07
1.95547e+07
1.95548e+07
1.95548e+07
1.95549e+07
1.95477e+07
1.95468e+07
1.95464e+07
1.95467e+07
1.9548e+07
1.95472e+07
1.95465e+07
1.95469e+07
1.9549e+07
1.95478e+07
1.95466e+07
1.9547e+07
1.95487e+07
1.9552e+07
1.9549e+07
1.95468e+07
1.95474e+07
1.95481e+07
1.95503e+07
1.95543e+07
1.95535e+07
1.95478e+07
1.95473e+07
1.95486e+07
1.95494e+07
1.95517e+07
1.95561e+07
1.95598e+07
1.95546e+07
1.9548e+07
1.95468e+07
1.9547e+07
1.95472e+07
1.95474e+07
1.95475e+07
1.95477e+07
1.95478e+07
1.95479e+07
1.9548e+07
1.95481e+07
1.95482e+07
1.95483e+07
1.95484e+07
1.95485e+07
1.95486e+07
1.95487e+07
1.95488e+07
1.95489e+07
1.9549e+07
1.95491e+07
1.95491e+07
1.95492e+07
1.95493e+07
1.95495e+07
1.955e+07
1.95513e+07
1.95524e+07
1.95549e+07
1.956e+07
1.956e+07
1.95522e+07
1.95514e+07
1.95532e+07
1.95606e+07
1.95603e+07
1.95532e+07
1.95508e+07
1.95506e+07
1.95507e+07
1.95507e+07
1.95508e+07
1.95508e+07
1.95509e+07
1.95509e+07
1.9551e+07
1.95511e+07
1.95513e+07
1.95514e+07
1.95517e+07
1.95519e+07
1.95522e+07
1.95524e+07
1.95527e+07
1.95529e+07
1.95532e+07
1.95533e+07
1.95535e+07
1.95537e+07
1.95539e+07
1.95541e+07
1.95543e+07
1.95545e+07
1.95547e+07
1.95549e+07
1.9555e+07
1.95551e+07
1.95552e+07
1.95552e+07
1.95552e+07
1.95552e+07
1.95552e+07
1.95552e+07
1.95552e+07
1.95552e+07
1.95552e+07
1.95552e+07
1.95551e+07
1.95551e+07
1.95551e+07
1.9555e+07
1.9555e+07
1.95549e+07
1.95549e+07
1.95548e+07
1.95548e+07
1.95548e+07
1.95547e+07
1.95547e+07
1.95547e+07
1.95546e+07
1.95546e+07
1.95546e+07
1.95545e+07
1.95545e+07
1.95545e+07
1.95545e+07
1.95545e+07
1.95545e+07
1.95544e+07
1.95544e+07
1.95544e+07
1.95544e+07
1.95544e+07
1.95544e+07
1.95543e+07
1.95543e+07
1.95543e+07
1.95542e+07
1.95542e+07
1.95542e+07
1.95541e+07
1.95541e+07
1.9554e+07
1.9554e+07
1.95539e+07
1.95539e+07
1.95538e+07
1.95538e+07
1.95537e+07
1.95537e+07
1.95536e+07
1.95536e+07
1.95535e+07
1.95534e+07
1.95534e+07
1.95534e+07
1.95533e+07
1.95533e+07
1.95533e+07
1.95532e+07
1.95532e+07
1.95532e+07
1.95532e+07
1.95532e+07
1.95532e+07
1.95532e+07
1.95532e+07
1.95532e+07
1.95533e+07
1.95533e+07
1.95533e+07
1.95534e+07
1.95534e+07
1.95535e+07
1.95535e+07
1.95536e+07
1.95536e+07
1.95537e+07
1.95538e+07
1.95538e+07
1.95539e+07
1.95539e+07
1.9554e+07
1.95541e+07
1.95541e+07
1.95542e+07
1.95542e+07
1.95543e+07
1.95544e+07
1.95544e+07
1.95545e+07
1.95545e+07
1.95546e+07
1.95546e+07
1.95547e+07
1.95547e+07
1.95547e+07
1.95548e+07
1.95548e+07
1.95549e+07
1.95477e+07
1.95468e+07
1.95464e+07
1.95467e+07
1.9548e+07
1.95472e+07
1.95465e+07
1.95469e+07
1.95491e+07
1.95478e+07
1.95466e+07
1.9547e+07
1.95487e+07
1.95521e+07
1.9549e+07
1.95468e+07
1.95474e+07
1.95482e+07
1.95504e+07
1.95544e+07
1.95536e+07
1.95477e+07
1.95473e+07
1.95486e+07
1.95494e+07
1.95517e+07
1.95562e+07
1.956e+07
1.95547e+07
1.95479e+07
1.95468e+07
1.9547e+07
1.95472e+07
1.95474e+07
1.95476e+07
1.95477e+07
1.95478e+07
1.95479e+07
1.9548e+07
1.95481e+07
1.95482e+07
1.95483e+07
1.95484e+07
1.95485e+07
1.95486e+07
1.95487e+07
1.95488e+07
1.95489e+07
1.9549e+07
1.95491e+07
1.95491e+07
1.95492e+07
1.95493e+07
1.95495e+07
1.955e+07
1.95513e+07
1.95525e+07
1.95549e+07
1.95601e+07
1.95602e+07
1.95522e+07
1.95514e+07
1.95532e+07
1.95607e+07
1.95604e+07
1.95532e+07
1.95508e+07
1.95506e+07
1.95507e+07
1.95507e+07
1.95508e+07
1.95508e+07
1.95509e+07
1.95509e+07
1.9551e+07
1.95511e+07
1.95513e+07
1.95515e+07
1.95517e+07
1.95519e+07
1.95522e+07
1.95524e+07
1.95527e+07
1.95529e+07
1.95532e+07
1.95534e+07
1.95535e+07
1.95537e+07
1.95539e+07
1.95541e+07
1.95544e+07
1.95545e+07
1.95547e+07
1.95549e+07
1.9555e+07
1.95551e+07
1.95552e+07
1.95552e+07
1.95552e+07
1.95552e+07
1.95552e+07
1.95552e+07
1.95552e+07
1.95552e+07
1.95552e+07
1.95552e+07
1.95551e+07
1.95551e+07
1.95551e+07
1.9555e+07
1.9555e+07
1.95549e+07
1.95549e+07
1.95548e+07
1.95548e+07
1.95548e+07
1.95547e+07
1.95547e+07
1.95547e+07
1.95546e+07
1.95546e+07
1.95546e+07
1.95545e+07
1.95545e+07
1.95545e+07
1.95545e+07
1.95545e+07
1.95545e+07
1.95544e+07
1.95544e+07
1.95544e+07
1.95544e+07
1.95544e+07
1.95544e+07
1.95543e+07
1.95543e+07
1.95543e+07
1.95542e+07
1.95542e+07
1.95542e+07
1.95541e+07
1.95541e+07
1.9554e+07
1.9554e+07
1.95539e+07
1.95539e+07
1.95538e+07
1.95538e+07
1.95537e+07
1.95537e+07
1.95536e+07
1.95536e+07
1.95535e+07
1.95534e+07
1.95534e+07
1.95534e+07
1.95533e+07
1.95533e+07
1.95533e+07
1.95532e+07
1.95532e+07
1.95532e+07
1.95532e+07
1.95532e+07
1.95532e+07
1.95532e+07
1.95532e+07
1.95532e+07
1.95533e+07
1.95533e+07
1.95533e+07
1.95534e+07
1.95534e+07
1.95535e+07
1.95535e+07
1.95536e+07
1.95536e+07
1.95537e+07
1.95538e+07
1.95538e+07
1.95539e+07
1.95539e+07
1.9554e+07
1.95541e+07
1.95541e+07
1.95542e+07
1.95542e+07
1.95543e+07
1.95544e+07
1.95544e+07
1.95545e+07
1.95545e+07
1.95546e+07
1.95546e+07
1.95547e+07
1.95547e+07
1.95547e+07
1.95548e+07
1.95548e+07
1.95549e+07
1.95549e+07
1.95549e+07
1.95549e+07
1.9555e+07
1.9555e+07
1.9555e+07
1.9555e+07
1.9555e+07
1.95551e+07
1.95551e+07
1.9555e+07
1.9555e+07
1.9555e+07
1.9555e+07
1.95551e+07
1.95552e+07
1.95553e+07
1.95554e+07
1.95553e+07
1.95551e+07
1.95549e+07
1.95549e+07
1.95549e+07
1.9555e+07
1.9555e+07
1.9555e+07
1.9555e+07
1.9555e+07
1.9555e+07
1.95551e+07
1.9555e+07
1.9555e+07
1.9555e+07
1.9555e+07
1.95551e+07
1.95552e+07
1.95553e+07
1.95553e+07
1.95552e+07
1.95551e+07
1.95549e+07
1.95549e+07
1.95549e+07
1.95549e+07
1.95549e+07
1.95549e+07
1.95549e+07
1.9555e+07
1.9555e+07
1.9555e+07
1.9555e+07
1.9555e+07
1.9555e+07
1.9555e+07
1.9555e+07
1.9555e+07
1.9555e+07
1.9555e+07
1.9555e+07
1.9555e+07
1.95549e+07
1.95549e+07
1.95549e+07
1.95549e+07
1.95549e+07
1.95549e+07
1.95549e+07
1.95549e+07
1.95549e+07
1.95549e+07
1.95549e+07
1.95549e+07
1.95549e+07
1.95549e+07
1.95549e+07
1.95549e+07
1.95549e+07
1.95549e+07
1.95549e+07
1.95549e+07
1.95549e+07
1.95549e+07
1.95549e+07
1.95549e+07
1.95549e+07
1.95549e+07
1.95549e+07
1.95549e+07
1.95549e+07
1.95549e+07
1.95549e+07
1.95549e+07
1.95549e+07
1.95549e+07
1.95549e+07
1.95549e+07
1.95549e+07
1.95549e+07
1.95549e+07
1.95549e+07
1.95549e+07
1.95551e+07
1.95555e+07
1.95559e+07
1.95552e+07
1.95551e+07
1.95552e+07
1.95554e+07
1.95567e+07
1.95578e+07
1.95551e+07
1.95549e+07
1.95554e+07
1.95561e+07
1.95582e+07
1.95559e+07
1.95553e+07
1.95558e+07
1.95575e+07
1.95588e+07
1.95554e+07
1.95554e+07
1.9556e+07
1.95563e+07
1.95575e+07
1.95599e+07
1.95644e+07
1.95625e+07
1.9555e+07
1.95538e+07
1.95543e+07
1.95554e+07
1.95566e+07
1.95572e+07
1.95605e+07
1.95655e+07
1.95636e+07
1.95557e+07
1.95543e+07
1.95545e+07
1.95546e+07
1.95547e+07
1.95549e+07
1.95554e+07
1.95562e+07
1.95568e+07
1.95571e+07
1.95578e+07
1.95584e+07
1.9559e+07
1.95585e+07
1.95569e+07
1.95562e+07
1.95566e+07
1.95569e+07
1.95572e+07
1.95574e+07
1.95576e+07
1.95578e+07
1.95581e+07
1.95583e+07
1.95585e+07
1.95586e+07
1.95588e+07
1.95588e+07
1.95588e+07
1.95588e+07
1.95588e+07
1.95588e+07
1.95588e+07
1.95588e+07
1.95587e+07
1.95587e+07
1.95587e+07
1.95586e+07
1.95586e+07
1.95585e+07
1.95585e+07
1.95584e+07
1.95584e+07
1.95583e+07
1.95583e+07
1.95582e+07
1.95581e+07
1.9558e+07
1.95579e+07
1.95578e+07
1.95577e+07
1.95576e+07
1.95575e+07
1.95574e+07
1.95573e+07
1.95572e+07
1.9557e+07
1.95569e+07
1.95568e+07
1.95566e+07
1.95565e+07
1.95564e+07
1.95562e+07
1.95561e+07
1.95559e+07
1.95558e+07
1.95556e+07
1.95555e+07
1.95553e+07
1.95552e+07
1.9555e+07
1.95549e+07
1.95547e+07
1.95546e+07
1.95545e+07
1.95543e+07
1.95542e+07
1.9554e+07
1.95539e+07
1.95537e+07
1.95536e+07
1.95534e+07
1.95533e+07
1.95531e+07
1.9553e+07
1.95528e+07
1.95527e+07
1.95525e+07
1.95524e+07
1.95522e+07
1.95521e+07
1.95519e+07
1.95518e+07
1.95516e+07
1.95515e+07
1.95513e+07
1.95512e+07
1.9551e+07
1.95509e+07
1.95508e+07
1.95506e+07
1.95505e+07
1.95503e+07
1.95502e+07
1.955e+07
1.95499e+07
1.95497e+07
1.95496e+07
1.95494e+07
1.95493e+07
1.95491e+07
1.9549e+07
1.95488e+07
1.95487e+07
1.95485e+07
1.95484e+07
1.95483e+07
1.95481e+07
1.9548e+07
1.95479e+07
1.95477e+07
1.95476e+07
1.95475e+07
1.95474e+07
1.95473e+07
1.95472e+07
1.9547e+07
1.95469e+07
1.95468e+07
1.95467e+07
1.95466e+07
1.95465e+07
1.95465e+07
1.95464e+07
1.95463e+07
1.95462e+07
1.95461e+07
1.9546e+07
1.95459e+07
1.95459e+07
1.95458e+07
1.95457e+07
1.95456e+07
1.95456e+07
1.95455e+07
1.95454e+07
1.95454e+07
1.95453e+07
1.95453e+07
1.95452e+07
1.95451e+07
1.95451e+07
1.9545e+07
1.9545e+07
1.95449e+07
1.95449e+07
1.95448e+07
1.95448e+07
1.95447e+07
1.95447e+07
1.95447e+07
1.95446e+07
1.95446e+07
1.95446e+07
1.95445e+07
1.95445e+07
1.95445e+07
1.95445e+07
1.95445e+07
1.95444e+07
1.95444e+07
1.95444e+07
1.95444e+07
1.95444e+07
1.95444e+07
1.95444e+07
1.95444e+07
1.95444e+07
1.95444e+07
1.95444e+07
1.95444e+07
1.95444e+07
1.95444e+07
1.95444e+07
1.95443e+07
1.95443e+07
1.95443e+07
1.95443e+07
1.95443e+07
1.95443e+07
1.95443e+07
1.95443e+07
1.95443e+07
1.95443e+07
1.95443e+07
1.95443e+07
1.95443e+07
1.95442e+07
1.95442e+07
1.95442e+07
1.95442e+07
1.95441e+07
1.95441e+07
1.95441e+07
1.9544e+07
1.9544e+07
1.95439e+07
1.95439e+07
1.95438e+07
1.95438e+07
1.95437e+07
1.95436e+07
1.95436e+07
1.95435e+07
1.95434e+07
1.95434e+07
1.95433e+07
1.95432e+07
1.95431e+07
1.9543e+07
1.9543e+07
1.95429e+07
1.95428e+07
1.95427e+07
1.95426e+07
1.95425e+07
1.95424e+07
1.95423e+07
1.95422e+07
1.95421e+07
1.9542e+07
1.95418e+07
1.95417e+07
1.95416e+07
1.95415e+07
1.95413e+07
1.95412e+07
1.95411e+07
1.95409e+07
1.95408e+07
1.95406e+07
1.95405e+07
1.95403e+07
1.95401e+07
1.954e+07
1.95398e+07
1.95396e+07
1.95395e+07
1.95393e+07
1.95391e+07
1.95389e+07
1.95387e+07
1.95385e+07
1.95383e+07
1.95381e+07
1.95379e+07
1.95377e+07
1.95375e+07
1.95372e+07
1.9537e+07
1.95368e+07
1.95366e+07
1.95363e+07
1.95361e+07
1.95359e+07
1.95356e+07
1.95354e+07
1.95352e+07
1.95349e+07
1.95347e+07
1.95344e+07
1.95342e+07
1.95339e+07
1.95337e+07
1.95334e+07
1.95332e+07
1.95329e+07
1.95327e+07
1.95324e+07
1.95321e+07
1.95319e+07
1.95316e+07
1.95313e+07
1.95311e+07
1.95308e+07
1.95305e+07
1.95303e+07
1.953e+07
1.95297e+07
1.95294e+07
1.95291e+07
1.95289e+07
1.95286e+07
1.95283e+07
1.9528e+07
1.95277e+07
1.95274e+07
1.95271e+07
1.95269e+07
1.95266e+07
1.95263e+07
1.9526e+07
1.95257e+07
1.95254e+07
1.95251e+07
1.95248e+07
1.95245e+07
1.95242e+07
1.95239e+07
1.95236e+07
1.95233e+07
1.9523e+07
1.95228e+07
1.95225e+07
1.95222e+07
1.95219e+07
1.95216e+07
1.95213e+07
1.9521e+07
1.95206e+07
1.95203e+07
1.952e+07
1.95197e+07
1.95194e+07
1.95191e+07
1.95188e+07
1.95185e+07
1.95182e+07
1.95179e+07
1.95176e+07
1.95173e+07
1.9517e+07
1.95167e+07
1.95164e+07
1.9516e+07
1.95157e+07
1.95154e+07
1.95151e+07
1.95148e+07
1.95145e+07
1.95142e+07
1.95139e+07
1.95136e+07
1.95134e+07
1.95131e+07
1.95128e+07
1.95125e+07
1.95122e+07
1.95119e+07
1.95117e+07
1.95114e+07
1.95111e+07
1.95108e+07
1.95106e+07
1.95103e+07
1.95101e+07
1.95098e+07
1.95096e+07
1.95093e+07
1.95091e+07
1.95088e+07
1.95086e+07
1.95084e+07
1.95081e+07
1.95079e+07
1.95077e+07
1.95075e+07
1.95073e+07
1.9507e+07
1.95068e+07
1.95066e+07
1.95064e+07
1.95062e+07
1.95061e+07
1.95059e+07
1.95057e+07
1.95055e+07
1.95053e+07
1.95052e+07
1.9505e+07
1.95048e+07
1.95047e+07
1.95045e+07
1.95043e+07
1.95042e+07
1.9504e+07
1.95039e+07
1.95037e+07
1.95036e+07
1.95035e+07
1.95033e+07
1.95032e+07
1.9503e+07
1.95029e+07
1.95028e+07
1.95026e+07
1.95025e+07
1.95024e+07
1.95022e+07
1.95021e+07
1.9502e+07
1.95018e+07
1.95017e+07
1.95016e+07
1.95014e+07
1.95013e+07
1.95012e+07
1.9501e+07
1.95009e+07
1.95007e+07
1.95006e+07
1.95005e+07
1.95003e+07
1.95002e+07
1.95e+07
1.94999e+07
1.94997e+07
1.94995e+07
1.94994e+07
1.94992e+07
1.94991e+07
1.94989e+07
1.94987e+07
1.94986e+07
1.94984e+07
1.94982e+07
1.9498e+07
1.94978e+07
1.94977e+07
1.94975e+07
1.94973e+07
1.94971e+07
1.94969e+07
1.94967e+07
1.94965e+07
1.94963e+07
1.94961e+07
1.94959e+07
1.94957e+07
1.94955e+07
1.94953e+07
1.94951e+07
1.94949e+07
1.94947e+07
1.94944e+07
1.94942e+07
1.9494e+07
1.94938e+07
1.94935e+07
1.94933e+07
1.94931e+07
1.94928e+07
1.94926e+07
1.94923e+07
1.94921e+07
1.94918e+07
1.94915e+07
1.94913e+07
1.9491e+07
1.94908e+07
1.94905e+07
1.94902e+07
1.94899e+07
1.94896e+07
1.94893e+07
1.94891e+07
1.94888e+07
1.94885e+07
1.94882e+07
1.94879e+07
1.94876e+07
1.94873e+07
1.94869e+07
1.94866e+07
1.94863e+07
1.9486e+07
1.94857e+07
1.94854e+07
1.9485e+07
1.94847e+07
1.94844e+07
1.9484e+07
1.94837e+07
1.94834e+07
1.94831e+07
1.94827e+07
1.94824e+07
1.9482e+07
1.94817e+07
1.94814e+07
1.9481e+07
1.94807e+07
1.94804e+07
1.948e+07
1.94797e+07
1.94794e+07
1.9479e+07
1.94787e+07
1.94783e+07
1.9478e+07
1.94777e+07
1.94773e+07
1.9477e+07
1.94767e+07
1.94763e+07
1.9476e+07
1.94757e+07
1.94753e+07
1.9475e+07
1.94747e+07
1.94744e+07
1.9474e+07
1.94737e+07
1.94734e+07
1.94731e+07
1.94728e+07
1.94724e+07
1.94721e+07
1.94718e+07
1.94715e+07
1.94712e+07
1.94709e+07
1.94706e+07
1.94703e+07
1.947e+07
1.94698e+07
1.94695e+07
1.94692e+07
1.94689e+07
1.94687e+07
1.94684e+07
1.94681e+07
1.94679e+07
1.94676e+07
1.94674e+07
1.94671e+07
1.94669e+07
1.94666e+07
1.94664e+07
1.94662e+07
1.94659e+07
1.94657e+07
1.94655e+07
1.94653e+07
1.94651e+07
1.94649e+07
1.94647e+07
1.94645e+07
1.94643e+07
1.94641e+07
1.94639e+07
1.94637e+07
1.94635e+07
1.94633e+07
1.94631e+07
1.94629e+07
1.94628e+07
1.94626e+07
1.94624e+07
1.94622e+07
1.9462e+07
1.94619e+07
1.94617e+07
1.95549e+07
1.95551e+07
1.95555e+07
1.95559e+07
1.95552e+07
1.95551e+07
1.95552e+07
1.95554e+07
1.95567e+07
1.95578e+07
1.95551e+07
1.95549e+07
1.95554e+07
1.95561e+07
1.95581e+07
1.95559e+07
1.95553e+07
1.95558e+07
1.95575e+07
1.95588e+07
1.95554e+07
1.95554e+07
1.9556e+07
1.95563e+07
1.95576e+07
1.95599e+07
1.95644e+07
1.95625e+07
1.9555e+07
1.95537e+07
1.95543e+07
1.95554e+07
1.95566e+07
1.95572e+07
1.95605e+07
1.95654e+07
1.95636e+07
1.95557e+07
1.95544e+07
1.95545e+07
1.95546e+07
1.95547e+07
1.95549e+07
1.95554e+07
1.95561e+07
1.95568e+07
1.95571e+07
1.95578e+07
1.95584e+07
1.9559e+07
1.95585e+07
1.95569e+07
1.95562e+07
1.95566e+07
1.95569e+07
1.95572e+07
1.95574e+07
1.95576e+07
1.95578e+07
1.95581e+07
1.95583e+07
1.95585e+07
1.95586e+07
1.95588e+07
1.95588e+07
1.95588e+07
1.95588e+07
1.95588e+07
1.95588e+07
1.95588e+07
1.95588e+07
1.95587e+07
1.95587e+07
1.95587e+07
1.95586e+07
1.95586e+07
1.95585e+07
1.95585e+07
1.95584e+07
1.95584e+07
1.95583e+07
1.95583e+07
1.95582e+07
1.95581e+07
1.9558e+07
1.95579e+07
1.95578e+07
1.95577e+07
1.95576e+07
1.95575e+07
1.95574e+07
1.95573e+07
1.95572e+07
1.9557e+07
1.95569e+07
1.95568e+07
1.95566e+07
1.95565e+07
1.95564e+07
1.95562e+07
1.95561e+07
1.95559e+07
1.95558e+07
1.95556e+07
1.95555e+07
1.95553e+07
1.95552e+07
1.9555e+07
1.95549e+07
1.95547e+07
1.95546e+07
1.95545e+07
1.95543e+07
1.95542e+07
1.9554e+07
1.95539e+07
1.95537e+07
1.95536e+07
1.95534e+07
1.95533e+07
1.95531e+07
1.9553e+07
1.95528e+07
1.95527e+07
1.95525e+07
1.95524e+07
1.95522e+07
1.95521e+07
1.95519e+07
1.95518e+07
1.95516e+07
1.95515e+07
1.95513e+07
1.95512e+07
1.9551e+07
1.95509e+07
1.95508e+07
1.95506e+07
1.95505e+07
1.95503e+07
1.95502e+07
1.955e+07
1.95499e+07
1.95497e+07
1.95496e+07
1.95494e+07
1.95493e+07
1.95491e+07
1.9549e+07
1.95488e+07
1.95487e+07
1.95485e+07
1.95484e+07
1.95483e+07
1.95481e+07
1.9548e+07
1.95479e+07
1.95477e+07
1.95476e+07
1.95475e+07
1.95474e+07
1.95473e+07
1.95472e+07
1.9547e+07
1.95469e+07
1.95468e+07
1.95467e+07
1.95466e+07
1.95465e+07
1.95465e+07
1.95464e+07
1.95463e+07
1.95462e+07
1.95461e+07
1.9546e+07
1.95459e+07
1.95459e+07
1.95458e+07
1.95457e+07
1.95456e+07
1.95456e+07
1.95455e+07
1.95454e+07
1.95454e+07
1.95453e+07
1.95453e+07
1.95452e+07
1.95451e+07
1.95451e+07
1.9545e+07
1.9545e+07
1.95449e+07
1.95449e+07
1.95448e+07
1.95448e+07
1.95447e+07
1.95447e+07
1.95447e+07
1.95446e+07
1.95446e+07
1.95446e+07
1.95445e+07
1.95445e+07
1.95445e+07
1.95445e+07
1.95445e+07
1.95444e+07
1.95444e+07
1.95444e+07
1.95444e+07
1.95444e+07
1.95444e+07
1.95444e+07
1.95444e+07
1.95444e+07
1.95444e+07
1.95444e+07
1.95444e+07
1.95444e+07
1.95444e+07
1.95444e+07
1.95443e+07
1.95443e+07
1.95443e+07
1.95443e+07
1.95443e+07
1.95443e+07
1.95443e+07
1.95443e+07
1.95443e+07
1.95443e+07
1.95443e+07
1.95443e+07
1.95443e+07
1.95442e+07
1.95442e+07
1.95442e+07
1.95442e+07
1.95441e+07
1.95441e+07
1.95441e+07
1.9544e+07
1.9544e+07
1.95439e+07
1.95439e+07
1.95438e+07
1.95438e+07
1.95437e+07
1.95436e+07
1.95436e+07
1.95435e+07
1.95434e+07
1.95434e+07
1.95433e+07
1.95432e+07
1.95431e+07
1.9543e+07
1.9543e+07
1.95429e+07
1.95428e+07
1.95427e+07
1.95426e+07
1.95425e+07
1.95424e+07
1.95423e+07
1.95422e+07
1.95421e+07
1.9542e+07
1.95418e+07
1.95417e+07
1.95416e+07
1.95415e+07
1.95413e+07
1.95412e+07
1.95411e+07
1.95409e+07
1.95408e+07
1.95406e+07
1.95405e+07
1.95403e+07
1.95401e+07
1.954e+07
1.95398e+07
1.95396e+07
1.95395e+07
1.95393e+07
1.95391e+07
1.95389e+07
1.95387e+07
1.95385e+07
1.95383e+07
1.95381e+07
1.95379e+07
1.95377e+07
1.95375e+07
1.95372e+07
1.9537e+07
1.95368e+07
1.95366e+07
1.95363e+07
1.95361e+07
1.95359e+07
1.95356e+07
1.95354e+07
1.95352e+07
1.95349e+07
1.95347e+07
1.95344e+07
1.95342e+07
1.95339e+07
1.95337e+07
1.95334e+07
1.95332e+07
1.95329e+07
1.95327e+07
1.95324e+07
1.95321e+07
1.95319e+07
1.95316e+07
1.95313e+07
1.95311e+07
1.95308e+07
1.95305e+07
1.95303e+07
1.953e+07
1.95297e+07
1.95294e+07
1.95291e+07
1.95289e+07
1.95286e+07
1.95283e+07
1.9528e+07
1.95277e+07
1.95274e+07
1.95271e+07
1.95269e+07
1.95266e+07
1.95263e+07
1.9526e+07
1.95257e+07
1.95254e+07
1.95251e+07
1.95248e+07
1.95245e+07
1.95242e+07
1.95239e+07
1.95236e+07
1.95233e+07
1.9523e+07
1.95228e+07
1.95225e+07
1.95222e+07
1.95219e+07
1.95216e+07
1.95213e+07
1.9521e+07
1.95206e+07
1.95203e+07
1.952e+07
1.95197e+07
1.95194e+07
1.95191e+07
1.95188e+07
1.95185e+07
1.95182e+07
1.95179e+07
1.95176e+07
1.95173e+07
1.9517e+07
1.95167e+07
1.95164e+07
1.9516e+07
1.95157e+07
1.95154e+07
1.95151e+07
1.95148e+07
1.95145e+07
1.95142e+07
1.95139e+07
1.95136e+07
1.95134e+07
1.95131e+07
1.95128e+07
1.95125e+07
1.95122e+07
1.95119e+07
1.95117e+07
1.95114e+07
1.95111e+07
1.95108e+07
1.95106e+07
1.95103e+07
1.95101e+07
1.95098e+07
1.95096e+07
1.95093e+07
1.95091e+07
1.95088e+07
1.95086e+07
1.95084e+07
1.95081e+07
1.95079e+07
1.95077e+07
1.95075e+07
1.95073e+07
1.9507e+07
1.95068e+07
1.95066e+07
1.95064e+07
1.95062e+07
1.95061e+07
1.95059e+07
1.95057e+07
1.95055e+07
1.95053e+07
1.95052e+07
1.9505e+07
1.95048e+07
1.95047e+07
1.95045e+07
1.95043e+07
1.95042e+07
1.9504e+07
1.95039e+07
1.95037e+07
1.95036e+07
1.95035e+07
1.95033e+07
1.95032e+07
1.9503e+07
1.95029e+07
1.95028e+07
1.95026e+07
1.95025e+07
1.95024e+07
1.95022e+07
1.95021e+07
1.9502e+07
1.95018e+07
1.95017e+07
1.95016e+07
1.95014e+07
1.95013e+07
1.95012e+07
1.9501e+07
1.95009e+07
1.95007e+07
1.95006e+07
1.95005e+07
1.95003e+07
1.95002e+07
1.95e+07
1.94999e+07
1.94997e+07
1.94995e+07
1.94994e+07
1.94992e+07
1.94991e+07
1.94989e+07
1.94987e+07
1.94986e+07
1.94984e+07
1.94982e+07
1.9498e+07
1.94978e+07
1.94977e+07
1.94975e+07
1.94973e+07
1.94971e+07
1.94969e+07
1.94967e+07
1.94965e+07
1.94963e+07
1.94961e+07
1.94959e+07
1.94957e+07
1.94955e+07
1.94953e+07
1.94951e+07
1.94949e+07
1.94947e+07
1.94944e+07
1.94942e+07
1.9494e+07
1.94938e+07
1.94935e+07
1.94933e+07
1.94931e+07
1.94928e+07
1.94926e+07
1.94923e+07
1.94921e+07
1.94918e+07
1.94915e+07
1.94913e+07
1.9491e+07
1.94908e+07
1.94905e+07
1.94902e+07
1.94899e+07
1.94896e+07
1.94893e+07
1.94891e+07
1.94888e+07
1.94885e+07
1.94882e+07
1.94879e+07
1.94876e+07
1.94873e+07
1.94869e+07
1.94866e+07
1.94863e+07
1.9486e+07
1.94857e+07
1.94854e+07
1.9485e+07
1.94847e+07
1.94844e+07
1.9484e+07
1.94837e+07
1.94834e+07
1.94831e+07
1.94827e+07
1.94824e+07
1.9482e+07
1.94817e+07
1.94814e+07
1.9481e+07
1.94807e+07
1.94804e+07
1.948e+07
1.94797e+07
1.94794e+07
1.9479e+07
1.94787e+07
1.94783e+07
1.9478e+07
1.94777e+07
1.94773e+07
1.9477e+07
1.94767e+07
1.94763e+07
1.9476e+07
1.94757e+07
1.94753e+07
1.9475e+07
1.94747e+07
1.94744e+07
1.9474e+07
1.94737e+07
1.94734e+07
1.94731e+07
1.94728e+07
1.94724e+07
1.94721e+07
1.94718e+07
1.94715e+07
1.94712e+07
1.94709e+07
1.94706e+07
1.94703e+07
1.947e+07
1.94698e+07
1.94695e+07
1.94692e+07
1.94689e+07
1.94687e+07
1.94684e+07
1.94681e+07
1.94679e+07
1.94676e+07
1.94674e+07
1.94671e+07
1.94669e+07
1.94666e+07
1.94664e+07
1.94662e+07
1.94659e+07
1.94657e+07
1.94655e+07
1.94653e+07
1.94651e+07
1.94649e+07
1.94647e+07
1.94645e+07
1.94643e+07
1.94641e+07
1.94639e+07
1.94637e+07
1.94635e+07
1.94633e+07
1.94631e+07
1.94629e+07
1.94628e+07
1.94626e+07
1.94624e+07
1.94622e+07
1.9462e+07
1.94619e+07
1.94617e+07
1.9555e+07
1.95551e+07
1.95551e+07
1.9555e+07
1.95549e+07
1.9555e+07
1.95552e+07
1.95553e+07
1.95551e+07
1.95546e+07
1.95545e+07
1.95547e+07
1.95553e+07
1.95555e+07
1.9555e+07
1.95547e+07
1.9555e+07
1.95556e+07
1.95556e+07
1.95548e+07
1.95547e+07
1.95552e+07
1.95557e+07
1.95559e+07
1.95558e+07
1.95553e+07
1.95539e+07
1.95529e+07
1.95531e+07
1.95535e+07
1.95542e+07
1.95551e+07
1.95561e+07
1.95563e+07
1.95558e+07
1.95545e+07
1.95533e+07
1.95536e+07
1.9554e+07
1.95544e+07
1.95547e+07
1.95549e+07
1.95552e+07
1.95556e+07
1.95562e+07
1.95567e+07
1.95569e+07
1.95568e+07
1.95566e+07
1.95562e+07
1.95559e+07
1.9556e+07
1.95562e+07
1.95566e+07
1.9557e+07
1.95573e+07
1.95575e+07
1.95576e+07
1.95579e+07
1.95581e+07
1.95583e+07
1.95585e+07
1.95586e+07
1.95587e+07
1.95588e+07
1.95588e+07
1.95588e+07
1.95588e+07
1.95588e+07
1.95588e+07
1.95588e+07
1.95587e+07
1.95587e+07
1.95587e+07
1.95586e+07
1.95586e+07
1.95585e+07
1.95585e+07
1.95584e+07
1.95584e+07
1.95583e+07
1.95583e+07
1.95582e+07
1.95581e+07
1.9558e+07
1.95579e+07
1.95578e+07
1.95577e+07
1.95576e+07
1.95575e+07
1.95574e+07
1.95573e+07
1.95572e+07
1.9557e+07
1.95569e+07
1.95568e+07
1.95566e+07
1.95565e+07
1.95564e+07
1.95562e+07
1.95561e+07
1.95559e+07
1.95558e+07
1.95556e+07
1.95555e+07
1.95553e+07
1.95552e+07
1.9555e+07
1.95549e+07
1.95547e+07
1.95546e+07
1.95545e+07
1.95543e+07
1.95542e+07
1.9554e+07
1.95539e+07
1.95537e+07
1.95536e+07
1.95534e+07
1.95533e+07
1.95531e+07
1.9553e+07
1.95528e+07
1.95527e+07
1.95525e+07
1.95524e+07
1.95522e+07
1.95521e+07
1.95519e+07
1.95518e+07
1.95516e+07
1.95515e+07
1.95513e+07
1.95512e+07
1.9551e+07
1.95509e+07
1.95508e+07
1.95506e+07
1.95505e+07
1.95503e+07
1.95502e+07
1.955e+07
1.95499e+07
1.95497e+07
1.95496e+07
1.95494e+07
1.95493e+07
1.95491e+07
1.9549e+07
1.95488e+07
1.95487e+07
1.95485e+07
1.95484e+07
1.95483e+07
1.95481e+07
1.9548e+07
1.95479e+07
1.95477e+07
1.95476e+07
1.95475e+07
1.95474e+07
1.95473e+07
1.95472e+07
1.9547e+07
1.95469e+07
1.95468e+07
1.95467e+07
1.95466e+07
1.95465e+07
1.95465e+07
1.95464e+07
1.95463e+07
1.95462e+07
1.95461e+07
1.9546e+07
1.95459e+07
1.95459e+07
1.95458e+07
1.95457e+07
1.95456e+07
1.95456e+07
1.95455e+07
1.95454e+07
1.95454e+07
1.95453e+07
1.95453e+07
1.95452e+07
1.95451e+07
1.95451e+07
1.9545e+07
1.9545e+07
1.95449e+07
1.95449e+07
1.95448e+07
1.95448e+07
1.95447e+07
1.95447e+07
1.95447e+07
1.95446e+07
1.95446e+07
1.95446e+07
1.95445e+07
1.95445e+07
1.95445e+07
1.95445e+07
1.95445e+07
1.95444e+07
1.95444e+07
1.95444e+07
1.95444e+07
1.95444e+07
1.95444e+07
1.95444e+07
1.95444e+07
1.95444e+07
1.95444e+07
1.95444e+07
1.95444e+07
1.95444e+07
1.95444e+07
1.95444e+07
1.95443e+07
1.95443e+07
1.95443e+07
1.95443e+07
1.95443e+07
1.95443e+07
1.95443e+07
1.95443e+07
1.95443e+07
1.95443e+07
1.95443e+07
1.95443e+07
1.95443e+07
1.95442e+07
1.95442e+07
1.95442e+07
1.95442e+07
1.95441e+07
1.95441e+07
1.95441e+07
1.9544e+07
1.9544e+07
1.95439e+07
1.95439e+07
1.95438e+07
1.95438e+07
1.95437e+07
1.95436e+07
1.95436e+07
1.95435e+07
1.95434e+07
1.95434e+07
1.95433e+07
1.95432e+07
1.95431e+07
1.9543e+07
1.9543e+07
1.95429e+07
1.95428e+07
1.95427e+07
1.95426e+07
1.95425e+07
1.95424e+07
1.95423e+07
1.95422e+07
1.95421e+07
1.9542e+07
1.95418e+07
1.95417e+07
1.95416e+07
1.95415e+07
1.95413e+07
1.95412e+07
1.95411e+07
1.95409e+07
1.95408e+07
1.95406e+07
1.95405e+07
1.95403e+07
1.95401e+07
1.954e+07
1.95398e+07
1.95396e+07
1.95395e+07
1.95393e+07
1.95391e+07
1.95389e+07
1.95387e+07
1.95385e+07
1.95383e+07
1.95381e+07
1.95379e+07
1.95377e+07
1.95375e+07
1.95372e+07
1.9537e+07
1.95368e+07
1.95366e+07
1.95363e+07
1.95361e+07
1.95359e+07
1.95356e+07
1.95354e+07
1.95352e+07
1.95349e+07
1.95347e+07
1.95344e+07
1.95342e+07
1.95339e+07
1.95337e+07
1.95334e+07
1.95332e+07
1.95329e+07
1.95327e+07
1.95324e+07
1.95321e+07
1.95319e+07
1.95316e+07
1.95313e+07
1.95311e+07
1.95308e+07
1.95305e+07
1.95303e+07
1.953e+07
1.95297e+07
1.95294e+07
1.95291e+07
1.95289e+07
1.95286e+07
1.95283e+07
1.9528e+07
1.95277e+07
1.95274e+07
1.95271e+07
1.95269e+07
1.95266e+07
1.95263e+07
1.9526e+07
1.95257e+07
1.95254e+07
1.95251e+07
1.95248e+07
1.95245e+07
1.95242e+07
1.95239e+07
1.95236e+07
1.95233e+07
1.9523e+07
1.95228e+07
1.95225e+07
1.95222e+07
1.95219e+07
1.95216e+07
1.95213e+07
1.9521e+07
1.95206e+07
1.95203e+07
1.952e+07
1.95197e+07
1.95194e+07
1.95191e+07
1.95188e+07
1.95185e+07
1.95182e+07
1.95179e+07
1.95176e+07
1.95173e+07
1.9517e+07
1.95167e+07
1.95164e+07
1.9516e+07
1.95157e+07
1.95154e+07
1.95151e+07
1.95148e+07
1.95145e+07
1.95142e+07
1.95139e+07
1.95136e+07
1.95134e+07
1.95131e+07
1.95128e+07
1.95125e+07
1.95122e+07
1.95119e+07
1.95117e+07
1.95114e+07
1.95111e+07
1.95108e+07
1.95106e+07
1.95103e+07
1.95101e+07
1.95098e+07
1.95096e+07
1.95093e+07
1.95091e+07
1.95088e+07
1.95086e+07
1.95084e+07
1.95081e+07
1.95079e+07
1.95077e+07
1.95075e+07
1.95073e+07
1.9507e+07
1.95068e+07
1.95066e+07
1.95064e+07
1.95062e+07
1.95061e+07
1.95059e+07
1.95057e+07
1.95055e+07
1.95053e+07
1.95052e+07
1.9505e+07
1.95048e+07
1.95047e+07
1.95045e+07
1.95043e+07
1.95042e+07
1.9504e+07
1.95039e+07
1.95037e+07
1.95036e+07
1.95035e+07
1.95033e+07
1.95032e+07
1.9503e+07
1.95029e+07
1.95028e+07
1.95026e+07
1.95025e+07
1.95024e+07
1.95022e+07
1.95021e+07
1.9502e+07
1.95018e+07
1.95017e+07
1.95016e+07
1.95014e+07
1.95013e+07
1.95012e+07
1.9501e+07
1.95009e+07
1.95007e+07
1.95006e+07
1.95005e+07
1.95003e+07
1.95002e+07
1.95e+07
1.94999e+07
1.94997e+07
1.94995e+07
1.94994e+07
1.94992e+07
1.94991e+07
1.94989e+07
1.94987e+07
1.94986e+07
1.94984e+07
1.94982e+07
1.9498e+07
1.94978e+07
1.94977e+07
1.94975e+07
1.94973e+07
1.94971e+07
1.94969e+07
1.94967e+07
1.94965e+07
1.94963e+07
1.94961e+07
1.94959e+07
1.94957e+07
1.94955e+07
1.94953e+07
1.94951e+07
1.94949e+07
1.94947e+07
1.94944e+07
1.94942e+07
1.9494e+07
1.94938e+07
1.94935e+07
1.94933e+07
1.94931e+07
1.94928e+07
1.94926e+07
1.94923e+07
1.94921e+07
1.94918e+07
1.94915e+07
1.94913e+07
1.9491e+07
1.94908e+07
1.94905e+07
1.94902e+07
1.94899e+07
1.94896e+07
1.94893e+07
1.94891e+07
1.94888e+07
1.94885e+07
1.94882e+07
1.94879e+07
1.94876e+07
1.94873e+07
1.94869e+07
1.94866e+07
1.94863e+07
1.9486e+07
1.94857e+07
1.94854e+07
1.9485e+07
1.94847e+07
1.94844e+07
1.9484e+07
1.94837e+07
1.94834e+07
1.94831e+07
1.94827e+07
1.94824e+07
1.9482e+07
1.94817e+07
1.94814e+07
1.9481e+07
1.94807e+07
1.94804e+07
1.948e+07
1.94797e+07
1.94794e+07
1.9479e+07
1.94787e+07
1.94783e+07
1.9478e+07
1.94777e+07
1.94773e+07
1.9477e+07
1.94767e+07
1.94763e+07
1.9476e+07
1.94757e+07
1.94753e+07
1.9475e+07
1.94747e+07
1.94744e+07
1.9474e+07
1.94737e+07
1.94734e+07
1.94731e+07
1.94728e+07
1.94724e+07
1.94721e+07
1.94718e+07
1.94715e+07
1.94712e+07
1.94709e+07
1.94706e+07
1.94703e+07
1.947e+07
1.94698e+07
1.94695e+07
1.94692e+07
1.94689e+07
1.94687e+07
1.94684e+07
1.94681e+07
1.94679e+07
1.94676e+07
1.94674e+07
1.94671e+07
1.94669e+07
1.94666e+07
1.94664e+07
1.94662e+07
1.94659e+07
1.94657e+07
1.94655e+07
1.94653e+07
1.94651e+07
1.94649e+07
1.94647e+07
1.94645e+07
1.94643e+07
1.94641e+07
1.94639e+07
1.94637e+07
1.94635e+07
1.94633e+07
1.94631e+07
1.94629e+07
1.94628e+07
1.94626e+07
1.94624e+07
1.94622e+07
1.9462e+07
1.94619e+07
1.94617e+07
1.95549e+07
1.95549e+07
1.95549e+07
1.95548e+07
1.95547e+07
1.95548e+07
1.95549e+07
1.95549e+07
1.95547e+07
1.95545e+07
1.95545e+07
1.95549e+07
1.95551e+07
1.95551e+07
1.95548e+07
1.95547e+07
1.95552e+07
1.95554e+07
1.95553e+07
1.95548e+07
1.95548e+07
1.95554e+07
1.95556e+07
1.95555e+07
1.95551e+07
1.95547e+07
1.95542e+07
1.95531e+07
1.95531e+07
1.95538e+07
1.95546e+07
1.95553e+07
1.95558e+07
1.95558e+07
1.95552e+07
1.95544e+07
1.95535e+07
1.95535e+07
1.95541e+07
1.95545e+07
1.95549e+07
1.95553e+07
1.95556e+07
1.9556e+07
1.95564e+07
1.95568e+07
1.95568e+07
1.95567e+07
1.95565e+07
1.95563e+07
1.95561e+07
1.95561e+07
1.95564e+07
1.95567e+07
1.9557e+07
1.95572e+07
1.95574e+07
1.95577e+07
1.95579e+07
1.95581e+07
1.95583e+07
1.95585e+07
1.95586e+07
1.95587e+07
1.95588e+07
1.95588e+07
1.95588e+07
1.95588e+07
1.95588e+07
1.95588e+07
1.95588e+07
1.95587e+07
1.95587e+07
1.95587e+07
1.95586e+07
1.95586e+07
1.95585e+07
1.95585e+07
1.95584e+07
1.95584e+07
1.95583e+07
1.95583e+07
1.95582e+07
1.95581e+07
1.9558e+07
1.95579e+07
1.95578e+07
1.95577e+07
1.95576e+07
1.95575e+07
1.95574e+07
1.95573e+07
1.95572e+07
1.9557e+07
1.95569e+07
1.95568e+07
1.95566e+07
1.95565e+07
1.95564e+07
1.95562e+07
1.95561e+07
1.95559e+07
1.95558e+07
1.95556e+07
1.95555e+07
1.95553e+07
1.95552e+07
1.9555e+07
1.95549e+07
1.95547e+07
1.95546e+07
1.95545e+07
1.95543e+07
1.95542e+07
1.9554e+07
1.95539e+07
1.95537e+07
1.95536e+07
1.95534e+07
1.95533e+07
1.95531e+07
1.9553e+07
1.95528e+07
1.95527e+07
1.95525e+07
1.95524e+07
1.95522e+07
1.95521e+07
1.95519e+07
1.95518e+07
1.95516e+07
1.95515e+07
1.95513e+07
1.95512e+07
1.9551e+07
1.95509e+07
1.95508e+07
1.95506e+07
1.95505e+07
1.95503e+07
1.95502e+07
1.955e+07
1.95499e+07
1.95497e+07
1.95496e+07
1.95494e+07
1.95493e+07
1.95491e+07
1.9549e+07
1.95488e+07
1.95487e+07
1.95485e+07
1.95484e+07
1.95483e+07
1.95481e+07
1.9548e+07
1.95479e+07
1.95477e+07
1.95476e+07
1.95475e+07
1.95474e+07
1.95473e+07
1.95472e+07
1.9547e+07
1.95469e+07
1.95468e+07
1.95467e+07
1.95466e+07
1.95465e+07
1.95465e+07
1.95464e+07
1.95463e+07
1.95462e+07
1.95461e+07
1.9546e+07
1.95459e+07
1.95459e+07
1.95458e+07
1.95457e+07
1.95456e+07
1.95456e+07
1.95455e+07
1.95454e+07
1.95454e+07
1.95453e+07
1.95453e+07
1.95452e+07
1.95451e+07
1.95451e+07
1.9545e+07
1.9545e+07
1.95449e+07
1.95449e+07
1.95448e+07
1.95448e+07
1.95447e+07
1.95447e+07
1.95447e+07
1.95446e+07
1.95446e+07
1.95446e+07
1.95445e+07
1.95445e+07
1.95445e+07
1.95445e+07
1.95445e+07
1.95444e+07
1.95444e+07
1.95444e+07
1.95444e+07
1.95444e+07
1.95444e+07
1.95444e+07
1.95444e+07
1.95444e+07
1.95444e+07
1.95444e+07
1.95444e+07
1.95444e+07
1.95444e+07
1.95444e+07
1.95443e+07
1.95443e+07
1.95443e+07
1.95443e+07
1.95443e+07
1.95443e+07
1.95443e+07
1.95443e+07
1.95443e+07
1.95443e+07
1.95443e+07
1.95443e+07
1.95443e+07
1.95442e+07
1.95442e+07
1.95442e+07
1.95442e+07
1.95441e+07
1.95441e+07
1.95441e+07
1.9544e+07
1.9544e+07
1.95439e+07
1.95439e+07
1.95438e+07
1.95438e+07
1.95437e+07
1.95436e+07
1.95436e+07
1.95435e+07
1.95434e+07
1.95434e+07
1.95433e+07
1.95432e+07
1.95431e+07
1.9543e+07
1.9543e+07
1.95429e+07
1.95428e+07
1.95427e+07
1.95426e+07
1.95425e+07
1.95424e+07
1.95423e+07
1.95422e+07
1.95421e+07
1.9542e+07
1.95418e+07
1.95417e+07
1.95416e+07
1.95415e+07
1.95413e+07
1.95412e+07
1.95411e+07
1.95409e+07
1.95408e+07
1.95406e+07
1.95405e+07
1.95403e+07
1.95401e+07
1.954e+07
1.95398e+07
1.95396e+07
1.95395e+07
1.95393e+07
1.95391e+07
1.95389e+07
1.95387e+07
1.95385e+07
1.95383e+07
1.95381e+07
1.95379e+07
1.95377e+07
1.95375e+07
1.95372e+07
1.9537e+07
1.95368e+07
1.95366e+07
1.95363e+07
1.95361e+07
1.95359e+07
1.95356e+07
1.95354e+07
1.95352e+07
1.95349e+07
1.95347e+07
1.95344e+07
1.95342e+07
1.95339e+07
1.95337e+07
1.95334e+07
1.95332e+07
1.95329e+07
1.95327e+07
1.95324e+07
1.95321e+07
1.95319e+07
1.95316e+07
1.95313e+07
1.95311e+07
1.95308e+07
1.95305e+07
1.95303e+07
1.953e+07
1.95297e+07
1.95294e+07
1.95291e+07
1.95289e+07
1.95286e+07
1.95283e+07
1.9528e+07
1.95277e+07
1.95274e+07
1.95271e+07
1.95269e+07
1.95266e+07
1.95263e+07
1.9526e+07
1.95257e+07
1.95254e+07
1.95251e+07
1.95248e+07
1.95245e+07
1.95242e+07
1.95239e+07
1.95236e+07
1.95233e+07
1.9523e+07
1.95228e+07
1.95225e+07
1.95222e+07
1.95219e+07
1.95216e+07
1.95213e+07
1.9521e+07
1.95206e+07
1.95203e+07
1.952e+07
1.95197e+07
1.95194e+07
1.95191e+07
1.95188e+07
1.95185e+07
1.95182e+07
1.95179e+07
1.95176e+07
1.95173e+07
1.9517e+07
1.95167e+07
1.95164e+07
1.9516e+07
1.95157e+07
1.95154e+07
1.95151e+07
1.95148e+07
1.95145e+07
1.95142e+07
1.95139e+07
1.95136e+07
1.95134e+07
1.95131e+07
1.95128e+07
1.95125e+07
1.95122e+07
1.95119e+07
1.95117e+07
1.95114e+07
1.95111e+07
1.95108e+07
1.95106e+07
1.95103e+07
1.95101e+07
1.95098e+07
1.95096e+07
1.95093e+07
1.95091e+07
1.95088e+07
1.95086e+07
1.95084e+07
1.95081e+07
1.95079e+07
1.95077e+07
1.95075e+07
1.95073e+07
1.9507e+07
1.95068e+07
1.95066e+07
1.95064e+07
1.95062e+07
1.95061e+07
1.95059e+07
1.95057e+07
1.95055e+07
1.95053e+07
1.95052e+07
1.9505e+07
1.95048e+07
1.95047e+07
1.95045e+07
1.95043e+07
1.95042e+07
1.9504e+07
1.95039e+07
1.95037e+07
1.95036e+07
1.95035e+07
1.95033e+07
1.95032e+07
1.9503e+07
1.95029e+07
1.95028e+07
1.95026e+07
1.95025e+07
1.95024e+07
1.95022e+07
1.95021e+07
1.9502e+07
1.95018e+07
1.95017e+07
1.95016e+07
1.95014e+07
1.95013e+07
1.95012e+07
1.9501e+07
1.95009e+07
1.95007e+07
1.95006e+07
1.95005e+07
1.95003e+07
1.95002e+07
1.95e+07
1.94999e+07
1.94997e+07
1.94995e+07
1.94994e+07
1.94992e+07
1.94991e+07
1.94989e+07
1.94987e+07
1.94986e+07
1.94984e+07
1.94982e+07
1.9498e+07
1.94978e+07
1.94977e+07
1.94975e+07
1.94973e+07
1.94971e+07
1.94969e+07
1.94967e+07
1.94965e+07
1.94963e+07
1.94961e+07
1.94959e+07
1.94957e+07
1.94955e+07
1.94953e+07
1.94951e+07
1.94949e+07
1.94947e+07
1.94944e+07
1.94942e+07
1.9494e+07
1.94938e+07
1.94935e+07
1.94933e+07
1.94931e+07
1.94928e+07
1.94926e+07
1.94923e+07
1.94921e+07
1.94918e+07
1.94915e+07
1.94913e+07
1.9491e+07
1.94908e+07
1.94905e+07
1.94902e+07
1.94899e+07
1.94896e+07
1.94893e+07
1.94891e+07
1.94888e+07
1.94885e+07
1.94882e+07
1.94879e+07
1.94876e+07
1.94873e+07
1.94869e+07
1.94866e+07
1.94863e+07
1.9486e+07
1.94857e+07
1.94854e+07
1.9485e+07
1.94847e+07
1.94844e+07
1.9484e+07
1.94837e+07
1.94834e+07
1.94831e+07
1.94827e+07
1.94824e+07
1.9482e+07
1.94817e+07
1.94814e+07
1.9481e+07
1.94807e+07
1.94804e+07
1.948e+07
1.94797e+07
1.94794e+07
1.9479e+07
1.94787e+07
1.94783e+07
1.9478e+07
1.94777e+07
1.94773e+07
1.9477e+07
1.94767e+07
1.94763e+07
1.9476e+07
1.94757e+07
1.94753e+07
1.9475e+07
1.94747e+07
1.94744e+07
1.9474e+07
1.94737e+07
1.94734e+07
1.94731e+07
1.94728e+07
1.94724e+07
1.94721e+07
1.94718e+07
1.94715e+07
1.94712e+07
1.94709e+07
1.94706e+07
1.94703e+07
1.947e+07
1.94698e+07
1.94695e+07
1.94692e+07
1.94689e+07
1.94687e+07
1.94684e+07
1.94681e+07
1.94679e+07
1.94676e+07
1.94674e+07
1.94671e+07
1.94669e+07
1.94666e+07
1.94664e+07
1.94662e+07
1.94659e+07
1.94657e+07
1.94655e+07
1.94653e+07
1.94651e+07
1.94649e+07
1.94647e+07
1.94645e+07
1.94643e+07
1.94641e+07
1.94639e+07
1.94637e+07
1.94635e+07
1.94633e+07
1.94631e+07
1.94629e+07
1.94628e+07
1.94626e+07
1.94624e+07
1.94622e+07
1.9462e+07
1.94619e+07
1.94617e+07
1.95549e+07
1.95549e+07
1.95549e+07
1.95548e+07
1.95547e+07
1.95548e+07
1.95549e+07
1.95549e+07
1.95547e+07
1.95545e+07
1.95545e+07
1.95549e+07
1.95551e+07
1.95551e+07
1.95548e+07
1.95547e+07
1.95552e+07
1.95554e+07
1.95552e+07
1.95548e+07
1.95548e+07
1.95554e+07
1.95556e+07
1.95555e+07
1.95551e+07
1.95547e+07
1.95542e+07
1.95531e+07
1.95531e+07
1.95538e+07
1.95546e+07
1.95553e+07
1.95558e+07
1.95558e+07
1.95552e+07
1.95544e+07
1.95535e+07
1.95535e+07
1.9554e+07
1.95545e+07
1.95549e+07
1.95553e+07
1.95556e+07
1.9556e+07
1.95564e+07
1.95568e+07
1.95568e+07
1.95567e+07
1.95565e+07
1.95563e+07
1.95561e+07
1.95561e+07
1.95564e+07
1.95567e+07
1.9557e+07
1.95572e+07
1.95574e+07
1.95577e+07
1.95579e+07
1.95581e+07
1.95583e+07
1.95585e+07
1.95586e+07
1.95587e+07
1.95588e+07
1.95588e+07
1.95588e+07
1.95588e+07
1.95588e+07
1.95588e+07
1.95588e+07
1.95587e+07
1.95587e+07
1.95587e+07
1.95586e+07
1.95586e+07
1.95585e+07
1.95585e+07
1.95584e+07
1.95584e+07
1.95583e+07
1.95583e+07
1.95582e+07
1.95581e+07
1.9558e+07
1.95579e+07
1.95578e+07
1.95577e+07
1.95576e+07
1.95575e+07
1.95574e+07
1.95573e+07
1.95572e+07
1.9557e+07
1.95569e+07
1.95568e+07
1.95566e+07
1.95565e+07
1.95564e+07
1.95562e+07
1.95561e+07
1.95559e+07
1.95558e+07
1.95556e+07
1.95555e+07
1.95553e+07
1.95552e+07
1.9555e+07
1.95549e+07
1.95547e+07
1.95546e+07
1.95545e+07
1.95543e+07
1.95542e+07
1.9554e+07
1.95539e+07
1.95537e+07
1.95536e+07
1.95534e+07
1.95533e+07
1.95531e+07
1.9553e+07
1.95528e+07
1.95527e+07
1.95525e+07
1.95524e+07
1.95522e+07
1.95521e+07
1.95519e+07
1.95518e+07
1.95516e+07
1.95515e+07
1.95513e+07
1.95512e+07
1.9551e+07
1.95509e+07
1.95508e+07
1.95506e+07
1.95505e+07
1.95503e+07
1.95502e+07
1.955e+07
1.95499e+07
1.95497e+07
1.95496e+07
1.95494e+07
1.95493e+07
1.95491e+07
1.9549e+07
1.95488e+07
1.95487e+07
1.95485e+07
1.95484e+07
1.95483e+07
1.95481e+07
1.9548e+07
1.95479e+07
1.95477e+07
1.95476e+07
1.95475e+07
1.95474e+07
1.95473e+07
1.95472e+07
1.9547e+07
1.95469e+07
1.95468e+07
1.95467e+07
1.95466e+07
1.95465e+07
1.95465e+07
1.95464e+07
1.95463e+07
1.95462e+07
1.95461e+07
1.9546e+07
1.95459e+07
1.95459e+07
1.95458e+07
1.95457e+07
1.95456e+07
1.95456e+07
1.95455e+07
1.95454e+07
1.95454e+07
1.95453e+07
1.95453e+07
1.95452e+07
1.95451e+07
1.95451e+07
1.9545e+07
1.9545e+07
1.95449e+07
1.95449e+07
1.95448e+07
1.95448e+07
1.95447e+07
1.95447e+07
1.95447e+07
1.95446e+07
1.95446e+07
1.95446e+07
1.95445e+07
1.95445e+07
1.95445e+07
1.95445e+07
1.95445e+07
1.95444e+07
1.95444e+07
1.95444e+07
1.95444e+07
1.95444e+07
1.95444e+07
1.95444e+07
1.95444e+07
1.95444e+07
1.95444e+07
1.95444e+07
1.95444e+07
1.95444e+07
1.95444e+07
1.95444e+07
1.95443e+07
1.95443e+07
1.95443e+07
1.95443e+07
1.95443e+07
1.95443e+07
1.95443e+07
1.95443e+07
1.95443e+07
1.95443e+07
1.95443e+07
1.95443e+07
1.95443e+07
1.95442e+07
1.95442e+07
1.95442e+07
1.95442e+07
1.95441e+07
1.95441e+07
1.95441e+07
1.9544e+07
1.9544e+07
1.95439e+07
1.95439e+07
1.95438e+07
1.95438e+07
1.95437e+07
1.95436e+07
1.95436e+07
1.95435e+07
1.95434e+07
1.95434e+07
1.95433e+07
1.95432e+07
1.95431e+07
1.9543e+07
1.9543e+07
1.95429e+07
1.95428e+07
1.95427e+07
1.95426e+07
1.95425e+07
1.95424e+07
1.95423e+07
1.95422e+07
1.95421e+07
1.9542e+07
1.95418e+07
1.95417e+07
1.95416e+07
1.95415e+07
1.95413e+07
1.95412e+07
1.95411e+07
1.95409e+07
1.95408e+07
1.95406e+07
1.95405e+07
1.95403e+07
1.95401e+07
1.954e+07
1.95398e+07
1.95396e+07
1.95395e+07
1.95393e+07
1.95391e+07
1.95389e+07
1.95387e+07
1.95385e+07
1.95383e+07
1.95381e+07
1.95379e+07
1.95377e+07
1.95375e+07
1.95372e+07
1.9537e+07
1.95368e+07
1.95366e+07
1.95363e+07
1.95361e+07
1.95359e+07
1.95356e+07
1.95354e+07
1.95352e+07
1.95349e+07
1.95347e+07
1.95344e+07
1.95342e+07
1.95339e+07
1.95337e+07
1.95334e+07
1.95332e+07
1.95329e+07
1.95327e+07
1.95324e+07
1.95321e+07
1.95319e+07
1.95316e+07
1.95313e+07
1.95311e+07
1.95308e+07
1.95305e+07
1.95303e+07
1.953e+07
1.95297e+07
1.95294e+07
1.95291e+07
1.95289e+07
1.95286e+07
1.95283e+07
1.9528e+07
1.95277e+07
1.95274e+07
1.95271e+07
1.95269e+07
1.95266e+07
1.95263e+07
1.9526e+07
1.95257e+07
1.95254e+07
1.95251e+07
1.95248e+07
1.95245e+07
1.95242e+07
1.95239e+07
1.95236e+07
1.95233e+07
1.9523e+07
1.95228e+07
1.95225e+07
1.95222e+07
1.95219e+07
1.95216e+07
1.95213e+07
1.9521e+07
1.95206e+07
1.95203e+07
1.952e+07
1.95197e+07
1.95194e+07
1.95191e+07
1.95188e+07
1.95185e+07
1.95182e+07
1.95179e+07
1.95176e+07
1.95173e+07
1.9517e+07
1.95167e+07
1.95164e+07
1.9516e+07
1.95157e+07
1.95154e+07
1.95151e+07
1.95148e+07
1.95145e+07
1.95142e+07
1.95139e+07
1.95136e+07
1.95134e+07
1.95131e+07
1.95128e+07
1.95125e+07
1.95122e+07
1.95119e+07
1.95117e+07
1.95114e+07
1.95111e+07
1.95108e+07
1.95106e+07
1.95103e+07
1.95101e+07
1.95098e+07
1.95096e+07
1.95093e+07
1.95091e+07
1.95088e+07
1.95086e+07
1.95084e+07
1.95081e+07
1.95079e+07
1.95077e+07
1.95075e+07
1.95073e+07
1.9507e+07
1.95068e+07
1.95066e+07
1.95064e+07
1.95062e+07
1.95061e+07
1.95059e+07
1.95057e+07
1.95055e+07
1.95053e+07
1.95052e+07
1.9505e+07
1.95048e+07
1.95047e+07
1.95045e+07
1.95043e+07
1.95042e+07
1.9504e+07
1.95039e+07
1.95037e+07
1.95036e+07
1.95035e+07
1.95033e+07
1.95032e+07
1.9503e+07
1.95029e+07
1.95028e+07
1.95026e+07
1.95025e+07
1.95024e+07
1.95022e+07
1.95021e+07
1.9502e+07
1.95018e+07
1.95017e+07
1.95016e+07
1.95014e+07
1.95013e+07
1.95012e+07
1.9501e+07
1.95009e+07
1.95007e+07
1.95006e+07
1.95005e+07
1.95003e+07
1.95002e+07
1.95e+07
1.94999e+07
1.94997e+07
1.94995e+07
1.94994e+07
1.94992e+07
1.94991e+07
1.94989e+07
1.94987e+07
1.94986e+07
1.94984e+07
1.94982e+07
1.9498e+07
1.94978e+07
1.94977e+07
1.94975e+07
1.94973e+07
1.94971e+07
1.94969e+07
1.94967e+07
1.94965e+07
1.94963e+07
1.94961e+07
1.94959e+07
1.94957e+07
1.94955e+07
1.94953e+07
1.94951e+07
1.94949e+07
1.94947e+07
1.94944e+07
1.94942e+07
1.9494e+07
1.94938e+07
1.94935e+07
1.94933e+07
1.94931e+07
1.94928e+07
1.94926e+07
1.94923e+07
1.94921e+07
1.94918e+07
1.94915e+07
1.94913e+07
1.9491e+07
1.94908e+07
1.94905e+07
1.94902e+07
1.94899e+07
1.94896e+07
1.94893e+07
1.94891e+07
1.94888e+07
1.94885e+07
1.94882e+07
1.94879e+07
1.94876e+07
1.94873e+07
1.94869e+07
1.94866e+07
1.94863e+07
1.9486e+07
1.94857e+07
1.94854e+07
1.9485e+07
1.94847e+07
1.94844e+07
1.9484e+07
1.94837e+07
1.94834e+07
1.94831e+07
1.94827e+07
1.94824e+07
1.9482e+07
1.94817e+07
1.94814e+07
1.9481e+07
1.94807e+07
1.94804e+07
1.948e+07
1.94797e+07
1.94794e+07
1.9479e+07
1.94787e+07
1.94783e+07
1.9478e+07
1.94777e+07
1.94773e+07
1.9477e+07
1.94767e+07
1.94763e+07
1.9476e+07
1.94757e+07
1.94753e+07
1.9475e+07
1.94747e+07
1.94744e+07
1.9474e+07
1.94737e+07
1.94734e+07
1.94731e+07
1.94728e+07
1.94724e+07
1.94721e+07
1.94718e+07
1.94715e+07
1.94712e+07
1.94709e+07
1.94706e+07
1.94703e+07
1.947e+07
1.94698e+07
1.94695e+07
1.94692e+07
1.94689e+07
1.94687e+07
1.94684e+07
1.94681e+07
1.94679e+07
1.94676e+07
1.94674e+07
1.94671e+07
1.94669e+07
1.94666e+07
1.94664e+07
1.94662e+07
1.94659e+07
1.94657e+07
1.94655e+07
1.94653e+07
1.94651e+07
1.94649e+07
1.94647e+07
1.94645e+07
1.94643e+07
1.94641e+07
1.94639e+07
1.94637e+07
1.94635e+07
1.94633e+07
1.94631e+07
1.94629e+07
1.94628e+07
1.94626e+07
1.94624e+07
1.94622e+07
1.9462e+07
1.94619e+07
1.94617e+07
)
;

boundaryField
{
    inlet
    {
        type            zeroGradient;
    }
    outlet
    {
        type            uniformTotalPressure;
        rho             none;
        psi             none;
        gamma           1.4364;
        pressure        tableFile;
        pressureCoeffs
        {
            fileName        "$FOAM_RUN/SH5_43mps_MFR_newBC/outlet0.2_42.7mps_fromCapture.dat";
        }
        value           nonuniform List<scalar> 5(1.94616e+07 1.94616e+07 1.94616e+07 1.94616e+07 1.94616e+07);
    }
    sides
    {
        type            empty;
    }
    walls
    {
        type            zeroGradient;
    }
}


// ************************************************************************* //
