/*--------------------------------*- C++ -*----------------------------------*\
| =========                 |                                                 |
| \\      /  F ield         | OpenFOAM: The Open Source CFD Toolbox           |
|  \\    /   O peration     | Version:  3.0.x                                 |
|   \\  /    A nd           | Web:      www.OpenFOAM.org                      |
|    \\/     M anipulation  |                                                 |
\*---------------------------------------------------------------------------*/
FoamFile
{
    version     2.0;
    format      ascii;
    class       volScalarField;
    location    "0.3";
    object      rho;
}
// * * * * * * * * * * * * * * * * * * * * * * * * * * * * * * * * * * * * * //

dimensions      [1 -3 0 0 0 0 0];

internalField   nonuniform List<scalar> 
6900
(
50.9107
50.9107
50.9107
50.9106
50.9106
50.9106
50.9106
50.9107
50.9108
50.911
50.9111
50.9113
50.9114
50.9114
50.9114
50.9114
50.9114
50.9114
50.9115
50.9116
50.9118
50.912
50.9122
50.9124
50.9127
50.9129
50.9132
50.9134
50.9136
50.9137
50.9138
50.9139
50.9139
50.914
50.9142
50.9144
50.9146
50.9148
50.915
50.9151
50.9153
50.9153
50.9154
50.9154
50.9154
50.9153
50.9153
50.9153
50.9152
50.9152
50.9151
50.915
50.915
50.9149
50.9149
50.9148
50.9148
50.9148
50.9147
50.9147
50.9147
50.9147
50.9147
50.9147
50.9147
50.9148
50.9148
50.9148
50.9149
50.9149
50.9149
50.915
50.915
50.915
50.915
50.915
50.915
50.915
50.9149
50.9149
50.9148
50.9147
50.9146
50.9145
50.9143
50.9142
50.914
50.9138
50.9137
50.9135
50.9133
50.9131
50.9129
50.9127
50.9125
50.9123
50.9121
50.912
50.9118
50.9116
50.9114
50.9112
50.9111
50.9109
50.9107
50.9105
50.9104
50.9102
50.91
50.9097
50.9095
50.9092
50.9089
50.9086
50.9083
50.908
50.9076
50.9072
50.9068
50.9064
50.9059
50.9055
50.905
50.9045
50.904
50.9035
50.903
50.9026
50.9021
50.9016
50.9011
50.9007
50.9002
50.8998
50.8994
50.899
50.8986
50.8983
50.8979
50.8976
50.8972
50.8969
50.8966
50.8962
50.8959
50.8955
50.8951
50.8947
50.8942
50.8938
50.8933
50.8928
50.8922
50.8916
50.891
50.8904
50.8897
50.8891
50.8884
50.8877
50.887
50.8864
50.8857
50.885
50.8843
50.8836
50.883
50.8824
50.8818
50.8812
50.8806
50.8801
50.8796
50.8792
50.8788
50.8784
50.878
50.8777
50.8773
50.877
50.8767
50.8763
50.8759
50.8755
50.8751
50.8747
50.8742
50.8736
50.8731
50.8725
50.8719
50.8713
50.8708
50.8702
50.8697
50.8692
50.8687
50.8682
50.8681
50.8648
50.9108
50.9108
50.9108
50.9108
50.9108
50.9108
50.9108
50.9108
50.9109
50.9111
50.9113
50.9114
50.9115
50.9116
50.9116
50.9116
50.9116
50.9116
50.9116
50.9117
50.9119
50.9121
50.9123
50.9125
50.9128
50.9131
50.9133
50.9135
50.9137
50.9138
50.9139
50.914
50.914
50.9141
50.9143
50.9145
50.9147
50.9149
50.9151
50.9152
50.9154
50.9154
50.9155
50.9155
50.9155
50.9154
50.9154
50.9154
50.9153
50.9152
50.9152
50.9151
50.9151
50.915
50.915
50.9149
50.9149
50.9149
50.9148
50.9148
50.9148
50.9148
50.9148
50.9148
50.9148
50.9149
50.9149
50.9149
50.915
50.915
50.915
50.9151
50.9151
50.9151
50.9151
50.9151
50.9151
50.9151
50.915
50.9149
50.9149
50.9148
50.9147
50.9145
50.9144
50.9143
50.9141
50.9139
50.9138
50.9136
50.9134
50.9132
50.913
50.9128
50.9126
50.9124
50.9122
50.912
50.9119
50.9117
50.9115
50.9113
50.9112
50.911
50.9108
50.9106
50.9104
50.9103
50.91
50.9098
50.9096
50.9093
50.909
50.9087
50.9084
50.908
50.9077
50.9073
50.9069
50.9064
50.906
50.9055
50.9051
50.9046
50.9041
50.9036
50.9031
50.9026
50.9022
50.9017
50.9012
50.9008
50.9003
50.8999
50.8995
50.8991
50.8987
50.8984
50.898
50.8977
50.8973
50.897
50.8966
50.8963
50.896
50.8956
50.8952
50.8948
50.8943
50.8939
50.8934
50.8928
50.8923
50.8917
50.8911
50.8905
50.8898
50.8892
50.8885
50.8878
50.8871
50.8864
50.8858
50.8851
50.8844
50.8837
50.8831
50.8825
50.8819
50.8813
50.8807
50.8802
50.8797
50.8793
50.8789
50.8785
50.8781
50.8778
50.8774
50.8771
50.8768
50.8764
50.876
50.8756
50.8752
50.8747
50.8742
50.8737
50.8732
50.8726
50.872
50.8714
50.8709
50.8703
50.8698
50.8693
50.8688
50.8683
50.8681
50.8652
50.9108
50.9108
50.9108
50.9108
50.9108
50.9108
50.9108
50.9108
50.9109
50.9111
50.9113
50.9114
50.9115
50.9116
50.9116
50.9116
50.9115
50.9116
50.9116
50.9117
50.9119
50.9121
50.9123
50.9125
50.9128
50.913
50.9133
50.9135
50.9137
50.9138
50.9139
50.914
50.914
50.9141
50.9143
50.9145
50.9147
50.9149
50.9151
50.9152
50.9154
50.9154
50.9155
50.9155
50.9155
50.9154
50.9154
50.9154
50.9153
50.9152
50.9152
50.9151
50.9151
50.915
50.915
50.9149
50.9149
50.9149
50.9148
50.9148
50.9148
50.9148
50.9148
50.9148
50.9148
50.9149
50.9149
50.9149
50.915
50.915
50.915
50.9151
50.9151
50.9151
50.9151
50.9151
50.9151
50.9151
50.915
50.9149
50.9149
50.9148
50.9147
50.9145
50.9144
50.9143
50.9141
50.9139
50.9138
50.9136
50.9134
50.9132
50.913
50.9128
50.9126
50.9124
50.9122
50.912
50.9119
50.9117
50.9115
50.9113
50.9112
50.911
50.9108
50.9106
50.9104
50.9103
50.91
50.9098
50.9096
50.9093
50.909
50.9087
50.9084
50.908
50.9077
50.9073
50.9069
50.9064
50.906
50.9055
50.9051
50.9046
50.9041
50.9036
50.9031
50.9026
50.9022
50.9017
50.9012
50.9008
50.9003
50.8999
50.8995
50.8991
50.8987
50.8984
50.898
50.8977
50.8973
50.897
50.8966
50.8963
50.896
50.8956
50.8952
50.8948
50.8943
50.8939
50.8934
50.8928
50.8923
50.8917
50.8911
50.8905
50.8898
50.8892
50.8885
50.8878
50.8871
50.8864
50.8858
50.8851
50.8844
50.8837
50.8831
50.8825
50.8819
50.8813
50.8807
50.8802
50.8797
50.8793
50.8789
50.8785
50.8781
50.8778
50.8774
50.8771
50.8768
50.8764
50.876
50.8756
50.8752
50.8747
50.8742
50.8737
50.8732
50.8726
50.872
50.8714
50.8709
50.8703
50.8698
50.8693
50.8688
50.8683
50.8678
50.8673
50.9108
50.9108
50.9108
50.9108
50.9108
50.9108
50.9108
50.9108
50.9109
50.9111
50.9113
50.9114
50.9115
50.9116
50.9116
50.9116
50.9116
50.9116
50.9116
50.9117
50.9119
50.9121
50.9123
50.9125
50.9128
50.9131
50.9133
50.9135
50.9137
50.9138
50.9139
50.914
50.914
50.9141
50.9143
50.9145
50.9147
50.9149
50.9151
50.9152
50.9154
50.9154
50.9155
50.9155
50.9155
50.9154
50.9154
50.9154
50.9153
50.9152
50.9152
50.9151
50.9151
50.915
50.915
50.9149
50.9149
50.9149
50.9148
50.9148
50.9148
50.9148
50.9148
50.9148
50.9148
50.9149
50.9149
50.9149
50.915
50.915
50.915
50.9151
50.9151
50.9151
50.9151
50.9151
50.9151
50.9151
50.915
50.9149
50.9149
50.9148
50.9147
50.9145
50.9144
50.9143
50.9141
50.9139
50.9138
50.9136
50.9134
50.9132
50.913
50.9128
50.9126
50.9124
50.9122
50.912
50.9119
50.9117
50.9115
50.9113
50.9112
50.911
50.9108
50.9106
50.9104
50.9103
50.91
50.9098
50.9096
50.9093
50.909
50.9087
50.9084
50.908
50.9077
50.9073
50.9069
50.9064
50.906
50.9055
50.9051
50.9046
50.9041
50.9036
50.9031
50.9026
50.9022
50.9017
50.9012
50.9008
50.9003
50.8999
50.8995
50.8991
50.8987
50.8984
50.898
50.8977
50.8973
50.897
50.8966
50.8963
50.896
50.8956
50.8952
50.8948
50.8943
50.8939
50.8934
50.8928
50.8923
50.8917
50.8911
50.8905
50.8898
50.8892
50.8885
50.8878
50.8871
50.8864
50.8858
50.8851
50.8844
50.8837
50.8831
50.8825
50.8819
50.8813
50.8807
50.8802
50.8797
50.8793
50.8789
50.8785
50.8781
50.8778
50.8774
50.8771
50.8767
50.8764
50.876
50.8756
50.8752
50.8747
50.8742
50.8737
50.8732
50.8726
50.872
50.8714
50.8709
50.8703
50.8698
50.8693
50.8687
50.8684
50.867
50.8727
50.9107
50.9107
50.9107
50.9106
50.9106
50.9106
50.9106
50.9107
50.9108
50.911
50.9111
50.9113
50.9114
50.9114
50.9114
50.9114
50.9114
50.9114
50.9115
50.9116
50.9118
50.912
50.9122
50.9124
50.9127
50.9129
50.9132
50.9134
50.9136
50.9137
50.9138
50.9139
50.9139
50.914
50.9142
50.9144
50.9146
50.9148
50.915
50.9151
50.9153
50.9153
50.9154
50.9154
50.9154
50.9153
50.9153
50.9153
50.9152
50.9152
50.9151
50.915
50.915
50.9149
50.9149
50.9148
50.9148
50.9148
50.9147
50.9147
50.9147
50.9147
50.9147
50.9147
50.9147
50.9148
50.9148
50.9148
50.9149
50.9149
50.9149
50.915
50.915
50.915
50.915
50.915
50.915
50.915
50.9149
50.9149
50.9148
50.9147
50.9146
50.9145
50.9143
50.9142
50.914
50.9138
50.9137
50.9135
50.9133
50.9131
50.9129
50.9127
50.9125
50.9123
50.9121
50.912
50.9118
50.9116
50.9114
50.9112
50.9111
50.9109
50.9107
50.9105
50.9104
50.9102
50.91
50.9097
50.9095
50.9092
50.9089
50.9086
50.9083
50.908
50.9076
50.9072
50.9068
50.9064
50.9059
50.9055
50.905
50.9045
50.904
50.9035
50.903
50.9026
50.9021
50.9016
50.9011
50.9007
50.9002
50.8998
50.8994
50.899
50.8986
50.8983
50.8979
50.8976
50.8972
50.8969
50.8966
50.8962
50.8959
50.8955
50.8951
50.8947
50.8942
50.8938
50.8933
50.8928
50.8922
50.8916
50.891
50.8904
50.8897
50.8891
50.8884
50.8877
50.887
50.8864
50.8857
50.885
50.8843
50.8836
50.883
50.8824
50.8818
50.8812
50.8806
50.8801
50.8796
50.8792
50.8788
50.8784
50.878
50.8777
50.8773
50.877
50.8767
50.8763
50.8759
50.8756
50.8751
50.8747
50.8742
50.8736
50.8731
50.8725
50.8719
50.8713
50.8708
50.8702
50.8697
50.8692
50.8686
50.8683
50.8663
50.8783
50.883
50.8897
50.8903
50.8884
50.8867
50.8853
50.8846
50.8841
50.8815
50.8752
50.8673
50.8608
50.8554
50.8517
50.8554
50.8656
50.8736
50.8708
50.858
50.8364
50.8795
50.8828
50.8825
50.8807
50.8791
50.8778
50.8772
50.8769
50.8739
50.867
50.8593
50.8531
50.848
50.8447
50.8483
50.8601
50.8662
50.8602
50.8427
50.8207
50.8678
50.8677
50.8665
50.8643
50.8614
50.8577
50.8532
50.848
50.8421
50.836
50.8292
50.8211
50.8119
50.8018
50.7905
50.778
50.7663
50.7557
50.7471
50.7379
50.8446
50.8415
50.8423
50.8437
50.8426
50.8389
50.8333
50.8261
50.8198
50.8122
50.8054
50.7982
50.7912
50.7854
50.7796
50.7741
50.7693
50.7648
50.7614
50.7589
50.8348
50.8224
50.8178
50.817
50.8148
50.8098
50.8031
50.7947
50.7869
50.7779
50.7697
50.7612
50.7533
50.7456
50.7388
50.732
50.7263
50.7208
50.7169
50.7149
50.7569
50.7461
50.7614
50.7556
50.7493
50.7481
50.7479
50.7474
50.7466
50.7463
50.7462
50.746
50.7457
50.7455
50.7453
50.7452
50.745
50.7448
50.7446
50.7444
50.7442
50.7441
50.7439
50.7438
50.7436
50.7435
50.7434
50.7433
50.7432
50.7431
50.7431
50.7431
50.7433
50.7435
50.7436
50.7436
50.7436
50.7436
50.7438
50.7439
50.7441
50.7442
50.7444
50.7446
50.7448
50.7449
50.745
50.745
50.745
50.745
50.745
50.745
50.7451
50.7451
50.7452
50.7453
50.7453
50.7451
50.745
50.7449
50.7449
50.745
50.7452
50.7454
50.7455
50.7447
50.7403
50.7298
50.7227
50.7207
50.7214
50.7273
50.7392
50.7472
50.7512
50.7527
50.7529
50.7526
50.7518
50.7511
50.7507
50.7503
50.7501
50.75
50.7499
50.7499
50.7499
50.7499
50.75
50.7501
50.7501
50.7502
50.7503
50.7504
50.7505
50.7506
50.7506
50.7507
50.7507
50.7507
50.7507
50.7507
50.7506
50.7505
50.7504
50.7502
50.75
50.7498
50.7496
50.7493
50.749
50.7487
50.7483
50.7479
50.7476
50.7471
50.7467
50.7463
50.7458
50.7454
50.7449
50.7444
50.744
50.7435
50.7431
50.7427
50.7423
50.7419
50.7415
50.7412
50.7408
50.7406
50.7403
50.74
50.7398
50.7396
50.7395
50.7393
50.7392
50.7391
50.739
50.7389
50.7388
50.7387
50.7386
50.7385
50.7384
50.7382
50.738
50.7378
50.7376
50.7374
50.7371
50.7368
50.7364
50.7361
50.7356
50.7352
50.7347
50.7342
50.7337
50.7331
50.7326
50.732
50.7313
50.7307
50.73
50.7294
50.7287
50.728
50.7273
50.7266
50.726
50.7253
50.7247
50.7241
50.7235
50.7229
50.7224
50.7219
50.7215
50.7211
50.7207
50.7204
50.7201
50.7198
50.7196
50.7194
50.7192
50.719
50.7188
50.7186
50.7184
50.7182
50.7179
50.7177
50.7173
50.7171
50.7155
50.7238
50.7524
50.7465
50.7608
50.7549
50.7486
50.7471
50.7468
50.7463
50.7455
50.7453
50.7452
50.7449
50.7447
50.7445
50.7443
50.7442
50.744
50.7438
50.7436
50.7434
50.7432
50.7431
50.7429
50.7427
50.7426
50.7424
50.7423
50.7421
50.7421
50.742
50.742
50.742
50.742
50.7422
50.7423
50.7423
50.7424
50.7424
50.7426
50.7427
50.7429
50.7431
50.7433
50.7435
50.7436
50.7437
50.7437
50.7436
50.7435
50.7435
50.7435
50.7435
50.7436
50.7436
50.7436
50.7434
50.7431
50.7429
50.7428
50.7428
50.7429
50.7431
50.7434
50.7435
50.743
50.7399
50.7326
50.7273
50.7254
50.7257
50.7286
50.737
50.7443
50.7487
50.7508
50.7515
50.7516
50.7515
50.7511
50.7507
50.7504
50.7502
50.7501
50.75
50.7499
50.7499
50.75
50.75
50.7501
50.7501
50.7502
50.7503
50.7504
50.7505
50.7506
50.7507
50.7507
50.7508
50.7508
50.7508
50.7508
50.7508
50.7507
50.7506
50.7505
50.7503
50.7501
50.7499
50.7497
50.7494
50.7491
50.7488
50.7484
50.748
50.7476
50.7472
50.7468
50.7464
50.7459
50.7455
50.745
50.7445
50.7441
50.7436
50.7432
50.7428
50.7424
50.742
50.7416
50.7413
50.7409
50.7406
50.7404
50.7401
50.7399
50.7397
50.7396
50.7394
50.7393
50.7392
50.7391
50.739
50.7389
50.7388
50.7387
50.7386
50.7384
50.7383
50.7381
50.7379
50.7377
50.7375
50.7372
50.7369
50.7365
50.7361
50.7357
50.7353
50.7348
50.7343
50.7338
50.7332
50.7327
50.732
50.7314
50.7308
50.7301
50.7295
50.7288
50.7281
50.7274
50.7267
50.7261
50.7254
50.7248
50.7242
50.7236
50.723
50.7225
50.722
50.7216
50.7212
50.7208
50.7205
50.7202
50.7199
50.7197
50.7195
50.7192
50.7191
50.7189
50.7187
50.7185
50.7183
50.718
50.7178
50.7174
50.7171
50.7159
50.7192
50.7129
50.7232
50.73
50.7308
50.7299
50.7292
50.7291
50.7289
50.7289
50.7289
50.7288
50.7287
50.7286
50.7285
50.7284
50.7282
50.7281
50.7279
50.7277
50.7275
50.7272
50.727
50.7268
50.7266
50.7264
50.7263
50.7262
50.7262
50.7262
50.7262
50.7262
50.7262
50.7261
50.7261
50.726
50.726
50.726
50.7261
50.7261
50.726
50.726
50.7259
50.7258
50.7258
50.7258
50.7258
50.726
50.7262
50.727
50.7294
50.7332
50.7365
50.7393
50.7414
50.743
50.744
50.7447
50.7451
50.7454
50.7456
50.7458
50.746
50.7461
50.7462
50.7465
50.7468
50.7473
50.7479
50.7485
50.7491
50.7495
50.7498
50.75
50.7501
50.7501
50.75
50.75
50.7499
50.7499
50.7498
50.7498
50.7497
50.7497
50.7498
50.7498
50.7498
50.7499
50.7499
50.75
50.7501
50.7502
50.7503
50.7504
50.7505
50.7506
50.7507
50.7507
50.7508
50.7508
50.7508
50.7508
50.7508
50.7507
50.7506
50.7505
50.7503
50.7501
50.7499
50.7497
50.7494
50.7491
50.7488
50.7484
50.748
50.7476
50.7472
50.7468
50.7464
50.7459
50.7455
50.745
50.7445
50.7441
50.7436
50.7432
50.7428
50.7424
50.742
50.7416
50.7413
50.7409
50.7406
50.7404
50.7401
50.7399
50.7397
50.7396
50.7394
50.7393
50.7392
50.7391
50.739
50.7389
50.7388
50.7387
50.7386
50.7384
50.7383
50.7381
50.7379
50.7377
50.7375
50.7372
50.7369
50.7365
50.7361
50.7357
50.7353
50.7348
50.7343
50.7338
50.7332
50.7327
50.732
50.7314
50.7308
50.7301
50.7295
50.7288
50.7281
50.7274
50.7267
50.7261
50.7254
50.7248
50.7242
50.7236
50.723
50.7225
50.722
50.7216
50.7212
50.7208
50.7205
50.7202
50.7199
50.7197
50.7194
50.7193
50.7191
50.7189
50.7187
50.7185
50.7183
50.718
50.7178
50.7175
50.7171
50.7168
50.7163
50.7536
50.7524
50.7506
50.7488
50.7476
50.7468
50.7463
50.746
50.7458
50.7456
50.7454
50.7452
50.745
50.7449
50.7447
50.7445
50.7443
50.7441
50.744
50.7438
50.7436
50.7434
50.7433
50.7431
50.743
50.7429
50.7429
50.7428
50.7428
50.7428
50.7428
50.7428
50.7428
50.7428
50.7429
50.7429
50.743
50.7432
50.7433
50.7434
50.7436
50.7437
50.7439
50.7441
50.7443
50.7444
50.7445
50.7446
50.7448
50.7449
50.745
50.745
50.7451
50.7449
50.7448
50.7447
50.7444
50.744
50.7434
50.743
50.7429
50.7428
50.7422
50.7401
50.7376
50.7361
50.7358
50.736
50.7372
50.7411
50.7456
50.7487
50.7505
50.7513
50.7515
50.7515
50.7513
50.751
50.7507
50.7504
50.7502
50.7501
50.75
50.7499
50.7499
50.7499
50.7499
50.75
50.7501
50.7501
50.7502
50.7503
50.7504
50.7505
50.7506
50.7507
50.7507
50.7508
50.7508
50.7508
50.7508
50.7508
50.7507
50.7506
50.7505
50.7503
50.7501
50.7499
50.7497
50.7494
50.7491
50.7488
50.7484
50.748
50.7476
50.7472
50.7468
50.7464
50.7459
50.7455
50.745
50.7445
50.7441
50.7436
50.7432
50.7428
50.7424
50.742
50.7416
50.7413
50.7409
50.7406
50.7404
50.7401
50.7399
50.7397
50.7396
50.7394
50.7393
50.7392
50.7391
50.739
50.7389
50.7388
50.7387
50.7386
50.7384
50.7383
50.7381
50.7379
50.7377
50.7375
50.7372
50.7369
50.7365
50.7361
50.7357
50.7353
50.7348
50.7343
50.7338
50.7332
50.7327
50.732
50.7314
50.7308
50.7301
50.7295
50.7288
50.7281
50.7274
50.7267
50.7261
50.7254
50.7248
50.7242
50.7236
50.723
50.7225
50.722
50.7216
50.7212
50.7208
50.7205
50.7202
50.7199
50.7197
50.7194
50.7193
50.7191
50.7189
50.7187
50.7185
50.7183
50.7181
50.7178
50.7175
50.7172
50.7172
50.7156
50.738
50.743
50.742
50.7404
50.7393
50.7385
50.7381
50.7378
50.7376
50.7374
50.7372
50.7371
50.7369
50.7368
50.7366
50.7365
50.7363
50.7362
50.736
50.7359
50.7358
50.7357
50.7356
50.7355
50.7354
50.7353
50.7353
50.7352
50.7352
50.7351
50.7351
50.7351
50.7351
50.7351
50.7352
50.7353
50.7353
50.7355
50.7356
50.7358
50.736
50.7362
50.7364
50.7366
50.7367
50.7369
50.7371
50.7372
50.7373
50.7374
50.7375
50.7375
50.7374
50.7373
50.737
50.7367
50.7365
50.7365
50.7367
50.7368
50.7368
50.7353
50.7288
50.7206
50.7163
50.7153
50.7161
50.7202
50.7289
50.736
50.7411
50.7445
50.7468
50.7481
50.7489
50.7494
50.7496
50.7497
50.7497
50.7497
50.7497
50.7497
50.7497
50.7497
50.7497
50.7497
50.7498
50.7499
50.7499
50.75
50.7501
50.7502
50.7503
50.7504
50.7505
50.7506
50.7506
50.7507
50.7507
50.7507
50.7507
50.7507
50.7506
50.7505
50.7504
50.7502
50.75
50.7498
50.7496
50.7493
50.749
50.7487
50.7483
50.7479
50.7476
50.7471
50.7467
50.7463
50.7458
50.7454
50.7449
50.7444
50.744
50.7435
50.7431
50.7427
50.7423
50.7419
50.7415
50.7412
50.7408
50.7406
50.7403
50.74
50.7398
50.7396
50.7395
50.7393
50.7392
50.7391
50.739
50.7389
50.7388
50.7387
50.7386
50.7385
50.7384
50.7382
50.738
50.7378
50.7376
50.7374
50.7371
50.7368
50.7364
50.7361
50.7356
50.7352
50.7347
50.7342
50.7337
50.7331
50.7326
50.732
50.7313
50.7307
50.73
50.7294
50.7287
50.728
50.7273
50.7266
50.726
50.7253
50.7247
50.7241
50.7235
50.7229
50.7224
50.7219
50.7215
50.7211
50.7207
50.7204
50.7201
50.7198
50.7196
50.7194
50.7192
50.719
50.7188
50.7186
50.7184
50.7182
50.718
50.7177
50.7174
50.7171
50.7171
50.7153
50.6862
50.6732
50.6683
50.6673
50.6649
50.6598
50.653
50.6457
50.6375
50.6294
50.6213
50.6128
50.6049
50.5969
50.5896
50.5825
50.5767
50.5716
50.568
50.5662
50.695
50.6917
50.6921
50.6933
50.692
50.6882
50.6822
50.6766
50.6693
50.6629
50.656
50.6493
50.642
50.6357
50.6295
50.6239
50.6187
50.6147
50.6118
50.6097
50.7168
50.7167
50.7155
50.7134
50.7105
50.707
50.7028
50.6978
50.6923
50.6855
50.6777
50.6687
50.6589
50.6494
50.6411
50.6335
50.625
50.6147
50.6038
50.5916
50.7275
50.731
50.7308
50.7292
50.7277
50.7263
50.7244
50.7205
50.7162
50.7126
50.7103
50.713
50.7204
50.7208
50.7106
50.6922
50.6758
50.6656
50.6562
50.6492
50.7309
50.7377
50.7385
50.7366
50.735
50.7337
50.7316
50.7279
50.7235
50.7197
50.7173
50.7196
50.7262
50.7283
50.7206
50.7052
50.6877
50.6763
50.6657
50.6577
50.588
50.5904
50.5885
50.5872
50.5857
50.5844
50.5838
50.5833
50.5828
50.5823
50.5817
50.5812
50.5806
50.5801
50.5796
50.5791
50.5786
50.5781
50.5776
50.5772
50.5768
50.5764
50.576
50.5757
50.5754
50.575
50.5747
50.5744
50.574
50.5737
50.5733
50.573
50.5726
50.5723
50.572
50.5716
50.5713
50.5709
50.5706
50.5703
50.57
50.5697
50.5694
50.569
50.5687
50.5683
50.568
50.5677
50.5674
50.567
50.5665
50.566
50.5654
50.5649
50.5643
50.5637
50.563
50.5624
50.5619
50.5616
50.5613
50.5609
50.5594
50.5535
50.5446
50.5393
50.5375
50.5375
50.5404
50.5483
50.5554
50.5604
50.5637
50.5659
50.5671
50.5677
50.568
50.5681
50.568
50.5678
50.5676
50.5674
50.5672
50.567
50.5668
50.5666
50.5665
50.5663
50.5661
50.566
50.5658
50.5656
50.5655
50.5652
50.565
50.5647
50.5644
50.5641
50.5626
50.5702
50.6033
50.5994
50.5971
50.5953
50.5937
50.5923
50.5916
50.5912
50.5907
50.5901
50.5895
50.5889
50.5884
50.5879
50.5873
50.5868
50.5863
50.5858
50.5853
50.5849
50.5845
50.584
50.5836
50.5832
50.5829
50.5825
50.5822
50.5818
50.5815
50.5811
50.5808
50.5804
50.5801
50.5797
50.5794
50.579
50.5787
50.5784
50.578
50.5777
50.5773
50.577
50.5767
50.5764
50.576
50.5757
50.5753
50.575
50.5746
50.5742
50.5739
50.5734
50.573
50.5725
50.5719
50.5711
50.5705
50.57
50.5692
50.5682
50.5674
50.5669
50.5663
50.5655
50.5634
50.5604
50.5583
50.5574
50.5572
50.5577
50.5606
50.5649
50.5679
50.5696
50.5703
50.5704
50.5702
50.5698
50.5693
50.5688
50.5683
50.5679
50.5676
50.5673
50.567
50.5668
50.5666
50.5664
50.5663
50.5661
50.5659
50.5657
50.5655
50.5653
50.5651
50.5648
50.5645
50.5641
50.563
50.5659
50.5575
50.5687
50.5773
50.5786
50.5771
50.5758
50.575
50.5746
50.5741
50.5736
50.573
50.5725
50.572
50.5716
50.5712
50.5708
50.5704
50.57
50.5695
50.5691
50.5687
50.5682
50.5678
50.5674
50.567
50.5666
50.5662
50.5658
50.5655
50.5651
50.5647
50.5643
50.5639
50.5635
50.5631
50.5627
50.5622
50.5617
50.5613
50.5609
50.5605
50.56
50.5594
50.5588
50.5582
50.5577
50.5573
50.5569
50.5566
50.5567
50.5584
50.5614
50.5641
50.5664
50.568
50.5691
50.5696
50.5699
50.5699
50.5698
50.5696
50.5693
50.5691
50.5689
50.5687
50.5685
50.5684
50.5686
50.5688
50.5691
50.5693
50.5694
50.5695
50.5694
50.5692
50.569
50.5687
50.5685
50.5682
50.5679
50.5677
50.5675
50.5672
50.567
50.5669
50.5667
50.5665
50.5664
50.5662
50.5661
50.5659
50.5657
50.5655
50.5653
50.5651
50.5648
50.5645
50.5642
50.5638
50.5634
50.6354
50.6138
50.6005
50.5965
50.5955
50.5943
50.5924
50.5908
50.5904
50.5898
50.589
50.5884
50.5878
50.5873
50.5868
50.5862
50.5857
50.5853
50.5849
50.5845
50.584
50.5837
50.5833
50.5829
50.5825
50.5821
50.5817
50.5813
50.5809
50.5806
50.5802
50.5798
50.5794
50.579
50.5787
50.5784
50.578
50.5777
50.5773
50.577
50.5766
50.5763
50.576
50.5757
50.5753
50.5749
50.5744
50.5739
50.5734
50.5729
50.5725
50.572
50.5716
50.5711
50.5706
50.5699
50.5691
50.5685
50.568
50.5676
50.5673
50.567
50.5668
50.5666
50.5664
50.5656
50.5628
50.5555
50.5493
50.5465
50.5461
50.5477
50.5546
50.5623
50.567
50.5693
50.5701
50.5701
50.5698
50.5693
50.5687
50.5682
50.5678
50.5674
50.5671
50.5669
50.5667
50.5665
50.5663
50.5661
50.5659
50.5658
50.5656
50.5653
50.5651
50.5648
50.5645
50.5642
50.5643
50.5629
50.6369
50.6145
50.6008
50.5972
50.5963
50.5954
50.5934
50.5917
50.5914
50.5909
50.5902
50.5895
50.5889
50.5884
50.5879
50.5873
50.5868
50.5864
50.5859
50.5855
50.5851
50.5847
50.5843
50.5839
50.5835
50.5831
50.5827
50.5824
50.582
50.5816
50.5813
50.5809
50.5805
50.5801
50.5798
50.5794
50.5791
50.5788
50.5785
50.5781
50.5778
50.5774
50.5771
50.5767
50.5764
50.5761
50.5757
50.5753
50.5748
50.5743
50.5739
50.5734
50.5731
50.5727
50.5722
50.5717
50.5712
50.5706
50.57
50.5695
50.5691
50.5688
50.5686
50.5684
50.5682
50.5679
50.5671
50.5639
50.5543
50.5456
50.542
50.5417
50.5448
50.5552
50.5642
50.5691
50.571
50.5713
50.5709
50.5701
50.5692
50.5685
50.5679
50.5675
50.5671
50.5669
50.5666
50.5664
50.5662
50.566
50.5659
50.5657
50.5655
50.5653
50.565
50.5647
50.5645
50.5642
50.5642
50.5626
50.5343
50.5216
50.5169
50.5158
50.5134
50.5084
50.5017
50.4947
50.4866
50.4787
50.4708
50.4625
50.4549
50.447
50.4399
50.4329
50.4272
50.4222
50.4187
50.4169
50.5429
50.5397
50.5401
50.5411
50.5399
50.5361
50.5302
50.5248
50.5176
50.5114
50.5047
50.4979
50.4909
50.4849
50.4788
50.4732
50.4682
50.4644
50.4614
50.4592
50.5639
50.5637
50.5626
50.5605
50.5577
50.5543
50.5502
50.5454
50.54
50.5333
50.5257
50.5167
50.5073
50.4985
50.4908
50.4834
50.4746
50.4643
50.4535
50.4413
50.5742
50.5776
50.5774
50.5759
50.5744
50.573
50.571
50.5671
50.5629
50.5594
50.5577
50.5632
50.5691
50.5666
50.5537
50.5351
50.5227
50.5138
50.5055
50.5005
50.5775
50.5842
50.5849
50.5831
50.5815
50.5801
50.578
50.5742
50.5699
50.5663
50.5646
50.5693
50.575
50.5744
50.5645
50.5475
50.5335
50.5238
50.5141
50.5087
50.4376
50.4399
50.4385
50.4375
50.436
50.4349
50.4344
50.4341
50.4339
50.4336
50.4333
50.4331
50.433
50.4328
50.4328
50.4328
50.4328
50.4328
50.4329
50.433
50.433
50.4331
50.4333
50.4334
50.4335
50.4337
50.4338
50.434
50.4342
50.4344
50.4346
50.4348
50.435
50.4352
50.4355
50.4357
50.436
50.4363
50.4366
50.4369
50.4373
50.4377
50.438
50.4385
50.439
50.4395
50.44
50.4406
50.4412
50.4417
50.4422
50.4427
50.4433
50.4438
50.4442
50.4447
50.4454
50.4464
50.4476
50.4485
50.4483
50.4432
50.436
50.4325
50.4325
50.4346
50.4396
50.4495
50.4581
50.4648
50.4698
50.4736
50.4766
50.4791
50.4812
50.4831
50.485
50.4868
50.4886
50.4903
50.4921
50.4939
50.4958
50.4976
50.4995
50.5014
50.5034
50.5054
50.5073
50.5094
50.5114
50.5134
50.5155
50.5176
50.5197
50.5218
50.524
50.5262
50.5283
50.5305
50.5328
50.535
50.5373
50.5396
50.5419
50.5442
50.5466
50.549
50.5515
50.554
50.5565
50.559
50.5616
50.5643
50.567
50.5697
50.5725
50.5753
50.5782
50.5811
50.5841
50.5871
50.5902
50.5933
50.5965
50.5997
50.603
50.6063
50.6097
50.6131
50.6165
50.62
50.6236
50.6272
50.6308
50.6344
50.6381
50.6419
50.6456
50.6494
50.6531
50.6569
50.6608
50.6646
50.6684
50.6723
50.6762
50.68
50.6839
50.6878
50.6917
50.6956
50.6996
50.7035
50.7075
50.7115
50.7155
50.7196
50.7236
50.7278
50.7319
50.7361
50.7403
50.7445
50.7488
50.7532
50.7575
50.7619
50.7664
50.7709
50.7755
50.7801
50.7847
50.7894
50.7942
50.799
50.8038
50.8087
50.8137
50.8187
50.8238
50.8289
50.8341
50.8394
50.8447
50.85
50.8554
50.8608
50.8664
50.8718
50.8775
50.883
50.8888
50.8943
50.9002
50.9056
50.9117
50.9171
50.9234
50.9285
50.4523
50.4486
50.4468
50.4453
50.4438
50.4427
50.4422
50.4419
50.4417
50.4413
50.441
50.4408
50.4407
50.4405
50.4404
50.4404
50.4403
50.4404
50.4404
50.4405
50.4405
50.4406
50.4407
50.4409
50.441
50.4411
50.4413
50.4415
50.4416
50.4418
50.442
50.4422
50.4424
50.4427
50.4429
50.4432
50.4434
50.4437
50.444
50.4444
50.4447
50.4451
50.4455
50.4459
50.4463
50.4468
50.4473
50.4478
50.4484
50.449
50.4496
50.4503
50.4507
50.4512
50.4518
50.4524
50.4528
50.4531
50.4536
50.4546
50.4555
50.456
50.455
50.4537
50.4534
50.4543
50.456
50.4586
50.4637
50.4696
50.4742
50.4775
50.4797
50.4816
50.4834
50.4848
50.4862
50.4877
50.4892
50.4908
50.4925
50.4942
50.496
50.4978
50.4997
50.5016
50.5035
50.5055
50.5074
50.5095
50.5115
50.5135
50.5156
50.5177
50.5198
50.5219
50.5241
50.5262
50.5284
50.5306
50.5329
50.5351
50.5374
50.5397
50.542
50.5443
50.5467
50.5491
50.5516
50.5541
50.5566
50.5591
50.5617
50.5644
50.567
50.5698
50.5725
50.5754
50.5782
50.5812
50.5841
50.5872
50.5902
50.5934
50.5965
50.5998
50.603
50.6064
50.6097
50.6132
50.6166
50.6201
50.6237
50.6273
50.6309
50.6345
50.6382
50.6419
50.6457
50.6494
50.6532
50.657
50.6608
50.6647
50.6685
50.6724
50.6762
50.6801
50.684
50.6879
50.6918
50.6957
50.6997
50.7036
50.7076
50.7116
50.7156
50.7196
50.7237
50.7278
50.732
50.7362
50.7404
50.7446
50.7489
50.7532
50.7576
50.762
50.7665
50.771
50.7755
50.7801
50.7848
50.7895
50.7942
50.799
50.8039
50.8088
50.8138
50.8188
50.8239
50.829
50.8342
50.8395
50.8448
50.8501
50.8555
50.8609
50.8665
50.8719
50.8776
50.8831
50.8889
50.8943
50.9003
50.9057
50.9118
50.9172
50.9235
50.9286
50.4072
50.4192
50.4278
50.4289
50.4275
50.4263
50.4258
50.4257
50.4255
50.4253
50.4252
50.425
50.4249
50.4248
50.4246
50.4246
50.4245
50.4245
50.4245
50.4245
50.4246
50.4246
50.4247
50.4249
50.425
50.4252
50.4253
50.4255
50.4257
50.4259
50.4261
50.4263
50.4265
50.4267
50.4269
50.427
50.4272
50.4274
50.4276
50.4276
50.4277
50.4277
50.4279
50.4281
50.4284
50.4288
50.4294
50.4302
50.432
50.4358
50.4398
50.4433
50.4462
50.4486
50.4505
50.452
50.4533
50.4546
50.4558
50.457
50.4582
50.4594
50.4607
50.4622
50.4638
50.4656
50.4675
50.4694
50.4714
50.4733
50.4752
50.4769
50.4786
50.4802
50.4819
50.4835
50.4852
50.4869
50.4886
50.4904
50.4922
50.494
50.4958
50.4977
50.4996
50.5015
50.5035
50.5054
50.5074
50.5094
50.5115
50.5135
50.5156
50.5177
50.5198
50.5219
50.5241
50.5262
50.5284
50.5306
50.5329
50.5351
50.5374
50.5397
50.542
50.5443
50.5467
50.5491
50.5516
50.5541
50.5566
50.5591
50.5617
50.5644
50.567
50.5698
50.5725
50.5754
50.5782
50.5812
50.5841
50.5872
50.5902
50.5934
50.5965
50.5998
50.603
50.6064
50.6097
50.6132
50.6166
50.6201
50.6237
50.6273
50.6309
50.6345
50.6382
50.6419
50.6457
50.6494
50.6532
50.657
50.6608
50.6647
50.6685
50.6724
50.6762
50.6801
50.684
50.6879
50.6918
50.6957
50.6997
50.7036
50.7076
50.7116
50.7156
50.7196
50.7237
50.7278
50.732
50.7362
50.7404
50.7446
50.7489
50.7532
50.7576
50.762
50.7665
50.771
50.7755
50.7801
50.7848
50.7895
50.7942
50.799
50.8039
50.8088
50.8138
50.8188
50.8239
50.829
50.8342
50.8395
50.8448
50.8501
50.8555
50.8609
50.8665
50.872
50.8776
50.8831
50.8888
50.8944
50.9001
50.9059
50.9116
50.9172
50.9232
50.9286
50.4869
50.4623
50.4497
50.4467
50.4457
50.4445
50.4427
50.4417
50.4415
50.4411
50.4406
50.4403
50.4402
50.4402
50.4401
50.44
50.4399
50.4399
50.4399
50.4399
50.44
50.4401
50.4401
50.4402
50.4404
50.4405
50.4407
50.4408
50.441
50.4412
50.4414
50.4416
50.4418
50.4421
50.4423
50.4426
50.4428
50.4431
50.4434
50.4437
50.4441
50.4444
50.4448
50.4452
50.4456
50.4459
50.4463
50.4467
50.4472
50.4478
50.4483
50.449
50.4497
50.4502
50.4505
50.451
50.4515
50.4523
50.4532
50.4543
50.4556
50.4569
50.4582
50.4589
50.4569
50.451
50.4473
50.4468
50.4487
50.4531
50.4628
50.4716
50.4774
50.481
50.4833
50.4852
50.4868
50.4881
50.4895
50.491
50.4926
50.4943
50.4961
50.4979
50.4997
50.5016
50.5035
50.5055
50.5075
50.5095
50.5115
50.5135
50.5156
50.5177
50.5198
50.5219
50.5241
50.5262
50.5284
50.5306
50.5329
50.5351
50.5374
50.5397
50.542
50.5443
50.5467
50.5491
50.5516
50.5541
50.5566
50.5591
50.5617
50.5644
50.567
50.5698
50.5725
50.5754
50.5782
50.5812
50.5841
50.5872
50.5902
50.5934
50.5965
50.5998
50.603
50.6064
50.6097
50.6132
50.6166
50.6201
50.6237
50.6273
50.6309
50.6345
50.6382
50.6419
50.6457
50.6494
50.6532
50.657
50.6608
50.6647
50.6685
50.6724
50.6762
50.6801
50.684
50.6879
50.6918
50.6957
50.6997
50.7036
50.7076
50.7116
50.7156
50.7196
50.7237
50.7278
50.732
50.7362
50.7404
50.7446
50.7489
50.7532
50.7576
50.762
50.7665
50.771
50.7755
50.7801
50.7848
50.7895
50.7942
50.799
50.8039
50.8088
50.8138
50.8188
50.8239
50.829
50.8342
50.8395
50.8448
50.8501
50.8555
50.861
50.8664
50.8721
50.8775
50.8833
50.8887
50.8946
50.9
50.906
50.9114
50.9175
50.9221
50.9299
50.4884
50.463
50.45
50.4474
50.4465
50.4456
50.4437
50.4426
50.4425
50.4421
50.4417
50.4413
50.4412
50.4411
50.441
50.441
50.4409
50.4409
50.4409
50.441
50.441
50.4411
50.4412
50.4413
50.4414
50.4416
50.4417
50.4419
50.4421
50.4423
50.4424
50.4427
50.4429
50.4431
50.4433
50.4436
50.4439
50.4442
50.4445
50.4448
50.4451
50.4455
50.4458
50.4462
50.4467
50.4471
50.4475
50.448
50.4485
50.449
50.4496
50.4503
50.451
50.4518
50.4525
50.4531
50.4537
50.4544
50.4552
50.4562
50.4574
50.4587
50.4601
50.4613
50.4619
50.4588
50.45
50.4444
50.4438
50.4462
50.4532
50.4663
50.4757
50.4813
50.4844
50.4864
50.4879
50.4888
50.4899
50.4913
50.4928
50.4944
50.4961
50.4978
50.4997
50.5015
50.5035
50.5054
50.5074
50.5094
50.5114
50.5135
50.5155
50.5176
50.5197
50.5218
50.524
50.5262
50.5283
50.5305
50.5328
50.535
50.5373
50.5396
50.5419
50.5442
50.5466
50.549
50.5515
50.554
50.5565
50.559
50.5616
50.5643
50.567
50.5697
50.5725
50.5753
50.5782
50.5811
50.5841
50.5871
50.5902
50.5933
50.5965
50.5997
50.603
50.6063
50.6097
50.6131
50.6165
50.62
50.6236
50.6272
50.6308
50.6344
50.6381
50.6419
50.6456
50.6494
50.6531
50.6569
50.6608
50.6646
50.6684
50.6723
50.6762
50.68
50.6839
50.6878
50.6917
50.6956
50.6996
50.7035
50.7075
50.7115
50.7155
50.7196
50.7236
50.7278
50.7319
50.7361
50.7403
50.7445
50.7488
50.7532
50.7575
50.7619
50.7664
50.7709
50.7755
50.7801
50.7847
50.7894
50.7942
50.799
50.8038
50.8087
50.8137
50.8187
50.8238
50.8289
50.8341
50.8394
50.8447
50.85
50.8554
50.8609
50.8663
50.872
50.8774
50.8832
50.8886
50.8945
50.8999
50.9059
50.9113
50.9174
50.9217
50.9329
50.9416
50.9473
50.9493
50.9497
50.9502
50.9506
50.9499
50.9489
50.9482
50.9492
50.9538
50.9598
50.9614
50.9551
50.9442
50.936
50.931
50.9262
50.922
50.9275
50.9392
50.9427
50.9442
50.9447
50.9453
50.9458
50.945
50.944
50.9437
50.9448
50.9498
50.9559
50.9564
50.9486
50.9362
50.9289
50.9243
50.9204
50.9171
50.9219
50.9328
50.9342
50.9348
50.9348
50.9343
50.9333
50.9319
50.9299
50.9272
50.9236
50.9192
50.9144
50.9099
50.906
50.9023
50.8976
50.8919
50.8856
50.8788
50.8709
50.9216
50.9211
50.9227
50.9244
50.9245
50.923
50.92
50.9171
50.9139
50.9108
50.9072
50.9044
50.9006
50.8973
50.8939
50.8912
50.889
50.8872
50.8857
50.8851
50.9154
50.9087
50.9068
50.9072
50.9066
50.9043
50.9008
50.8969
50.8929
50.8887
50.8843
50.8804
50.8759
50.8715
50.8675
50.8639
50.8608
50.8583
50.8566
50.856
50.9098
50.8946
50.8982
50.9059
50.9118
50.9186
50.9261
50.9338
50.9419
50.95
50.9582
50.9664
50.9747
50.9832
50.9917
51.0002
51.0089
51.0175
51.0262
51.035
51.0438
51.0527
51.0616
51.0705
51.0794
51.0883
51.0974
51.1066
51.1157
51.1248
51.1341
51.1434
51.153
51.1627
51.172
51.181
51.1903
51.1999
51.2096
51.2194
51.2294
51.2395
51.2494
51.2591
51.2689
51.2795
51.291
51.3025
51.312
51.3141
51.3124
51.3175
51.329
51.3444
51.3672
51.3884
51.4044
51.4179
51.43
51.4398
51.4499
51.4604
51.4712
51.4822
51.4933
51.5045
51.5158
51.5271
51.5384
51.5497
51.5611
51.5725
51.5839
51.5953
51.6067
51.6182
51.6296
51.6411
51.6526
51.6641
51.6757
51.6872
51.6988
51.7104
51.722
51.7336
51.7453
51.757
51.7687
51.7805
51.7923
51.8041
51.816
51.8278
51.8397
51.8517
51.8636
51.8756
51.8876
51.8997
51.9117
51.9238
51.9358
51.9479
51.96
51.972
51.9841
51.9961
52.0082
52.0202
52.0323
52.0443
52.0563
52.0682
52.0802
52.0921
52.104
52.1159
52.1278
52.1397
52.1515
52.1633
52.1751
52.1869
52.1987
52.2105
52.2223
52.234
52.2458
52.2575
52.2692
52.281
52.2927
52.3044
52.3161
52.3278
52.3395
52.3512
52.3629
52.3746
52.3862
52.3979
52.4095
52.4211
52.4327
52.4442
52.4557
52.4672
52.4787
52.4901
52.5015
52.5129
52.5242
52.5355
52.5467
52.5579
52.5691
52.5802
52.5912
52.6022
52.6132
52.6241
52.635
52.6458
52.6566
52.6674
52.6781
52.6887
52.6994
52.71
52.7205
52.731
52.7415
52.752
52.7624
52.7728
52.7831
52.7934
52.8037
52.8139
52.8241
52.8343
52.8444
52.8545
52.8645
52.8745
52.8844
52.8943
52.9042
52.9139
52.9237
52.9333
52.9429
52.9525
52.962
52.9714
52.9808
52.9901
52.9993
53.0085
53.0176
53.0267
53.0357
53.0446
53.0535
53.0623
53.071
53.0797
53.0883
53.0969
53.1054
53.1139
53.1223
53.1306
53.1389
53.1471
53.1553
53.1634
53.1715
53.1795
53.1874
53.1953
53.2032
53.211
53.2187
53.2263
53.2339
53.2415
53.2489
53.2564
53.2637
53.271
53.2782
53.2853
53.2924
53.2994
53.3063
53.3132
53.3199
53.3266
53.3333
53.3398
53.3463
53.3527
53.3591
53.3654
53.3716
53.3777
53.3838
53.3897
53.3957
53.4015
53.4073
53.413
53.4187
53.4243
53.4298
53.4353
53.4407
53.446
53.4513
53.4565
53.4616
53.4667
53.4717
53.4766
53.4815
53.4863
53.491
53.4957
53.5003
53.5048
53.5093
53.5137
53.518
53.5222
53.5264
53.5305
53.5345
53.5385
53.5423
53.5461
53.5499
53.5535
53.5571
53.5606
53.5641
53.5674
53.5707
53.574
53.5771
53.5802
53.5832
53.5862
53.5891
53.5919
53.5947
53.5974
53.6
53.6025
53.6051
53.6075
53.6099
53.6122
53.6144
53.6166
53.6187
53.6208
53.6228
53.6247
53.6266
53.6284
53.6302
53.6318
53.6335
53.635
53.6365
53.638
53.6393
53.6407
53.6419
53.6431
53.6443
53.6454
53.6464
53.6474
53.6483
53.6492
53.65
53.6508
53.6516
53.6523
53.653
53.6536
53.6543
53.6549
53.6554
53.656
53.6565
53.6571
53.6576
53.6581
53.6586
53.6591
53.6596
53.6601
53.6606
53.6611
53.6616
53.6621
53.6626
53.6632
53.6637
53.6643
53.6648
53.6654
53.666
53.6667
53.6673
53.668
53.6686
53.6693
53.67
53.6707
53.6715
53.6722
53.673
53.6738
53.6745
53.6753
53.6762
53.677
53.6778
53.6787
53.6795
53.6804
53.6813
53.6822
53.6831
53.684
53.6849
53.6858
53.6867
53.6877
53.6886
53.6895
53.6904
53.6914
53.6923
53.6933
53.6942
53.6951
53.6961
53.697
53.6979
53.6988
53.6998
53.7007
53.7016
53.7025
53.7034
53.7043
53.7052
53.7061
53.707
53.7079
53.7088
53.7097
53.7106
53.7115
53.7124
53.7132
53.7141
53.715
53.7159
53.7168
53.7177
53.7186
53.7195
53.7204
53.7213
53.7222
53.7231
53.724
53.7249
53.7258
53.7267
53.7276
53.7285
53.7294
53.7303
53.7311
53.732
53.7329
53.7338
53.7346
53.7354
53.7363
53.7371
53.7379
53.7387
53.7395
53.7402
53.7409
53.7417
53.7424
53.743
53.7437
53.7444
53.745
53.7456
53.7462
53.7467
53.7473
53.7478
53.7483
53.7488
53.7492
53.7497
53.7501
53.7505
53.7509
53.7513
53.7517
53.752
53.7523
53.7527
53.753
53.7533
53.7535
53.7538
53.7541
53.7543
53.7546
53.7548
53.755
53.7553
53.7555
53.7557
53.7559
53.7561
53.7563
53.7565
53.7567
53.7569
53.7571
53.7573
53.7575
53.7577
53.7579
53.7581
53.7583
53.7585
53.7588
53.759
53.7593
53.7595
53.7598
53.7601
53.7604
53.7607
53.761
53.7614
53.7618
53.7621
53.7625
53.763
53.7634
53.7639
53.7643
53.7648
53.7654
53.7659
53.7665
53.7671
53.7677
53.7683
53.7689
53.7696
53.7703
53.771
53.7717
53.7725
53.7732
53.774
53.7748
53.7756
53.7764
53.7773
53.7781
53.779
53.7799
53.7807
53.7816
53.7825
53.7834
53.7844
53.7853
53.7862
53.7872
53.7881
53.789
53.79
53.7909
53.7919
53.7929
53.7938
53.7948
53.7958
53.7967
53.7977
53.7987
53.7997
53.8007
53.8016
53.8026
53.8036
53.8046
53.8057
53.8067
53.8077
53.8087
53.8098
53.8108
53.8119
53.813
53.814
53.8151
53.8162
53.8174
53.8185
53.8196
53.8208
53.822
53.8232
53.8244
53.8256
53.8269
53.8281
53.8294
53.8307
53.832
53.8333
53.8347
53.836
53.8374
53.8387
53.8402
53.8415
53.8431
53.8444
53.846
53.8473
53.8489
53.8502
53.8519
53.8532
53.8549
53.8563
53.8583
50.9078
50.8937
50.8974
50.9044
50.9105
50.9174
50.9248
50.9326
50.9407
50.9489
50.9571
50.9653
50.9737
50.9821
50.9906
50.9992
51.0078
51.0165
51.0252
51.034
51.0428
51.0516
51.0605
51.0694
51.0783
51.0873
51.0963
51.1054
51.1145
51.1236
51.1327
51.1419
51.1514
51.161
51.1704
51.1796
51.189
51.1987
51.2085
51.2183
51.2282
51.2381
51.2477
51.2573
51.2675
51.2787
51.2902
51.3007
51.3069
51.3092
51.3144
51.3243
51.3375
51.3538
51.3733
51.3897
51.4036
51.4166
51.4283
51.4386
51.4493
51.4601
51.4711
51.4822
51.4933
51.5046
51.5158
51.5271
51.5385
51.5498
51.5612
51.5726
51.584
51.5954
51.6068
51.6183
51.6297
51.6412
51.6527
51.6642
51.6757
51.6873
51.6989
51.7105
51.7221
51.7337
51.7454
51.7571
51.7688
51.7806
51.7924
51.8042
51.816
51.8279
51.8398
51.8518
51.8637
51.8757
51.8877
51.8997
51.9118
51.9238
51.9359
51.948
51.96
51.9721
51.9842
51.9962
52.0083
52.0203
52.0323
52.0443
52.0563
52.0683
52.0803
52.0922
52.1041
52.116
52.1279
52.1397
52.1516
52.1634
52.1752
52.187
52.1988
52.2106
52.2223
52.2341
52.2458
52.2576
52.2693
52.281
52.2928
52.3045
52.3162
52.3279
52.3396
52.3513
52.363
52.3746
52.3863
52.3979
52.4096
52.4212
52.4327
52.4443
52.4558
52.4673
52.4788
52.4902
52.5016
52.513
52.5243
52.5356
52.5468
52.558
52.5691
52.5802
52.5913
52.6023
52.6133
52.6242
52.6351
52.6459
52.6567
52.6674
52.6781
52.6888
52.6995
52.71
52.7206
52.7311
52.7416
52.7521
52.7625
52.7729
52.7832
52.7935
52.8038
52.814
52.8242
52.8344
52.8445
52.8546
52.8646
52.8746
52.8845
52.8944
52.9042
52.914
52.9237
52.9334
52.943
52.9526
52.9621
52.9715
52.9809
52.9902
52.9994
53.0086
53.0177
53.0268
53.0358
53.0447
53.0536
53.0624
53.0711
53.0798
53.0884
53.097
53.1055
53.1139
53.1223
53.1307
53.139
53.1472
53.1554
53.1635
53.1715
53.1796
53.1875
53.1954
53.2032
53.211
53.2187
53.2264
53.234
53.2415
53.249
53.2564
53.2638
53.271
53.2783
53.2854
53.2925
53.2995
53.3064
53.3132
53.32
53.3267
53.3334
53.3399
53.3464
53.3528
53.3592
53.3654
53.3716
53.3778
53.3838
53.3898
53.3957
53.4016
53.4074
53.4131
53.4188
53.4243
53.4299
53.4353
53.4407
53.4461
53.4513
53.4565
53.4617
53.4667
53.4717
53.4767
53.4815
53.4864
53.4911
53.4958
53.5004
53.5049
53.5093
53.5137
53.518
53.5223
53.5264
53.5305
53.5346
53.5385
53.5424
53.5462
53.5499
53.5536
53.5572
53.5607
53.5641
53.5675
53.5708
53.574
53.5772
53.5803
53.5833
53.5863
53.5891
53.592
53.5947
53.5974
53.6
53.6026
53.6051
53.6076
53.6099
53.6122
53.6145
53.6167
53.6188
53.6209
53.6229
53.6248
53.6267
53.6285
53.6302
53.6319
53.6335
53.6351
53.6366
53.638
53.6394
53.6407
53.642
53.6432
53.6443
53.6454
53.6465
53.6474
53.6484
53.6493
53.6501
53.6509
53.6517
53.6524
53.6531
53.6537
53.6543
53.6549
53.6555
53.6561
53.6566
53.6571
53.6576
53.6581
53.6586
53.6591
53.6596
53.6601
53.6606
53.6611
53.6616
53.6621
53.6627
53.6632
53.6638
53.6643
53.6649
53.6655
53.6661
53.6667
53.6674
53.668
53.6687
53.6694
53.6701
53.6708
53.6715
53.6723
53.673
53.6738
53.6746
53.6754
53.6762
53.677
53.6779
53.6787
53.6796
53.6805
53.6813
53.6822
53.6831
53.684
53.6849
53.6859
53.6868
53.6877
53.6886
53.6896
53.6905
53.6914
53.6924
53.6933
53.6942
53.6952
53.6961
53.697
53.698
53.6989
53.6998
53.7007
53.7016
53.7026
53.7035
53.7044
53.7053
53.7062
53.7071
53.708
53.7089
53.7097
53.7106
53.7115
53.7124
53.7133
53.7142
53.7151
53.716
53.7168
53.7177
53.7186
53.7195
53.7204
53.7213
53.7222
53.7231
53.724
53.7249
53.7258
53.7267
53.7276
53.7285
53.7294
53.7303
53.7312
53.7321
53.7329
53.7338
53.7347
53.7355
53.7363
53.7371
53.7379
53.7387
53.7395
53.7403
53.741
53.7417
53.7424
53.7431
53.7438
53.7444
53.745
53.7456
53.7462
53.7468
53.7473
53.7478
53.7483
53.7488
53.7493
53.7497
53.7502
53.7506
53.751
53.7513
53.7517
53.7521
53.7524
53.7527
53.753
53.7533
53.7536
53.7539
53.7541
53.7544
53.7546
53.7549
53.7551
53.7553
53.7555
53.7557
53.7559
53.7561
53.7563
53.7565
53.7567
53.7569
53.7571
53.7573
53.7575
53.7577
53.7579
53.7581
53.7584
53.7586
53.7588
53.7591
53.7593
53.7596
53.7598
53.7601
53.7604
53.7607
53.7611
53.7614
53.7618
53.7622
53.7626
53.763
53.7634
53.7639
53.7644
53.7649
53.7654
53.7659
53.7665
53.7671
53.7677
53.7683
53.769
53.7696
53.7703
53.771
53.7718
53.7725
53.7733
53.774
53.7748
53.7756
53.7765
53.7773
53.7782
53.779
53.7799
53.7808
53.7817
53.7826
53.7835
53.7844
53.7853
53.7863
53.7872
53.7881
53.7891
53.79
53.791
53.7919
53.7929
53.7939
53.7948
53.7958
53.7968
53.7977
53.7987
53.7997
53.8007
53.8017
53.8027
53.8037
53.8047
53.8057
53.8067
53.8077
53.8088
53.8098
53.8109
53.8119
53.813
53.8141
53.8152
53.8163
53.8174
53.8185
53.8197
53.8208
53.822
53.8232
53.8244
53.8256
53.8269
53.8281
53.8294
53.8307
53.832
53.8333
53.8347
53.836
53.8374
53.8387
53.8403
53.8415
53.8431
53.8444
53.846
53.8473
53.849
53.8502
53.8519
53.8532
53.8549
53.8563
53.8583
50.8449
50.8671
50.8805
50.8873
50.8938
50.9011
50.909
50.9171
50.9252
50.9334
50.9417
50.9501
50.9585
50.967
50.9755
50.9841
50.9926
51.0012
51.0098
51.0185
51.0272
51.036
51.0448
51.0536
51.0625
51.0716
51.0806
51.0896
51.0985
51.1074
51.1163
51.1252
51.1341
51.1432
51.1529
51.1635
51.175
51.1872
51.2009
51.2136
51.2256
51.2375
51.249
51.2598
51.2704
51.281
51.2916
51.3024
51.3133
51.3244
51.3358
51.3472
51.3586
51.37
51.3813
51.3925
51.4036
51.4147
51.4258
51.437
51.4481
51.4594
51.4706
51.4818
51.4931
51.5044
51.5157
51.5271
51.5384
51.5498
51.5612
51.5725
51.584
51.5954
51.6068
51.6183
51.6297
51.6412
51.6527
51.6642
51.6757
51.6873
51.6989
51.7105
51.7221
51.7337
51.7454
51.7571
51.7688
51.7806
51.7924
51.8042
51.816
51.8279
51.8398
51.8518
51.8637
51.8757
51.8877
51.8997
51.9118
51.9238
51.9359
51.948
51.96
51.9721
51.9842
51.9962
52.0083
52.0203
52.0323
52.0443
52.0563
52.0683
52.0803
52.0922
52.1041
52.116
52.1279
52.1397
52.1516
52.1634
52.1752
52.187
52.1988
52.2106
52.2223
52.2341
52.2458
52.2576
52.2693
52.281
52.2928
52.3045
52.3162
52.3279
52.3396
52.3513
52.363
52.3746
52.3863
52.3979
52.4096
52.4212
52.4327
52.4443
52.4558
52.4673
52.4788
52.4902
52.5016
52.513
52.5243
52.5356
52.5468
52.558
52.5691
52.5802
52.5913
52.6023
52.6133
52.6242
52.6351
52.6459
52.6567
52.6674
52.6781
52.6888
52.6995
52.71
52.7206
52.7311
52.7416
52.7521
52.7625
52.7729
52.7832
52.7935
52.8038
52.814
52.8242
52.8344
52.8445
52.8546
52.8646
52.8746
52.8845
52.8944
52.9042
52.914
52.9237
52.9334
52.943
52.9526
52.9621
52.9715
52.9809
52.9902
52.9994
53.0086
53.0177
53.0268
53.0358
53.0447
53.0536
53.0624
53.0711
53.0798
53.0884
53.097
53.1055
53.1139
53.1223
53.1307
53.139
53.1472
53.1554
53.1635
53.1715
53.1796
53.1875
53.1954
53.2032
53.211
53.2187
53.2264
53.234
53.2415
53.249
53.2564
53.2638
53.271
53.2783
53.2854
53.2925
53.2995
53.3064
53.3132
53.32
53.3267
53.3334
53.3399
53.3464
53.3528
53.3592
53.3654
53.3716
53.3778
53.3838
53.3898
53.3957
53.4016
53.4074
53.4131
53.4188
53.4243
53.4299
53.4353
53.4407
53.4461
53.4513
53.4565
53.4617
53.4667
53.4717
53.4767
53.4815
53.4864
53.4911
53.4958
53.5004
53.5049
53.5093
53.5137
53.518
53.5223
53.5264
53.5305
53.5346
53.5385
53.5424
53.5462
53.5499
53.5536
53.5572
53.5607
53.5641
53.5675
53.5708
53.574
53.5772
53.5803
53.5833
53.5863
53.5891
53.592
53.5947
53.5974
53.6
53.6026
53.6051
53.6076
53.6099
53.6122
53.6145
53.6167
53.6188
53.6209
53.6229
53.6248
53.6267
53.6285
53.6302
53.6319
53.6335
53.6351
53.6366
53.638
53.6394
53.6407
53.642
53.6432
53.6443
53.6454
53.6465
53.6474
53.6484
53.6493
53.6501
53.6509
53.6517
53.6524
53.6531
53.6537
53.6543
53.6549
53.6555
53.6561
53.6566
53.6571
53.6576
53.6581
53.6586
53.6591
53.6596
53.6601
53.6606
53.6611
53.6616
53.6621
53.6627
53.6632
53.6638
53.6643
53.6649
53.6655
53.6661
53.6667
53.6674
53.668
53.6687
53.6694
53.6701
53.6708
53.6715
53.6723
53.673
53.6738
53.6746
53.6754
53.6762
53.677
53.6779
53.6787
53.6796
53.6805
53.6813
53.6822
53.6831
53.684
53.6849
53.6859
53.6868
53.6877
53.6886
53.6896
53.6905
53.6914
53.6924
53.6933
53.6942
53.6952
53.6961
53.697
53.698
53.6989
53.6998
53.7007
53.7016
53.7026
53.7035
53.7044
53.7053
53.7062
53.7071
53.708
53.7089
53.7097
53.7106
53.7115
53.7124
53.7133
53.7142
53.7151
53.716
53.7168
53.7177
53.7186
53.7195
53.7204
53.7213
53.7222
53.7231
53.724
53.7249
53.7258
53.7267
53.7276
53.7285
53.7294
53.7303
53.7312
53.7321
53.7329
53.7338
53.7347
53.7355
53.7363
53.7371
53.7379
53.7387
53.7395
53.7403
53.741
53.7417
53.7424
53.7431
53.7438
53.7444
53.745
53.7456
53.7462
53.7468
53.7473
53.7478
53.7483
53.7488
53.7493
53.7497
53.7502
53.7506
53.751
53.7513
53.7517
53.7521
53.7524
53.7527
53.753
53.7533
53.7536
53.7539
53.7541
53.7544
53.7546
53.7549
53.7551
53.7553
53.7555
53.7557
53.7559
53.7561
53.7563
53.7565
53.7567
53.7569
53.7571
53.7573
53.7575
53.7577
53.7579
53.7581
53.7584
53.7586
53.7588
53.7591
53.7593
53.7596
53.7598
53.7601
53.7604
53.7607
53.7611
53.7614
53.7618
53.7622
53.7626
53.763
53.7634
53.7639
53.7644
53.7649
53.7654
53.7659
53.7665
53.7671
53.7677
53.7683
53.769
53.7696
53.7703
53.771
53.7718
53.7725
53.7733
53.774
53.7748
53.7756
53.7765
53.7773
53.7782
53.779
53.7799
53.7808
53.7817
53.7826
53.7835
53.7844
53.7853
53.7863
53.7872
53.7881
53.7891
53.79
53.791
53.7919
53.7929
53.7939
53.7948
53.7958
53.7968
53.7977
53.7987
53.7997
53.8007
53.8017
53.8027
53.8037
53.8047
53.8057
53.8067
53.8077
53.8088
53.8098
53.8109
53.8119
53.813
53.8141
53.8152
53.8163
53.8174
53.8185
53.8197
53.8208
53.822
53.8232
53.8244
53.8256
53.8269
53.8281
53.8294
53.8307
53.832
53.8333
53.8347
53.836
53.8374
53.8387
53.8403
53.8415
53.8431
53.8444
53.846
53.8473
53.849
53.8502
53.8519
53.8532
53.8549
53.8563
53.8583
50.8788
50.8871
50.8957
50.9028
50.9092
50.9164
50.9243
50.9323
50.9404
50.9486
50.9568
50.9652
50.9736
50.9822
50.9907
50.9994
51.008
51.0168
51.0255
51.0343
51.0432
51.052
51.0609
51.0699
51.0789
51.0879
51.097
51.1061
51.1152
51.1244
51.1336
51.143
51.1522
51.1615
51.1709
51.1805
51.1902
51.1996
51.209
51.2189
51.2292
51.2388
51.2477
51.2571
51.268
51.2788
51.288
51.2957
51.3034
51.3127
51.3241
51.3372
51.3513
51.3663
51.38
51.3932
51.4056
51.4166
51.4273
51.438
51.4489
51.4599
51.471
51.4821
51.4933
51.5045
51.5158
51.5271
51.5384
51.5498
51.5612
51.5726
51.584
51.5954
51.6068
51.6183
51.6297
51.6412
51.6527
51.6642
51.6757
51.6873
51.6989
51.7105
51.7221
51.7337
51.7454
51.7571
51.7688
51.7806
51.7924
51.8042
51.816
51.8279
51.8398
51.8518
51.8637
51.8757
51.8877
51.8997
51.9118
51.9238
51.9359
51.948
51.96
51.9721
51.9842
51.9962
52.0083
52.0203
52.0323
52.0443
52.0563
52.0683
52.0803
52.0922
52.1041
52.116
52.1279
52.1397
52.1516
52.1634
52.1752
52.187
52.1988
52.2106
52.2223
52.2341
52.2458
52.2576
52.2693
52.281
52.2928
52.3045
52.3162
52.3279
52.3396
52.3513
52.363
52.3746
52.3863
52.3979
52.4096
52.4212
52.4327
52.4443
52.4558
52.4673
52.4788
52.4902
52.5016
52.513
52.5243
52.5356
52.5468
52.558
52.5691
52.5802
52.5913
52.6023
52.6133
52.6242
52.6351
52.6459
52.6567
52.6674
52.6781
52.6888
52.6995
52.71
52.7206
52.7311
52.7416
52.7521
52.7625
52.7729
52.7832
52.7935
52.8038
52.814
52.8242
52.8344
52.8445
52.8546
52.8646
52.8746
52.8845
52.8944
52.9042
52.914
52.9237
52.9334
52.943
52.9526
52.9621
52.9715
52.9809
52.9902
52.9994
53.0086
53.0177
53.0268
53.0358
53.0447
53.0536
53.0624
53.0711
53.0798
53.0884
53.097
53.1055
53.1139
53.1223
53.1307
53.139
53.1472
53.1554
53.1635
53.1715
53.1796
53.1875
53.1954
53.2032
53.211
53.2187
53.2264
53.234
53.2415
53.249
53.2564
53.2638
53.271
53.2783
53.2854
53.2925
53.2995
53.3064
53.3132
53.32
53.3267
53.3334
53.3399
53.3464
53.3528
53.3592
53.3654
53.3716
53.3778
53.3838
53.3898
53.3957
53.4016
53.4074
53.4131
53.4188
53.4243
53.4299
53.4353
53.4407
53.4461
53.4513
53.4565
53.4617
53.4667
53.4717
53.4767
53.4815
53.4864
53.4911
53.4958
53.5004
53.5049
53.5093
53.5137
53.518
53.5223
53.5264
53.5305
53.5346
53.5385
53.5424
53.5462
53.5499
53.5536
53.5572
53.5607
53.5641
53.5675
53.5708
53.574
53.5772
53.5803
53.5833
53.5863
53.5891
53.592
53.5947
53.5974
53.6
53.6026
53.6051
53.6076
53.6099
53.6122
53.6145
53.6167
53.6188
53.6209
53.6229
53.6248
53.6267
53.6285
53.6302
53.6319
53.6335
53.6351
53.6366
53.638
53.6394
53.6407
53.642
53.6432
53.6443
53.6454
53.6465
53.6474
53.6484
53.6493
53.6501
53.6509
53.6517
53.6524
53.6531
53.6537
53.6543
53.6549
53.6555
53.6561
53.6566
53.6571
53.6576
53.6581
53.6586
53.6591
53.6596
53.6601
53.6606
53.6611
53.6616
53.6621
53.6627
53.6632
53.6638
53.6643
53.6649
53.6655
53.6661
53.6667
53.6674
53.668
53.6687
53.6694
53.6701
53.6708
53.6715
53.6723
53.673
53.6738
53.6746
53.6754
53.6762
53.677
53.6779
53.6787
53.6796
53.6805
53.6813
53.6822
53.6831
53.684
53.6849
53.6859
53.6868
53.6877
53.6886
53.6896
53.6905
53.6914
53.6924
53.6933
53.6942
53.6952
53.6961
53.697
53.698
53.6989
53.6998
53.7007
53.7016
53.7026
53.7035
53.7044
53.7053
53.7062
53.7071
53.708
53.7089
53.7097
53.7106
53.7115
53.7124
53.7133
53.7142
53.7151
53.716
53.7168
53.7177
53.7186
53.7195
53.7204
53.7213
53.7222
53.7231
53.724
53.7249
53.7258
53.7267
53.7276
53.7285
53.7294
53.7303
53.7312
53.7321
53.7329
53.7338
53.7347
53.7355
53.7363
53.7371
53.7379
53.7387
53.7395
53.7403
53.741
53.7417
53.7424
53.7431
53.7438
53.7444
53.745
53.7456
53.7462
53.7468
53.7473
53.7478
53.7483
53.7488
53.7493
53.7497
53.7502
53.7506
53.751
53.7513
53.7517
53.7521
53.7524
53.7527
53.753
53.7533
53.7536
53.7539
53.7541
53.7544
53.7546
53.7549
53.7551
53.7553
53.7555
53.7557
53.7559
53.7561
53.7563
53.7565
53.7567
53.7569
53.7571
53.7573
53.7575
53.7577
53.7579
53.7581
53.7584
53.7586
53.7588
53.7591
53.7593
53.7596
53.7598
53.7601
53.7604
53.7607
53.7611
53.7614
53.7618
53.7622
53.7626
53.763
53.7634
53.7639
53.7644
53.7649
53.7654
53.7659
53.7665
53.7671
53.7677
53.7683
53.769
53.7696
53.7703
53.771
53.7718
53.7725
53.7733
53.774
53.7748
53.7756
53.7765
53.7773
53.7782
53.779
53.7799
53.7808
53.7817
53.7826
53.7835
53.7844
53.7853
53.7863
53.7872
53.7881
53.7891
53.79
53.791
53.7919
53.7929
53.7939
53.7948
53.7958
53.7968
53.7977
53.7987
53.7997
53.8007
53.8017
53.8027
53.8037
53.8047
53.8057
53.8067
53.8077
53.8088
53.8098
53.8109
53.8119
53.813
53.8141
53.8152
53.8163
53.8174
53.8185
53.8197
53.8208
53.822
53.8232
53.8244
53.8256
53.8269
53.8281
53.8294
53.8307
53.832
53.8333
53.8347
53.836
53.8374
53.8387
53.8403
53.8415
53.8431
53.8444
53.846
53.8473
53.849
53.8502
53.8519
53.8532
53.8549
53.8563
53.8583
50.8709
50.8816
50.8897
50.8967
50.9028
50.9099
50.9175
50.9253
50.9333
50.9413
50.9496
50.9579
50.9664
50.9749
50.9834
50.992
51.0007
51.0094
51.0181
51.0269
51.0357
51.0446
51.0535
51.0625
51.0715
51.0806
51.0896
51.0987
51.1079
51.117
51.1261
51.1353
51.1447
51.154
51.1633
51.1727
51.1823
51.1921
51.202
51.2116
51.2208
51.2301
51.2402
51.2513
51.2625
51.2723
51.2765
51.2778
51.2831
51.293
51.3059
51.3212
51.341
51.3592
51.3745
51.3881
51.4013
51.4139
51.4255
51.4368
51.4481
51.4593
51.4705
51.4818
51.4931
51.5043
51.5157
51.527
51.5383
51.5497
51.5611
51.5725
51.5839
51.5953
51.6067
51.6182
51.6296
51.6411
51.6526
51.6641
51.6757
51.6872
51.6988
51.7104
51.722
51.7336
51.7453
51.757
51.7687
51.7805
51.7923
51.8041
51.816
51.8278
51.8397
51.8517
51.8636
51.8756
51.8876
51.8997
51.9117
51.9238
51.9358
51.9479
51.96
51.972
51.9841
51.9961
52.0082
52.0202
52.0323
52.0443
52.0563
52.0682
52.0802
52.0921
52.104
52.1159
52.1278
52.1397
52.1515
52.1633
52.1751
52.1869
52.1987
52.2105
52.2223
52.234
52.2458
52.2575
52.2692
52.281
52.2927
52.3044
52.3161
52.3278
52.3395
52.3512
52.3629
52.3746
52.3862
52.3979
52.4095
52.4211
52.4327
52.4442
52.4557
52.4672
52.4787
52.4901
52.5015
52.5129
52.5242
52.5355
52.5467
52.5579
52.5691
52.5802
52.5912
52.6022
52.6132
52.6241
52.635
52.6458
52.6566
52.6674
52.6781
52.6887
52.6994
52.71
52.7205
52.731
52.7415
52.752
52.7624
52.7728
52.7831
52.7934
52.8037
52.8139
52.8241
52.8343
52.8444
52.8545
52.8645
52.8745
52.8844
52.8943
52.9042
52.9139
52.9237
52.9333
52.9429
52.9525
52.962
52.9714
52.9808
52.9901
52.9993
53.0085
53.0176
53.0267
53.0357
53.0446
53.0535
53.0623
53.071
53.0797
53.0883
53.0969
53.1054
53.1139
53.1223
53.1306
53.1389
53.1471
53.1553
53.1634
53.1715
53.1795
53.1874
53.1953
53.2032
53.211
53.2187
53.2263
53.2339
53.2415
53.2489
53.2564
53.2637
53.271
53.2782
53.2853
53.2924
53.2994
53.3063
53.3132
53.3199
53.3266
53.3333
53.3398
53.3463
53.3527
53.3591
53.3654
53.3716
53.3777
53.3838
53.3897
53.3957
53.4015
53.4073
53.413
53.4187
53.4243
53.4298
53.4353
53.4407
53.446
53.4513
53.4565
53.4616
53.4667
53.4717
53.4766
53.4815
53.4863
53.491
53.4957
53.5003
53.5048
53.5093
53.5137
53.518
53.5222
53.5264
53.5305
53.5345
53.5385
53.5423
53.5461
53.5499
53.5535
53.5571
53.5606
53.5641
53.5674
53.5707
53.574
53.5771
53.5802
53.5832
53.5862
53.5891
53.5919
53.5947
53.5974
53.6
53.6025
53.6051
53.6075
53.6099
53.6122
53.6144
53.6166
53.6187
53.6208
53.6228
53.6247
53.6266
53.6284
53.6302
53.6318
53.6335
53.635
53.6365
53.638
53.6393
53.6407
53.6419
53.6431
53.6443
53.6454
53.6464
53.6474
53.6483
53.6492
53.65
53.6508
53.6516
53.6523
53.653
53.6536
53.6543
53.6549
53.6554
53.656
53.6565
53.6571
53.6576
53.6581
53.6586
53.6591
53.6596
53.6601
53.6606
53.6611
53.6616
53.6621
53.6626
53.6632
53.6637
53.6643
53.6648
53.6654
53.666
53.6667
53.6673
53.668
53.6686
53.6693
53.67
53.6707
53.6715
53.6722
53.673
53.6738
53.6745
53.6753
53.6762
53.677
53.6778
53.6787
53.6795
53.6804
53.6813
53.6822
53.6831
53.684
53.6849
53.6858
53.6867
53.6877
53.6886
53.6895
53.6904
53.6914
53.6923
53.6933
53.6942
53.6951
53.6961
53.697
53.6979
53.6988
53.6998
53.7007
53.7016
53.7025
53.7034
53.7043
53.7052
53.7061
53.707
53.7079
53.7088
53.7097
53.7106
53.7115
53.7124
53.7132
53.7141
53.715
53.7159
53.7168
53.7177
53.7186
53.7195
53.7204
53.7213
53.7222
53.7231
53.724
53.7249
53.7258
53.7267
53.7276
53.7285
53.7294
53.7303
53.7311
53.732
53.7329
53.7338
53.7346
53.7354
53.7363
53.7371
53.7379
53.7387
53.7395
53.7402
53.7409
53.7417
53.7424
53.743
53.7437
53.7444
53.745
53.7456
53.7462
53.7467
53.7473
53.7478
53.7483
53.7488
53.7492
53.7497
53.7501
53.7505
53.7509
53.7513
53.7517
53.752
53.7523
53.7527
53.753
53.7533
53.7535
53.7538
53.7541
53.7543
53.7546
53.7548
53.755
53.7553
53.7555
53.7557
53.7559
53.7561
53.7563
53.7565
53.7567
53.7569
53.7571
53.7573
53.7575
53.7577
53.7579
53.7581
53.7583
53.7585
53.7588
53.759
53.7593
53.7595
53.7598
53.7601
53.7604
53.7607
53.761
53.7614
53.7618
53.7621
53.7625
53.763
53.7634
53.7639
53.7643
53.7648
53.7654
53.7659
53.7665
53.7671
53.7677
53.7683
53.7689
53.7696
53.7703
53.771
53.7717
53.7725
53.7732
53.774
53.7748
53.7756
53.7764
53.7773
53.7781
53.779
53.7799
53.7807
53.7816
53.7825
53.7834
53.7844
53.7853
53.7862
53.7872
53.7881
53.789
53.79
53.7909
53.7919
53.7929
53.7938
53.7948
53.7958
53.7967
53.7977
53.7987
53.7997
53.8007
53.8016
53.8026
53.8036
53.8046
53.8057
53.8067
53.8077
53.8087
53.8098
53.8108
53.8119
53.813
53.814
53.8151
53.8162
53.8174
53.8185
53.8196
53.8208
53.822
53.8232
53.8244
53.8256
53.8269
53.8281
53.8294
53.8307
53.832
53.8333
53.8347
53.836
53.8374
53.8387
53.8402
53.8415
53.8431
53.8444
53.846
53.8473
53.8489
53.8502
53.8519
53.8532
53.8549
53.8563
53.8583
)
;

boundaryField
{
    inlet
    {
        type            calculated;
        value           nonuniform List<scalar> 5(50.9107 50.9108 50.9108 50.9108 50.9107);
    }
    outlet
    {
        type            calculated;
        value           nonuniform List<scalar> 5(53.8592 53.8592 53.8592 53.8592 53.8592);
    }
    sides
    {
        type            empty;
    }
    walls
    {
        type            calculated;
        value           nonuniform List<scalar> 
2760
(
50.9107
50.9107
50.9107
50.9106
50.9106
50.9106
50.9106
50.9107
50.9108
50.911
50.9111
50.9113
50.9114
50.9114
50.9114
50.9114
50.9114
50.9114
50.9115
50.9116
50.9118
50.912
50.9122
50.9124
50.9127
50.9129
50.9132
50.9134
50.9136
50.9137
50.9138
50.9139
50.9139
50.914
50.9142
50.9144
50.9146
50.9148
50.915
50.9151
50.9153
50.9153
50.9154
50.9154
50.9154
50.9153
50.9153
50.9153
50.9152
50.9152
50.9151
50.915
50.915
50.9149
50.9149
50.9148
50.9148
50.9148
50.9147
50.9147
50.9147
50.9147
50.9147
50.9147
50.9147
50.9148
50.9148
50.9148
50.9149
50.9149
50.9149
50.915
50.915
50.915
50.915
50.915
50.915
50.915
50.9149
50.9149
50.9148
50.9147
50.9146
50.9145
50.9143
50.9142
50.914
50.9138
50.9137
50.9135
50.9133
50.9131
50.9129
50.9127
50.9125
50.9123
50.9121
50.912
50.9118
50.9116
50.9114
50.9112
50.9111
50.9109
50.9107
50.9105
50.9104
50.9102
50.91
50.9097
50.9095
50.9092
50.9089
50.9086
50.9083
50.908
50.9076
50.9072
50.9068
50.9064
50.9059
50.9055
50.905
50.9045
50.904
50.9035
50.903
50.9026
50.9021
50.9016
50.9011
50.9007
50.9002
50.8998
50.8994
50.899
50.8986
50.8983
50.8979
50.8976
50.8972
50.8969
50.8966
50.8962
50.8959
50.8955
50.8951
50.8947
50.8942
50.8938
50.8933
50.8928
50.8922
50.8916
50.891
50.8904
50.8897
50.8891
50.8884
50.8877
50.887
50.8864
50.8857
50.885
50.8843
50.8836
50.883
50.8824
50.8818
50.8812
50.8806
50.8801
50.8796
50.8792
50.8788
50.8784
50.878
50.8777
50.8773
50.877
50.8767
50.8763
50.8759
50.8755
50.8751
50.8747
50.8742
50.8736
50.8731
50.8725
50.8719
50.8713
50.8708
50.8702
50.8697
50.8692
50.8687
50.8682
50.8681
50.8648
50.9107
50.9107
50.9107
50.9106
50.9106
50.9106
50.9106
50.9107
50.9108
50.911
50.9111
50.9113
50.9114
50.9114
50.9114
50.9114
50.9114
50.9114
50.9115
50.9116
50.9118
50.912
50.9122
50.9124
50.9127
50.9129
50.9132
50.9134
50.9136
50.9137
50.9138
50.9139
50.9139
50.914
50.9142
50.9144
50.9146
50.9148
50.915
50.9151
50.9153
50.9153
50.9154
50.9154
50.9154
50.9153
50.9153
50.9153
50.9152
50.9152
50.9151
50.915
50.915
50.9149
50.9149
50.9148
50.9148
50.9148
50.9147
50.9147
50.9147
50.9147
50.9147
50.9147
50.9147
50.9148
50.9148
50.9148
50.9149
50.9149
50.9149
50.915
50.915
50.915
50.915
50.915
50.915
50.915
50.9149
50.9149
50.9148
50.9147
50.9146
50.9145
50.9143
50.9142
50.914
50.9138
50.9137
50.9135
50.9133
50.9131
50.9129
50.9127
50.9125
50.9123
50.9121
50.912
50.9118
50.9116
50.9114
50.9112
50.9111
50.9109
50.9107
50.9105
50.9104
50.9102
50.91
50.9097
50.9095
50.9092
50.9089
50.9086
50.9083
50.908
50.9076
50.9072
50.9068
50.9064
50.9059
50.9055
50.905
50.9045
50.904
50.9035
50.903
50.9026
50.9021
50.9016
50.9011
50.9007
50.9002
50.8998
50.8994
50.899
50.8986
50.8983
50.8979
50.8976
50.8972
50.8969
50.8966
50.8962
50.8959
50.8955
50.8951
50.8947
50.8942
50.8938
50.8933
50.8928
50.8922
50.8916
50.891
50.8904
50.8897
50.8891
50.8884
50.8877
50.887
50.8864
50.8857
50.885
50.8843
50.8836
50.883
50.8824
50.8818
50.8812
50.8806
50.8801
50.8796
50.8792
50.8788
50.8784
50.878
50.8777
50.8773
50.877
50.8767
50.8763
50.8759
50.8756
50.8751
50.8747
50.8742
50.8736
50.8731
50.8725
50.8719
50.8713
50.8708
50.8702
50.8697
50.8692
50.8686
50.8683
50.8663
50.8783
50.883
50.8897
50.8903
50.8884
50.8867
50.8853
50.8846
50.8841
50.8815
50.8752
50.8673
50.8608
50.8554
50.8517
50.8554
50.8656
50.8736
50.8708
50.858
50.8364
50.8348
50.8224
50.8178
50.817
50.8148
50.8098
50.8031
50.7947
50.7869
50.7779
50.7697
50.7612
50.7533
50.7456
50.7388
50.732
50.7263
50.7208
50.7169
50.7149
50.7569
50.7461
50.7614
50.7556
50.7493
50.7481
50.7479
50.7474
50.7466
50.7463
50.7462
50.746
50.7457
50.7455
50.7453
50.7452
50.745
50.7448
50.7446
50.7444
50.7442
50.7441
50.7439
50.7438
50.7436
50.7435
50.7434
50.7433
50.7432
50.7431
50.7431
50.7431
50.7433
50.7435
50.7436
50.7436
50.7436
50.7436
50.7438
50.7439
50.7441
50.7442
50.7444
50.7446
50.7448
50.7449
50.745
50.745
50.745
50.745
50.745
50.745
50.7451
50.7451
50.7452
50.7453
50.7453
50.7451
50.745
50.7449
50.7449
50.745
50.7452
50.7454
50.7455
50.7447
50.7403
50.7298
50.7227
50.7207
50.7214
50.7273
50.7392
50.7472
50.7512
50.7527
50.7529
50.7526
50.7518
50.7511
50.7507
50.7503
50.7501
50.75
50.7499
50.7499
50.7499
50.7499
50.75
50.7501
50.7501
50.7502
50.7503
50.7504
50.7505
50.7506
50.7506
50.7507
50.7507
50.7507
50.7507
50.7507
50.7506
50.7505
50.7504
50.7502
50.75
50.7498
50.7496
50.7493
50.749
50.7487
50.7483
50.7479
50.7476
50.7471
50.7467
50.7463
50.7458
50.7454
50.7449
50.7444
50.744
50.7435
50.7431
50.7427
50.7423
50.7419
50.7415
50.7412
50.7408
50.7406
50.7403
50.74
50.7398
50.7396
50.7395
50.7393
50.7392
50.7391
50.739
50.7389
50.7388
50.7387
50.7386
50.7385
50.7384
50.7382
50.738
50.7378
50.7376
50.7374
50.7371
50.7368
50.7364
50.7361
50.7356
50.7352
50.7347
50.7342
50.7337
50.7331
50.7326
50.732
50.7313
50.7307
50.73
50.7294
50.7287
50.728
50.7273
50.7266
50.726
50.7253
50.7247
50.7241
50.7235
50.7229
50.7224
50.7219
50.7215
50.7211
50.7207
50.7204
50.7201
50.7198
50.7196
50.7194
50.7192
50.719
50.7188
50.7186
50.7184
50.7182
50.7179
50.7177
50.7173
50.7171
50.7155
50.7238
50.738
50.743
50.742
50.7404
50.7393
50.7385
50.7381
50.7378
50.7376
50.7374
50.7372
50.7371
50.7369
50.7368
50.7366
50.7365
50.7363
50.7362
50.736
50.7359
50.7358
50.7357
50.7356
50.7355
50.7354
50.7353
50.7353
50.7352
50.7352
50.7351
50.7351
50.7351
50.7351
50.7351
50.7352
50.7353
50.7353
50.7355
50.7356
50.7358
50.736
50.7362
50.7364
50.7366
50.7367
50.7369
50.7371
50.7372
50.7373
50.7374
50.7375
50.7375
50.7374
50.7373
50.737
50.7367
50.7365
50.7365
50.7367
50.7368
50.7368
50.7353
50.7288
50.7206
50.7163
50.7153
50.7161
50.7202
50.7289
50.736
50.7411
50.7445
50.7468
50.7481
50.7489
50.7494
50.7496
50.7497
50.7497
50.7497
50.7497
50.7497
50.7497
50.7497
50.7497
50.7497
50.7498
50.7499
50.7499
50.75
50.7501
50.7502
50.7503
50.7504
50.7505
50.7506
50.7506
50.7507
50.7507
50.7507
50.7507
50.7507
50.7506
50.7505
50.7504
50.7502
50.75
50.7498
50.7496
50.7493
50.749
50.7487
50.7483
50.7479
50.7476
50.7471
50.7467
50.7463
50.7458
50.7454
50.7449
50.7444
50.744
50.7435
50.7431
50.7427
50.7423
50.7419
50.7415
50.7412
50.7408
50.7406
50.7403
50.74
50.7398
50.7396
50.7395
50.7393
50.7392
50.7391
50.739
50.7389
50.7388
50.7387
50.7386
50.7385
50.7384
50.7382
50.738
50.7378
50.7376
50.7374
50.7371
50.7368
50.7364
50.7361
50.7356
50.7352
50.7347
50.7342
50.7337
50.7331
50.7326
50.732
50.7313
50.7307
50.73
50.7294
50.7287
50.728
50.7273
50.7266
50.726
50.7253
50.7247
50.7241
50.7235
50.7229
50.7224
50.7219
50.7215
50.7211
50.7207
50.7204
50.7201
50.7198
50.7196
50.7194
50.7192
50.719
50.7188
50.7186
50.7184
50.7182
50.718
50.7177
50.7174
50.7171
50.7171
50.7153
50.6862
50.6732
50.6683
50.6673
50.6649
50.6598
50.653
50.6457
50.6375
50.6294
50.6213
50.6128
50.6049
50.5969
50.5896
50.5825
50.5767
50.5716
50.568
50.5662
50.7309
50.7377
50.7385
50.7366
50.735
50.7337
50.7316
50.7279
50.7235
50.7197
50.7173
50.7196
50.7262
50.7283
50.7206
50.7052
50.6877
50.6763
50.6657
50.6577
50.588
50.5904
50.5885
50.5872
50.5857
50.5844
50.5838
50.5833
50.5828
50.5823
50.5817
50.5812
50.5806
50.5801
50.5796
50.5791
50.5786
50.5781
50.5776
50.5772
50.5768
50.5764
50.576
50.5757
50.5754
50.575
50.5747
50.5744
50.574
50.5737
50.5733
50.573
50.5726
50.5723
50.572
50.5716
50.5713
50.5709
50.5706
50.5703
50.57
50.5697
50.5694
50.569
50.5687
50.5683
50.568
50.5677
50.5674
50.567
50.5665
50.566
50.5654
50.5649
50.5643
50.5637
50.563
50.5624
50.5619
50.5616
50.5613
50.5609
50.5594
50.5535
50.5446
50.5393
50.5375
50.5375
50.5404
50.5483
50.5554
50.5604
50.5637
50.5659
50.5671
50.5677
50.568
50.5681
50.568
50.5678
50.5676
50.5674
50.5672
50.567
50.5668
50.5666
50.5665
50.5663
50.5661
50.566
50.5658
50.5656
50.5655
50.5652
50.565
50.5647
50.5644
50.5641
50.5626
50.5702
50.6369
50.6145
50.6008
50.5972
50.5963
50.5954
50.5934
50.5917
50.5914
50.5909
50.5902
50.5895
50.5889
50.5884
50.5879
50.5873
50.5868
50.5864
50.5859
50.5855
50.5851
50.5847
50.5843
50.5839
50.5835
50.5831
50.5827
50.5824
50.582
50.5816
50.5813
50.5809
50.5805
50.5801
50.5798
50.5794
50.5791
50.5788
50.5785
50.5781
50.5778
50.5774
50.5771
50.5767
50.5764
50.5761
50.5757
50.5753
50.5748
50.5743
50.5739
50.5734
50.5731
50.5727
50.5722
50.5717
50.5712
50.5706
50.57
50.5695
50.5691
50.5688
50.5686
50.5684
50.5682
50.5679
50.5671
50.5639
50.5543
50.5456
50.542
50.5417
50.5448
50.5552
50.5642
50.5691
50.571
50.5713
50.5709
50.5701
50.5692
50.5685
50.5679
50.5675
50.5671
50.5669
50.5666
50.5664
50.5662
50.566
50.5659
50.5657
50.5655
50.5653
50.565
50.5647
50.5645
50.5642
50.5642
50.5626
50.5343
50.5216
50.5169
50.5158
50.5134
50.5084
50.5017
50.4947
50.4866
50.4787
50.4708
50.4625
50.4549
50.447
50.4399
50.4329
50.4272
50.4222
50.4187
50.4169
50.5775
50.5842
50.5849
50.5831
50.5815
50.5801
50.578
50.5742
50.5699
50.5663
50.5646
50.5693
50.575
50.5744
50.5645
50.5475
50.5335
50.5238
50.5141
50.5087
50.4376
50.4399
50.4385
50.4375
50.436
50.4349
50.4344
50.4341
50.4339
50.4336
50.4333
50.4331
50.433
50.4328
50.4328
50.4328
50.4328
50.4328
50.4329
50.433
50.433
50.4331
50.4333
50.4334
50.4335
50.4337
50.4338
50.434
50.4342
50.4344
50.4346
50.4348
50.435
50.4352
50.4355
50.4357
50.436
50.4363
50.4366
50.4369
50.4373
50.4377
50.438
50.4385
50.439
50.4395
50.44
50.4406
50.4412
50.4417
50.4422
50.4427
50.4433
50.4438
50.4442
50.4447
50.4454
50.4464
50.4476
50.4485
50.4483
50.4432
50.436
50.4325
50.4325
50.4346
50.4396
50.4495
50.4581
50.4648
50.4698
50.4736
50.4766
50.4791
50.4812
50.4831
50.485
50.4868
50.4886
50.4903
50.4921
50.4939
50.4958
50.4976
50.4995
50.5014
50.5034
50.5054
50.5073
50.5094
50.5114
50.5134
50.5155
50.5176
50.5197
50.5218
50.524
50.5262
50.5283
50.5305
50.5328
50.535
50.5373
50.5396
50.5419
50.5442
50.5466
50.549
50.5515
50.554
50.5565
50.559
50.5616
50.5643
50.567
50.5697
50.5725
50.5753
50.5782
50.5811
50.5841
50.5871
50.5902
50.5933
50.5965
50.5997
50.603
50.6063
50.6097
50.6131
50.6165
50.62
50.6236
50.6272
50.6308
50.6344
50.6381
50.6419
50.6456
50.6494
50.6531
50.6569
50.6608
50.6646
50.6684
50.6723
50.6762
50.68
50.6839
50.6878
50.6917
50.6956
50.6996
50.7035
50.7075
50.7115
50.7155
50.7196
50.7236
50.7278
50.7319
50.7361
50.7403
50.7445
50.7488
50.7532
50.7575
50.7619
50.7664
50.7709
50.7755
50.7801
50.7847
50.7894
50.7942
50.799
50.8038
50.8087
50.8137
50.8187
50.8238
50.8289
50.8341
50.8394
50.8447
50.85
50.8554
50.8608
50.8664
50.8718
50.8775
50.883
50.8888
50.8943
50.9002
50.9056
50.9117
50.9171
50.9234
50.9285
50.4884
50.463
50.45
50.4474
50.4465
50.4456
50.4437
50.4426
50.4425
50.4421
50.4417
50.4413
50.4412
50.4411
50.441
50.441
50.4409
50.4409
50.4409
50.441
50.441
50.4411
50.4412
50.4413
50.4414
50.4416
50.4417
50.4419
50.4421
50.4423
50.4424
50.4427
50.4429
50.4431
50.4433
50.4436
50.4439
50.4442
50.4445
50.4448
50.4451
50.4455
50.4458
50.4462
50.4467
50.4471
50.4475
50.448
50.4485
50.449
50.4496
50.4503
50.451
50.4518
50.4525
50.4531
50.4537
50.4544
50.4552
50.4562
50.4574
50.4587
50.4601
50.4613
50.4619
50.4588
50.45
50.4444
50.4438
50.4462
50.4532
50.4663
50.4757
50.4813
50.4844
50.4864
50.4879
50.4888
50.4899
50.4913
50.4928
50.4944
50.4961
50.4978
50.4997
50.5015
50.5035
50.5054
50.5074
50.5094
50.5114
50.5135
50.5155
50.5176
50.5197
50.5218
50.524
50.5262
50.5283
50.5305
50.5328
50.535
50.5373
50.5396
50.5419
50.5442
50.5466
50.549
50.5515
50.554
50.5565
50.559
50.5616
50.5643
50.567
50.5697
50.5725
50.5753
50.5782
50.5811
50.5841
50.5871
50.5902
50.5933
50.5965
50.5997
50.603
50.6063
50.6097
50.6131
50.6165
50.62
50.6236
50.6272
50.6308
50.6344
50.6381
50.6419
50.6456
50.6494
50.6531
50.6569
50.6608
50.6646
50.6684
50.6723
50.6762
50.68
50.6839
50.6878
50.6917
50.6956
50.6996
50.7035
50.7075
50.7115
50.7155
50.7196
50.7236
50.7278
50.7319
50.7361
50.7403
50.7445
50.7488
50.7532
50.7575
50.7619
50.7664
50.7709
50.7755
50.7801
50.7847
50.7894
50.7942
50.799
50.8038
50.8087
50.8137
50.8187
50.8238
50.8289
50.8341
50.8394
50.8447
50.85
50.8554
50.8609
50.8663
50.872
50.8774
50.8832
50.8886
50.8945
50.8999
50.9059
50.9113
50.9174
50.9217
50.9329
50.9416
50.9473
50.9493
50.9497
50.9502
50.9506
50.9499
50.9489
50.9482
50.9492
50.9538
50.9598
50.9614
50.9551
50.9442
50.936
50.931
50.9262
50.922
50.9275
50.9154
50.9087
50.9068
50.9072
50.9066
50.9043
50.9008
50.8969
50.8929
50.8887
50.8843
50.8804
50.8759
50.8715
50.8675
50.8639
50.8608
50.8583
50.8566
50.856
50.9098
50.8946
50.8982
50.9059
50.9118
50.9186
50.9261
50.9338
50.9419
50.95
50.9582
50.9664
50.9747
50.9832
50.9917
51.0002
51.0089
51.0175
51.0262
51.035
51.0438
51.0527
51.0616
51.0705
51.0794
51.0883
51.0974
51.1066
51.1157
51.1248
51.1341
51.1434
51.153
51.1627
51.172
51.181
51.1903
51.1999
51.2096
51.2194
51.2294
51.2395
51.2494
51.2591
51.2689
51.2795
51.291
51.3025
51.312
51.3141
51.3124
51.3175
51.329
51.3444
51.3672
51.3884
51.4044
51.4179
51.43
51.4398
51.4499
51.4604
51.4712
51.4822
51.4933
51.5045
51.5158
51.5271
51.5384
51.5497
51.5611
51.5725
51.5839
51.5953
51.6067
51.6182
51.6296
51.6411
51.6526
51.6641
51.6757
51.6872
51.6988
51.7104
51.722
51.7336
51.7453
51.757
51.7687
51.7805
51.7923
51.8041
51.816
51.8278
51.8397
51.8517
51.8636
51.8756
51.8876
51.8997
51.9117
51.9238
51.9358
51.9479
51.96
51.972
51.9841
51.9961
52.0082
52.0202
52.0323
52.0443
52.0563
52.0682
52.0802
52.0921
52.104
52.1159
52.1278
52.1397
52.1515
52.1633
52.1751
52.1869
52.1987
52.2105
52.2223
52.234
52.2458
52.2575
52.2692
52.281
52.2927
52.3044
52.3161
52.3278
52.3395
52.3512
52.3629
52.3746
52.3862
52.3979
52.4095
52.4211
52.4327
52.4442
52.4557
52.4672
52.4787
52.4901
52.5015
52.5129
52.5242
52.5355
52.5467
52.5579
52.5691
52.5802
52.5912
52.6022
52.6132
52.6241
52.635
52.6458
52.6566
52.6674
52.6781
52.6887
52.6994
52.71
52.7205
52.731
52.7415
52.752
52.7624
52.7728
52.7831
52.7934
52.8037
52.8139
52.8241
52.8343
52.8444
52.8545
52.8645
52.8745
52.8844
52.8943
52.9042
52.9139
52.9237
52.9333
52.9429
52.9525
52.962
52.9714
52.9808
52.9901
52.9993
53.0085
53.0176
53.0267
53.0357
53.0446
53.0535
53.0623
53.071
53.0797
53.0883
53.0969
53.1054
53.1139
53.1223
53.1306
53.1389
53.1471
53.1553
53.1634
53.1715
53.1795
53.1874
53.1953
53.2032
53.211
53.2187
53.2263
53.2339
53.2415
53.2489
53.2564
53.2637
53.271
53.2782
53.2853
53.2924
53.2994
53.3063
53.3132
53.3199
53.3266
53.3333
53.3398
53.3463
53.3527
53.3591
53.3654
53.3716
53.3777
53.3838
53.3897
53.3957
53.4015
53.4073
53.413
53.4187
53.4243
53.4298
53.4353
53.4407
53.446
53.4513
53.4565
53.4616
53.4667
53.4717
53.4766
53.4815
53.4863
53.491
53.4957
53.5003
53.5048
53.5093
53.5137
53.518
53.5222
53.5264
53.5305
53.5345
53.5385
53.5423
53.5461
53.5499
53.5535
53.5571
53.5606
53.5641
53.5674
53.5707
53.574
53.5771
53.5802
53.5832
53.5862
53.5891
53.5919
53.5947
53.5974
53.6
53.6025
53.6051
53.6075
53.6099
53.6122
53.6144
53.6166
53.6187
53.6208
53.6228
53.6247
53.6266
53.6284
53.6302
53.6318
53.6335
53.635
53.6365
53.638
53.6393
53.6407
53.6419
53.6431
53.6443
53.6454
53.6464
53.6474
53.6483
53.6492
53.65
53.6508
53.6516
53.6523
53.653
53.6536
53.6543
53.6549
53.6554
53.656
53.6565
53.6571
53.6576
53.6581
53.6586
53.6591
53.6596
53.6601
53.6606
53.6611
53.6616
53.6621
53.6626
53.6632
53.6637
53.6643
53.6648
53.6654
53.666
53.6667
53.6673
53.668
53.6686
53.6693
53.67
53.6707
53.6715
53.6722
53.673
53.6738
53.6745
53.6753
53.6762
53.677
53.6778
53.6787
53.6795
53.6804
53.6813
53.6822
53.6831
53.684
53.6849
53.6858
53.6867
53.6877
53.6886
53.6895
53.6904
53.6914
53.6923
53.6933
53.6942
53.6951
53.6961
53.697
53.6979
53.6988
53.6998
53.7007
53.7016
53.7025
53.7034
53.7043
53.7052
53.7061
53.707
53.7079
53.7088
53.7097
53.7106
53.7115
53.7124
53.7132
53.7141
53.715
53.7159
53.7168
53.7177
53.7186
53.7195
53.7204
53.7213
53.7222
53.7231
53.724
53.7249
53.7258
53.7267
53.7276
53.7285
53.7294
53.7303
53.7311
53.732
53.7329
53.7338
53.7346
53.7354
53.7363
53.7371
53.7379
53.7387
53.7395
53.7402
53.7409
53.7417
53.7424
53.743
53.7437
53.7444
53.745
53.7456
53.7462
53.7467
53.7473
53.7478
53.7483
53.7488
53.7492
53.7497
53.7501
53.7505
53.7509
53.7513
53.7517
53.752
53.7523
53.7527
53.753
53.7533
53.7535
53.7538
53.7541
53.7543
53.7546
53.7548
53.755
53.7553
53.7555
53.7557
53.7559
53.7561
53.7563
53.7565
53.7567
53.7569
53.7571
53.7573
53.7575
53.7577
53.7579
53.7581
53.7583
53.7585
53.7588
53.759
53.7593
53.7595
53.7598
53.7601
53.7604
53.7607
53.761
53.7614
53.7618
53.7621
53.7625
53.763
53.7634
53.7639
53.7643
53.7648
53.7654
53.7659
53.7665
53.7671
53.7677
53.7683
53.7689
53.7696
53.7703
53.771
53.7717
53.7725
53.7732
53.774
53.7748
53.7756
53.7764
53.7773
53.7781
53.779
53.7799
53.7807
53.7816
53.7825
53.7834
53.7844
53.7853
53.7862
53.7872
53.7881
53.789
53.79
53.7909
53.7919
53.7929
53.7938
53.7948
53.7958
53.7967
53.7977
53.7987
53.7997
53.8007
53.8016
53.8026
53.8036
53.8046
53.8057
53.8067
53.8077
53.8087
53.8098
53.8108
53.8119
53.813
53.814
53.8151
53.8162
53.8174
53.8185
53.8196
53.8208
53.822
53.8232
53.8244
53.8256
53.8269
53.8281
53.8294
53.8307
53.832
53.8333
53.8347
53.836
53.8374
53.8387
53.8402
53.8415
53.8431
53.8444
53.846
53.8473
53.8489
53.8502
53.8519
53.8532
53.8549
53.8563
53.8583
50.8709
50.8816
50.8897
50.8967
50.9028
50.9099
50.9175
50.9253
50.9333
50.9413
50.9496
50.9579
50.9664
50.9749
50.9834
50.992
51.0007
51.0094
51.0181
51.0269
51.0357
51.0446
51.0535
51.0625
51.0715
51.0806
51.0896
51.0987
51.1079
51.117
51.1261
51.1353
51.1447
51.154
51.1633
51.1727
51.1823
51.1921
51.202
51.2116
51.2208
51.2301
51.2402
51.2513
51.2625
51.2723
51.2765
51.2778
51.2831
51.293
51.3059
51.3212
51.341
51.3592
51.3745
51.3881
51.4013
51.4139
51.4255
51.4368
51.4481
51.4593
51.4705
51.4818
51.4931
51.5043
51.5157
51.527
51.5383
51.5497
51.5611
51.5725
51.5839
51.5953
51.6067
51.6182
51.6296
51.6411
51.6526
51.6641
51.6757
51.6872
51.6988
51.7104
51.722
51.7336
51.7453
51.757
51.7687
51.7805
51.7923
51.8041
51.816
51.8278
51.8397
51.8517
51.8636
51.8756
51.8876
51.8997
51.9117
51.9238
51.9358
51.9479
51.96
51.972
51.9841
51.9961
52.0082
52.0202
52.0323
52.0443
52.0563
52.0682
52.0802
52.0921
52.104
52.1159
52.1278
52.1397
52.1515
52.1633
52.1751
52.1869
52.1987
52.2105
52.2223
52.234
52.2458
52.2575
52.2692
52.281
52.2927
52.3044
52.3161
52.3278
52.3395
52.3512
52.3629
52.3746
52.3862
52.3979
52.4095
52.4211
52.4327
52.4442
52.4557
52.4672
52.4787
52.4901
52.5015
52.5129
52.5242
52.5355
52.5467
52.5579
52.5691
52.5802
52.5912
52.6022
52.6132
52.6241
52.635
52.6458
52.6566
52.6674
52.6781
52.6887
52.6994
52.71
52.7205
52.731
52.7415
52.752
52.7624
52.7728
52.7831
52.7934
52.8037
52.8139
52.8241
52.8343
52.8444
52.8545
52.8645
52.8745
52.8844
52.8943
52.9042
52.9139
52.9237
52.9333
52.9429
52.9525
52.962
52.9714
52.9808
52.9901
52.9993
53.0085
53.0176
53.0267
53.0357
53.0446
53.0535
53.0623
53.071
53.0797
53.0883
53.0969
53.1054
53.1139
53.1223
53.1306
53.1389
53.1471
53.1553
53.1634
53.1715
53.1795
53.1874
53.1953
53.2032
53.211
53.2187
53.2263
53.2339
53.2415
53.2489
53.2564
53.2637
53.271
53.2782
53.2853
53.2924
53.2994
53.3063
53.3132
53.3199
53.3266
53.3333
53.3398
53.3463
53.3527
53.3591
53.3654
53.3716
53.3777
53.3838
53.3897
53.3957
53.4015
53.4073
53.413
53.4187
53.4243
53.4298
53.4353
53.4407
53.446
53.4513
53.4565
53.4616
53.4667
53.4717
53.4766
53.4815
53.4863
53.491
53.4957
53.5003
53.5048
53.5093
53.5137
53.518
53.5222
53.5264
53.5305
53.5345
53.5385
53.5423
53.5461
53.5499
53.5535
53.5571
53.5606
53.5641
53.5674
53.5707
53.574
53.5771
53.5802
53.5832
53.5862
53.5891
53.5919
53.5947
53.5974
53.6
53.6025
53.6051
53.6075
53.6099
53.6122
53.6144
53.6166
53.6187
53.6208
53.6228
53.6247
53.6266
53.6284
53.6302
53.6318
53.6335
53.635
53.6365
53.638
53.6393
53.6407
53.6419
53.6431
53.6443
53.6454
53.6464
53.6474
53.6483
53.6492
53.65
53.6508
53.6516
53.6523
53.653
53.6536
53.6543
53.6549
53.6554
53.656
53.6565
53.6571
53.6576
53.6581
53.6586
53.6591
53.6596
53.6601
53.6606
53.6611
53.6616
53.6621
53.6626
53.6632
53.6637
53.6643
53.6648
53.6654
53.666
53.6667
53.6673
53.668
53.6686
53.6693
53.67
53.6707
53.6715
53.6722
53.673
53.6738
53.6745
53.6753
53.6762
53.677
53.6778
53.6787
53.6795
53.6804
53.6813
53.6822
53.6831
53.684
53.6849
53.6858
53.6867
53.6877
53.6886
53.6895
53.6904
53.6914
53.6923
53.6933
53.6942
53.6951
53.6961
53.697
53.6979
53.6988
53.6998
53.7007
53.7016
53.7025
53.7034
53.7043
53.7052
53.7061
53.707
53.7079
53.7088
53.7097
53.7106
53.7115
53.7124
53.7132
53.7141
53.715
53.7159
53.7168
53.7177
53.7186
53.7195
53.7204
53.7213
53.7222
53.7231
53.724
53.7249
53.7258
53.7267
53.7276
53.7285
53.7294
53.7303
53.7311
53.732
53.7329
53.7338
53.7346
53.7354
53.7363
53.7371
53.7379
53.7387
53.7395
53.7402
53.7409
53.7417
53.7424
53.743
53.7437
53.7444
53.745
53.7456
53.7462
53.7467
53.7473
53.7478
53.7483
53.7488
53.7492
53.7497
53.7501
53.7505
53.7509
53.7513
53.7517
53.752
53.7523
53.7527
53.753
53.7533
53.7535
53.7538
53.7541
53.7543
53.7546
53.7548
53.755
53.7553
53.7555
53.7557
53.7559
53.7561
53.7563
53.7565
53.7567
53.7569
53.7571
53.7573
53.7575
53.7577
53.7579
53.7581
53.7583
53.7585
53.7588
53.759
53.7593
53.7595
53.7598
53.7601
53.7604
53.7607
53.761
53.7614
53.7618
53.7621
53.7625
53.763
53.7634
53.7639
53.7643
53.7648
53.7654
53.7659
53.7665
53.7671
53.7677
53.7683
53.7689
53.7696
53.7703
53.771
53.7717
53.7725
53.7732
53.774
53.7748
53.7756
53.7764
53.7773
53.7781
53.779
53.7799
53.7807
53.7816
53.7825
53.7834
53.7844
53.7853
53.7862
53.7872
53.7881
53.789
53.79
53.7909
53.7919
53.7929
53.7938
53.7948
53.7958
53.7967
53.7977
53.7987
53.7997
53.8007
53.8016
53.8026
53.8036
53.8046
53.8057
53.8067
53.8077
53.8087
53.8098
53.8108
53.8119
53.813
53.814
53.8151
53.8162
53.8174
53.8185
53.8196
53.8208
53.822
53.8232
53.8244
53.8256
53.8269
53.8281
53.8294
53.8307
53.832
53.8333
53.8347
53.836
53.8374
53.8387
53.8402
53.8415
53.8431
53.8444
53.846
53.8473
53.8489
53.8502
53.8519
53.8532
53.8549
53.8563
53.8583
)
;
    }
}


// ************************************************************************* //
