/*--------------------------------*- C++ -*----------------------------------*\
| =========                 |                                                 |
| \\      /  F ield         | OpenFOAM: The Open Source CFD Toolbox           |
|  \\    /   O peration     | Version:  3.0.x                                 |
|   \\  /    A nd           | Web:      www.OpenFOAM.org                      |
|    \\/     M anipulation  |                                                 |
\*---------------------------------------------------------------------------*/
FoamFile
{
    version     2.0;
    format      ascii;
    class       volScalarField;
    location    "0.006";
    object      p;
}
// * * * * * * * * * * * * * * * * * * * * * * * * * * * * * * * * * * * * * //

dimensions      [1 -1 -2 0 0 0 0];

internalField   nonuniform List<scalar> 
1000
(
1.8e+07
1.8e+07
1.8e+07
1.8e+07
1.8e+07
1.8e+07
1.8e+07
1.8e+07
1.8e+07
1.8e+07
1.8e+07
1.8e+07
1.8e+07
1.8e+07
1.8e+07
1.8e+07
1.8e+07
1.8e+07
1.8e+07
1.8e+07
1.8e+07
1.8e+07
1.8e+07
1.8e+07
1.8e+07
1.8e+07
1.8e+07
1.8e+07
1.8e+07
1.8e+07
1.8e+07
1.8e+07
1.8e+07
1.8e+07
1.8e+07
1.8e+07
1.8e+07
1.8e+07
1.8e+07
1.8e+07
1.8e+07
1.8e+07
1.8e+07
1.8e+07
1.8e+07
1.8e+07
1.8e+07
1.8e+07
1.8e+07
1.8e+07
1.8e+07
1.8e+07
1.8e+07
1.8e+07
1.8e+07
1.8e+07
1.8e+07
1.8e+07
1.8e+07
1.8e+07
1.8e+07
1.8e+07
1.8e+07
1.8e+07
1.8e+07
1.8e+07
1.8e+07
1.8e+07
1.8e+07
1.8e+07
1.8e+07
1.8e+07
1.8e+07
1.8e+07
1.8e+07
1.8e+07
1.8e+07
1.8e+07
1.8e+07
1.8e+07
1.8e+07
1.8e+07
1.8e+07
1.8e+07
1.8e+07
1.8e+07
1.8e+07
1.8e+07
1.8e+07
1.8e+07
1.8e+07
1.8e+07
1.8e+07
1.8e+07
1.8e+07
1.8e+07
1.8e+07
1.8e+07
1.8e+07
1.8e+07
1.8e+07
1.8e+07
1.8e+07
1.8e+07
1.8e+07
1.8e+07
1.8e+07
1.8e+07
1.8e+07
1.8e+07
1.8e+07
1.8e+07
1.8e+07
1.8e+07
1.8e+07
1.8e+07
1.8e+07
1.8e+07
1.8e+07
1.8e+07
1.8e+07
1.8e+07
1.8e+07
1.8e+07
1.8e+07
1.8e+07
1.8e+07
1.8e+07
1.8e+07
1.8e+07
1.8e+07
1.8e+07
1.8e+07
1.8e+07
1.8e+07
1.8e+07
1.8e+07
1.8e+07
1.8e+07
1.8e+07
1.8e+07
1.8e+07
1.8e+07
1.8e+07
1.8e+07
1.8e+07
1.8e+07
1.8e+07
1.8e+07
1.8e+07
1.8e+07
1.8e+07
1.8e+07
1.8e+07
1.8e+07
1.8e+07
1.8e+07
1.8e+07
1.8e+07
1.8e+07
1.8e+07
1.8e+07
1.8e+07
1.8e+07
1.8e+07
1.8e+07
1.8e+07
1.8e+07
1.8e+07
1.8e+07
1.8e+07
1.8e+07
1.8e+07
1.8e+07
1.8e+07
1.8e+07
1.8e+07
1.8e+07
1.8e+07
1.8e+07
1.8e+07
1.8e+07
1.8e+07
1.8e+07
1.8e+07
1.8e+07
1.8e+07
1.8e+07
1.8e+07
1.8e+07
1.8e+07
1.8e+07
1.8e+07
1.8e+07
1.8e+07
1.8e+07
1.8e+07
1.8e+07
1.8e+07
1.8e+07
1.8e+07
1.8e+07
1.8e+07
1.8e+07
1.8e+07
1.8e+07
1.8e+07
1.8e+07
1.8e+07
1.8e+07
1.8e+07
1.8e+07
1.8e+07
1.8e+07
1.8e+07
1.8e+07
1.8e+07
1.8e+07
1.8e+07
1.8e+07
1.8e+07
1.8e+07
1.8e+07
1.8e+07
1.8e+07
1.8e+07
1.8e+07
1.8e+07
1.8e+07
1.8e+07
1.8e+07
1.8e+07
1.8e+07
1.8e+07
1.8e+07
1.8e+07
1.8e+07
1.8e+07
1.8e+07
1.8e+07
1.8e+07
1.8e+07
1.8e+07
1.8e+07
1.8e+07
1.8e+07
1.8e+07
1.8e+07
1.8e+07
1.8e+07
1.8e+07
1.8e+07
1.8e+07
1.8e+07
1.8e+07
1.8e+07
1.8e+07
1.8e+07
1.8e+07
1.8e+07
1.8e+07
1.8e+07
1.8e+07
1.8e+07
1.8e+07
1.8e+07
1.8e+07
1.8e+07
1.8e+07
1.8e+07
1.8e+07
1.8e+07
1.8e+07
1.8e+07
1.8e+07
1.8e+07
1.8e+07
1.8e+07
1.8e+07
1.8e+07
1.8e+07
1.8e+07
1.8e+07
1.8e+07
1.8e+07
1.8e+07
1.8e+07
1.8e+07
1.8e+07
1.8e+07
1.8e+07
1.8e+07
1.8e+07
1.8e+07
1.8e+07
1.8e+07
1.8e+07
1.8e+07
1.8e+07
1.8e+07
1.8e+07
1.8e+07
1.8e+07
1.8e+07
1.8e+07
1.8e+07
1.8e+07
1.8e+07
1.8e+07
1.8e+07
1.8e+07
1.8e+07
1.8e+07
1.8e+07
1.8e+07
1.8e+07
1.8e+07
1.8e+07
1.8e+07
1.8e+07
1.8e+07
1.8e+07
1.8e+07
1.8e+07
1.8e+07
1.8e+07
1.8e+07
1.8e+07
1.8e+07
1.8e+07
1.8e+07
1.8e+07
1.8e+07
1.8e+07
1.8e+07
1.8e+07
1.8e+07
1.8e+07
1.8e+07
1.8e+07
1.8e+07
1.8e+07
1.8e+07
1.8e+07
1.8e+07
1.8e+07
1.8e+07
1.8e+07
1.8e+07
1.8e+07
1.8e+07
1.8e+07
1.8e+07
1.8e+07
1.8e+07
1.8e+07
1.8e+07
1.8e+07
1.8e+07
1.8e+07
1.8e+07
1.8e+07
1.8e+07
1.8e+07
1.8e+07
1.8e+07
1.8e+07
1.8e+07
1.8e+07
1.8e+07
1.8e+07
1.8e+07
1.8e+07
1.8e+07
1.8e+07
1.8e+07
1.8e+07
1.8e+07
1.8e+07
1.8e+07
1.8e+07
1.8e+07
1.8e+07
1.8e+07
1.8e+07
1.8e+07
1.8e+07
1.8e+07
1.8e+07
1.8e+07
1.8e+07
1.8e+07
1.8e+07
1.8e+07
1.8e+07
1.8e+07
1.8e+07
1.8e+07
1.8e+07
1.8e+07
1.8e+07
1.8e+07
1.8e+07
1.8e+07
1.8e+07
1.8e+07
1.8e+07
1.8e+07
1.8e+07
1.8e+07
1.8e+07
1.8e+07
1.8e+07
1.8e+07
1.8e+07
1.8e+07
1.8e+07
1.8e+07
1.8e+07
1.8e+07
1.8e+07
1.8e+07
1.8e+07
1.8e+07
1.8e+07
1.8e+07
1.8e+07
1.8e+07
1.8e+07
1.8e+07
1.8e+07
1.8e+07
1.8e+07
1.8e+07
1.8e+07
1.8e+07
1.8e+07
1.8e+07
1.8e+07
1.8e+07
1.8e+07
1.8e+07
1.8e+07
1.8e+07
1.8e+07
1.8e+07
1.8e+07
1.8e+07
1.8e+07
1.8e+07
1.8e+07
1.8e+07
1.8e+07
1.8e+07
1.8e+07
1.8e+07
1.8e+07
1.8e+07
1.8e+07
1.8e+07
1.8e+07
1.8e+07
1.8e+07
1.8e+07
1.8e+07
1.8e+07
1.8e+07
1.8e+07
1.8e+07
1.8e+07
1.8e+07
1.8e+07
1.8e+07
1.8e+07
1.8e+07
1.8e+07
1.8e+07
1.8e+07
1.8e+07
1.8e+07
1.8e+07
1.8e+07
1.8e+07
1.8e+07
1.8e+07
1.8e+07
1.8e+07
1.8e+07
1.8e+07
1.8e+07
1.8e+07
1.8e+07
1.8e+07
1.8e+07
1.8e+07
1.8e+07
1.8e+07
1.8e+07
1.8e+07
1.8e+07
1.8e+07
1.8e+07
1.8e+07
1.8e+07
1.8e+07
1.8e+07
1.8e+07
1.8e+07
1.8e+07
1.8e+07
1.8e+07
1.8e+07
1.8e+07
1.8e+07
1.8e+07
1.8e+07
1.8e+07
1.8e+07
1.8e+07
1.8e+07
1.8e+07
1.8e+07
1.8e+07
1.8e+07
1.8e+07
1.8e+07
1.8e+07
1.8e+07
1.8e+07
1.8e+07
1.8e+07
1.8e+07
1.8e+07
1.8e+07
1.8e+07
1.8e+07
1.8e+07
1.8e+07
1.8e+07
1.8e+07
1.8e+07
1.8e+07
1.8e+07
1.8e+07
1.8e+07
1.8e+07
1.8e+07
1.8e+07
1.8e+07
1.8e+07
1.8e+07
1.8e+07
1.8e+07
1.8e+07
1.8e+07
1.8e+07
1.8e+07
1.8e+07
1.8e+07
1.8e+07
1.8e+07
1.8e+07
1.8e+07
1.8e+07
1.8e+07
1.80001e+07
1.80001e+07
1.80001e+07
1.80001e+07
1.80001e+07
1.80002e+07
1.80002e+07
1.80003e+07
1.80004e+07
1.80005e+07
1.80006e+07
1.80007e+07
1.80009e+07
1.80012e+07
1.80014e+07
1.80018e+07
1.80022e+07
1.80027e+07
1.80033e+07
1.80041e+07
1.8005e+07
1.80061e+07
1.80075e+07
1.80091e+07
1.8011e+07
1.80133e+07
1.8016e+07
1.80193e+07
1.80231e+07
1.80277e+07
1.8033e+07
1.80393e+07
1.80466e+07
1.80551e+07
1.8065e+07
1.80764e+07
1.80896e+07
1.81047e+07
1.81219e+07
1.81415e+07
1.81636e+07
1.81885e+07
1.82162e+07
1.82471e+07
1.82811e+07
1.83184e+07
1.83589e+07
1.84025e+07
1.84491e+07
1.84984e+07
1.85502e+07
1.86039e+07
1.86591e+07
1.87153e+07
1.87717e+07
1.88279e+07
1.88832e+07
1.89371e+07
1.89889e+07
1.90384e+07
1.9085e+07
1.91286e+07
1.9169e+07
1.9206e+07
1.92396e+07
1.92699e+07
1.92971e+07
1.93212e+07
1.93424e+07
1.93611e+07
1.93773e+07
1.93913e+07
1.94034e+07
1.94137e+07
1.94225e+07
1.94299e+07
1.94362e+07
1.94414e+07
1.94458e+07
1.94494e+07
1.94524e+07
1.94548e+07
1.94567e+07
1.94582e+07
1.94594e+07
1.94603e+07
1.94609e+07
1.94613e+07
1.94615e+07
1.94615e+07
1.94615e+07
1.94615e+07
1.94615e+07
1.94614e+07
1.94614e+07
1.94614e+07
1.94614e+07
1.94613e+07
1.94613e+07
1.94613e+07
1.94613e+07
1.94613e+07
1.94613e+07
1.94613e+07
1.94613e+07
1.94613e+07
1.94613e+07
1.94613e+07
1.94613e+07
1.94613e+07
1.94613e+07
1.94613e+07
1.94613e+07
1.94613e+07
1.94614e+07
1.94614e+07
1.94614e+07
1.94614e+07
1.94614e+07
1.94614e+07
1.94614e+07
1.94614e+07
1.94614e+07
1.94614e+07
1.94614e+07
1.94614e+07
1.94614e+07
1.94614e+07
1.94614e+07
1.94614e+07
1.94614e+07
1.94614e+07
1.94614e+07
1.94614e+07
1.94614e+07
1.94614e+07
1.94614e+07
1.94614e+07
1.94614e+07
1.94614e+07
1.94614e+07
1.94614e+07
1.94614e+07
1.94614e+07
1.94614e+07
1.94614e+07
1.94614e+07
1.94614e+07
1.94614e+07
1.94614e+07
1.94614e+07
1.94614e+07
1.94614e+07
1.94614e+07
1.94614e+07
1.94614e+07
1.94614e+07
1.94614e+07
1.94614e+07
1.94614e+07
1.94614e+07
1.94614e+07
1.94614e+07
1.94614e+07
1.94614e+07
1.94614e+07
1.94614e+07
1.94614e+07
1.94614e+07
1.94614e+07
1.94614e+07
1.94614e+07
1.94614e+07
1.94614e+07
1.94614e+07
1.94614e+07
1.94614e+07
1.94615e+07
1.94615e+07
1.94615e+07
1.94615e+07
1.94615e+07
1.94615e+07
1.94615e+07
1.94615e+07
1.94615e+07
1.94615e+07
1.94615e+07
1.94615e+07
1.94615e+07
1.94615e+07
1.94615e+07
1.94615e+07
1.94615e+07
1.94615e+07
1.94615e+07
1.94615e+07
1.94615e+07
1.94615e+07
1.94615e+07
1.94615e+07
1.94615e+07
1.94615e+07
1.94615e+07
1.94615e+07
1.94615e+07
1.94615e+07
1.94615e+07
1.94615e+07
1.94615e+07
1.94615e+07
1.94615e+07
1.94615e+07
1.94615e+07
1.94615e+07
1.94615e+07
1.94615e+07
1.94615e+07
1.94615e+07
1.94615e+07
1.94615e+07
1.94615e+07
1.94615e+07
1.94615e+07
1.94615e+07
1.94615e+07
1.94615e+07
1.94615e+07
1.94615e+07
1.94615e+07
1.94615e+07
1.94615e+07
1.94615e+07
1.94615e+07
1.94615e+07
1.94615e+07
1.94615e+07
1.94615e+07
1.94615e+07
1.94615e+07
1.94615e+07
1.94615e+07
1.94615e+07
1.94615e+07
1.94615e+07
1.94615e+07
1.94615e+07
1.94615e+07
1.94615e+07
1.94615e+07
1.94615e+07
1.94615e+07
1.94615e+07
1.94615e+07
1.94615e+07
1.94615e+07
1.94615e+07
1.94615e+07
1.94615e+07
1.94615e+07
1.94615e+07
1.94615e+07
1.94615e+07
1.94615e+07
1.94615e+07
1.94615e+07
1.94615e+07
1.94615e+07
1.94615e+07
1.94615e+07
1.94615e+07
1.94615e+07
1.94615e+07
1.94615e+07
1.94615e+07
1.94615e+07
1.94615e+07
1.94615e+07
1.94615e+07
1.94615e+07
1.94615e+07
1.94615e+07
1.94615e+07
1.94615e+07
1.94615e+07
1.94615e+07
1.94615e+07
1.94615e+07
1.94615e+07
1.94615e+07
1.94615e+07
1.94615e+07
1.94615e+07
1.94615e+07
1.94615e+07
1.94615e+07
1.94615e+07
1.94615e+07
1.94615e+07
1.94615e+07
1.94615e+07
1.94615e+07
1.94615e+07
1.94615e+07
1.94615e+07
1.94615e+07
1.94615e+07
1.94615e+07
1.94615e+07
1.94615e+07
1.94615e+07
1.94615e+07
1.94615e+07
1.94615e+07
1.94615e+07
1.94615e+07
1.94615e+07
1.94615e+07
1.94615e+07
1.94615e+07
1.94615e+07
1.94615e+07
1.94615e+07
1.94615e+07
1.94615e+07
1.94615e+07
1.94615e+07
1.94615e+07
1.94615e+07
1.94615e+07
1.94615e+07
1.94615e+07
1.94615e+07
1.94615e+07
1.94615e+07
1.94615e+07
1.94615e+07
1.94615e+07
1.94615e+07
1.94615e+07
1.94615e+07
1.94615e+07
1.94615e+07
1.94615e+07
1.94615e+07
1.94615e+07
1.94615e+07
1.94615e+07
1.94615e+07
1.94615e+07
1.94615e+07
1.94615e+07
1.94615e+07
1.94615e+07
1.94615e+07
1.94615e+07
1.94615e+07
1.94615e+07
1.94615e+07
1.94615e+07
1.94615e+07
1.94615e+07
1.94615e+07
1.94615e+07
1.94615e+07
1.94615e+07
1.94615e+07
1.94615e+07
1.94615e+07
1.94615e+07
1.94615e+07
1.94615e+07
1.94615e+07
1.94615e+07
1.94615e+07
1.94615e+07
1.94615e+07
1.94615e+07
1.94615e+07
1.94615e+07
1.94615e+07
1.94615e+07
1.94615e+07
1.94615e+07
1.94615e+07
1.94615e+07
1.94616e+07
1.94615e+07
1.94616e+07
1.94615e+07
1.94616e+07
1.94614e+07
1.94616e+07
1.94614e+07
1.94616e+07
1.94614e+07
1.94616e+07
1.94614e+07
1.94617e+07
1.94613e+07
1.94617e+07
1.94613e+07
1.94617e+07
1.94613e+07
1.94618e+07
1.94612e+07
1.94618e+07
1.94612e+07
1.94619e+07
1.94612e+07
1.94619e+07
1.94611e+07
1.94619e+07
1.94611e+07
1.94619e+07
1.94611e+07
1.9462e+07
1.94611e+07
1.9462e+07
1.94611e+07
1.94619e+07
1.94611e+07
1.94619e+07
1.94611e+07
1.94619e+07
1.94612e+07
1.94618e+07
1.94612e+07
1.94618e+07
1.94613e+07
1.94617e+07
1.94614e+07
1.94616e+07
1.94615e+07
1.94615e+07
)
;

boundaryField
{
    inlet
    {
        type            zeroGradient;
    }
    backWall
    {
        type            zeroGradient;
    }
    sides
    {
        type            empty;
    }
}


// ************************************************************************* //
