// outlet0.2.dat

// Outlet differential pressure boundary condition for a valve closure 
// time of 0.2s.  This is based upon an initial uniform pressure of
// 1.8e7 Pa and a maximum pressure of 1.946e7 (from SH1 solution), giving
// a maximum delta p of 1.453e6.

// The timestep used is 0.001 s
	
//  t	    p(t)
(
    (0	1.80000000E+07)
    (0.001	1.80000623E+07)
    (0.002	1.80002497E+07)
    (0.003	1.80005632E+07)
    (0.004	1.80010036E+07)
    (0.005	1.80015718E+07)
    (0.006	1.80022687E+07)
    (0.007	1.80030950E+07)
    (0.008	1.80040516E+07)
    (0.009	1.80051392E+07)
    (0.01	1.80063586E+07)
    (0.011	1.80077105E+07)
    (0.012	1.80091955E+07)
    (0.013	1.80108145E+07)
    (0.014	1.80125679E+07)
    (0.015	1.80144565E+07)
    (0.016	1.80164808E+07)
    (0.017	1.80186414E+07)
    (0.018	1.80209388E+07)
    (0.019	1.80233735E+07)
    (0.02	1.80259461E+07)
    (0.021	1.80286569E+07)
    (0.022	1.80315064E+07)
    (0.023	1.80344949E+07)
    (0.024	1.80376229E+07)
    (0.025	1.80408906E+07)
    (0.026	1.80442984E+07)
    (0.027	1.80478464E+07)
    (0.028	1.80515349E+07)
    (0.029	1.80553641E+07)
    (0.03	1.80593341E+07)
    (0.031	1.80634451E+07)
    (0.032	1.80676972E+07)
    (0.033	1.80720903E+07)
    (0.034	1.80766245E+07)
    (0.035	1.80812997E+07)
    (0.036	1.80861159E+07)
    (0.037	1.80910730E+07)
    (0.038	1.80961708E+07)
    (0.039	1.81014091E+07)
    (0.04	1.81067877E+07)
    (0.041	1.81123063E+07)
    (0.042	1.81179647E+07)
    (0.043	1.81237624E+07)
    (0.044	1.81296991E+07)
    (0.045	1.81357743E+07)
    (0.046	1.81419875E+07)
    (0.047	1.81483383E+07)
    (0.048	1.81548260E+07)
    (0.049	1.81614501E+07)
    (0.05	1.81682098E+07)
    (0.051	1.81751045E+07)
    (0.052	1.81821334E+07)
    (0.053	1.81892957E+07)
    (0.054	1.81965907E+07)
    (0.055	1.82040173E+07)
    (0.056	1.82115747E+07)
    (0.057	1.82192619E+07)
    (0.058	1.82270778E+07)
    (0.059	1.82350214E+07)
    (0.06	1.82430916E+07)
    (0.061	1.82512871E+07)
    (0.062	1.82596068E+07)
    (0.063	1.82680494E+07)
    (0.064	1.82766136E+07)
    (0.065	1.82852979E+07)
    (0.066	1.82941010E+07)
    (0.067	1.83030215E+07)
    (0.068	1.83120578E+07)
    (0.069	1.83212083E+07)
    (0.07	1.83304714E+07)
    (0.071	1.83398455E+07)
    (0.072	1.83493288E+07)
    (0.073	1.83589197E+07)
    (0.074	1.83686162E+07)
    (0.075	1.83784165E+07)
    (0.076	1.83883187E+07)
    (0.077	1.83983209E+07)
    (0.078	1.84084209E+07)
    (0.079	1.84186169E+07)
    (0.08	1.84289066E+07)
    (0.081	1.84392880E+07)
    (0.082	1.84497587E+07)
    (0.083	1.84603166E+07)
    (0.084	1.84709594E+07)
    (0.085	1.84816847E+07)
    (0.086	1.84924900E+07)
    (0.087	1.85033731E+07)
    (0.088	1.85143313E+07)
    (0.089	1.85253622E+07)
    (0.09	1.85364631E+07)
    (0.091	1.85476315E+07)
    (0.092	1.85588646E+07)
    (0.093	1.85701598E+07)
    (0.094	1.85815143E+07)
    (0.095	1.85929253E+07)
    (0.096	1.86043899E+07)
    (0.097	1.86159053E+07)
    (0.098	1.86274686E+07)
    (0.099	1.86390767E+07)
    (0.1	1.86507266E+07)
    (0.101	1.86624154E+07)
    (0.102	1.86741399E+07)
    (0.103	1.86858971E+07)
    (0.104	1.86976837E+07)
    (0.105	1.87094965E+07)
    (0.106	1.87213325E+07)
    (0.107	1.87331882E+07)
    (0.108	1.87450604E+07)
    (0.109	1.87569457E+07)
    (0.11	1.87688409E+07)
    (0.111	1.87807425E+07)
    (0.112	1.87926472E+07)
    (0.113	1.88045514E+07)
    (0.114	1.88164518E+07)
    (0.115	1.88283449E+07)
    (0.116	1.88402271E+07)
    (0.117	1.88520949E+07)
    (0.118	1.88639447E+07)
    (0.119	1.88757731E+07)
    (0.12	1.88875764E+07)
    (0.121	1.88993511E+07)
    (0.122	1.89110934E+07)
    (0.123	1.89227998E+07)
    (0.124	1.89344667E+07)
    (0.125	1.89460904E+07)
    (0.126	1.89576673E+07)
    (0.127	1.89691936E+07)
    (0.128	1.89806658E+07)
    (0.129	1.89920802E+07)
    (0.13	1.90034331E+07)
    (0.131	1.90147208E+07)
    (0.132	1.90259398E+07)
    (0.133	1.90370863E+07)
    (0.134	1.90481567E+07)
    (0.135	1.90591474E+07)
    (0.136	1.90700548E+07)
    (0.137	1.90808752E+07)
    (0.138	1.90916050E+07)
    (0.139	1.91022408E+07)
    (0.14	1.91127788E+07)
    (0.141	1.91232157E+07)
    (0.142	1.91335478E+07)
    (0.143	1.91437718E+07)
    (0.144	1.91538841E+07)
    (0.145	1.91638813E+07)
    (0.146	1.91737601E+07)
    (0.147	1.91835171E+07)
    (0.148	1.91931490E+07)
    (0.149	1.92026525E+07)
    (0.15	1.92120244E+07)
    (0.151	1.92212616E+07)
    (0.152	1.92303608E+07)
    (0.153	1.92393190E+07)
    (0.154	1.92481332E+07)
    (0.155	1.92568004E+07)
    (0.156	1.92653178E+07)
    (0.157	1.92736823E+07)
    (0.158	1.92818913E+07)
    (0.159	1.92899421E+07)
    (0.16	1.92978319E+07)
    (0.161	1.93055582E+07)
    (0.162	1.93131185E+07)
    (0.163	1.93205104E+07)
    (0.164	1.93277315E+07)
    (0.165	1.93347795E+07)
    (0.166	1.93416523E+07)
    (0.167	1.93483477E+07)
    (0.168	1.93548638E+07)
    (0.169	1.93611985E+07)
    (0.17	1.93673502E+07)
    (0.171	1.93733170E+07)
    (0.172	1.93790974E+07)
    (0.173	1.93846897E+07)
    (0.174	1.93900926E+07)
    (0.175	1.93953048E+07)
    (0.176	1.94003249E+07)
    (0.177	1.94051520E+07)
    (0.178	1.94097850E+07)
    (0.179	1.94142229E+07)
    (0.18	1.94184651E+07)
    (0.181	1.94225108E+07)
    (0.182	1.94263595E+07)
    (0.183	1.94300107E+07)
    (0.184	1.94334641E+07)
    (0.185	1.94367193E+07)
    (0.186	1.94397763E+07)
    (0.187	1.94426349E+07)
    (0.188	1.94452952E+07)
    (0.189	1.94477573E+07)
    (0.19	1.94500212E+07)
    (0.191	1.94520870E+07)
    (0.192	1.94539548E+07)
    (0.193	1.94556245E+07)
    (0.194	1.94570960E+07)
    (0.195	1.94583684E+07)
    (0.196	1.94594405E+07)
    (0.197	1.94603097E+07)
    (0.198	1.94609707E+07)
    (0.199	1.94614127E+07)
    (0.2	1.94616000E+07)
)
