/*--------------------------------*- C++ -*----------------------------------*\
| =========                 |                                                 |
| \\      /  F ield         | OpenFOAM: The Open Source CFD Toolbox           |
|  \\    /   O peration     | Version:  3.0.x                                 |
|   \\  /    A nd           | Web:      www.OpenFOAM.org                      |
|    \\/     M anipulation  |                                                 |
\*---------------------------------------------------------------------------*/
FoamFile
{
    version     2.0;
    format      ascii;
    class       volScalarField;
    location    "0.58";
    object      rho;
}
// * * * * * * * * * * * * * * * * * * * * * * * * * * * * * * * * * * * * * //

dimensions      [1 -3 0 0 0 0 0];

internalField   nonuniform List<scalar> 
6900
(
54.2139
54.2177
54.2238
54.2297
54.2352
54.2405
54.2454
54.2498
54.254
54.2578
54.2613
54.2644
54.267
54.2693
54.2715
54.2736
54.2755
54.2772
54.2787
54.2803
54.2818
54.2833
54.2847
54.2862
54.2876
54.289
54.2903
54.2917
54.293
54.2943
54.2955
54.2967
54.2979
54.2991
54.3002
54.3013
54.3024
54.3034
54.3044
54.3054
54.3063
54.3073
54.3081
54.309
54.3099
54.3107
54.3115
54.3122
54.3129
54.3136
54.3144
54.3152
54.316
54.3168
54.3176
54.3183
54.319
54.3196
54.3202
54.3208
54.3213
54.3218
54.3224
54.3229
54.3235
54.3241
54.3248
54.3254
54.3259
54.3264
54.3268
54.3272
54.3275
54.3277
54.3279
54.3281
54.3283
54.3286
54.3288
54.3289
54.3291
54.3292
54.3292
54.3292
54.3291
54.329
54.3288
54.3286
54.3283
54.3281
54.3278
54.3274
54.3271
54.3267
54.3262
54.3258
54.3253
54.3248
54.3243
54.3238
54.3233
54.3227
54.3221
54.3215
54.3209
54.3202
54.3195
54.3188
54.3181
54.3174
54.3166
54.3158
54.315
54.3142
54.3134
54.3125
54.3116
54.3107
54.3098
54.3088
54.3079
54.3069
54.3058
54.3048
54.3037
54.3026
54.3015
54.3003
54.2992
54.298
54.2968
54.2955
54.2943
54.293
54.2917
54.2904
54.2891
54.2877
54.2863
54.2849
54.2835
54.2821
54.2807
54.2792
54.2777
54.2763
54.2748
54.2733
54.2717
54.2702
54.2687
54.2671
54.2655
54.264
54.2624
54.2608
54.2592
54.2576
54.2559
54.2543
54.2526
54.251
54.2493
54.2476
54.2459
54.2442
54.2425
54.2409
54.2392
54.2375
54.2358
54.2341
54.2324
54.2307
54.229
54.2273
54.2256
54.2238
54.2221
54.2204
54.2187
54.2168
54.2152
54.2133
54.2117
54.2097
54.2082
54.2062
54.2047
54.2027
54.2013
54.1993
54.1979
54.196
54.1946
54.1929
54.1911
54.1898
54.188
54.1864
54.2142
54.218
54.2241
54.23
54.2355
54.2407
54.2456
54.2501
54.2542
54.2581
54.2616
54.2646
54.2673
54.2696
54.2718
54.2738
54.2757
54.2775
54.279
54.2805
54.282
54.2835
54.285
54.2864
54.2879
54.2892
54.2906
54.2919
54.2932
54.2945
54.2958
54.297
54.2982
54.2993
54.3004
54.3015
54.3026
54.3036
54.3046
54.3056
54.3066
54.3075
54.3084
54.3093
54.3101
54.3109
54.3117
54.3125
54.3132
54.3139
54.3146
54.3154
54.3162
54.317
54.3178
54.3185
54.3192
54.3198
54.3204
54.321
54.3215
54.322
54.3226
54.3231
54.3237
54.3243
54.3249
54.3255
54.3261
54.3266
54.327
54.3274
54.3276
54.3279
54.3281
54.3283
54.3285
54.3287
54.3289
54.3291
54.3292
54.3293
54.3294
54.3293
54.3293
54.3291
54.329
54.3288
54.3285
54.3282
54.3279
54.3276
54.3272
54.3268
54.3264
54.326
54.3255
54.325
54.3245
54.324
54.3234
54.3229
54.3223
54.3217
54.321
54.3204
54.3197
54.319
54.3183
54.3175
54.3168
54.316
54.3152
54.3144
54.3136
54.3127
54.3118
54.3109
54.31
54.309
54.308
54.307
54.306
54.3049
54.3039
54.3028
54.3017
54.3005
54.2993
54.2982
54.2969
54.2957
54.2945
54.2932
54.2919
54.2906
54.2892
54.2879
54.2865
54.2851
54.2837
54.2823
54.2808
54.2794
54.2779
54.2764
54.2749
54.2734
54.2719
54.2704
54.2688
54.2673
54.2657
54.2641
54.2625
54.261
54.2593
54.2577
54.2561
54.2544
54.2528
54.2511
54.2495
54.2478
54.2461
54.2444
54.2427
54.241
54.2393
54.2376
54.2359
54.2342
54.2325
54.2308
54.2292
54.2274
54.2257
54.224
54.2223
54.2205
54.2188
54.217
54.2153
54.2134
54.2119
54.2099
54.2084
54.2064
54.2049
54.2029
54.2015
54.1995
54.1981
54.1961
54.1947
54.1928
54.1915
54.1897
54.1884
54.1867
54.2142
54.218
54.2241
54.23
54.2355
54.2407
54.2456
54.2501
54.2542
54.2581
54.2616
54.2646
54.2673
54.2696
54.2718
54.2738
54.2757
54.2774
54.279
54.2805
54.282
54.2835
54.285
54.2864
54.2878
54.2892
54.2906
54.2919
54.2932
54.2945
54.2958
54.297
54.2982
54.2993
54.3004
54.3015
54.3026
54.3036
54.3046
54.3056
54.3066
54.3075
54.3084
54.3093
54.3101
54.3109
54.3117
54.3125
54.3132
54.3139
54.3146
54.3154
54.3162
54.317
54.3178
54.3185
54.3192
54.3198
54.3204
54.321
54.3215
54.322
54.3226
54.3231
54.3237
54.3243
54.3249
54.3255
54.3261
54.3266
54.327
54.3274
54.3276
54.3279
54.3281
54.3283
54.3285
54.3287
54.3289
54.3291
54.3292
54.3293
54.3294
54.3293
54.3293
54.3291
54.329
54.3288
54.3285
54.3282
54.3279
54.3276
54.3272
54.3268
54.3264
54.326
54.3255
54.325
54.3245
54.324
54.3234
54.3229
54.3223
54.3217
54.321
54.3204
54.3197
54.319
54.3183
54.3175
54.3168
54.316
54.3152
54.3144
54.3136
54.3127
54.3118
54.3109
54.31
54.309
54.308
54.307
54.306
54.3049
54.3039
54.3028
54.3017
54.3005
54.2993
54.2982
54.2969
54.2957
54.2945
54.2932
54.2919
54.2906
54.2892
54.2879
54.2865
54.2851
54.2837
54.2823
54.2808
54.2794
54.2779
54.2764
54.2749
54.2734
54.2719
54.2704
54.2688
54.2673
54.2657
54.2641
54.2625
54.261
54.2593
54.2577
54.2561
54.2544
54.2528
54.2511
54.2495
54.2478
54.2461
54.2444
54.2427
54.241
54.2393
54.2376
54.2359
54.2342
54.2325
54.2308
54.2291
54.2274
54.2257
54.224
54.2223
54.2205
54.2188
54.217
54.2153
54.2135
54.2118
54.21
54.2083
54.2065
54.2048
54.2031
54.2014
54.1996
54.198
54.1962
54.1946
54.193
54.1913
54.1897
54.1883
54.1867
54.2142
54.218
54.2241
54.23
54.2355
54.2407
54.2456
54.2501
54.2542
54.2581
54.2616
54.2646
54.2673
54.2696
54.2718
54.2738
54.2757
54.2775
54.279
54.2805
54.282
54.2835
54.285
54.2864
54.2879
54.2892
54.2906
54.2919
54.2932
54.2945
54.2958
54.297
54.2982
54.2993
54.3004
54.3015
54.3026
54.3036
54.3046
54.3056
54.3066
54.3075
54.3084
54.3093
54.3101
54.3109
54.3117
54.3125
54.3132
54.3139
54.3146
54.3154
54.3162
54.317
54.3178
54.3185
54.3192
54.3198
54.3204
54.321
54.3215
54.322
54.3226
54.3231
54.3237
54.3243
54.3249
54.3255
54.3261
54.3266
54.327
54.3274
54.3276
54.3279
54.3281
54.3283
54.3285
54.3287
54.3289
54.3291
54.3292
54.3293
54.3294
54.3293
54.3293
54.3291
54.329
54.3288
54.3285
54.3282
54.3279
54.3276
54.3272
54.3268
54.3264
54.326
54.3255
54.325
54.3245
54.324
54.3234
54.3229
54.3223
54.3217
54.321
54.3204
54.3197
54.319
54.3183
54.3175
54.3168
54.316
54.3152
54.3144
54.3136
54.3127
54.3118
54.3109
54.31
54.309
54.308
54.307
54.306
54.3049
54.3039
54.3028
54.3017
54.3005
54.2993
54.2982
54.2969
54.2957
54.2945
54.2932
54.2919
54.2906
54.2892
54.2879
54.2865
54.2851
54.2837
54.2823
54.2808
54.2794
54.2779
54.2764
54.2749
54.2734
54.2719
54.2704
54.2688
54.2673
54.2657
54.2641
54.2625
54.261
54.2593
54.2577
54.2561
54.2544
54.2528
54.2511
54.2495
54.2478
54.2461
54.2444
54.2427
54.241
54.2393
54.2376
54.2359
54.2342
54.2325
54.2309
54.2291
54.2274
54.2257
54.224
54.2223
54.2206
54.2187
54.2171
54.2152
54.2136
54.2117
54.2101
54.2081
54.2066
54.2046
54.2032
54.2012
54.1998
54.1978
54.1964
54.1945
54.1931
54.1912
54.1899
54.1885
54.1863
54.2139
54.2177
54.2238
54.2297
54.2352
54.2405
54.2454
54.2498
54.254
54.2578
54.2613
54.2644
54.267
54.2693
54.2715
54.2736
54.2755
54.2772
54.2787
54.2803
54.2818
54.2833
54.2847
54.2862
54.2876
54.289
54.2903
54.2917
54.293
54.2943
54.2955
54.2967
54.2979
54.2991
54.3002
54.3013
54.3024
54.3034
54.3044
54.3054
54.3063
54.3073
54.3081
54.309
54.3099
54.3107
54.3115
54.3122
54.3129
54.3136
54.3144
54.3152
54.316
54.3168
54.3176
54.3183
54.319
54.3196
54.3202
54.3208
54.3213
54.3218
54.3224
54.3229
54.3235
54.3241
54.3248
54.3254
54.3259
54.3264
54.3268
54.3272
54.3275
54.3277
54.3279
54.3281
54.3283
54.3286
54.3288
54.3289
54.3291
54.3292
54.3292
54.3292
54.3291
54.329
54.3288
54.3286
54.3283
54.3281
54.3278
54.3274
54.3271
54.3267
54.3262
54.3258
54.3253
54.3248
54.3243
54.3238
54.3233
54.3227
54.3221
54.3215
54.3209
54.3202
54.3195
54.3188
54.3181
54.3174
54.3166
54.3158
54.315
54.3142
54.3134
54.3125
54.3116
54.3107
54.3098
54.3088
54.3079
54.3069
54.3058
54.3048
54.3037
54.3026
54.3015
54.3003
54.2992
54.298
54.2968
54.2955
54.2943
54.293
54.2917
54.2904
54.2891
54.2877
54.2863
54.2849
54.2835
54.2821
54.2807
54.2792
54.2777
54.2763
54.2748
54.2733
54.2717
54.2702
54.2687
54.2671
54.2655
54.264
54.2624
54.2608
54.2592
54.2576
54.2559
54.2543
54.2526
54.251
54.2493
54.2476
54.2459
54.2442
54.2425
54.2409
54.2392
54.2375
54.2358
54.2341
54.2324
54.2307
54.229
54.2273
54.2256
54.2239
54.2221
54.2204
54.2186
54.2169
54.215
54.2134
54.2115
54.21
54.208
54.2065
54.2045
54.203
54.201
54.1996
54.1976
54.1962
54.1943
54.193
54.1911
54.1896
54.1885
54.1861
54.1858
54.1856
54.1854
54.1851
54.1847
54.1843
54.184
54.1836
54.1835
54.1836
54.1837
54.1832
54.1822
54.1813
54.1797
54.1784
54.178
54.1783
54.1785
54.1792
54.1859
54.1856
54.1853
54.1849
54.1846
54.1842
54.1837
54.1834
54.1834
54.1837
54.1837
54.183
54.1819
54.1811
54.1803
54.1792
54.1787
54.1787
54.1787
54.1786
54.1858
54.1855
54.1852
54.1849
54.1845
54.1841
54.1837
54.1833
54.1828
54.1823
54.1818
54.1813
54.1808
54.1801
54.1793
54.1787
54.178
54.1772
54.176
54.1752
54.1851
54.1849
54.1848
54.1845
54.1842
54.1839
54.1836
54.1833
54.1831
54.1828
54.1824
54.1821
54.1818
54.1814
54.1811
54.1808
54.1805
54.1801
54.1796
54.179
54.1846
54.1842
54.1839
54.1835
54.1832
54.1829
54.1826
54.1823
54.182
54.1817
54.1814
54.1811
54.1809
54.1806
54.1803
54.1801
54.1798
54.1795
54.1792
54.179
54.18
54.1756
54.1723
54.1714
54.1731
54.171
54.166
54.1656
54.1707
54.1677
54.1626
54.162
54.1692
54.1711
54.1597
54.1571
54.1583
54.1653
54.1756
54.1605
54.1506
54.1523
54.1542
54.1646
54.1779
54.162
54.146
54.1467
54.1518
54.1715
54.1786
54.1563
54.1431
54.1422
54.1421
54.1417
54.1411
54.1405
54.1402
54.1404
54.1416
54.1463
54.1713
54.1747
54.1491
54.1378
54.1376
54.1375
54.1371
54.1366
54.1362
54.1358
54.1355
54.1353
54.1351
54.1349
54.1347
54.1345
54.1344
54.1343
54.1341
54.134
54.134
54.134
54.134
54.134
54.1341
54.1342
54.1344
54.1345
54.1347
54.1349
54.1351
54.1353
54.1355
54.1356
54.1358
54.1359
54.1361
54.1362
54.1362
54.1363
54.1364
54.1365
54.1365
54.1365
54.1365
54.1365
54.1365
54.1366
54.1368
54.1373
54.1382
54.1391
54.1411
54.1473
54.1473
54.1418
54.1375
54.1377
54.1387
54.1394
54.1402
54.1409
54.1412
54.1416
54.1422
54.1428
54.1433
54.1431
54.143
54.1435
54.1443
54.1446
54.1426
54.1382
54.1372
54.1386
54.1443
54.1498
54.152
54.1523
54.1519
54.1515
54.1513
54.1512
54.1512
54.1512
54.1512
54.1512
54.1513
54.1513
54.1514
54.1514
54.1515
54.1515
54.1516
54.1516
54.1517
54.1517
54.1518
54.1518
54.1519
54.152
54.152
54.1521
54.1521
54.1522
54.1522
54.1522
54.1523
54.1523
54.1524
54.1524
54.1525
54.1525
54.1525
54.1526
54.1526
54.1527
54.1527
54.1528
54.1528
54.1528
54.1529
54.1529
54.153
54.153
54.1531
54.1531
54.1532
54.1532
54.1532
54.1533
54.1533
54.1534
54.1534
54.1534
54.1534
54.1535
54.1535
54.1536
54.1536
54.1537
54.1537
54.1538
54.1538
54.154
54.1539
54.1541
54.1541
54.1543
54.1543
54.1545
54.1545
54.1546
54.1547
54.1547
54.155
54.1551
54.1777
54.1743
54.1716
54.1681
54.1662
54.1652
54.1635
54.1621
54.1612
54.1587
54.1574
54.1569
54.1582
54.1591
54.1521
54.1531
54.1524
54.1531
54.162
54.1495
54.1467
54.1492
54.1461
54.1518
54.1644
54.1508
54.1419
54.1444
54.1453
54.1591
54.1657
54.1471
54.1399
54.1402
54.1405
54.1402
54.1397
54.1392
54.1391
54.1399
54.1406
54.138
54.1595
54.1632
54.1413
54.1351
54.1358
54.1361
54.1358
54.1354
54.135
54.1347
54.1345
54.1343
54.1341
54.1339
54.1337
54.1335
54.1333
54.1332
54.133
54.1329
54.1328
54.1328
54.1329
54.1329
54.1331
54.1332
54.1334
54.1336
54.1338
54.134
54.1342
54.1344
54.1346
54.1348
54.1349
54.1351
54.1352
54.1352
54.1353
54.1354
54.1354
54.1354
54.1353
54.1353
54.1353
54.1354
54.1355
54.1355
54.1356
54.1356
54.1356
54.1366
54.139
54.145
54.1451
54.1397
54.136
54.1363
54.1372
54.1377
54.1382
54.139
54.1397
54.1403
54.14
54.14
54.1405
54.1412
54.1418
54.1415
54.1381
54.1353
54.1347
54.1355
54.1387
54.1446
54.1491
54.1514
54.152
54.1518
54.1515
54.1513
54.1512
54.1512
54.1512
54.1513
54.1513
54.1513
54.1514
54.1514
54.1515
54.1515
54.1516
54.1517
54.1517
54.1518
54.1518
54.1519
54.1519
54.152
54.152
54.1521
54.1521
54.1522
54.1522
54.1523
54.1523
54.1524
54.1524
54.1525
54.1525
54.1526
54.1526
54.1526
54.1527
54.1527
54.1528
54.1528
54.1528
54.1529
54.1529
54.153
54.153
54.1531
54.1531
54.1532
54.1532
54.1533
54.1533
54.1533
54.1534
54.1534
54.1534
54.1535
54.1535
54.1536
54.1536
54.1537
54.1536
54.1537
54.1537
54.1538
54.1538
54.154
54.1539
54.1541
54.1541
54.1542
54.1542
54.1544
54.1544
54.1546
54.1546
54.1548
54.1548
54.1549
54.1551
54.155
54.1712
54.1666
54.1627
54.159
54.1551
54.1516
54.1487
54.1459
54.143
54.1411
54.1396
54.1382
54.136
54.1344
54.1339
54.133
54.1323
54.1305
54.128
54.128
54.1273
54.1273
54.1265
54.1246
54.122
54.1222
54.1224
54.1223
54.1231
54.1204
54.1178
54.1192
54.1202
54.1208
54.1212
54.1213
54.1212
54.1208
54.1201
54.1191
54.1181
54.1176
54.1145
54.1128
54.1151
54.1167
54.1176
54.1182
54.1185
54.1184
54.1183
54.1181
54.1179
54.1177
54.1174
54.1172
54.1169
54.1167
54.1165
54.1163
54.1162
54.1162
54.1162
54.1162
54.1162
54.1162
54.1162
54.1163
54.1164
54.1165
54.1165
54.1165
54.1164
54.1163
54.1162
54.1161
54.116
54.1157
54.1155
54.1156
54.1161
54.1176
54.1194
54.1218
54.125
54.1277
54.1301
54.1321
54.1338
54.1349
54.1356
54.1359
54.1364
54.1373
54.1378
54.1367
54.136
54.1359
54.1363
54.1368
54.1374
54.1381
54.1388
54.1396
54.1403
54.1411
54.1418
54.1425
54.1432
54.1438
54.1445
54.1452
54.146
54.1467
54.1475
54.1482
54.1488
54.1494
54.1498
54.1501
54.1503
54.1504
54.1506
54.1507
54.1508
54.1509
54.151
54.1511
54.1512
54.1513
54.1513
54.1514
54.1515
54.1515
54.1516
54.1516
54.1517
54.1518
54.1518
54.1519
54.1519
54.152
54.152
54.1521
54.1521
54.1522
54.1522
54.1523
54.1523
54.1524
54.1524
54.1525
54.1525
54.1526
54.1526
54.1526
54.1527
54.1527
54.1528
54.1528
54.1528
54.1529
54.1529
54.153
54.153
54.1531
54.1531
54.1532
54.1532
54.1532
54.1533
54.1533
54.1534
54.1534
54.1535
54.1535
54.1535
54.1535
54.1536
54.1536
54.1537
54.1537
54.1538
54.1538
54.1539
54.1539
54.154
54.154
54.1542
54.1542
54.1543
54.1544
54.1545
54.1546
54.1546
54.1547
54.1548
54.1549
54.155
54.155
54.177
54.1744
54.1714
54.1688
54.1672
54.1659
54.1644
54.1617
54.1599
54.159
54.1584
54.1567
54.1551
54.154
54.1541
54.1537
54.1515
54.1495
54.1477
54.1478
54.1489
54.1486
54.1458
54.1434
54.1412
54.141
54.1428
54.1435
54.1417
54.1395
54.1376
54.1367
54.1373
54.1378
54.1379
54.138
54.1382
54.1386
54.1394
54.14
54.1399
54.1381
54.1356
54.1329
54.1324
54.1339
54.1347
54.1348
54.1348
54.1346
54.1345
54.1344
54.1343
54.1342
54.1341
54.134
54.1339
54.1338
54.1337
54.1336
54.1335
54.1335
54.1334
54.1335
54.1335
54.1336
54.1337
54.1338
54.1339
54.1341
54.1342
54.1344
54.1345
54.1347
54.1349
54.135
54.1351
54.1353
54.1354
54.1356
54.1357
54.1358
54.1359
54.136
54.1362
54.1363
54.1364
54.1366
54.1369
54.1373
54.1378
54.1384
54.1391
54.1396
54.1394
54.1378
54.1362
54.1354
54.136
54.1368
54.1373
54.1373
54.1377
54.1377
54.1368
54.1358
54.1359
54.136
54.1352
54.1337
54.1335
54.1341
54.1359
54.1408
54.1458
54.1492
54.1509
54.1514
54.1513
54.1511
54.1511
54.151
54.151
54.151
54.1511
54.1511
54.1512
54.1512
54.1513
54.1513
54.1514
54.1514
54.1515
54.1515
54.1516
54.1517
54.1517
54.1518
54.1518
54.1519
54.1519
54.152
54.152
54.1521
54.1521
54.1522
54.1522
54.1523
54.1523
54.1524
54.1524
54.1525
54.1525
54.1526
54.1526
54.1526
54.1527
54.1527
54.1528
54.1528
54.1528
54.1529
54.1529
54.153
54.153
54.1531
54.1531
54.1532
54.1532
54.1532
54.1533
54.1533
54.1534
54.1534
54.1535
54.1535
54.1535
54.1535
54.1536
54.1536
54.1537
54.1537
54.1538
54.1538
54.1539
54.1539
54.154
54.154
54.1542
54.1542
54.1543
54.1543
54.1545
54.1545
54.1547
54.1547
54.1548
54.1549
54.155
54.1551
54.1782
54.1772
54.1758
54.1741
54.1723
54.1705
54.1691
54.1674
54.165
54.1631
54.1621
54.1608
54.1584
54.1559
54.1549
54.1546
54.1535
54.1507
54.1474
54.1455
54.1461
54.1465
54.1451
54.1419
54.1386
54.1364
54.1375
54.1387
54.1379
54.1351
54.1323
54.1306
54.1307
54.131
54.131
54.131
54.1311
54.1312
54.1317
54.1326
54.1334
54.1325
54.1294
54.126
54.1248
54.1256
54.1263
54.1263
54.1262
54.1261
54.1259
54.1258
54.1257
54.1255
54.1254
54.1253
54.1252
54.1251
54.125
54.1249
54.1248
54.1247
54.1246
54.1246
54.1247
54.1248
54.1249
54.1251
54.1252
54.1254
54.1256
54.1258
54.1261
54.1263
54.1265
54.1267
54.1269
54.1271
54.1273
54.1275
54.1276
54.1278
54.128
54.1281
54.1282
54.1283
54.1284
54.1286
54.1288
54.1289
54.1294
54.1301
54.131
54.1315
54.131
54.1298
54.1291
54.1291
54.1294
54.1293
54.1296
54.1307
54.1315
54.1298
54.1251
54.1245
54.1272
54.1336
54.1383
54.1415
54.1436
54.1452
54.1464
54.1473
54.148
54.1486
54.149
54.1494
54.1497
54.1499
54.1501
54.1503
54.1505
54.1506
54.1507
54.1508
54.1509
54.151
54.1511
54.1511
54.1512
54.1513
54.1513
54.1514
54.1514
54.1515
54.1516
54.1516
54.1517
54.1517
54.1518
54.1518
54.1519
54.152
54.152
54.1521
54.1521
54.1522
54.1522
54.1522
54.1523
54.1523
54.1524
54.1524
54.1525
54.1525
54.1525
54.1526
54.1526
54.1527
54.1527
54.1528
54.1528
54.1528
54.1529
54.1529
54.153
54.153
54.1531
54.1531
54.1532
54.1532
54.1532
54.1533
54.1533
54.1533
54.1534
54.1534
54.1535
54.1535
54.1536
54.1536
54.1537
54.1536
54.1538
54.1537
54.1539
54.1539
54.154
54.154
54.1542
54.1542
54.1544
54.1545
54.1545
54.1547
54.1546
54.1547
54.1549
54.155
54.155
54.155
54.1549
54.1548
54.1547
54.1547
54.1547
54.1546
54.1546
54.1546
54.1547
54.1547
54.1547
54.1549
54.1549
54.155
54.155
54.1551
54.1551
54.1552
54.155
54.155
54.155
54.155
54.155
54.155
54.1551
54.1551
54.1552
54.1552
54.1553
54.1554
54.1555
54.1554
54.1554
54.1553
54.1552
54.1552
54.1552
54.1552
54.1551
54.1551
54.1551
54.1552
54.1552
54.1552
54.1552
54.1552
54.1551
54.1549
54.1548
54.1547
54.1545
54.1543
54.1541
54.1537
54.153
54.1527
54.1524
54.1521
54.1552
54.1552
54.1551
54.1551
54.1552
54.1552
54.1551
54.155
54.1549
54.1545
54.1543
54.1544
54.1547
54.1549
54.155
54.1551
54.1548
54.1543
54.1537
54.1536
54.155
54.155
54.1549
54.1549
54.1549
54.155
54.1549
54.1548
54.1547
54.1544
54.1543
54.1543
54.1545
54.1548
54.1551
54.1554
54.1554
54.1551
54.1545
54.1539
54.1555
54.1557
54.1557
54.1557
54.1557
54.1553
54.1543
54.1539
54.1537
54.154
54.1539
54.1528
54.1518
54.152
54.1524
54.1521
54.1504
54.1492
54.1498
54.1506
54.1506
54.1494
54.1471
54.1467
54.1478
54.1491
54.1492
54.148
54.1456
54.1447
54.1459
54.1483
54.1491
54.1487
54.1471
54.1456
54.1443
54.1432
54.143
54.1412
54.1404
54.1415
54.1427
54.1433
54.1438
54.1442
54.1446
54.145
54.1454
54.1458
54.1461
54.1465
54.1469
54.1472
54.1475
54.1479
54.1482
54.1485
54.1488
54.1491
54.1494
54.1497
54.15
54.1503
54.1506
54.151
54.1514
54.1517
54.1522
54.1529
54.1539
54.1551
54.1568
54.159
54.16
54.1599
54.1588
54.157
54.1555
54.1548
54.1537
54.1532
54.154
54.1552
54.156
54.1567
54.1574
54.158
54.1587
54.1591
54.1592
54.16
54.1602
54.1546
54.151
54.156
54.1625
54.1648
54.1649
54.1656
54.1543
54.1524
54.1517
54.1513
54.1501
54.1472
54.1454
54.1453
54.1464
54.1465
54.1444
54.1435
54.1444
54.1457
54.1454
54.1431
54.1427
54.1446
54.1471
54.1475
54.1447
54.1428
54.1427
54.1456
54.1484
54.149
54.1464
54.1437
54.143
54.1441
54.1482
54.1503
54.15
54.1469
54.1443
54.143
54.1422
54.1432
54.1463
54.1459
54.1461
54.1475
54.1485
54.1487
54.1491
54.1496
54.1501
54.1508
54.1514
54.152
54.1525
54.1531
54.1536
54.1542
54.1546
54.1551
54.1556
54.156
54.1565
54.1569
54.1573
54.1577
54.1581
54.1585
54.1588
54.1592
54.1595
54.1598
54.1602
54.1608
54.1615
54.1626
54.164
54.1652
54.1653
54.164
54.1625
54.1613
54.16
54.1594
54.1583
54.1594
54.1613
54.1628
54.1638
54.1645
54.1652
54.1654
54.1657
54.1662
54.1665
54.1665
54.1668
54.1666
54.1646
54.1641
54.1644
54.1648
54.1637
54.1636
54.1507
54.1467
54.1434
54.1408
54.1386
54.1362
54.1338
54.132
54.1307
54.1296
54.1286
54.1281
54.1279
54.1278
54.1273
54.1273
54.1278
54.1278
54.1277
54.1277
54.1282
54.1293
54.1295
54.1292
54.1289
54.1292
54.13
54.1311
54.1314
54.1307
54.1304
54.1306
54.1308
54.1312
54.1314
54.1315
54.1315
54.1312
54.1294
54.1287
54.1302
54.1319
54.1337
54.1352
54.1363
54.1371
54.1375
54.1379
54.1382
54.1384
54.1386
54.1389
54.1391
54.1394
54.1395
54.1397
54.1398
54.1399
54.1402
54.1403
54.1405
54.1405
54.1406
54.1407
54.1408
54.1407
54.1405
54.1406
54.141
54.1419
54.143
54.1442
54.146
54.1486
54.1514
54.1542
54.1569
54.1592
54.1603
54.1598
54.1595
54.1602
54.1614
54.1623
54.1633
54.1639
54.1643
54.1647
54.1651
54.1657
54.1664
54.167
54.168
54.1688
54.1697
54.1708
54.1715
54.1722
54.1732
54.1741
54.1524
54.149
54.1474
54.1477
54.1491
54.1486
54.142
54.1396
54.1406
54.1444
54.1428
54.1379
54.1382
54.1417
54.1427
54.1356
54.1371
54.1366
54.1415
54.1423
54.1364
54.1366
54.1378
54.1372
54.143
54.1425
54.1382
54.1385
54.1407
54.1385
54.1421
54.1458
54.1451
54.143
54.1418
54.1435
54.1474
54.1561
54.1689
54.1694
54.1519
54.1488
54.1524
54.1545
54.155
54.1551
54.1551
54.1552
54.1553
54.1555
54.1556
54.1558
54.156
54.1562
54.1564
54.1566
54.1568
54.157
54.1572
54.1574
54.1576
54.1578
54.158
54.1582
54.1584
54.1587
54.159
54.1593
54.1593
54.1594
54.1596
54.1601
54.1616
54.164
54.1625
54.1622
54.1648
54.1687
54.175
54.1824
54.1805
54.1673
54.1606
54.162
54.1634
54.164
54.1644
54.1647
54.1651
54.1657
54.1664
54.167
54.1676
54.1684
54.1691
54.1696
54.1696
54.1693
54.1695
54.1699
54.1526
54.1519
54.1517
54.1519
54.1511
54.1514
54.1513
54.1503
54.1493
54.1484
54.1494
54.1509
54.1506
54.1482
54.1493
54.1502
54.1504
54.1477
54.1453
54.1486
54.1505
54.1495
54.148
54.1435
54.1437
54.1491
54.1513
54.1498
54.1497
54.1459
54.143
54.1463
54.153
54.1535
54.1514
54.152
54.1552
54.1634
54.1761
54.1756
54.1543
54.146
54.1517
54.1551
54.1561
54.1564
54.1563
54.1563
54.1563
54.1565
54.1566
54.1568
54.157
54.1572
54.1574
54.1576
54.1578
54.158
54.1583
54.1585
54.1587
54.1589
54.1591
54.1593
54.1595
54.1597
54.1599
54.1603
54.1602
54.1603
54.1605
54.1609
54.162
54.1642
54.1666
54.1671
54.1684
54.1711
54.1767
54.1838
54.182
54.1686
54.1609
54.1631
54.1649
54.1656
54.1658
54.1659
54.1664
54.167
54.1677
54.1684
54.1692
54.1701
54.1706
54.171
54.1714
54.1719
54.1722
54.1725
54.1634
54.1631
54.1631
54.1638
54.1645
54.1657
54.1668
54.1683
54.1723
54.1758
54.1749
54.1743
54.175
54.1764
54.1774
54.1781
54.1786
54.1789
54.1792
54.1793
54.1617
54.1613
54.1612
54.1615
54.1619
54.1625
54.1632
54.1639
54.1649
54.1668
54.1679
54.1692
54.1715
54.1737
54.1752
54.1766
54.1779
54.1787
54.179
54.1789
54.1742
54.1735
54.1732
54.1732
54.1734
54.1736
54.1739
54.1743
54.1747
54.1752
54.1755
54.1759
54.1761
54.176
54.1759
54.1756
54.1751
54.1748
54.1747
54.175
54.1696
54.1693
54.1689
54.1689
54.169
54.1693
54.1694
54.1689
54.1678
54.1665
54.1652
54.1643
54.1636
54.163
54.1624
54.1618
54.1615
54.1617
54.1618
54.1626
54.1726
54.1726
54.1722
54.1719
54.1719
54.1719
54.1721
54.1722
54.1725
54.1728
54.1731
54.1735
54.1741
54.1746
54.1744
54.1731
54.1708
54.1681
54.1647
54.1622
54.1794
54.1802
54.1807
54.1809
54.1805
54.1797
54.1798
54.18
54.1804
54.1803
54.1794
54.179
54.1795
54.18
54.1799
54.1789
54.1777
54.1772
54.1778
54.1785
54.179
54.1786
54.1772
54.1754
54.1744
54.175
54.1763
54.1774
54.1778
54.1772
54.1758
54.1747
54.174
54.1735
54.173
54.1727
54.1732
54.1714
54.1701
54.1708
54.1721
54.1727
54.1732
54.1736
54.1741
54.1746
54.1751
54.1758
54.1767
54.1776
54.1778
54.1769
54.1764
54.1776
54.179
54.1803
54.1817
54.1838
54.1856
54.1863
54.1864
54.1859
54.1842
54.1821
54.1827
54.1845
54.1862
54.1864
54.1856
54.1839
54.1827
54.1819
54.1813
54.1803
54.1803
54.181
54.1818
54.1826
54.1834
54.1842
54.1846
54.1852
54.1857
54.181
54.1743
54.1838
54.1908
54.1932
54.1954
54.1973
54.1987
54.2
54.2009
54.2017
54.2021
54.2025
54.2028
54.203
54.2033
54.2034
54.2035
54.2036
54.2037
54.2038
54.2038
54.2039
54.2039
54.204
54.204
54.2041
54.2041
54.2041
54.2041
54.2042
54.2042
54.2042
54.2043
54.2043
54.2043
54.2043
54.2043
54.2044
54.2044
54.2044
54.2045
54.2045
54.2045
54.2046
54.2046
54.2046
54.2046
54.2047
54.2047
54.2047
54.2048
54.2048
54.2048
54.2048
54.2049
54.2049
54.2049
54.2049
54.2049
54.2049
54.2049
54.2049
54.2049
54.2049
54.2049
54.2049
54.2049
54.2048
54.2048
54.2048
54.2048
54.2047
54.2047
54.2047
54.2047
54.2047
54.2046
54.2046
54.2046
54.2046
54.2046
54.2046
54.2046
54.2046
54.2046
54.2046
54.2046
54.2046
54.2046
54.2046
54.2047
54.2047
54.2047
54.2047
54.2048
54.2048
54.2049
54.2049
54.205
54.205
54.2051
54.2051
54.2053
54.2052
54.2054
54.2053
54.2056
54.2055
54.2058
54.2058
54.2058
54.2061
54.206
54.2063
54.2064
54.2064
54.1768
54.1764
54.1765
54.1758
54.1731
54.1713
54.1716
54.1725
54.1724
54.1699
54.1691
54.1703
54.1723
54.1726
54.1701
54.1681
54.1682
54.1712
54.1746
54.1755
54.1741
54.1702
54.1685
54.1682
54.1704
54.1749
54.1771
54.1776
54.1751
54.1717
54.1698
54.1689
54.1686
54.1688
54.1705
54.1737
54.1761
54.1752
54.1745
54.1752
54.176
54.1762
54.1767
54.1773
54.178
54.1788
54.1798
54.1808
54.1821
54.1832
54.1834
54.1828
54.1828
54.1842
54.1858
54.1871
54.1885
54.1897
54.1901
54.1899
54.1887
54.1854
54.1838
54.1834
54.1844
54.1869
54.1884
54.1887
54.1881
54.187
54.1859
54.1852
54.1851
54.1859
54.1872
54.1886
54.1897
54.1905
54.1909
54.1912
54.1916
54.1918
54.192
54.1919
54.1896
54.1884
54.1885
54.189
54.189
54.1874
54.1867
54.1878
54.1936
54.2009
54.2034
54.2039
54.2039
54.2038
54.2038
54.2038
54.2039
54.2039
54.2039
54.2039
54.204
54.204
54.2041
54.2041
54.2041
54.2042
54.2042
54.2042
54.2043
54.2043
54.2043
54.2043
54.2044
54.2044
54.2044
54.2044
54.2045
54.2045
54.2045
54.2045
54.2046
54.2046
54.2046
54.2047
54.2047
54.2047
54.2048
54.2048
54.2048
54.2048
54.2049
54.2049
54.2049
54.2049
54.205
54.205
54.205
54.205
54.205
54.205
54.205
54.205
54.205
54.205
54.205
54.205
54.205
54.2049
54.2049
54.2049
54.2049
54.2048
54.2048
54.2048
54.2048
54.2048
54.2047
54.2047
54.2047
54.2047
54.2047
54.2047
54.2047
54.2047
54.2047
54.2047
54.2047
54.2047
54.2047
54.2047
54.2048
54.2048
54.2048
54.2048
54.2049
54.2049
54.205
54.205
54.2051
54.2051
54.2052
54.2052
54.2054
54.2053
54.2055
54.2054
54.2057
54.2056
54.2058
54.2058
54.206
54.206
54.2063
54.2063
54.2065
54.2066
54.1742
54.1708
54.1679
54.1656
54.1633
54.161
54.1592
54.1578
54.1567
54.1557
54.1555
54.1554
54.1554
54.1551
54.1551
54.1561
54.1568
54.1565
54.1562
54.1564
54.157
54.1581
54.1589
54.1589
54.1582
54.158
54.1584
54.1588
54.1592
54.1596
54.16
54.1603
54.1605
54.1606
54.1606
54.1601
54.1587
54.1576
54.1584
54.1601
54.1617
54.1633
54.1645
54.1654
54.1661
54.1666
54.1669
54.1673
54.1676
54.1684
54.1669
54.1652
54.1666
54.1674
54.1677
54.1677
54.1671
54.166
54.1652
54.1653
54.1663
54.1681
54.1701
54.1718
54.1748
54.1785
54.1815
54.1845
54.1868
54.188
54.1883
54.188
54.1871
54.1867
54.1872
54.1878
54.1887
54.1895
54.1901
54.1906
54.1912
54.1919
54.1928
54.1937
54.1946
54.1955
54.1962
54.1967
54.1971
54.1977
54.1984
54.1992
54.2
54.2008
54.2014
54.2022
54.2028
54.2032
54.2034
54.2035
54.2036
54.2037
54.2038
54.2039
54.2039
54.204
54.204
54.2041
54.2041
54.2042
54.2042
54.2042
54.2043
54.2043
54.2043
54.2043
54.2044
54.2044
54.2044
54.2044
54.2045
54.2045
54.2045
54.2045
54.2046
54.2046
54.2046
54.2047
54.2047
54.2047
54.2048
54.2048
54.2048
54.2048
54.2049
54.2049
54.2049
54.2049
54.205
54.205
54.205
54.205
54.205
54.205
54.205
54.205
54.205
54.205
54.205
54.205
54.205
54.2049
54.2049
54.2049
54.2049
54.2048
54.2048
54.2048
54.2048
54.2048
54.2047
54.2047
54.2047
54.2047
54.2047
54.2047
54.2047
54.2047
54.2047
54.2047
54.2047
54.2047
54.2047
54.2047
54.2048
54.2048
54.2048
54.2048
54.2049
54.2049
54.205
54.205
54.2051
54.2051
54.2052
54.2052
54.2053
54.2054
54.2055
54.2055
54.2057
54.2057
54.2058
54.2059
54.206
54.2061
54.2062
54.2063
54.2064
54.2065
54.1714
54.1731
54.1727
54.1743
54.1747
54.1694
54.1657
54.1673
54.1711
54.1682
54.1619
54.1627
54.1669
54.1692
54.1633
54.16
54.1615
54.1622
54.1681
54.1692
54.1657
54.1624
54.1627
54.1635
54.1634
54.1686
54.1718
54.1717
54.1703
54.169
54.1685
54.1689
54.1696
54.1711
54.1741
54.1807
54.1923
54.1968
54.1824
54.177
54.1805
54.1832
54.1841
54.1843
54.1843
54.1844
54.1846
54.1849
54.1856
54.1868
54.1897
54.2006
54.1882
54.1842
54.1843
54.1851
54.1867
54.1893
54.1824
54.1737
54.1711
54.1725
54.1756
54.1758
54.1791
54.1845
54.1881
54.1898
54.192
54.1952
54.1993
54.2043
54.2059
54.1978
54.1879
54.1871
54.1891
54.1902
54.1907
54.1911
54.1916
54.1922
54.1928
54.1936
54.1943
54.195
54.1953
54.195
54.1947
54.195
54.1955
54.1956
54.1932
54.1892
54.1886
54.1907
54.198
54.2032
54.2045
54.2044
54.2041
54.204
54.204
54.204
54.204
54.204
54.2041
54.2041
54.2041
54.2042
54.2042
54.2042
54.2043
54.2043
54.2043
54.2043
54.2044
54.2044
54.2044
54.2044
54.2045
54.2045
54.2045
54.2045
54.2046
54.2046
54.2046
54.2047
54.2047
54.2047
54.2048
54.2048
54.2048
54.2048
54.2049
54.2049
54.2049
54.2049
54.205
54.205
54.205
54.205
54.205
54.205
54.205
54.205
54.205
54.205
54.205
54.205
54.205
54.2049
54.2049
54.2049
54.2049
54.2048
54.2048
54.2048
54.2048
54.2048
54.2047
54.2047
54.2047
54.2047
54.2047
54.2047
54.2047
54.2047
54.2047
54.2047
54.2047
54.2047
54.2047
54.2047
54.2047
54.2048
54.2048
54.2049
54.2049
54.205
54.2049
54.2051
54.205
54.2052
54.2051
54.2053
54.2052
54.2054
54.2054
54.2056
54.2055
54.2058
54.2057
54.2059
54.2059
54.2062
54.2062
54.2063
54.2066
54.2064
54.1682
54.1754
54.1767
54.1772
54.1779
54.178
54.1761
54.1752
54.1751
54.176
54.1755
54.1746
54.1729
54.1752
54.1767
54.1747
54.1712
54.1697
54.1687
54.1727
54.1764
54.1749
54.1707
54.1701
54.1687
54.1677
54.17
54.1763
54.1787
54.1774
54.1763
54.1761
54.1765
54.1776
54.1802
54.1865
54.198
54.2015
54.1833
54.1711
54.1768
54.1827
54.1849
54.1856
54.1857
54.1857
54.1858
54.186
54.1866
54.1871
54.1935
54.2082
54.193
54.1859
54.1854
54.186
54.1872
54.1896
54.1917
54.1858
54.1792
54.1786
54.1807
54.1797
54.1777
54.1802
54.1878
54.1921
54.1938
54.1961
54.1995
54.2049
54.2067
54.1979
54.1872
54.1862
54.1899
54.1915
54.1921
54.1925
54.1929
54.1934
54.1942
54.1951
54.1957
54.1961
54.1964
54.1968
54.1973
54.1977
54.198
54.1979
54.1982
54.1985
54.1973
54.1923
54.1921
54.1981
54.2039
54.2046
54.2043
54.204
54.2039
54.2039
54.2039
54.204
54.204
54.204
54.204
54.2041
54.2041
54.2041
54.2042
54.2042
54.2042
54.2042
54.2043
54.2043
54.2043
54.2043
54.2043
54.2044
54.2044
54.2044
54.2045
54.2045
54.2045
54.2046
54.2046
54.2046
54.2046
54.2047
54.2047
54.2047
54.2048
54.2048
54.2048
54.2048
54.2049
54.2049
54.2049
54.2049
54.2049
54.2049
54.2049
54.2049
54.2049
54.2049
54.2049
54.2049
54.2049
54.2048
54.2048
54.2048
54.2048
54.2047
54.2047
54.2047
54.2047
54.2047
54.2046
54.2046
54.2046
54.2046
54.2046
54.2046
54.2046
54.2046
54.2046
54.2046
54.2046
54.2046
54.2046
54.2046
54.2046
54.2047
54.2047
54.2048
54.2048
54.2049
54.2048
54.205
54.2049
54.2051
54.205
54.2052
54.2051
54.2053
54.2053
54.2055
54.2054
54.2057
54.2056
54.2059
54.2058
54.2061
54.2061
54.2061
54.2066
54.2065
54.2064
54.2064
54.2064
54.2064
54.2064
54.2065
54.2066
54.2065
54.2063
54.2058
54.206
54.2061
54.206
54.2057
54.2052
54.205
54.2049
54.2049
54.2047
54.2047
54.2066
54.2066
54.2066
54.2066
54.2066
54.2066
54.2067
54.2066
54.2065
54.2059
54.206
54.2061
54.2059
54.2053
54.2048
54.2047
54.2045
54.2044
54.204
54.2038
54.2066
54.2066
54.2067
54.2067
54.2068
54.2068
54.2068
54.2067
54.2065
54.2063
54.2063
54.2063
54.2062
54.2061
54.2059
54.2052
54.2044
54.2041
54.2036
54.2033
54.2065
54.2066
54.2067
54.2068
54.2069
54.2069
54.207
54.2071
54.2071
54.2072
54.2074
54.2074
54.2074
54.2074
54.2073
54.2069
54.2065
54.2064
54.2063
54.2063
54.2063
54.2063
54.2063
54.2064
54.2064
54.2065
54.2065
54.2066
54.2067
54.2069
54.207
54.2072
54.2073
54.2075
54.2075
54.2075
54.2075
54.2075
54.2075
54.2077
54.205
54.2048
54.2021
54.199
54.1988
54.1995
54.2012
54.2032
54.2036
54.1999
54.1953
54.1958
54.1943
54.1977
54.2021
54.2026
54.1997
54.1975
54.1985
54.2017
54.2026
54.2005
54.1985
54.199
54.2024
54.2045
54.2026
54.2004
54.2
54.2002
54.2014
54.2026
54.1987
54.1955
54.1996
54.208
54.2078
54.2047
54.2053
54.2075
54.2109
54.2146
54.2122
54.2035
54.201
54.2083
54.2136
54.216
54.2169
54.2173
54.2175
54.2177
54.2177
54.2178
54.2179
54.2173
54.2163
54.216
54.2176
54.2193
54.2203
54.2211
54.221
54.2155
54.2145
54.2222
54.2271
54.2271
54.227
54.227
54.2272
54.2273
54.2274
54.2276
54.2277
54.2279
54.228
54.2282
54.2283
54.2284
54.2286
54.2287
54.2288
54.2289
54.229
54.2291
54.2292
54.2293
54.2293
54.2294
54.2295
54.2295
54.2296
54.2296
54.2296
54.2296
54.2297
54.2297
54.2297
54.2296
54.2296
54.2296
54.2296
54.2295
54.2295
54.2294
54.2294
54.2293
54.2292
54.2292
54.2291
54.229
54.2289
54.2289
54.2288
54.2287
54.2286
54.2285
54.2284
54.2282
54.2281
54.228
54.2279
54.2277
54.2276
54.2275
54.2273
54.2271
54.227
54.2268
54.2266
54.2265
54.2263
54.2261
54.2259
54.2257
54.2255
54.2253
54.225
54.2248
54.2246
54.2244
54.2241
54.2239
54.2236
54.2234
54.2231
54.2229
54.2226
54.2224
54.2221
54.2218
54.2216
54.2213
54.221
54.2208
54.2205
54.2202
54.2199
54.2196
54.2193
54.2191
54.2188
54.2185
54.2182
54.2179
54.2176
54.2173
54.217
54.2167
54.2164
54.2161
54.2158
54.2155
54.2152
54.2149
54.2146
54.2143
54.214
54.2137
54.2134
54.2131
54.2128
54.2125
54.2122
54.2119
54.2116
54.2113
54.211
54.2107
54.2104
54.2101
54.2098
54.2095
54.2092
54.2089
54.2086
54.2082
54.2079
54.2076
54.2073
54.2069
54.2066
54.2062
54.2059
54.2055
54.2052
54.2048
54.2044
54.2041
54.2037
54.2033
54.2029
54.2025
54.2021
54.2017
54.2013
54.2009
54.2005
54.2001
54.1997
54.1992
54.1988
54.1984
54.198
54.1976
54.1971
54.1967
54.1963
54.1958
54.1954
54.195
54.1945
54.1941
54.1937
54.1932
54.1928
54.1923
54.1919
54.1914
54.1909
54.1905
54.19
54.1895
54.189
54.1886
54.1881
54.1876
54.1871
54.1865
54.186
54.1855
54.185
54.1844
54.1839
54.1834
54.1828
54.1822
54.1817
54.1811
54.1805
54.1799
54.1793
54.1787
54.1781
54.1775
54.1769
54.1762
54.1756
54.1749
54.1743
54.1736
54.1729
54.1723
54.1716
54.1709
54.1702
54.1694
54.1687
54.168
54.1673
54.1665
54.1658
54.165
54.1642
54.1635
54.1627
54.1619
54.1611
54.1603
54.1595
54.1587
54.1579
54.157
54.1562
54.1554
54.1545
54.1537
54.1528
54.152
54.1511
54.1503
54.1494
54.1485
54.1477
54.1468
54.1459
54.1451
54.1442
54.1433
54.1425
54.1416
54.1407
54.1399
54.139
54.1381
54.1373
54.1364
54.1356
54.1347
54.1339
54.133
54.1322
54.1314
54.1305
54.1297
54.1289
54.1281
54.1273
54.1265
54.1257
54.1249
54.1241
54.1233
54.1226
54.1218
54.121
54.1203
54.1195
54.1188
54.1181
54.1173
54.1166
54.1159
54.1152
54.1145
54.1138
54.1131
54.1124
54.1117
54.111
54.1104
54.1097
54.1091
54.1084
54.1078
54.1071
54.1065
54.1059
54.1053
54.1046
54.104
54.1034
54.1029
54.1023
54.1017
54.1011
54.1005
54.1
54.0994
54.0989
54.0983
54.0978
54.0972
54.0967
54.0962
54.0956
54.0951
54.0946
54.094
54.0935
54.093
54.0924
54.0919
54.0914
54.0908
54.0903
54.0898
54.0892
54.0887
54.0881
54.0876
54.087
54.0865
54.0859
54.0853
54.0847
54.0841
54.0835
54.0829
54.0823
54.0817
54.081
54.0804
54.0797
54.079
54.0783
54.0776
54.0769
54.0762
54.0755
54.0747
54.074
54.0732
54.0724
54.0716
54.0708
54.07
54.0691
54.0683
54.0674
54.0665
54.0656
54.0647
54.0638
54.0629
54.0619
54.0609
54.06
54.059
54.058
54.0569
54.0559
54.0549
54.0538
54.0527
54.0516
54.0505
54.0494
54.0483
54.0472
54.046
54.0448
54.0437
54.0425
54.0413
54.0401
54.0389
54.0376
54.0364
54.0352
54.0339
54.0326
54.0314
54.0301
54.0288
54.0275
54.0262
54.0249
54.0236
54.0223
54.0209
54.0196
54.0183
54.0169
54.0156
54.0142
54.0129
54.0116
54.0102
54.0089
54.0075
54.0061
54.0048
54.0034
54.0021
54.0007
53.9994
53.998
53.9967
53.9953
53.994
53.9926
53.9913
53.9899
53.9886
53.9872
53.9859
53.9846
53.9832
53.9819
53.9806
53.9793
53.978
53.9766
53.9753
53.974
53.9727
53.9714
53.9702
53.9689
53.9676
53.9663
53.965
53.9638
53.9625
53.9613
53.96
53.9588
53.9576
53.9563
53.9551
53.9539
53.9527
53.9515
53.9503
53.9491
53.9479
53.9468
53.9456
53.9444
53.9433
53.9421
53.941
53.9399
53.9387
53.9376
53.9365
53.9354
53.9343
53.9332
53.9321
53.931
53.9299
53.9289
53.9278
53.9267
53.9257
53.9246
53.9236
53.9225
53.9215
53.9204
53.9194
53.9184
53.9173
53.9163
53.9153
53.9143
53.9132
53.9122
53.9112
53.9102
53.9092
53.9082
53.9071
53.9061
53.9051
53.9041
53.9031
53.9021
53.901
53.9
53.899
53.8979
53.8969
53.8959
53.8948
53.8938
53.8927
53.8917
53.8906
53.8895
53.8885
53.8874
53.8863
53.8852
53.8841
53.883
53.8819
53.8808
53.8797
53.8786
53.8775
53.8763
53.8752
53.8741
53.8729
53.8718
53.8707
53.8695
53.8684
53.8673
53.8662
53.8652
53.8643
53.8633
53.8622
53.8609
53.8596
54.2042
54.201
54.1952
54.1924
54.192
54.1948
54.1984
54.1955
54.1896
54.1863
54.1868
54.1885
54.1936
54.1956
54.1902
54.187
54.1886
54.1933
54.1938
54.1896
54.1886
54.1897
54.1943
54.1971
54.1963
54.1948
54.1932
54.1924
54.1929
54.1937
54.195
54.1961
54.1939
54.1981
54.2021
54.2
54.1977
54.1977
54.2011
54.2052
54.2097
54.2135
54.2121
54.205
54.2051
54.2096
54.2131
54.215
54.2157
54.2159
54.2157
54.2159
54.2162
54.2171
54.2179
54.2179
54.2172
54.2168
54.2171
54.2179
54.2186
54.2168
54.2112
54.2114
54.219
54.2262
54.2272
54.227
54.227
54.2271
54.2272
54.2274
54.2275
54.2277
54.2278
54.228
54.2281
54.2283
54.2284
54.2285
54.2287
54.2288
54.2289
54.229
54.2291
54.2292
54.2293
54.2294
54.2294
54.2295
54.2296
54.2296
54.2297
54.2297
54.2297
54.2297
54.2297
54.2298
54.2297
54.2297
54.2297
54.2297
54.2297
54.2296
54.2296
54.2295
54.2295
54.2294
54.2293
54.2293
54.2292
54.2291
54.229
54.2289
54.2288
54.2287
54.2286
54.2285
54.2284
54.2283
54.2282
54.2281
54.228
54.2278
54.2277
54.2275
54.2274
54.2272
54.2271
54.2269
54.2267
54.2265
54.2264
54.2262
54.226
54.2258
54.2256
54.2253
54.2251
54.2249
54.2247
54.2244
54.2242
54.224
54.2237
54.2235
54.2232
54.223
54.2227
54.2225
54.2222
54.2219
54.2217
54.2214
54.2211
54.2208
54.2206
54.2203
54.22
54.2197
54.2194
54.2191
54.2188
54.2185
54.2183
54.218
54.2177
54.2174
54.2171
54.2168
54.2165
54.2162
54.2159
54.2156
54.2153
54.215
54.2147
54.2144
54.2141
54.2138
54.2135
54.2132
54.2129
54.2126
54.2123
54.212
54.2117
54.2114
54.2111
54.2108
54.2105
54.2102
54.2099
54.2096
54.2093
54.209
54.2086
54.2083
54.208
54.2077
54.2073
54.207
54.2067
54.2063
54.206
54.2056
54.2052
54.2049
54.2045
54.2041
54.2037
54.2034
54.203
54.2026
54.2022
54.2018
54.2014
54.201
54.2006
54.2001
54.1997
54.1993
54.1989
54.1985
54.198
54.1976
54.1972
54.1968
54.1963
54.1959
54.1955
54.1951
54.1946
54.1942
54.1937
54.1933
54.1928
54.1924
54.1919
54.1915
54.191
54.1905
54.1901
54.1896
54.1891
54.1886
54.1881
54.1876
54.1871
54.1866
54.1861
54.1856
54.1851
54.1845
54.184
54.1834
54.1829
54.1823
54.1817
54.1812
54.1806
54.18
54.1794
54.1788
54.1782
54.1776
54.1769
54.1763
54.1757
54.175
54.1743
54.1737
54.173
54.1723
54.1716
54.1709
54.1702
54.1695
54.1688
54.1681
54.1673
54.1666
54.1658
54.1651
54.1643
54.1635
54.1627
54.162
54.1612
54.1604
54.1596
54.1587
54.1579
54.1571
54.1563
54.1554
54.1546
54.1537
54.1529
54.152
54.1512
54.1503
54.1495
54.1486
54.1477
54.1469
54.146
54.1451
54.1443
54.1434
54.1425
54.1417
54.1408
54.1399
54.1391
54.1382
54.1373
54.1365
54.1356
54.1348
54.1339
54.1331
54.1323
54.1314
54.1306
54.1298
54.129
54.1282
54.1274
54.1266
54.1258
54.125
54.1242
54.1234
54.1226
54.1219
54.1211
54.1203
54.1196
54.1189
54.1181
54.1174
54.1167
54.1159
54.1152
54.1145
54.1138
54.1131
54.1125
54.1118
54.1111
54.1104
54.1098
54.1091
54.1085
54.1078
54.1072
54.1066
54.1059
54.1053
54.1047
54.1041
54.1035
54.1029
54.1023
54.1017
54.1012
54.1006
54.1
54.0995
54.0989
54.0984
54.0978
54.0973
54.0967
54.0962
54.0957
54.0951
54.0946
54.0941
54.0936
54.093
54.0925
54.092
54.0914
54.0909
54.0904
54.0898
54.0893
54.0887
54.0882
54.0876
54.0871
54.0865
54.0859
54.0854
54.0848
54.0842
54.0836
54.083
54.0823
54.0817
54.0811
54.0804
54.0798
54.0791
54.0784
54.0777
54.077
54.0763
54.0755
54.0748
54.074
54.0733
54.0725
54.0717
54.0709
54.07
54.0692
54.0683
54.0675
54.0666
54.0657
54.0648
54.0639
54.0629
54.062
54.061
54.06
54.059
54.058
54.057
54.056
54.0549
54.0539
54.0528
54.0517
54.0506
54.0495
54.0483
54.0472
54.0461
54.0449
54.0437
54.0425
54.0413
54.0401
54.0389
54.0377
54.0364
54.0352
54.0339
54.0327
54.0314
54.0301
54.0288
54.0275
54.0262
54.0249
54.0236
54.0223
54.021
54.0196
54.0183
54.017
54.0156
54.0143
54.0129
54.0116
54.0102
54.0089
54.0075
54.0062
54.0048
54.0035
54.0021
54.0008
53.9994
53.9981
53.9967
53.9954
53.994
53.9927
53.9913
53.99
53.9886
53.9873
53.986
53.9846
53.9833
53.982
53.9806
53.9793
53.978
53.9767
53.9754
53.9741
53.9728
53.9715
53.9702
53.9689
53.9676
53.9664
53.9651
53.9638
53.9626
53.9613
53.9601
53.9588
53.9576
53.9564
53.9552
53.9539
53.9527
53.9515
53.9503
53.9492
53.948
53.9468
53.9456
53.9445
53.9433
53.9422
53.941
53.9399
53.9388
53.9377
53.9365
53.9354
53.9343
53.9332
53.9321
53.931
53.93
53.9289
53.9278
53.9268
53.9257
53.9246
53.9236
53.9225
53.9215
53.9205
53.9194
53.9184
53.9174
53.9163
53.9153
53.9143
53.9133
53.9123
53.9112
53.9102
53.9092
53.9082
53.9072
53.9062
53.9051
53.9041
53.9031
53.9021
53.9011
53.9
53.899
53.898
53.8969
53.8959
53.8949
53.8938
53.8928
53.8917
53.8906
53.8896
53.8885
53.8874
53.8863
53.8852
53.8842
53.8831
53.8819
53.8808
53.8797
53.8786
53.8775
53.8764
53.8752
53.8741
53.873
53.8718
53.8707
53.8695
53.8684
53.8673
53.8662
53.8652
53.8643
53.8633
53.8622
53.861
53.8596
54.1993
54.1948
54.192
54.1893
54.1869
54.1852
54.1841
54.183
54.1825
54.1828
54.1833
54.1833
54.1831
54.1831
54.1834
54.184
54.1839
54.1841
54.1843
54.1848
54.185
54.1845
54.1843
54.1843
54.1844
54.1847
54.1852
54.1858
54.1866
54.1872
54.1876
54.1871
54.1859
54.1847
54.1852
54.1863
54.1884
54.1917
54.1956
54.1996
54.203
54.2048
54.2056
54.2063
54.2072
54.2088
54.2111
54.213
54.2141
54.2148
54.2152
54.2153
54.2155
54.2162
54.2171
54.2181
54.2182
54.2184
54.2188
54.2197
54.2209
54.2222
54.2233
54.2244
54.2254
54.226
54.2263
54.2265
54.2267
54.2269
54.2271
54.2273
54.2275
54.2277
54.2278
54.228
54.2281
54.2283
54.2284
54.2285
54.2287
54.2288
54.2289
54.229
54.2291
54.2292
54.2293
54.2294
54.2294
54.2295
54.2296
54.2296
54.2297
54.2297
54.2297
54.2297
54.2297
54.2298
54.2297
54.2297
54.2297
54.2297
54.2297
54.2296
54.2296
54.2295
54.2295
54.2294
54.2293
54.2293
54.2292
54.2291
54.229
54.2289
54.2288
54.2287
54.2286
54.2285
54.2284
54.2283
54.2282
54.2281
54.228
54.2278
54.2277
54.2275
54.2274
54.2272
54.2271
54.2269
54.2267
54.2265
54.2264
54.2262
54.226
54.2258
54.2256
54.2253
54.2251
54.2249
54.2247
54.2244
54.2242
54.224
54.2237
54.2235
54.2232
54.223
54.2227
54.2225
54.2222
54.2219
54.2217
54.2214
54.2211
54.2208
54.2206
54.2203
54.22
54.2197
54.2194
54.2191
54.2188
54.2185
54.2183
54.218
54.2177
54.2174
54.2171
54.2168
54.2165
54.2162
54.2159
54.2156
54.2153
54.215
54.2147
54.2144
54.2141
54.2138
54.2135
54.2132
54.2129
54.2126
54.2123
54.212
54.2117
54.2114
54.2111
54.2108
54.2105
54.2102
54.2099
54.2096
54.2093
54.209
54.2086
54.2083
54.208
54.2077
54.2073
54.207
54.2067
54.2063
54.206
54.2056
54.2052
54.2049
54.2045
54.2041
54.2037
54.2034
54.203
54.2026
54.2022
54.2018
54.2014
54.201
54.2006
54.2001
54.1997
54.1993
54.1989
54.1985
54.198
54.1976
54.1972
54.1968
54.1963
54.1959
54.1955
54.1951
54.1946
54.1942
54.1937
54.1933
54.1928
54.1924
54.1919
54.1915
54.191
54.1905
54.1901
54.1896
54.1891
54.1886
54.1881
54.1876
54.1871
54.1866
54.1861
54.1856
54.1851
54.1845
54.184
54.1834
54.1829
54.1823
54.1817
54.1812
54.1806
54.18
54.1794
54.1788
54.1782
54.1776
54.1769
54.1763
54.1757
54.175
54.1743
54.1737
54.173
54.1723
54.1716
54.1709
54.1702
54.1695
54.1688
54.1681
54.1673
54.1666
54.1658
54.1651
54.1643
54.1635
54.1627
54.162
54.1612
54.1604
54.1596
54.1587
54.1579
54.1571
54.1563
54.1554
54.1546
54.1537
54.1529
54.152
54.1512
54.1503
54.1495
54.1486
54.1477
54.1469
54.146
54.1451
54.1443
54.1434
54.1425
54.1417
54.1408
54.1399
54.1391
54.1382
54.1373
54.1365
54.1356
54.1348
54.1339
54.1331
54.1323
54.1314
54.1306
54.1298
54.129
54.1282
54.1274
54.1266
54.1258
54.125
54.1242
54.1234
54.1226
54.1219
54.1211
54.1203
54.1196
54.1189
54.1181
54.1174
54.1167
54.1159
54.1152
54.1145
54.1138
54.1131
54.1125
54.1118
54.1111
54.1104
54.1098
54.1091
54.1085
54.1078
54.1072
54.1066
54.1059
54.1053
54.1047
54.1041
54.1035
54.1029
54.1023
54.1017
54.1012
54.1006
54.1
54.0995
54.0989
54.0984
54.0978
54.0973
54.0967
54.0962
54.0957
54.0951
54.0946
54.0941
54.0936
54.093
54.0925
54.092
54.0914
54.0909
54.0904
54.0898
54.0893
54.0887
54.0882
54.0876
54.0871
54.0865
54.0859
54.0854
54.0848
54.0842
54.0836
54.083
54.0823
54.0817
54.0811
54.0804
54.0798
54.0791
54.0784
54.0777
54.077
54.0763
54.0755
54.0748
54.074
54.0733
54.0725
54.0717
54.0709
54.07
54.0692
54.0683
54.0675
54.0666
54.0657
54.0648
54.0639
54.0629
54.062
54.061
54.06
54.059
54.058
54.057
54.056
54.0549
54.0539
54.0528
54.0517
54.0506
54.0495
54.0483
54.0472
54.0461
54.0449
54.0437
54.0425
54.0413
54.0401
54.0389
54.0377
54.0364
54.0352
54.0339
54.0327
54.0314
54.0301
54.0288
54.0275
54.0262
54.0249
54.0236
54.0223
54.021
54.0196
54.0183
54.017
54.0156
54.0143
54.0129
54.0116
54.0102
54.0089
54.0075
54.0062
54.0048
54.0035
54.0021
54.0008
53.9994
53.9981
53.9967
53.9954
53.994
53.9927
53.9913
53.99
53.9886
53.9873
53.986
53.9846
53.9833
53.982
53.9806
53.9793
53.978
53.9767
53.9754
53.9741
53.9728
53.9715
53.9702
53.9689
53.9676
53.9664
53.9651
53.9638
53.9626
53.9613
53.9601
53.9588
53.9576
53.9564
53.9552
53.9539
53.9527
53.9515
53.9503
53.9492
53.948
53.9468
53.9456
53.9445
53.9433
53.9422
53.941
53.9399
53.9388
53.9377
53.9365
53.9354
53.9343
53.9332
53.9321
53.931
53.93
53.9289
53.9278
53.9268
53.9257
53.9246
53.9236
53.9225
53.9215
53.9205
53.9194
53.9184
53.9174
53.9163
53.9153
53.9143
53.9133
53.9123
53.9112
53.9102
53.9092
53.9082
53.9072
53.9062
53.9051
53.9041
53.9031
53.9021
53.9011
53.9
53.899
53.898
53.8969
53.8959
53.8949
53.8938
53.8928
53.8917
53.8906
53.8896
53.8885
53.8874
53.8863
53.8852
53.8842
53.8831
53.8819
53.8808
53.8797
53.8786
53.8775
53.8764
53.8752
53.8741
53.873
53.8718
53.8707
53.8695
53.8684
53.8673
53.8662
53.8652
53.8643
53.8633
53.8622
53.861
53.8596
54.2046
54.2003
54.1986
54.1976
54.1983
54.1989
54.1981
54.195
54.193
54.1923
54.1929
54.1964
54.1991
54.1991
54.1955
54.1936
54.1942
54.1978
54.1992
54.1981
54.1962
54.196
54.1986
54.2014
54.2021
54.201
54.1977
54.196
54.1953
54.1953
54.197
54.2006
54.2035
54.2065
54.2077
54.2045
54.2007
54.1994
54.1992
54.1996
54.2018
54.205
54.2065
54.2077
54.2093
54.2111
54.2129
54.2143
54.2152
54.2156
54.2158
54.2156
54.2143
54.2134
54.2094
54.2087
54.2092
54.2098
54.2095
54.208
54.2091
54.2168
54.2247
54.2263
54.2264
54.2265
54.2266
54.2268
54.2269
54.227
54.2272
54.2274
54.2275
54.2277
54.2278
54.228
54.2281
54.2283
54.2284
54.2285
54.2287
54.2288
54.2289
54.229
54.2291
54.2292
54.2293
54.2294
54.2294
54.2295
54.2296
54.2296
54.2297
54.2297
54.2297
54.2297
54.2297
54.2298
54.2297
54.2297
54.2297
54.2297
54.2297
54.2296
54.2296
54.2295
54.2295
54.2294
54.2293
54.2293
54.2292
54.2291
54.229
54.2289
54.2288
54.2287
54.2286
54.2285
54.2284
54.2283
54.2282
54.2281
54.228
54.2278
54.2277
54.2275
54.2274
54.2272
54.2271
54.2269
54.2267
54.2265
54.2264
54.2262
54.226
54.2258
54.2256
54.2253
54.2251
54.2249
54.2247
54.2244
54.2242
54.224
54.2237
54.2235
54.2232
54.223
54.2227
54.2225
54.2222
54.2219
54.2217
54.2214
54.2211
54.2208
54.2206
54.2203
54.22
54.2197
54.2194
54.2191
54.2188
54.2185
54.2183
54.218
54.2177
54.2174
54.2171
54.2168
54.2165
54.2162
54.2159
54.2156
54.2153
54.215
54.2147
54.2144
54.2141
54.2138
54.2135
54.2132
54.2129
54.2126
54.2123
54.212
54.2117
54.2114
54.2111
54.2108
54.2105
54.2102
54.2099
54.2096
54.2093
54.209
54.2086
54.2083
54.208
54.2077
54.2073
54.207
54.2067
54.2063
54.206
54.2056
54.2052
54.2049
54.2045
54.2041
54.2037
54.2034
54.203
54.2026
54.2022
54.2018
54.2014
54.201
54.2006
54.2001
54.1997
54.1993
54.1989
54.1985
54.198
54.1976
54.1972
54.1968
54.1963
54.1959
54.1955
54.1951
54.1946
54.1942
54.1937
54.1933
54.1928
54.1924
54.1919
54.1915
54.191
54.1905
54.1901
54.1896
54.1891
54.1886
54.1881
54.1876
54.1871
54.1866
54.1861
54.1856
54.1851
54.1845
54.184
54.1834
54.1829
54.1823
54.1817
54.1812
54.1806
54.18
54.1794
54.1788
54.1782
54.1776
54.1769
54.1763
54.1757
54.175
54.1743
54.1737
54.173
54.1723
54.1716
54.1709
54.1702
54.1695
54.1688
54.1681
54.1673
54.1666
54.1658
54.1651
54.1643
54.1635
54.1627
54.162
54.1612
54.1604
54.1596
54.1587
54.1579
54.1571
54.1563
54.1554
54.1546
54.1537
54.1529
54.152
54.1512
54.1503
54.1495
54.1486
54.1477
54.1469
54.146
54.1451
54.1443
54.1434
54.1425
54.1417
54.1408
54.1399
54.1391
54.1382
54.1373
54.1365
54.1356
54.1348
54.1339
54.1331
54.1323
54.1314
54.1306
54.1298
54.129
54.1282
54.1274
54.1266
54.1258
54.125
54.1242
54.1234
54.1226
54.1219
54.1211
54.1203
54.1196
54.1189
54.1181
54.1174
54.1167
54.1159
54.1152
54.1145
54.1138
54.1131
54.1125
54.1118
54.1111
54.1104
54.1098
54.1091
54.1085
54.1078
54.1072
54.1066
54.1059
54.1053
54.1047
54.1041
54.1035
54.1029
54.1023
54.1017
54.1012
54.1006
54.1
54.0995
54.0989
54.0984
54.0978
54.0973
54.0967
54.0962
54.0957
54.0951
54.0946
54.0941
54.0936
54.093
54.0925
54.092
54.0914
54.0909
54.0904
54.0898
54.0893
54.0887
54.0882
54.0876
54.0871
54.0865
54.0859
54.0854
54.0848
54.0842
54.0836
54.083
54.0823
54.0817
54.0811
54.0804
54.0798
54.0791
54.0784
54.0777
54.077
54.0763
54.0755
54.0748
54.074
54.0733
54.0725
54.0717
54.0709
54.07
54.0692
54.0683
54.0675
54.0666
54.0657
54.0648
54.0639
54.0629
54.062
54.061
54.06
54.059
54.058
54.057
54.056
54.0549
54.0539
54.0528
54.0517
54.0506
54.0495
54.0483
54.0472
54.0461
54.0449
54.0437
54.0425
54.0413
54.0401
54.0389
54.0377
54.0364
54.0352
54.0339
54.0327
54.0314
54.0301
54.0288
54.0275
54.0262
54.0249
54.0236
54.0223
54.021
54.0196
54.0183
54.017
54.0156
54.0143
54.0129
54.0116
54.0102
54.0089
54.0075
54.0062
54.0048
54.0035
54.0021
54.0008
53.9994
53.9981
53.9967
53.9954
53.994
53.9927
53.9913
53.99
53.9886
53.9873
53.986
53.9846
53.9833
53.982
53.9806
53.9793
53.978
53.9767
53.9754
53.9741
53.9728
53.9715
53.9702
53.9689
53.9676
53.9664
53.9651
53.9638
53.9626
53.9613
53.9601
53.9588
53.9576
53.9564
53.9552
53.9539
53.9527
53.9515
53.9503
53.9492
53.948
53.9468
53.9456
53.9445
53.9433
53.9422
53.941
53.9399
53.9388
53.9377
53.9365
53.9354
53.9343
53.9332
53.9321
53.931
53.93
53.9289
53.9278
53.9268
53.9257
53.9246
53.9236
53.9225
53.9215
53.9205
53.9194
53.9184
53.9174
53.9163
53.9153
53.9143
53.9133
53.9123
53.9112
53.9102
53.9092
53.9082
53.9072
53.9062
53.9051
53.9041
53.9031
53.9021
53.9011
53.9
53.899
53.898
53.8969
53.8959
53.8949
53.8938
53.8928
53.8917
53.8906
53.8896
53.8885
53.8874
53.8863
53.8852
53.8842
53.8831
53.8819
53.8808
53.8797
53.8786
53.8775
53.8764
53.8752
53.8741
53.873
53.8718
53.8707
53.8695
53.8684
53.8673
53.8662
53.8652
53.8643
53.8633
53.8622
53.861
53.8596
54.2075
54.2063
54.2059
54.2059
54.2064
54.2071
54.2073
54.2069
54.2054
54.2046
54.2045
54.2049
54.2057
54.2063
54.2059
54.2042
54.203
54.2031
54.2037
54.204
54.2036
54.2022
54.2016
54.2021
54.2028
54.2034
54.2033
54.2023
54.2015
54.2011
54.2004
54.2003
54.2011
54.2033
54.2053
54.2064
54.2058
54.2047
54.2039
54.2034
54.2028
54.2031
54.2029
54.2024
54.2031
54.205
54.2077
54.2097
54.2106
54.2109
54.2101
54.2086
54.2086
54.2089
54.1979
54.2018
54.2111
54.214
54.2165
54.2191
54.2216
54.2233
54.2243
54.2249
54.2254
54.2259
54.2262
54.2264
54.2267
54.2269
54.227
54.2272
54.2274
54.2276
54.2277
54.2279
54.228
54.2282
54.2283
54.2284
54.2286
54.2287
54.2288
54.2289
54.229
54.2291
54.2292
54.2293
54.2293
54.2294
54.2295
54.2295
54.2296
54.2296
54.2296
54.2296
54.2297
54.2297
54.2297
54.2296
54.2296
54.2296
54.2296
54.2295
54.2295
54.2294
54.2294
54.2293
54.2292
54.2292
54.2291
54.229
54.2289
54.2289
54.2288
54.2287
54.2286
54.2285
54.2284
54.2282
54.2281
54.228
54.2279
54.2277
54.2276
54.2275
54.2273
54.2271
54.227
54.2268
54.2266
54.2265
54.2263
54.2261
54.2259
54.2257
54.2255
54.2253
54.225
54.2248
54.2246
54.2244
54.2241
54.2239
54.2236
54.2234
54.2231
54.2229
54.2226
54.2224
54.2221
54.2218
54.2216
54.2213
54.221
54.2208
54.2205
54.2202
54.2199
54.2196
54.2193
54.2191
54.2188
54.2185
54.2182
54.2179
54.2176
54.2173
54.217
54.2167
54.2164
54.2161
54.2158
54.2155
54.2152
54.2149
54.2146
54.2143
54.214
54.2137
54.2134
54.2131
54.2128
54.2125
54.2122
54.2119
54.2116
54.2113
54.211
54.2107
54.2104
54.2101
54.2098
54.2095
54.2092
54.2089
54.2086
54.2082
54.2079
54.2076
54.2073
54.2069
54.2066
54.2062
54.2059
54.2055
54.2052
54.2048
54.2044
54.2041
54.2037
54.2033
54.2029
54.2025
54.2021
54.2017
54.2013
54.2009
54.2005
54.2001
54.1997
54.1992
54.1988
54.1984
54.198
54.1976
54.1971
54.1967
54.1963
54.1958
54.1954
54.195
54.1945
54.1941
54.1937
54.1932
54.1928
54.1923
54.1919
54.1914
54.1909
54.1905
54.19
54.1895
54.189
54.1886
54.1881
54.1876
54.1871
54.1865
54.186
54.1855
54.185
54.1844
54.1839
54.1834
54.1828
54.1822
54.1817
54.1811
54.1805
54.1799
54.1793
54.1787
54.1781
54.1775
54.1769
54.1762
54.1756
54.1749
54.1743
54.1736
54.1729
54.1723
54.1716
54.1709
54.1702
54.1694
54.1687
54.168
54.1673
54.1665
54.1658
54.165
54.1642
54.1635
54.1627
54.1619
54.1611
54.1603
54.1595
54.1587
54.1579
54.157
54.1562
54.1554
54.1545
54.1537
54.1528
54.152
54.1511
54.1503
54.1494
54.1485
54.1477
54.1468
54.1459
54.1451
54.1442
54.1433
54.1425
54.1416
54.1407
54.1399
54.139
54.1381
54.1373
54.1364
54.1356
54.1347
54.1339
54.133
54.1322
54.1314
54.1305
54.1297
54.1289
54.1281
54.1273
54.1265
54.1257
54.1249
54.1241
54.1233
54.1226
54.1218
54.121
54.1203
54.1195
54.1188
54.1181
54.1173
54.1166
54.1159
54.1152
54.1145
54.1138
54.1131
54.1124
54.1117
54.111
54.1104
54.1097
54.1091
54.1084
54.1078
54.1071
54.1065
54.1059
54.1053
54.1046
54.104
54.1034
54.1029
54.1023
54.1017
54.1011
54.1005
54.1
54.0994
54.0989
54.0983
54.0978
54.0972
54.0967
54.0962
54.0956
54.0951
54.0946
54.094
54.0935
54.093
54.0924
54.0919
54.0914
54.0908
54.0903
54.0898
54.0892
54.0887
54.0881
54.0876
54.087
54.0865
54.0859
54.0853
54.0847
54.0841
54.0835
54.0829
54.0823
54.0817
54.081
54.0804
54.0797
54.079
54.0783
54.0776
54.0769
54.0762
54.0755
54.0747
54.074
54.0732
54.0724
54.0716
54.0708
54.07
54.0691
54.0683
54.0674
54.0665
54.0656
54.0647
54.0638
54.0629
54.0619
54.0609
54.06
54.059
54.058
54.0569
54.0559
54.0549
54.0538
54.0527
54.0516
54.0505
54.0494
54.0483
54.0472
54.046
54.0448
54.0437
54.0425
54.0413
54.0401
54.0389
54.0376
54.0364
54.0352
54.0339
54.0326
54.0314
54.0301
54.0288
54.0275
54.0262
54.0249
54.0236
54.0223
54.0209
54.0196
54.0183
54.0169
54.0156
54.0142
54.0129
54.0116
54.0102
54.0089
54.0075
54.0061
54.0048
54.0034
54.0021
54.0007
53.9994
53.998
53.9967
53.9953
53.994
53.9926
53.9913
53.9899
53.9886
53.9872
53.9859
53.9846
53.9832
53.9819
53.9806
53.9793
53.978
53.9766
53.9753
53.974
53.9727
53.9714
53.9702
53.9689
53.9676
53.9663
53.965
53.9638
53.9625
53.9613
53.96
53.9588
53.9576
53.9563
53.9551
53.9539
53.9527
53.9515
53.9503
53.9491
53.9479
53.9468
53.9456
53.9444
53.9433
53.9421
53.941
53.9399
53.9387
53.9376
53.9365
53.9354
53.9343
53.9332
53.9321
53.931
53.9299
53.9289
53.9278
53.9267
53.9257
53.9246
53.9236
53.9225
53.9215
53.9204
53.9194
53.9184
53.9173
53.9163
53.9153
53.9143
53.9132
53.9122
53.9112
53.9102
53.9092
53.9082
53.9071
53.9061
53.9051
53.9041
53.9031
53.9021
53.901
53.9
53.899
53.8979
53.8969
53.8959
53.8948
53.8938
53.8927
53.8917
53.8906
53.8895
53.8885
53.8874
53.8863
53.8852
53.8841
53.883
53.8819
53.8808
53.8797
53.8786
53.8775
53.8763
53.8752
53.8741
53.8729
53.8718
53.8707
53.8695
53.8684
53.8673
53.8662
53.8652
53.8643
53.8633
53.8622
53.8609
53.8596
)
;

boundaryField
{
    inlet
    {
        type            calculated;
        value           nonuniform List<scalar> 5(54.2139 54.2142 54.2142 54.2142 54.2139);
    }
    outlet
    {
        type            calculated;
        value           nonuniform List<scalar> 5(53.8589 53.8589 53.8589 53.8589 53.8589);
    }
    sides
    {
        type            empty;
    }
    walls
    {
        type            calculated;
        value           nonuniform List<scalar> 
2760
(
54.2139
54.2177
54.2238
54.2297
54.2352
54.2405
54.2454
54.2498
54.254
54.2578
54.2613
54.2644
54.267
54.2693
54.2715
54.2736
54.2755
54.2772
54.2787
54.2803
54.2818
54.2833
54.2847
54.2862
54.2876
54.289
54.2903
54.2917
54.293
54.2943
54.2955
54.2967
54.2979
54.2991
54.3002
54.3013
54.3024
54.3034
54.3044
54.3054
54.3063
54.3073
54.3081
54.309
54.3099
54.3107
54.3115
54.3122
54.3129
54.3136
54.3144
54.3152
54.316
54.3168
54.3176
54.3183
54.319
54.3196
54.3202
54.3208
54.3213
54.3218
54.3224
54.3229
54.3235
54.3241
54.3248
54.3254
54.3259
54.3264
54.3268
54.3272
54.3275
54.3277
54.3279
54.3281
54.3283
54.3286
54.3288
54.3289
54.3291
54.3292
54.3292
54.3292
54.3291
54.329
54.3288
54.3286
54.3283
54.3281
54.3278
54.3274
54.3271
54.3267
54.3262
54.3258
54.3253
54.3248
54.3243
54.3238
54.3233
54.3227
54.3221
54.3215
54.3209
54.3202
54.3195
54.3188
54.3181
54.3174
54.3166
54.3158
54.315
54.3142
54.3134
54.3125
54.3116
54.3107
54.3098
54.3088
54.3079
54.3069
54.3058
54.3048
54.3037
54.3026
54.3015
54.3003
54.2992
54.298
54.2968
54.2955
54.2943
54.293
54.2917
54.2904
54.2891
54.2877
54.2863
54.2849
54.2835
54.2821
54.2807
54.2792
54.2777
54.2763
54.2748
54.2733
54.2717
54.2702
54.2687
54.2671
54.2655
54.264
54.2624
54.2608
54.2592
54.2576
54.2559
54.2543
54.2526
54.251
54.2493
54.2476
54.2459
54.2442
54.2425
54.2409
54.2392
54.2375
54.2358
54.2341
54.2324
54.2307
54.229
54.2273
54.2256
54.2238
54.2221
54.2204
54.2187
54.2168
54.2152
54.2133
54.2117
54.2097
54.2082
54.2062
54.2047
54.2027
54.2013
54.1993
54.1979
54.196
54.1946
54.1929
54.1911
54.1898
54.188
54.1864
54.2139
54.2177
54.2238
54.2297
54.2352
54.2405
54.2454
54.2498
54.254
54.2578
54.2613
54.2644
54.267
54.2693
54.2715
54.2736
54.2755
54.2772
54.2787
54.2803
54.2818
54.2833
54.2847
54.2862
54.2876
54.289
54.2903
54.2917
54.293
54.2943
54.2955
54.2967
54.2979
54.2991
54.3002
54.3013
54.3024
54.3034
54.3044
54.3054
54.3063
54.3073
54.3081
54.309
54.3099
54.3107
54.3115
54.3122
54.3129
54.3136
54.3144
54.3152
54.316
54.3168
54.3176
54.3183
54.319
54.3196
54.3202
54.3208
54.3213
54.3218
54.3224
54.3229
54.3235
54.3241
54.3248
54.3254
54.3259
54.3264
54.3268
54.3272
54.3275
54.3277
54.3279
54.3281
54.3283
54.3286
54.3288
54.3289
54.3291
54.3292
54.3292
54.3292
54.3291
54.329
54.3288
54.3286
54.3283
54.3281
54.3278
54.3274
54.3271
54.3267
54.3262
54.3258
54.3253
54.3248
54.3243
54.3238
54.3233
54.3227
54.3221
54.3215
54.3209
54.3202
54.3195
54.3188
54.3181
54.3174
54.3166
54.3158
54.315
54.3142
54.3134
54.3125
54.3116
54.3107
54.3098
54.3088
54.3079
54.3069
54.3058
54.3048
54.3037
54.3026
54.3015
54.3003
54.2992
54.298
54.2968
54.2955
54.2943
54.293
54.2917
54.2904
54.2891
54.2877
54.2863
54.2849
54.2835
54.2821
54.2807
54.2792
54.2777
54.2763
54.2748
54.2733
54.2717
54.2702
54.2687
54.2671
54.2655
54.264
54.2624
54.2608
54.2592
54.2576
54.2559
54.2543
54.2526
54.251
54.2493
54.2476
54.2459
54.2442
54.2425
54.2409
54.2392
54.2375
54.2358
54.2341
54.2324
54.2307
54.229
54.2273
54.2256
54.2239
54.2221
54.2204
54.2186
54.2169
54.215
54.2134
54.2115
54.21
54.208
54.2065
54.2045
54.203
54.201
54.1996
54.1976
54.1962
54.1943
54.193
54.1911
54.1896
54.1885
54.1861
54.1858
54.1856
54.1854
54.1851
54.1847
54.1843
54.184
54.1836
54.1835
54.1836
54.1837
54.1832
54.1822
54.1813
54.1797
54.1784
54.178
54.1783
54.1785
54.1792
54.1846
54.1842
54.1839
54.1835
54.1832
54.1829
54.1826
54.1823
54.182
54.1817
54.1814
54.1811
54.1809
54.1806
54.1803
54.1801
54.1798
54.1795
54.1792
54.179
54.18
54.1756
54.1723
54.1714
54.1731
54.171
54.166
54.1656
54.1707
54.1677
54.1626
54.162
54.1692
54.1711
54.1597
54.1571
54.1583
54.1653
54.1756
54.1605
54.1506
54.1523
54.1542
54.1646
54.1779
54.162
54.146
54.1467
54.1518
54.1715
54.1786
54.1563
54.1431
54.1422
54.1421
54.1417
54.1411
54.1405
54.1402
54.1404
54.1416
54.1463
54.1713
54.1747
54.1491
54.1378
54.1376
54.1375
54.1371
54.1366
54.1362
54.1358
54.1355
54.1353
54.1351
54.1349
54.1347
54.1345
54.1344
54.1343
54.1341
54.134
54.134
54.134
54.134
54.134
54.1341
54.1342
54.1344
54.1345
54.1347
54.1349
54.1351
54.1353
54.1355
54.1356
54.1358
54.1359
54.1361
54.1362
54.1362
54.1363
54.1364
54.1365
54.1365
54.1365
54.1365
54.1365
54.1365
54.1366
54.1368
54.1373
54.1382
54.1391
54.1411
54.1473
54.1473
54.1418
54.1375
54.1377
54.1387
54.1394
54.1402
54.1409
54.1412
54.1416
54.1422
54.1428
54.1433
54.1431
54.143
54.1435
54.1443
54.1446
54.1426
54.1382
54.1372
54.1386
54.1443
54.1498
54.152
54.1523
54.1519
54.1515
54.1513
54.1512
54.1512
54.1512
54.1512
54.1512
54.1513
54.1513
54.1514
54.1514
54.1515
54.1515
54.1516
54.1516
54.1517
54.1517
54.1518
54.1518
54.1519
54.152
54.152
54.1521
54.1521
54.1522
54.1522
54.1522
54.1523
54.1523
54.1524
54.1524
54.1525
54.1525
54.1525
54.1526
54.1526
54.1527
54.1527
54.1528
54.1528
54.1528
54.1529
54.1529
54.153
54.153
54.1531
54.1531
54.1532
54.1532
54.1532
54.1533
54.1533
54.1534
54.1534
54.1534
54.1534
54.1535
54.1535
54.1536
54.1536
54.1537
54.1537
54.1538
54.1538
54.154
54.1539
54.1541
54.1541
54.1543
54.1543
54.1545
54.1545
54.1546
54.1547
54.1547
54.155
54.1551
54.1782
54.1772
54.1758
54.1741
54.1723
54.1705
54.1691
54.1674
54.165
54.1631
54.1621
54.1608
54.1584
54.1559
54.1549
54.1546
54.1535
54.1507
54.1474
54.1455
54.1461
54.1465
54.1451
54.1419
54.1386
54.1364
54.1375
54.1387
54.1379
54.1351
54.1323
54.1306
54.1307
54.131
54.131
54.131
54.1311
54.1312
54.1317
54.1326
54.1334
54.1325
54.1294
54.126
54.1248
54.1256
54.1263
54.1263
54.1262
54.1261
54.1259
54.1258
54.1257
54.1255
54.1254
54.1253
54.1252
54.1251
54.125
54.1249
54.1248
54.1247
54.1246
54.1246
54.1247
54.1248
54.1249
54.1251
54.1252
54.1254
54.1256
54.1258
54.1261
54.1263
54.1265
54.1267
54.1269
54.1271
54.1273
54.1275
54.1276
54.1278
54.128
54.1281
54.1282
54.1283
54.1284
54.1286
54.1288
54.1289
54.1294
54.1301
54.131
54.1315
54.131
54.1298
54.1291
54.1291
54.1294
54.1293
54.1296
54.1307
54.1315
54.1298
54.1251
54.1245
54.1272
54.1336
54.1383
54.1415
54.1436
54.1452
54.1464
54.1473
54.148
54.1486
54.149
54.1494
54.1497
54.1499
54.1501
54.1503
54.1505
54.1506
54.1507
54.1508
54.1509
54.151
54.1511
54.1511
54.1512
54.1513
54.1513
54.1514
54.1514
54.1515
54.1516
54.1516
54.1517
54.1517
54.1518
54.1518
54.1519
54.152
54.152
54.1521
54.1521
54.1522
54.1522
54.1522
54.1523
54.1523
54.1524
54.1524
54.1525
54.1525
54.1525
54.1526
54.1526
54.1527
54.1527
54.1528
54.1528
54.1528
54.1529
54.1529
54.153
54.153
54.1531
54.1531
54.1532
54.1532
54.1532
54.1533
54.1533
54.1533
54.1534
54.1534
54.1535
54.1535
54.1536
54.1536
54.1537
54.1536
54.1538
54.1537
54.1539
54.1539
54.154
54.154
54.1542
54.1542
54.1544
54.1545
54.1545
54.1547
54.1546
54.1547
54.1549
54.155
54.155
54.155
54.1549
54.1548
54.1547
54.1547
54.1547
54.1546
54.1546
54.1546
54.1547
54.1547
54.1547
54.1549
54.1549
54.155
54.155
54.1551
54.1551
54.1552
54.155
54.155
54.1549
54.1549
54.1549
54.155
54.1549
54.1548
54.1547
54.1544
54.1543
54.1543
54.1545
54.1548
54.1551
54.1554
54.1554
54.1551
54.1545
54.1539
54.1555
54.1557
54.1557
54.1557
54.1557
54.1553
54.1543
54.1539
54.1537
54.154
54.1539
54.1528
54.1518
54.152
54.1524
54.1521
54.1504
54.1492
54.1498
54.1506
54.1506
54.1494
54.1471
54.1467
54.1478
54.1491
54.1492
54.148
54.1456
54.1447
54.1459
54.1483
54.1491
54.1487
54.1471
54.1456
54.1443
54.1432
54.143
54.1412
54.1404
54.1415
54.1427
54.1433
54.1438
54.1442
54.1446
54.145
54.1454
54.1458
54.1461
54.1465
54.1469
54.1472
54.1475
54.1479
54.1482
54.1485
54.1488
54.1491
54.1494
54.1497
54.15
54.1503
54.1506
54.151
54.1514
54.1517
54.1522
54.1529
54.1539
54.1551
54.1568
54.159
54.16
54.1599
54.1588
54.157
54.1555
54.1548
54.1537
54.1532
54.154
54.1552
54.156
54.1567
54.1574
54.158
54.1587
54.1591
54.1592
54.16
54.1602
54.1546
54.151
54.156
54.1625
54.1648
54.1649
54.1656
54.1526
54.1519
54.1517
54.1519
54.1511
54.1514
54.1513
54.1503
54.1493
54.1484
54.1494
54.1509
54.1506
54.1482
54.1493
54.1502
54.1504
54.1477
54.1453
54.1486
54.1505
54.1495
54.148
54.1435
54.1437
54.1491
54.1513
54.1498
54.1497
54.1459
54.143
54.1463
54.153
54.1535
54.1514
54.152
54.1552
54.1634
54.1761
54.1756
54.1543
54.146
54.1517
54.1551
54.1561
54.1564
54.1563
54.1563
54.1563
54.1565
54.1566
54.1568
54.157
54.1572
54.1574
54.1576
54.1578
54.158
54.1583
54.1585
54.1587
54.1589
54.1591
54.1593
54.1595
54.1597
54.1599
54.1603
54.1602
54.1603
54.1605
54.1609
54.162
54.1642
54.1666
54.1671
54.1684
54.1711
54.1767
54.1838
54.182
54.1686
54.1609
54.1631
54.1649
54.1656
54.1658
54.1659
54.1664
54.167
54.1677
54.1684
54.1692
54.1701
54.1706
54.171
54.1714
54.1719
54.1722
54.1725
54.1634
54.1631
54.1631
54.1638
54.1645
54.1657
54.1668
54.1683
54.1723
54.1758
54.1749
54.1743
54.175
54.1764
54.1774
54.1781
54.1786
54.1789
54.1792
54.1793
54.1726
54.1726
54.1722
54.1719
54.1719
54.1719
54.1721
54.1722
54.1725
54.1728
54.1731
54.1735
54.1741
54.1746
54.1744
54.1731
54.1708
54.1681
54.1647
54.1622
54.1794
54.1802
54.1807
54.1809
54.1805
54.1797
54.1798
54.18
54.1804
54.1803
54.1794
54.179
54.1795
54.18
54.1799
54.1789
54.1777
54.1772
54.1778
54.1785
54.179
54.1786
54.1772
54.1754
54.1744
54.175
54.1763
54.1774
54.1778
54.1772
54.1758
54.1747
54.174
54.1735
54.173
54.1727
54.1732
54.1714
54.1701
54.1708
54.1721
54.1727
54.1732
54.1736
54.1741
54.1746
54.1751
54.1758
54.1767
54.1776
54.1778
54.1769
54.1764
54.1776
54.179
54.1803
54.1817
54.1838
54.1856
54.1863
54.1864
54.1859
54.1842
54.1821
54.1827
54.1845
54.1862
54.1864
54.1856
54.1839
54.1827
54.1819
54.1813
54.1803
54.1803
54.181
54.1818
54.1826
54.1834
54.1842
54.1846
54.1852
54.1857
54.181
54.1743
54.1838
54.1908
54.1932
54.1954
54.1973
54.1987
54.2
54.2009
54.2017
54.2021
54.2025
54.2028
54.203
54.2033
54.2034
54.2035
54.2036
54.2037
54.2038
54.2038
54.2039
54.2039
54.204
54.204
54.2041
54.2041
54.2041
54.2041
54.2042
54.2042
54.2042
54.2043
54.2043
54.2043
54.2043
54.2043
54.2044
54.2044
54.2044
54.2045
54.2045
54.2045
54.2046
54.2046
54.2046
54.2046
54.2047
54.2047
54.2047
54.2048
54.2048
54.2048
54.2048
54.2049
54.2049
54.2049
54.2049
54.2049
54.2049
54.2049
54.2049
54.2049
54.2049
54.2049
54.2049
54.2049
54.2048
54.2048
54.2048
54.2048
54.2047
54.2047
54.2047
54.2047
54.2047
54.2046
54.2046
54.2046
54.2046
54.2046
54.2046
54.2046
54.2046
54.2046
54.2046
54.2046
54.2046
54.2046
54.2046
54.2047
54.2047
54.2047
54.2047
54.2048
54.2048
54.2049
54.2049
54.205
54.205
54.2051
54.2051
54.2053
54.2052
54.2054
54.2053
54.2056
54.2055
54.2058
54.2058
54.2058
54.2061
54.206
54.2063
54.2064
54.2064
54.1682
54.1754
54.1767
54.1772
54.1779
54.178
54.1761
54.1752
54.1751
54.176
54.1755
54.1746
54.1729
54.1752
54.1767
54.1747
54.1712
54.1697
54.1687
54.1727
54.1764
54.1749
54.1707
54.1701
54.1687
54.1677
54.17
54.1763
54.1787
54.1774
54.1763
54.1761
54.1765
54.1776
54.1802
54.1865
54.198
54.2015
54.1833
54.1711
54.1768
54.1827
54.1849
54.1856
54.1857
54.1857
54.1858
54.186
54.1866
54.1871
54.1935
54.2082
54.193
54.1859
54.1854
54.186
54.1872
54.1896
54.1917
54.1858
54.1792
54.1786
54.1807
54.1797
54.1777
54.1802
54.1878
54.1921
54.1938
54.1961
54.1995
54.2049
54.2067
54.1979
54.1872
54.1862
54.1899
54.1915
54.1921
54.1925
54.1929
54.1934
54.1942
54.1951
54.1957
54.1961
54.1964
54.1968
54.1973
54.1977
54.198
54.1979
54.1982
54.1985
54.1973
54.1923
54.1921
54.1981
54.2039
54.2046
54.2043
54.204
54.2039
54.2039
54.2039
54.204
54.204
54.204
54.204
54.2041
54.2041
54.2041
54.2042
54.2042
54.2042
54.2042
54.2043
54.2043
54.2043
54.2043
54.2043
54.2044
54.2044
54.2044
54.2045
54.2045
54.2045
54.2046
54.2046
54.2046
54.2046
54.2047
54.2047
54.2047
54.2048
54.2048
54.2048
54.2048
54.2049
54.2049
54.2049
54.2049
54.2049
54.2049
54.2049
54.2049
54.2049
54.2049
54.2049
54.2049
54.2049
54.2048
54.2048
54.2048
54.2048
54.2047
54.2047
54.2047
54.2047
54.2047
54.2046
54.2046
54.2046
54.2046
54.2046
54.2046
54.2046
54.2046
54.2046
54.2046
54.2046
54.2046
54.2046
54.2046
54.2046
54.2047
54.2047
54.2048
54.2048
54.2049
54.2048
54.205
54.2049
54.2051
54.205
54.2052
54.2051
54.2053
54.2053
54.2055
54.2054
54.2057
54.2056
54.2059
54.2058
54.2061
54.2061
54.2061
54.2066
54.2065
54.2064
54.2064
54.2064
54.2064
54.2064
54.2065
54.2066
54.2065
54.2063
54.2058
54.206
54.2061
54.206
54.2057
54.2052
54.205
54.2049
54.2049
54.2047
54.2047
54.2063
54.2063
54.2063
54.2064
54.2064
54.2065
54.2065
54.2066
54.2067
54.2069
54.207
54.2072
54.2073
54.2075
54.2075
54.2075
54.2075
54.2075
54.2075
54.2077
54.205
54.2048
54.2021
54.199
54.1988
54.1995
54.2012
54.2032
54.2036
54.1999
54.1953
54.1958
54.1943
54.1977
54.2021
54.2026
54.1997
54.1975
54.1985
54.2017
54.2026
54.2005
54.1985
54.199
54.2024
54.2045
54.2026
54.2004
54.2
54.2002
54.2014
54.2026
54.1987
54.1955
54.1996
54.208
54.2078
54.2047
54.2053
54.2075
54.2109
54.2146
54.2122
54.2035
54.201
54.2083
54.2136
54.216
54.2169
54.2173
54.2175
54.2177
54.2177
54.2178
54.2179
54.2173
54.2163
54.216
54.2176
54.2193
54.2203
54.2211
54.221
54.2155
54.2145
54.2222
54.2271
54.2271
54.227
54.227
54.2272
54.2273
54.2274
54.2276
54.2277
54.2279
54.228
54.2282
54.2283
54.2284
54.2286
54.2287
54.2288
54.2289
54.229
54.2291
54.2292
54.2293
54.2293
54.2294
54.2295
54.2295
54.2296
54.2296
54.2296
54.2296
54.2297
54.2297
54.2297
54.2296
54.2296
54.2296
54.2296
54.2295
54.2295
54.2294
54.2294
54.2293
54.2292
54.2292
54.2291
54.229
54.2289
54.2289
54.2288
54.2287
54.2286
54.2285
54.2284
54.2282
54.2281
54.228
54.2279
54.2277
54.2276
54.2275
54.2273
54.2271
54.227
54.2268
54.2266
54.2265
54.2263
54.2261
54.2259
54.2257
54.2255
54.2253
54.225
54.2248
54.2246
54.2244
54.2241
54.2239
54.2236
54.2234
54.2231
54.2229
54.2226
54.2224
54.2221
54.2218
54.2216
54.2213
54.221
54.2208
54.2205
54.2202
54.2199
54.2196
54.2193
54.2191
54.2188
54.2185
54.2182
54.2179
54.2176
54.2173
54.217
54.2167
54.2164
54.2161
54.2158
54.2155
54.2152
54.2149
54.2146
54.2143
54.214
54.2137
54.2134
54.2131
54.2128
54.2125
54.2122
54.2119
54.2116
54.2113
54.211
54.2107
54.2104
54.2101
54.2098
54.2095
54.2092
54.2089
54.2086
54.2082
54.2079
54.2076
54.2073
54.2069
54.2066
54.2062
54.2059
54.2055
54.2052
54.2048
54.2044
54.2041
54.2037
54.2033
54.2029
54.2025
54.2021
54.2017
54.2013
54.2009
54.2005
54.2001
54.1997
54.1992
54.1988
54.1984
54.198
54.1976
54.1971
54.1967
54.1963
54.1958
54.1954
54.195
54.1945
54.1941
54.1937
54.1932
54.1928
54.1923
54.1919
54.1914
54.1909
54.1905
54.19
54.1895
54.189
54.1886
54.1881
54.1876
54.1871
54.1865
54.186
54.1855
54.185
54.1844
54.1839
54.1834
54.1828
54.1822
54.1817
54.1811
54.1805
54.1799
54.1793
54.1787
54.1781
54.1775
54.1769
54.1762
54.1756
54.1749
54.1743
54.1736
54.1729
54.1723
54.1716
54.1709
54.1702
54.1694
54.1687
54.168
54.1673
54.1665
54.1658
54.165
54.1642
54.1635
54.1627
54.1619
54.1611
54.1603
54.1595
54.1587
54.1579
54.157
54.1562
54.1554
54.1545
54.1537
54.1528
54.152
54.1511
54.1503
54.1494
54.1485
54.1477
54.1468
54.1459
54.1451
54.1442
54.1433
54.1425
54.1416
54.1407
54.1399
54.139
54.1381
54.1373
54.1364
54.1356
54.1347
54.1339
54.133
54.1322
54.1314
54.1305
54.1297
54.1289
54.1281
54.1273
54.1265
54.1257
54.1249
54.1241
54.1233
54.1226
54.1218
54.121
54.1203
54.1195
54.1188
54.1181
54.1173
54.1166
54.1159
54.1152
54.1145
54.1138
54.1131
54.1124
54.1117
54.111
54.1104
54.1097
54.1091
54.1084
54.1078
54.1071
54.1065
54.1059
54.1053
54.1046
54.104
54.1034
54.1029
54.1023
54.1017
54.1011
54.1005
54.1
54.0994
54.0989
54.0983
54.0978
54.0972
54.0967
54.0962
54.0956
54.0951
54.0946
54.094
54.0935
54.093
54.0924
54.0919
54.0914
54.0908
54.0903
54.0898
54.0892
54.0887
54.0881
54.0876
54.087
54.0865
54.0859
54.0853
54.0847
54.0841
54.0835
54.0829
54.0823
54.0817
54.081
54.0804
54.0797
54.079
54.0783
54.0776
54.0769
54.0762
54.0755
54.0747
54.074
54.0732
54.0724
54.0716
54.0708
54.07
54.0691
54.0683
54.0674
54.0665
54.0656
54.0647
54.0638
54.0629
54.0619
54.0609
54.06
54.059
54.058
54.0569
54.0559
54.0549
54.0538
54.0527
54.0516
54.0505
54.0494
54.0483
54.0472
54.046
54.0448
54.0437
54.0425
54.0413
54.0401
54.0389
54.0376
54.0364
54.0352
54.0339
54.0326
54.0314
54.0301
54.0288
54.0275
54.0262
54.0249
54.0236
54.0223
54.0209
54.0196
54.0183
54.0169
54.0156
54.0142
54.0129
54.0116
54.0102
54.0089
54.0075
54.0061
54.0048
54.0034
54.0021
54.0007
53.9994
53.998
53.9967
53.9953
53.994
53.9926
53.9913
53.9899
53.9886
53.9872
53.9859
53.9846
53.9832
53.9819
53.9806
53.9793
53.978
53.9766
53.9753
53.974
53.9727
53.9714
53.9702
53.9689
53.9676
53.9663
53.965
53.9638
53.9625
53.9613
53.96
53.9588
53.9576
53.9563
53.9551
53.9539
53.9527
53.9515
53.9503
53.9491
53.9479
53.9468
53.9456
53.9444
53.9433
53.9421
53.941
53.9399
53.9387
53.9376
53.9365
53.9354
53.9343
53.9332
53.9321
53.931
53.9299
53.9289
53.9278
53.9267
53.9257
53.9246
53.9236
53.9225
53.9215
53.9204
53.9194
53.9184
53.9173
53.9163
53.9153
53.9143
53.9132
53.9122
53.9112
53.9102
53.9092
53.9082
53.9071
53.9061
53.9051
53.9041
53.9031
53.9021
53.901
53.9
53.899
53.8979
53.8969
53.8959
53.8948
53.8938
53.8927
53.8917
53.8906
53.8895
53.8885
53.8874
53.8863
53.8852
53.8841
53.883
53.8819
53.8808
53.8797
53.8786
53.8775
53.8763
53.8752
53.8741
53.8729
53.8718
53.8707
53.8695
53.8684
53.8673
53.8662
53.8652
53.8643
53.8633
53.8622
53.8609
53.8596
54.2075
54.2063
54.2059
54.2059
54.2064
54.2071
54.2073
54.2069
54.2054
54.2046
54.2045
54.2049
54.2057
54.2063
54.2059
54.2042
54.203
54.2031
54.2037
54.204
54.2036
54.2022
54.2016
54.2021
54.2028
54.2034
54.2033
54.2023
54.2015
54.2011
54.2004
54.2003
54.2011
54.2033
54.2053
54.2064
54.2058
54.2047
54.2039
54.2034
54.2028
54.2031
54.2029
54.2024
54.2031
54.205
54.2077
54.2097
54.2106
54.2109
54.2101
54.2086
54.2086
54.2089
54.1979
54.2018
54.2111
54.214
54.2165
54.2191
54.2216
54.2233
54.2243
54.2249
54.2254
54.2259
54.2262
54.2264
54.2267
54.2269
54.227
54.2272
54.2274
54.2276
54.2277
54.2279
54.228
54.2282
54.2283
54.2284
54.2286
54.2287
54.2288
54.2289
54.229
54.2291
54.2292
54.2293
54.2293
54.2294
54.2295
54.2295
54.2296
54.2296
54.2296
54.2296
54.2297
54.2297
54.2297
54.2296
54.2296
54.2296
54.2296
54.2295
54.2295
54.2294
54.2294
54.2293
54.2292
54.2292
54.2291
54.229
54.2289
54.2289
54.2288
54.2287
54.2286
54.2285
54.2284
54.2282
54.2281
54.228
54.2279
54.2277
54.2276
54.2275
54.2273
54.2271
54.227
54.2268
54.2266
54.2265
54.2263
54.2261
54.2259
54.2257
54.2255
54.2253
54.225
54.2248
54.2246
54.2244
54.2241
54.2239
54.2236
54.2234
54.2231
54.2229
54.2226
54.2224
54.2221
54.2218
54.2216
54.2213
54.221
54.2208
54.2205
54.2202
54.2199
54.2196
54.2193
54.2191
54.2188
54.2185
54.2182
54.2179
54.2176
54.2173
54.217
54.2167
54.2164
54.2161
54.2158
54.2155
54.2152
54.2149
54.2146
54.2143
54.214
54.2137
54.2134
54.2131
54.2128
54.2125
54.2122
54.2119
54.2116
54.2113
54.211
54.2107
54.2104
54.2101
54.2098
54.2095
54.2092
54.2089
54.2086
54.2082
54.2079
54.2076
54.2073
54.2069
54.2066
54.2062
54.2059
54.2055
54.2052
54.2048
54.2044
54.2041
54.2037
54.2033
54.2029
54.2025
54.2021
54.2017
54.2013
54.2009
54.2005
54.2001
54.1997
54.1992
54.1988
54.1984
54.198
54.1976
54.1971
54.1967
54.1963
54.1958
54.1954
54.195
54.1945
54.1941
54.1937
54.1932
54.1928
54.1923
54.1919
54.1914
54.1909
54.1905
54.19
54.1895
54.189
54.1886
54.1881
54.1876
54.1871
54.1865
54.186
54.1855
54.185
54.1844
54.1839
54.1834
54.1828
54.1822
54.1817
54.1811
54.1805
54.1799
54.1793
54.1787
54.1781
54.1775
54.1769
54.1762
54.1756
54.1749
54.1743
54.1736
54.1729
54.1723
54.1716
54.1709
54.1702
54.1694
54.1687
54.168
54.1673
54.1665
54.1658
54.165
54.1642
54.1635
54.1627
54.1619
54.1611
54.1603
54.1595
54.1587
54.1579
54.157
54.1562
54.1554
54.1545
54.1537
54.1528
54.152
54.1511
54.1503
54.1494
54.1485
54.1477
54.1468
54.1459
54.1451
54.1442
54.1433
54.1425
54.1416
54.1407
54.1399
54.139
54.1381
54.1373
54.1364
54.1356
54.1347
54.1339
54.133
54.1322
54.1314
54.1305
54.1297
54.1289
54.1281
54.1273
54.1265
54.1257
54.1249
54.1241
54.1233
54.1226
54.1218
54.121
54.1203
54.1195
54.1188
54.1181
54.1173
54.1166
54.1159
54.1152
54.1145
54.1138
54.1131
54.1124
54.1117
54.111
54.1104
54.1097
54.1091
54.1084
54.1078
54.1071
54.1065
54.1059
54.1053
54.1046
54.104
54.1034
54.1029
54.1023
54.1017
54.1011
54.1005
54.1
54.0994
54.0989
54.0983
54.0978
54.0972
54.0967
54.0962
54.0956
54.0951
54.0946
54.094
54.0935
54.093
54.0924
54.0919
54.0914
54.0908
54.0903
54.0898
54.0892
54.0887
54.0881
54.0876
54.087
54.0865
54.0859
54.0853
54.0847
54.0841
54.0835
54.0829
54.0823
54.0817
54.081
54.0804
54.0797
54.079
54.0783
54.0776
54.0769
54.0762
54.0755
54.0747
54.074
54.0732
54.0724
54.0716
54.0708
54.07
54.0691
54.0683
54.0674
54.0665
54.0656
54.0647
54.0638
54.0629
54.0619
54.0609
54.06
54.059
54.058
54.0569
54.0559
54.0549
54.0538
54.0527
54.0516
54.0505
54.0494
54.0483
54.0472
54.046
54.0448
54.0437
54.0425
54.0413
54.0401
54.0389
54.0376
54.0364
54.0352
54.0339
54.0326
54.0314
54.0301
54.0288
54.0275
54.0262
54.0249
54.0236
54.0223
54.0209
54.0196
54.0183
54.0169
54.0156
54.0142
54.0129
54.0116
54.0102
54.0089
54.0075
54.0061
54.0048
54.0034
54.0021
54.0007
53.9994
53.998
53.9967
53.9953
53.994
53.9926
53.9913
53.9899
53.9886
53.9872
53.9859
53.9846
53.9832
53.9819
53.9806
53.9793
53.978
53.9766
53.9753
53.974
53.9727
53.9714
53.9702
53.9689
53.9676
53.9663
53.965
53.9638
53.9625
53.9613
53.96
53.9588
53.9576
53.9563
53.9551
53.9539
53.9527
53.9515
53.9503
53.9491
53.9479
53.9468
53.9456
53.9444
53.9433
53.9421
53.941
53.9399
53.9387
53.9376
53.9365
53.9354
53.9343
53.9332
53.9321
53.931
53.9299
53.9289
53.9278
53.9267
53.9257
53.9246
53.9236
53.9225
53.9215
53.9204
53.9194
53.9184
53.9173
53.9163
53.9153
53.9143
53.9132
53.9122
53.9112
53.9102
53.9092
53.9082
53.9071
53.9061
53.9051
53.9041
53.9031
53.9021
53.901
53.9
53.899
53.8979
53.8969
53.8959
53.8948
53.8938
53.8927
53.8917
53.8906
53.8895
53.8885
53.8874
53.8863
53.8852
53.8841
53.883
53.8819
53.8808
53.8797
53.8786
53.8775
53.8763
53.8752
53.8741
53.8729
53.8718
53.8707
53.8695
53.8684
53.8673
53.8662
53.8652
53.8643
53.8633
53.8622
53.8609
53.8596
)
;
    }
}


// ************************************************************************* //
