/*--------------------------------*- C++ -*----------------------------------*\
| =========                 |                                                 |
| \\      /  F ield         | OpenFOAM: The Open Source CFD Toolbox           |
|  \\    /   O peration     | Version:  3.0.x                                 |
|   \\  /    A nd           | Web:      www.OpenFOAM.org                      |
|    \\/     M anipulation  |                                                 |
\*---------------------------------------------------------------------------*/
FoamFile
{
    version     2.0;
    format      ascii;
    class       volScalarField;
    location    "0.44";
    object      p;
}
// * * * * * * * * * * * * * * * * * * * * * * * * * * * * * * * * * * * * * //

dimensions      [1 -1 -2 0 0 0 0];

internalField   nonuniform List<scalar> 
6900
(
1.8197e+07
1.8197e+07
1.8197e+07
1.81971e+07
1.81971e+07
1.81971e+07
1.81971e+07
1.81972e+07
1.81972e+07
1.81972e+07
1.81973e+07
1.81973e+07
1.81973e+07
1.81973e+07
1.81974e+07
1.81974e+07
1.81974e+07
1.81974e+07
1.81974e+07
1.81974e+07
1.81974e+07
1.81974e+07
1.81974e+07
1.81973e+07
1.81973e+07
1.81973e+07
1.81972e+07
1.81972e+07
1.81972e+07
1.81971e+07
1.81971e+07
1.81971e+07
1.8197e+07
1.8197e+07
1.8197e+07
1.8197e+07
1.81969e+07
1.81969e+07
1.81969e+07
1.81969e+07
1.81969e+07
1.8197e+07
1.8197e+07
1.8197e+07
1.8197e+07
1.81971e+07
1.81971e+07
1.81971e+07
1.81972e+07
1.81972e+07
1.81972e+07
1.81972e+07
1.81972e+07
1.81972e+07
1.81972e+07
1.81972e+07
1.81972e+07
1.81972e+07
1.81972e+07
1.81972e+07
1.81971e+07
1.81971e+07
1.81971e+07
1.8197e+07
1.8197e+07
1.8197e+07
1.81969e+07
1.81969e+07
1.81968e+07
1.81968e+07
1.81968e+07
1.81968e+07
1.81968e+07
1.81968e+07
1.81968e+07
1.81968e+07
1.81968e+07
1.81969e+07
1.81969e+07
1.8197e+07
1.8197e+07
1.81971e+07
1.81971e+07
1.81972e+07
1.81972e+07
1.81973e+07
1.81974e+07
1.81974e+07
1.81975e+07
1.81975e+07
1.81976e+07
1.81976e+07
1.81976e+07
1.81977e+07
1.81977e+07
1.81977e+07
1.81977e+07
1.81977e+07
1.81978e+07
1.81978e+07
1.81978e+07
1.81978e+07
1.81979e+07
1.81979e+07
1.8198e+07
1.81981e+07
1.81982e+07
1.81983e+07
1.81984e+07
1.81985e+07
1.81986e+07
1.81988e+07
1.8199e+07
1.81992e+07
1.81994e+07
1.81996e+07
1.81999e+07
1.82001e+07
1.82004e+07
1.82006e+07
1.82009e+07
1.82012e+07
1.82015e+07
1.82018e+07
1.8202e+07
1.82023e+07
1.82026e+07
1.82029e+07
1.82032e+07
1.82035e+07
1.82038e+07
1.82041e+07
1.82044e+07
1.82048e+07
1.82051e+07
1.82054e+07
1.82058e+07
1.82062e+07
1.82066e+07
1.8207e+07
1.82075e+07
1.8208e+07
1.82085e+07
1.8209e+07
1.82096e+07
1.82102e+07
1.82108e+07
1.82115e+07
1.82122e+07
1.82129e+07
1.82136e+07
1.82144e+07
1.82152e+07
1.82161e+07
1.82169e+07
1.82178e+07
1.82186e+07
1.82195e+07
1.82204e+07
1.82213e+07
1.82222e+07
1.82231e+07
1.8224e+07
1.8225e+07
1.82259e+07
1.82268e+07
1.82278e+07
1.82288e+07
1.82298e+07
1.82308e+07
1.82318e+07
1.82329e+07
1.82339e+07
1.8235e+07
1.82361e+07
1.82373e+07
1.82385e+07
1.82397e+07
1.8241e+07
1.82423e+07
1.82436e+07
1.8245e+07
1.82465e+07
1.8248e+07
1.82495e+07
1.82511e+07
1.82527e+07
1.82543e+07
1.8256e+07
1.82577e+07
1.82595e+07
1.82612e+07
1.8263e+07
1.82648e+07
1.82666e+07
1.82684e+07
1.82702e+07
1.8272e+07
1.82739e+07
1.82762e+07
1.8197e+07
1.8197e+07
1.8197e+07
1.81971e+07
1.81971e+07
1.81971e+07
1.81971e+07
1.81972e+07
1.81972e+07
1.81972e+07
1.81973e+07
1.81973e+07
1.81973e+07
1.81973e+07
1.81974e+07
1.81974e+07
1.81974e+07
1.81974e+07
1.81974e+07
1.81974e+07
1.81974e+07
1.81974e+07
1.81974e+07
1.81973e+07
1.81973e+07
1.81973e+07
1.81972e+07
1.81972e+07
1.81972e+07
1.81971e+07
1.81971e+07
1.81971e+07
1.8197e+07
1.8197e+07
1.8197e+07
1.8197e+07
1.81969e+07
1.81969e+07
1.81969e+07
1.81969e+07
1.81969e+07
1.8197e+07
1.8197e+07
1.8197e+07
1.8197e+07
1.81971e+07
1.81971e+07
1.81971e+07
1.81972e+07
1.81972e+07
1.81972e+07
1.81972e+07
1.81972e+07
1.81972e+07
1.81972e+07
1.81972e+07
1.81972e+07
1.81972e+07
1.81972e+07
1.81972e+07
1.81971e+07
1.81971e+07
1.81971e+07
1.8197e+07
1.8197e+07
1.8197e+07
1.81969e+07
1.81969e+07
1.81968e+07
1.81968e+07
1.81968e+07
1.81968e+07
1.81968e+07
1.81968e+07
1.81968e+07
1.81968e+07
1.81968e+07
1.81969e+07
1.81969e+07
1.8197e+07
1.8197e+07
1.81971e+07
1.81971e+07
1.81972e+07
1.81972e+07
1.81973e+07
1.81974e+07
1.81974e+07
1.81975e+07
1.81975e+07
1.81976e+07
1.81976e+07
1.81976e+07
1.81977e+07
1.81977e+07
1.81977e+07
1.81977e+07
1.81977e+07
1.81978e+07
1.81978e+07
1.81978e+07
1.81978e+07
1.81979e+07
1.81979e+07
1.8198e+07
1.81981e+07
1.81982e+07
1.81983e+07
1.81984e+07
1.81985e+07
1.81986e+07
1.81988e+07
1.8199e+07
1.81992e+07
1.81994e+07
1.81996e+07
1.81999e+07
1.82001e+07
1.82004e+07
1.82006e+07
1.82009e+07
1.82012e+07
1.82015e+07
1.82018e+07
1.8202e+07
1.82023e+07
1.82026e+07
1.82029e+07
1.82032e+07
1.82035e+07
1.82038e+07
1.82041e+07
1.82044e+07
1.82048e+07
1.82051e+07
1.82054e+07
1.82058e+07
1.82062e+07
1.82066e+07
1.8207e+07
1.82075e+07
1.8208e+07
1.82085e+07
1.8209e+07
1.82096e+07
1.82102e+07
1.82108e+07
1.82115e+07
1.82122e+07
1.82129e+07
1.82136e+07
1.82144e+07
1.82152e+07
1.82161e+07
1.82169e+07
1.82178e+07
1.82186e+07
1.82195e+07
1.82204e+07
1.82213e+07
1.82222e+07
1.82231e+07
1.8224e+07
1.8225e+07
1.82259e+07
1.82268e+07
1.82278e+07
1.82288e+07
1.82298e+07
1.82308e+07
1.82318e+07
1.82329e+07
1.82339e+07
1.8235e+07
1.82361e+07
1.82373e+07
1.82385e+07
1.82397e+07
1.8241e+07
1.82423e+07
1.82436e+07
1.8245e+07
1.82465e+07
1.8248e+07
1.82495e+07
1.82511e+07
1.82527e+07
1.82543e+07
1.8256e+07
1.82577e+07
1.82595e+07
1.82612e+07
1.8263e+07
1.82648e+07
1.82666e+07
1.82684e+07
1.82702e+07
1.8272e+07
1.82739e+07
1.82762e+07
1.8197e+07
1.8197e+07
1.8197e+07
1.81971e+07
1.81971e+07
1.81971e+07
1.81971e+07
1.81972e+07
1.81972e+07
1.81972e+07
1.81973e+07
1.81973e+07
1.81973e+07
1.81973e+07
1.81974e+07
1.81974e+07
1.81974e+07
1.81974e+07
1.81974e+07
1.81974e+07
1.81974e+07
1.81974e+07
1.81974e+07
1.81973e+07
1.81973e+07
1.81973e+07
1.81972e+07
1.81972e+07
1.81972e+07
1.81971e+07
1.81971e+07
1.81971e+07
1.8197e+07
1.8197e+07
1.8197e+07
1.8197e+07
1.81969e+07
1.81969e+07
1.81969e+07
1.81969e+07
1.81969e+07
1.8197e+07
1.8197e+07
1.8197e+07
1.8197e+07
1.81971e+07
1.81971e+07
1.81971e+07
1.81972e+07
1.81972e+07
1.81972e+07
1.81972e+07
1.81972e+07
1.81972e+07
1.81972e+07
1.81972e+07
1.81972e+07
1.81972e+07
1.81972e+07
1.81972e+07
1.81971e+07
1.81971e+07
1.81971e+07
1.8197e+07
1.8197e+07
1.8197e+07
1.81969e+07
1.81969e+07
1.81968e+07
1.81968e+07
1.81968e+07
1.81968e+07
1.81968e+07
1.81968e+07
1.81968e+07
1.81968e+07
1.81968e+07
1.81969e+07
1.81969e+07
1.8197e+07
1.8197e+07
1.81971e+07
1.81971e+07
1.81972e+07
1.81972e+07
1.81973e+07
1.81974e+07
1.81974e+07
1.81975e+07
1.81975e+07
1.81976e+07
1.81976e+07
1.81976e+07
1.81977e+07
1.81977e+07
1.81977e+07
1.81977e+07
1.81977e+07
1.81978e+07
1.81978e+07
1.81978e+07
1.81978e+07
1.81979e+07
1.81979e+07
1.8198e+07
1.81981e+07
1.81982e+07
1.81983e+07
1.81984e+07
1.81985e+07
1.81986e+07
1.81988e+07
1.8199e+07
1.81992e+07
1.81994e+07
1.81996e+07
1.81999e+07
1.82001e+07
1.82004e+07
1.82006e+07
1.82009e+07
1.82012e+07
1.82015e+07
1.82018e+07
1.8202e+07
1.82023e+07
1.82026e+07
1.82029e+07
1.82032e+07
1.82035e+07
1.82038e+07
1.82041e+07
1.82044e+07
1.82048e+07
1.82051e+07
1.82054e+07
1.82058e+07
1.82062e+07
1.82066e+07
1.8207e+07
1.82075e+07
1.8208e+07
1.82085e+07
1.8209e+07
1.82096e+07
1.82102e+07
1.82108e+07
1.82115e+07
1.82122e+07
1.82129e+07
1.82136e+07
1.82144e+07
1.82152e+07
1.82161e+07
1.82169e+07
1.82178e+07
1.82186e+07
1.82195e+07
1.82204e+07
1.82213e+07
1.82222e+07
1.82231e+07
1.8224e+07
1.8225e+07
1.82259e+07
1.82268e+07
1.82278e+07
1.82288e+07
1.82298e+07
1.82308e+07
1.82318e+07
1.82329e+07
1.82339e+07
1.8235e+07
1.82361e+07
1.82373e+07
1.82385e+07
1.82397e+07
1.8241e+07
1.82423e+07
1.82436e+07
1.8245e+07
1.82465e+07
1.8248e+07
1.82495e+07
1.82511e+07
1.82527e+07
1.82543e+07
1.8256e+07
1.82577e+07
1.82595e+07
1.82612e+07
1.8263e+07
1.82648e+07
1.82666e+07
1.82684e+07
1.82701e+07
1.82719e+07
1.82737e+07
1.82756e+07
1.8197e+07
1.8197e+07
1.8197e+07
1.81971e+07
1.81971e+07
1.81971e+07
1.81971e+07
1.81972e+07
1.81972e+07
1.81972e+07
1.81973e+07
1.81973e+07
1.81973e+07
1.81973e+07
1.81974e+07
1.81974e+07
1.81974e+07
1.81974e+07
1.81974e+07
1.81974e+07
1.81974e+07
1.81974e+07
1.81974e+07
1.81973e+07
1.81973e+07
1.81973e+07
1.81972e+07
1.81972e+07
1.81972e+07
1.81971e+07
1.81971e+07
1.81971e+07
1.8197e+07
1.8197e+07
1.8197e+07
1.8197e+07
1.81969e+07
1.81969e+07
1.81969e+07
1.81969e+07
1.81969e+07
1.8197e+07
1.8197e+07
1.8197e+07
1.8197e+07
1.81971e+07
1.81971e+07
1.81971e+07
1.81972e+07
1.81972e+07
1.81972e+07
1.81972e+07
1.81972e+07
1.81972e+07
1.81972e+07
1.81972e+07
1.81972e+07
1.81972e+07
1.81972e+07
1.81972e+07
1.81971e+07
1.81971e+07
1.81971e+07
1.8197e+07
1.8197e+07
1.8197e+07
1.81969e+07
1.81969e+07
1.81968e+07
1.81968e+07
1.81968e+07
1.81968e+07
1.81968e+07
1.81968e+07
1.81968e+07
1.81968e+07
1.81968e+07
1.81969e+07
1.81969e+07
1.8197e+07
1.8197e+07
1.81971e+07
1.81971e+07
1.81972e+07
1.81972e+07
1.81973e+07
1.81974e+07
1.81974e+07
1.81975e+07
1.81975e+07
1.81976e+07
1.81976e+07
1.81976e+07
1.81977e+07
1.81977e+07
1.81977e+07
1.81977e+07
1.81977e+07
1.81978e+07
1.81978e+07
1.81978e+07
1.81978e+07
1.81979e+07
1.81979e+07
1.8198e+07
1.81981e+07
1.81982e+07
1.81983e+07
1.81984e+07
1.81985e+07
1.81986e+07
1.81988e+07
1.8199e+07
1.81992e+07
1.81994e+07
1.81996e+07
1.81999e+07
1.82001e+07
1.82004e+07
1.82006e+07
1.82009e+07
1.82012e+07
1.82015e+07
1.82018e+07
1.8202e+07
1.82023e+07
1.82026e+07
1.82029e+07
1.82032e+07
1.82035e+07
1.82038e+07
1.82041e+07
1.82044e+07
1.82048e+07
1.82051e+07
1.82054e+07
1.82058e+07
1.82062e+07
1.82066e+07
1.8207e+07
1.82075e+07
1.8208e+07
1.82085e+07
1.8209e+07
1.82096e+07
1.82102e+07
1.82108e+07
1.82115e+07
1.82122e+07
1.82129e+07
1.82136e+07
1.82144e+07
1.82152e+07
1.82161e+07
1.82169e+07
1.82178e+07
1.82186e+07
1.82195e+07
1.82204e+07
1.82213e+07
1.82222e+07
1.82231e+07
1.8224e+07
1.8225e+07
1.82259e+07
1.82268e+07
1.82278e+07
1.82288e+07
1.82298e+07
1.82308e+07
1.82318e+07
1.82329e+07
1.82339e+07
1.8235e+07
1.82361e+07
1.82373e+07
1.82385e+07
1.82397e+07
1.8241e+07
1.82423e+07
1.82436e+07
1.8245e+07
1.82465e+07
1.8248e+07
1.82495e+07
1.82511e+07
1.82527e+07
1.82543e+07
1.8256e+07
1.82577e+07
1.82595e+07
1.82612e+07
1.8263e+07
1.82648e+07
1.82666e+07
1.82684e+07
1.82701e+07
1.82719e+07
1.82735e+07
1.82747e+07
1.8197e+07
1.8197e+07
1.8197e+07
1.81971e+07
1.81971e+07
1.81971e+07
1.81971e+07
1.81972e+07
1.81972e+07
1.81972e+07
1.81973e+07
1.81973e+07
1.81973e+07
1.81973e+07
1.81974e+07
1.81974e+07
1.81974e+07
1.81974e+07
1.81974e+07
1.81974e+07
1.81974e+07
1.81974e+07
1.81974e+07
1.81973e+07
1.81973e+07
1.81973e+07
1.81972e+07
1.81972e+07
1.81972e+07
1.81971e+07
1.81971e+07
1.81971e+07
1.8197e+07
1.8197e+07
1.8197e+07
1.8197e+07
1.81969e+07
1.81969e+07
1.81969e+07
1.81969e+07
1.81969e+07
1.8197e+07
1.8197e+07
1.8197e+07
1.8197e+07
1.81971e+07
1.81971e+07
1.81971e+07
1.81972e+07
1.81972e+07
1.81972e+07
1.81972e+07
1.81972e+07
1.81972e+07
1.81972e+07
1.81972e+07
1.81972e+07
1.81972e+07
1.81972e+07
1.81972e+07
1.81971e+07
1.81971e+07
1.81971e+07
1.8197e+07
1.8197e+07
1.8197e+07
1.81969e+07
1.81969e+07
1.81968e+07
1.81968e+07
1.81968e+07
1.81968e+07
1.81968e+07
1.81968e+07
1.81968e+07
1.81968e+07
1.81968e+07
1.81969e+07
1.81969e+07
1.8197e+07
1.8197e+07
1.81971e+07
1.81971e+07
1.81972e+07
1.81972e+07
1.81973e+07
1.81974e+07
1.81974e+07
1.81975e+07
1.81975e+07
1.81976e+07
1.81976e+07
1.81976e+07
1.81977e+07
1.81977e+07
1.81977e+07
1.81977e+07
1.81977e+07
1.81978e+07
1.81978e+07
1.81978e+07
1.81978e+07
1.81979e+07
1.81979e+07
1.8198e+07
1.81981e+07
1.81982e+07
1.81983e+07
1.81984e+07
1.81985e+07
1.81986e+07
1.81988e+07
1.8199e+07
1.81992e+07
1.81994e+07
1.81996e+07
1.81999e+07
1.82001e+07
1.82004e+07
1.82006e+07
1.82009e+07
1.82012e+07
1.82015e+07
1.82018e+07
1.8202e+07
1.82023e+07
1.82026e+07
1.82029e+07
1.82032e+07
1.82035e+07
1.82038e+07
1.82041e+07
1.82044e+07
1.82048e+07
1.82051e+07
1.82054e+07
1.82058e+07
1.82062e+07
1.82066e+07
1.8207e+07
1.82075e+07
1.8208e+07
1.82085e+07
1.8209e+07
1.82096e+07
1.82102e+07
1.82108e+07
1.82115e+07
1.82122e+07
1.82129e+07
1.82136e+07
1.82144e+07
1.82152e+07
1.82161e+07
1.82169e+07
1.82178e+07
1.82186e+07
1.82195e+07
1.82204e+07
1.82213e+07
1.82222e+07
1.82231e+07
1.8224e+07
1.8225e+07
1.82259e+07
1.82268e+07
1.82278e+07
1.82288e+07
1.82298e+07
1.82308e+07
1.82318e+07
1.82329e+07
1.82339e+07
1.8235e+07
1.82361e+07
1.82373e+07
1.82385e+07
1.82397e+07
1.8241e+07
1.82423e+07
1.82436e+07
1.8245e+07
1.82465e+07
1.8248e+07
1.82495e+07
1.82511e+07
1.82527e+07
1.82543e+07
1.8256e+07
1.82577e+07
1.82595e+07
1.82612e+07
1.8263e+07
1.82648e+07
1.82666e+07
1.82684e+07
1.82701e+07
1.82719e+07
1.82735e+07
1.82747e+07
1.8283e+07
1.82859e+07
1.82865e+07
1.82863e+07
1.82861e+07
1.8286e+07
1.82856e+07
1.82845e+07
1.82832e+07
1.82822e+07
1.82816e+07
1.82819e+07
1.82845e+07
1.82863e+07
1.8285e+07
1.82796e+07
1.82723e+07
1.82678e+07
1.82646e+07
1.82609e+07
1.82815e+07
1.82831e+07
1.82834e+07
1.82832e+07
1.8283e+07
1.82829e+07
1.82825e+07
1.82812e+07
1.82798e+07
1.82788e+07
1.82784e+07
1.82787e+07
1.82814e+07
1.82829e+07
1.82809e+07
1.82746e+07
1.82668e+07
1.82626e+07
1.82597e+07
1.82569e+07
1.82769e+07
1.82772e+07
1.82772e+07
1.82767e+07
1.8276e+07
1.8275e+07
1.82738e+07
1.82724e+07
1.82707e+07
1.82686e+07
1.82662e+07
1.82634e+07
1.82603e+07
1.82573e+07
1.82545e+07
1.8252e+07
1.82494e+07
1.82463e+07
1.82429e+07
1.82391e+07
1.82683e+07
1.82677e+07
1.82684e+07
1.82691e+07
1.82688e+07
1.82676e+07
1.82659e+07
1.82633e+07
1.82613e+07
1.82586e+07
1.82564e+07
1.8254e+07
1.82517e+07
1.82495e+07
1.82474e+07
1.82455e+07
1.82438e+07
1.82425e+07
1.82416e+07
1.8241e+07
1.82639e+07
1.82598e+07
1.82585e+07
1.82586e+07
1.82581e+07
1.82567e+07
1.82546e+07
1.82519e+07
1.82493e+07
1.82464e+07
1.82438e+07
1.8241e+07
1.82383e+07
1.82358e+07
1.82333e+07
1.82311e+07
1.82293e+07
1.82278e+07
1.82271e+07
1.82274e+07
1.82507e+07
1.82456e+07
1.82429e+07
1.82424e+07
1.82434e+07
1.82452e+07
1.82467e+07
1.82478e+07
1.82493e+07
1.82509e+07
1.82527e+07
1.82544e+07
1.82561e+07
1.82579e+07
1.82598e+07
1.82616e+07
1.82635e+07
1.82654e+07
1.82674e+07
1.82693e+07
1.82714e+07
1.82734e+07
1.82754e+07
1.82775e+07
1.82795e+07
1.82816e+07
1.82837e+07
1.82859e+07
1.8288e+07
1.82902e+07
1.82923e+07
1.82945e+07
1.82967e+07
1.82989e+07
1.83011e+07
1.83033e+07
1.83055e+07
1.83077e+07
1.83099e+07
1.83122e+07
1.83144e+07
1.83167e+07
1.8319e+07
1.83213e+07
1.83236e+07
1.83259e+07
1.83283e+07
1.83306e+07
1.8333e+07
1.83354e+07
1.83378e+07
1.83403e+07
1.83427e+07
1.83452e+07
1.83477e+07
1.83502e+07
1.83527e+07
1.83553e+07
1.83579e+07
1.83605e+07
1.83631e+07
1.83658e+07
1.83685e+07
1.83712e+07
1.83739e+07
1.83767e+07
1.83795e+07
1.83823e+07
1.83852e+07
1.8388e+07
1.83909e+07
1.83938e+07
1.83968e+07
1.83998e+07
1.84028e+07
1.84059e+07
1.84091e+07
1.84121e+07
1.8415e+07
1.84179e+07
1.84209e+07
1.8424e+07
1.84271e+07
1.84303e+07
1.84334e+07
1.84366e+07
1.84399e+07
1.84431e+07
1.84464e+07
1.84497e+07
1.8453e+07
1.84563e+07
1.84597e+07
1.84631e+07
1.84664e+07
1.84698e+07
1.84732e+07
1.84766e+07
1.84801e+07
1.84835e+07
1.84869e+07
1.84904e+07
1.84938e+07
1.84973e+07
1.85008e+07
1.85042e+07
1.85077e+07
1.85112e+07
1.85146e+07
1.85181e+07
1.85216e+07
1.85251e+07
1.85286e+07
1.85322e+07
1.85357e+07
1.85393e+07
1.85429e+07
1.85465e+07
1.85501e+07
1.85538e+07
1.85575e+07
1.85611e+07
1.85649e+07
1.85686e+07
1.85723e+07
1.85761e+07
1.85799e+07
1.85836e+07
1.85875e+07
1.85913e+07
1.85951e+07
1.85989e+07
1.86028e+07
1.86067e+07
1.86105e+07
1.86144e+07
1.86183e+07
1.86222e+07
1.86261e+07
1.863e+07
1.86339e+07
1.86379e+07
1.86418e+07
1.86457e+07
1.86497e+07
1.86536e+07
1.86576e+07
1.86616e+07
1.86655e+07
1.86695e+07
1.86735e+07
1.86775e+07
1.86815e+07
1.86855e+07
1.86896e+07
1.86936e+07
1.86976e+07
1.87017e+07
1.87057e+07
1.87098e+07
1.87139e+07
1.8718e+07
1.87221e+07
1.87262e+07
1.87303e+07
1.87344e+07
1.87386e+07
1.87427e+07
1.87469e+07
1.8751e+07
1.87552e+07
1.87594e+07
1.87635e+07
1.87677e+07
1.87719e+07
1.87761e+07
1.87803e+07
1.87845e+07
1.87887e+07
1.87929e+07
1.87971e+07
1.88013e+07
1.88055e+07
1.88097e+07
1.88139e+07
1.88181e+07
1.88223e+07
1.88265e+07
1.88307e+07
1.88349e+07
1.88391e+07
1.88434e+07
1.88476e+07
1.88518e+07
1.8856e+07
1.88602e+07
1.88644e+07
1.88686e+07
1.88728e+07
1.88769e+07
1.82497e+07
1.82455e+07
1.82429e+07
1.82424e+07
1.82434e+07
1.82453e+07
1.82467e+07
1.82478e+07
1.82493e+07
1.82509e+07
1.82527e+07
1.82544e+07
1.82561e+07
1.82579e+07
1.82598e+07
1.82616e+07
1.82635e+07
1.82654e+07
1.82674e+07
1.82693e+07
1.82714e+07
1.82734e+07
1.82754e+07
1.82775e+07
1.82795e+07
1.82816e+07
1.82837e+07
1.82859e+07
1.8288e+07
1.82902e+07
1.82923e+07
1.82945e+07
1.82967e+07
1.82989e+07
1.83011e+07
1.83033e+07
1.83055e+07
1.83077e+07
1.83099e+07
1.83122e+07
1.83144e+07
1.83167e+07
1.8319e+07
1.83213e+07
1.83236e+07
1.83259e+07
1.83283e+07
1.83306e+07
1.8333e+07
1.83354e+07
1.83378e+07
1.83403e+07
1.83427e+07
1.83452e+07
1.83477e+07
1.83502e+07
1.83527e+07
1.83553e+07
1.83579e+07
1.83605e+07
1.83631e+07
1.83658e+07
1.83685e+07
1.83712e+07
1.83739e+07
1.83767e+07
1.83795e+07
1.83823e+07
1.83852e+07
1.8388e+07
1.83909e+07
1.83938e+07
1.83968e+07
1.83998e+07
1.84028e+07
1.84059e+07
1.84091e+07
1.84121e+07
1.8415e+07
1.84179e+07
1.84209e+07
1.8424e+07
1.84271e+07
1.84303e+07
1.84334e+07
1.84366e+07
1.84399e+07
1.84431e+07
1.84464e+07
1.84497e+07
1.8453e+07
1.84563e+07
1.84597e+07
1.84631e+07
1.84664e+07
1.84698e+07
1.84732e+07
1.84766e+07
1.84801e+07
1.84835e+07
1.84869e+07
1.84904e+07
1.84938e+07
1.84973e+07
1.85008e+07
1.85042e+07
1.85077e+07
1.85112e+07
1.85146e+07
1.85181e+07
1.85216e+07
1.85251e+07
1.85286e+07
1.85322e+07
1.85357e+07
1.85393e+07
1.85429e+07
1.85465e+07
1.85501e+07
1.85538e+07
1.85575e+07
1.85611e+07
1.85649e+07
1.85686e+07
1.85723e+07
1.85761e+07
1.85799e+07
1.85836e+07
1.85875e+07
1.85913e+07
1.85951e+07
1.85989e+07
1.86028e+07
1.86067e+07
1.86105e+07
1.86144e+07
1.86183e+07
1.86222e+07
1.86261e+07
1.863e+07
1.86339e+07
1.86379e+07
1.86418e+07
1.86457e+07
1.86497e+07
1.86536e+07
1.86576e+07
1.86616e+07
1.86655e+07
1.86695e+07
1.86735e+07
1.86775e+07
1.86815e+07
1.86855e+07
1.86896e+07
1.86936e+07
1.86976e+07
1.87017e+07
1.87057e+07
1.87098e+07
1.87139e+07
1.8718e+07
1.87221e+07
1.87262e+07
1.87303e+07
1.87344e+07
1.87386e+07
1.87427e+07
1.87469e+07
1.8751e+07
1.87552e+07
1.87594e+07
1.87635e+07
1.87677e+07
1.87719e+07
1.87761e+07
1.87803e+07
1.87845e+07
1.87887e+07
1.87929e+07
1.87971e+07
1.88013e+07
1.88055e+07
1.88097e+07
1.88139e+07
1.88181e+07
1.88223e+07
1.88265e+07
1.88307e+07
1.88349e+07
1.88391e+07
1.88434e+07
1.88476e+07
1.88518e+07
1.8856e+07
1.88602e+07
1.88644e+07
1.88686e+07
1.88728e+07
1.88769e+07
1.82287e+07
1.82345e+07
1.82393e+07
1.82415e+07
1.82429e+07
1.82443e+07
1.82458e+07
1.82475e+07
1.82492e+07
1.82509e+07
1.82526e+07
1.82543e+07
1.82561e+07
1.82579e+07
1.82597e+07
1.82616e+07
1.82635e+07
1.82654e+07
1.82674e+07
1.82693e+07
1.82713e+07
1.82734e+07
1.82754e+07
1.82775e+07
1.82795e+07
1.82816e+07
1.82837e+07
1.82859e+07
1.8288e+07
1.82902e+07
1.82923e+07
1.82945e+07
1.82967e+07
1.82989e+07
1.83011e+07
1.83033e+07
1.83055e+07
1.83077e+07
1.83099e+07
1.83122e+07
1.83144e+07
1.83167e+07
1.8319e+07
1.83213e+07
1.83236e+07
1.83259e+07
1.83283e+07
1.83306e+07
1.8333e+07
1.83354e+07
1.83378e+07
1.83403e+07
1.83427e+07
1.83452e+07
1.83477e+07
1.83502e+07
1.83528e+07
1.83553e+07
1.83579e+07
1.83605e+07
1.83631e+07
1.83658e+07
1.83685e+07
1.83712e+07
1.8374e+07
1.83767e+07
1.83795e+07
1.83823e+07
1.83852e+07
1.8388e+07
1.83909e+07
1.83939e+07
1.83968e+07
1.83998e+07
1.84028e+07
1.84058e+07
1.84087e+07
1.84118e+07
1.84148e+07
1.84179e+07
1.8421e+07
1.84241e+07
1.84272e+07
1.84304e+07
1.84336e+07
1.84368e+07
1.844e+07
1.84432e+07
1.84465e+07
1.84498e+07
1.84531e+07
1.84565e+07
1.84598e+07
1.84632e+07
1.84665e+07
1.84699e+07
1.84733e+07
1.84767e+07
1.84801e+07
1.84835e+07
1.8487e+07
1.84904e+07
1.84939e+07
1.84973e+07
1.85008e+07
1.85042e+07
1.85077e+07
1.85111e+07
1.85146e+07
1.85181e+07
1.85216e+07
1.85251e+07
1.85286e+07
1.85322e+07
1.85357e+07
1.85393e+07
1.85429e+07
1.85465e+07
1.85501e+07
1.85538e+07
1.85575e+07
1.85611e+07
1.85649e+07
1.85686e+07
1.85723e+07
1.85761e+07
1.85799e+07
1.85836e+07
1.85875e+07
1.85913e+07
1.85951e+07
1.85989e+07
1.86028e+07
1.86067e+07
1.86105e+07
1.86144e+07
1.86183e+07
1.86222e+07
1.86261e+07
1.863e+07
1.86339e+07
1.86379e+07
1.86418e+07
1.86457e+07
1.86497e+07
1.86536e+07
1.86576e+07
1.86616e+07
1.86655e+07
1.86695e+07
1.86735e+07
1.86775e+07
1.86815e+07
1.86855e+07
1.86896e+07
1.86936e+07
1.86976e+07
1.87017e+07
1.87057e+07
1.87098e+07
1.87139e+07
1.8718e+07
1.87221e+07
1.87262e+07
1.87303e+07
1.87344e+07
1.87386e+07
1.87427e+07
1.87469e+07
1.8751e+07
1.87552e+07
1.87594e+07
1.87635e+07
1.87677e+07
1.87719e+07
1.87761e+07
1.87803e+07
1.87845e+07
1.87887e+07
1.87929e+07
1.87971e+07
1.88013e+07
1.88055e+07
1.88097e+07
1.88139e+07
1.88181e+07
1.88223e+07
1.88265e+07
1.88307e+07
1.88349e+07
1.88391e+07
1.88434e+07
1.88476e+07
1.88518e+07
1.8856e+07
1.88602e+07
1.88644e+07
1.88686e+07
1.88728e+07
1.8877e+07
1.82391e+07
1.82396e+07
1.82404e+07
1.82415e+07
1.82428e+07
1.82442e+07
1.82457e+07
1.82474e+07
1.82491e+07
1.82508e+07
1.82525e+07
1.82543e+07
1.8256e+07
1.82579e+07
1.82597e+07
1.82616e+07
1.82635e+07
1.82654e+07
1.82673e+07
1.82693e+07
1.82713e+07
1.82733e+07
1.82754e+07
1.82775e+07
1.82795e+07
1.82816e+07
1.82838e+07
1.82859e+07
1.8288e+07
1.82902e+07
1.82923e+07
1.82945e+07
1.82967e+07
1.82989e+07
1.83011e+07
1.83033e+07
1.83055e+07
1.83077e+07
1.83099e+07
1.83122e+07
1.83144e+07
1.83167e+07
1.8319e+07
1.83213e+07
1.83236e+07
1.83259e+07
1.83283e+07
1.83306e+07
1.8333e+07
1.83354e+07
1.83378e+07
1.83403e+07
1.83427e+07
1.83452e+07
1.83477e+07
1.83502e+07
1.83528e+07
1.83553e+07
1.83579e+07
1.83605e+07
1.83632e+07
1.83658e+07
1.83685e+07
1.83712e+07
1.8374e+07
1.83767e+07
1.83795e+07
1.83823e+07
1.83852e+07
1.83881e+07
1.8391e+07
1.83939e+07
1.83969e+07
1.83998e+07
1.84028e+07
1.84058e+07
1.84088e+07
1.84118e+07
1.84149e+07
1.8418e+07
1.84211e+07
1.84242e+07
1.84274e+07
1.84305e+07
1.84337e+07
1.84369e+07
1.84401e+07
1.84434e+07
1.84467e+07
1.84499e+07
1.84532e+07
1.84566e+07
1.84599e+07
1.84633e+07
1.84666e+07
1.847e+07
1.84734e+07
1.84768e+07
1.84802e+07
1.84836e+07
1.8487e+07
1.84904e+07
1.84939e+07
1.84973e+07
1.85008e+07
1.85042e+07
1.85077e+07
1.85112e+07
1.85146e+07
1.85181e+07
1.85216e+07
1.85251e+07
1.85286e+07
1.85322e+07
1.85357e+07
1.85393e+07
1.85429e+07
1.85465e+07
1.85501e+07
1.85538e+07
1.85575e+07
1.85611e+07
1.85649e+07
1.85686e+07
1.85723e+07
1.85761e+07
1.85799e+07
1.85836e+07
1.85875e+07
1.85913e+07
1.85951e+07
1.85989e+07
1.86028e+07
1.86067e+07
1.86105e+07
1.86144e+07
1.86183e+07
1.86222e+07
1.86261e+07
1.863e+07
1.86339e+07
1.86379e+07
1.86418e+07
1.86457e+07
1.86497e+07
1.86536e+07
1.86576e+07
1.86616e+07
1.86655e+07
1.86695e+07
1.86735e+07
1.86775e+07
1.86815e+07
1.86855e+07
1.86896e+07
1.86936e+07
1.86976e+07
1.87017e+07
1.87057e+07
1.87098e+07
1.87139e+07
1.8718e+07
1.87221e+07
1.87262e+07
1.87303e+07
1.87344e+07
1.87386e+07
1.87427e+07
1.87469e+07
1.8751e+07
1.87552e+07
1.87594e+07
1.87635e+07
1.87677e+07
1.87719e+07
1.87761e+07
1.87803e+07
1.87845e+07
1.87887e+07
1.87929e+07
1.87971e+07
1.88013e+07
1.88055e+07
1.88097e+07
1.88139e+07
1.88181e+07
1.88223e+07
1.88265e+07
1.88307e+07
1.88349e+07
1.88391e+07
1.88434e+07
1.88476e+07
1.88518e+07
1.8856e+07
1.88602e+07
1.88644e+07
1.88686e+07
1.88729e+07
1.88772e+07
1.82366e+07
1.82393e+07
1.82403e+07
1.82415e+07
1.82427e+07
1.82442e+07
1.82457e+07
1.82474e+07
1.82491e+07
1.82508e+07
1.82525e+07
1.82543e+07
1.8256e+07
1.82579e+07
1.82597e+07
1.82616e+07
1.82635e+07
1.82654e+07
1.82673e+07
1.82693e+07
1.82713e+07
1.82733e+07
1.82754e+07
1.82775e+07
1.82795e+07
1.82816e+07
1.82838e+07
1.82859e+07
1.8288e+07
1.82902e+07
1.82923e+07
1.82945e+07
1.82967e+07
1.82989e+07
1.83011e+07
1.83033e+07
1.83055e+07
1.83077e+07
1.83099e+07
1.83122e+07
1.83144e+07
1.83167e+07
1.8319e+07
1.83213e+07
1.83236e+07
1.83259e+07
1.83283e+07
1.83306e+07
1.8333e+07
1.83354e+07
1.83378e+07
1.83403e+07
1.83427e+07
1.83452e+07
1.83477e+07
1.83502e+07
1.83528e+07
1.83553e+07
1.83579e+07
1.83605e+07
1.83632e+07
1.83658e+07
1.83685e+07
1.83712e+07
1.8374e+07
1.83767e+07
1.83795e+07
1.83823e+07
1.83852e+07
1.83881e+07
1.8391e+07
1.83939e+07
1.83969e+07
1.83998e+07
1.84028e+07
1.84058e+07
1.84088e+07
1.84118e+07
1.84149e+07
1.8418e+07
1.84211e+07
1.84242e+07
1.84274e+07
1.84305e+07
1.84337e+07
1.84369e+07
1.84401e+07
1.84434e+07
1.84467e+07
1.84499e+07
1.84532e+07
1.84566e+07
1.84599e+07
1.84633e+07
1.84666e+07
1.847e+07
1.84734e+07
1.84768e+07
1.84802e+07
1.84836e+07
1.8487e+07
1.84904e+07
1.84939e+07
1.84973e+07
1.85008e+07
1.85042e+07
1.85077e+07
1.85112e+07
1.85146e+07
1.85181e+07
1.85216e+07
1.85251e+07
1.85286e+07
1.85322e+07
1.85357e+07
1.85393e+07
1.85429e+07
1.85465e+07
1.85501e+07
1.85538e+07
1.85575e+07
1.85611e+07
1.85649e+07
1.85686e+07
1.85723e+07
1.85761e+07
1.85799e+07
1.85836e+07
1.85875e+07
1.85913e+07
1.85951e+07
1.85989e+07
1.86028e+07
1.86067e+07
1.86105e+07
1.86144e+07
1.86183e+07
1.86222e+07
1.86261e+07
1.863e+07
1.86339e+07
1.86379e+07
1.86418e+07
1.86457e+07
1.86497e+07
1.86536e+07
1.86576e+07
1.86616e+07
1.86655e+07
1.86695e+07
1.86735e+07
1.86775e+07
1.86815e+07
1.86855e+07
1.86896e+07
1.86936e+07
1.86976e+07
1.87017e+07
1.87057e+07
1.87098e+07
1.87139e+07
1.8718e+07
1.87221e+07
1.87262e+07
1.87303e+07
1.87344e+07
1.87386e+07
1.87427e+07
1.87469e+07
1.8751e+07
1.87552e+07
1.87594e+07
1.87635e+07
1.87677e+07
1.87719e+07
1.87761e+07
1.87803e+07
1.87845e+07
1.87887e+07
1.87929e+07
1.87971e+07
1.88013e+07
1.88055e+07
1.88097e+07
1.88139e+07
1.88181e+07
1.88223e+07
1.88265e+07
1.88307e+07
1.88349e+07
1.88391e+07
1.88434e+07
1.88476e+07
1.88518e+07
1.8856e+07
1.88602e+07
1.88644e+07
1.88686e+07
1.88729e+07
1.88772e+07
1.88774e+07
1.88772e+07
1.88776e+07
1.88782e+07
1.88786e+07
1.88789e+07
1.8879e+07
1.88791e+07
1.88791e+07
1.88791e+07
1.88791e+07
1.88791e+07
1.88791e+07
1.88791e+07
1.88792e+07
1.88794e+07
1.88795e+07
1.88798e+07
1.88801e+07
1.88807e+07
1.88787e+07
1.88795e+07
1.88803e+07
1.8881e+07
1.88815e+07
1.88819e+07
1.88821e+07
1.88823e+07
1.88824e+07
1.88825e+07
1.88826e+07
1.88827e+07
1.88828e+07
1.8883e+07
1.88831e+07
1.88836e+07
1.88837e+07
1.88841e+07
1.88844e+07
1.88847e+07
1.88797e+07
1.88807e+07
1.88816e+07
1.88824e+07
1.88831e+07
1.88837e+07
1.88841e+07
1.88845e+07
1.88847e+07
1.8885e+07
1.88852e+07
1.88855e+07
1.88856e+07
1.88856e+07
1.88855e+07
1.88853e+07
1.8885e+07
1.88845e+07
1.88842e+07
1.8884e+07
1.88807e+07
1.88821e+07
1.88833e+07
1.88842e+07
1.88851e+07
1.8886e+07
1.8887e+07
1.88883e+07
1.88898e+07
1.88909e+07
1.88909e+07
1.88899e+07
1.88897e+07
1.889e+07
1.88904e+07
1.8891e+07
1.8892e+07
1.88945e+07
1.88967e+07
1.8897e+07
1.88811e+07
1.8883e+07
1.88842e+07
1.88851e+07
1.8886e+07
1.88869e+07
1.88879e+07
1.88892e+07
1.88907e+07
1.88919e+07
1.8892e+07
1.88913e+07
1.8891e+07
1.88912e+07
1.88916e+07
1.8892e+07
1.88929e+07
1.88954e+07
1.88978e+07
1.88985e+07
1.88848e+07
1.88896e+07
1.88939e+07
1.88978e+07
1.89015e+07
1.89055e+07
1.89095e+07
1.89136e+07
1.89175e+07
1.89215e+07
1.89255e+07
1.89296e+07
1.89336e+07
1.89376e+07
1.89416e+07
1.89457e+07
1.89497e+07
1.89537e+07
1.89577e+07
1.89617e+07
1.89657e+07
1.89697e+07
1.89737e+07
1.89777e+07
1.89817e+07
1.89857e+07
1.89897e+07
1.89937e+07
1.89976e+07
1.90016e+07
1.90055e+07
1.90095e+07
1.90134e+07
1.90173e+07
1.90212e+07
1.90251e+07
1.9029e+07
1.90329e+07
1.90368e+07
1.90407e+07
1.90445e+07
1.90483e+07
1.90521e+07
1.9056e+07
1.90598e+07
1.90635e+07
1.90673e+07
1.90711e+07
1.90748e+07
1.90786e+07
1.90823e+07
1.9086e+07
1.90897e+07
1.90934e+07
1.90971e+07
1.91008e+07
1.91045e+07
1.91081e+07
1.91118e+07
1.91154e+07
1.9119e+07
1.91226e+07
1.91262e+07
1.91298e+07
1.91334e+07
1.9137e+07
1.91406e+07
1.91442e+07
1.91477e+07
1.91512e+07
1.91548e+07
1.91583e+07
1.91618e+07
1.91654e+07
1.91689e+07
1.91724e+07
1.91758e+07
1.91793e+07
1.91828e+07
1.91863e+07
1.91897e+07
1.91932e+07
1.91966e+07
1.92001e+07
1.92035e+07
1.9207e+07
1.92104e+07
1.92138e+07
1.92173e+07
1.92206e+07
1.9224e+07
1.92274e+07
1.92307e+07
1.9234e+07
1.92372e+07
1.92405e+07
1.92437e+07
1.92469e+07
1.925e+07
1.9253e+07
1.88854e+07
1.88897e+07
1.8894e+07
1.88978e+07
1.89015e+07
1.89055e+07
1.89095e+07
1.89136e+07
1.89175e+07
1.89215e+07
1.89255e+07
1.89296e+07
1.89336e+07
1.89376e+07
1.89416e+07
1.89457e+07
1.89497e+07
1.89537e+07
1.89577e+07
1.89617e+07
1.89657e+07
1.89697e+07
1.89737e+07
1.89777e+07
1.89817e+07
1.89857e+07
1.89897e+07
1.89937e+07
1.89976e+07
1.90016e+07
1.90055e+07
1.90095e+07
1.90134e+07
1.90173e+07
1.90212e+07
1.90251e+07
1.9029e+07
1.90329e+07
1.90368e+07
1.90407e+07
1.90445e+07
1.90483e+07
1.90521e+07
1.9056e+07
1.90598e+07
1.90635e+07
1.90673e+07
1.90711e+07
1.90748e+07
1.90786e+07
1.90823e+07
1.9086e+07
1.90897e+07
1.90934e+07
1.90971e+07
1.91008e+07
1.91045e+07
1.91081e+07
1.91118e+07
1.91154e+07
1.9119e+07
1.91226e+07
1.91262e+07
1.91298e+07
1.91334e+07
1.9137e+07
1.91406e+07
1.91442e+07
1.91477e+07
1.91512e+07
1.91548e+07
1.91583e+07
1.91618e+07
1.91654e+07
1.91689e+07
1.91724e+07
1.91758e+07
1.91793e+07
1.91828e+07
1.91863e+07
1.91897e+07
1.91932e+07
1.91966e+07
1.92001e+07
1.92035e+07
1.9207e+07
1.92104e+07
1.92139e+07
1.92173e+07
1.92207e+07
1.9224e+07
1.92274e+07
1.92307e+07
1.9234e+07
1.92372e+07
1.92405e+07
1.92437e+07
1.92469e+07
1.925e+07
1.9253e+07
1.88842e+07
1.88901e+07
1.8895e+07
1.88988e+07
1.89024e+07
1.89064e+07
1.89105e+07
1.89145e+07
1.89183e+07
1.89223e+07
1.89264e+07
1.89303e+07
1.89342e+07
1.89382e+07
1.89422e+07
1.89463e+07
1.89502e+07
1.89541e+07
1.89581e+07
1.89621e+07
1.89661e+07
1.89701e+07
1.8974e+07
1.8978e+07
1.89819e+07
1.89859e+07
1.89899e+07
1.89938e+07
1.89978e+07
1.90017e+07
1.90057e+07
1.90096e+07
1.90135e+07
1.90174e+07
1.90213e+07
1.90252e+07
1.90291e+07
1.90329e+07
1.90368e+07
1.90406e+07
1.90445e+07
1.90483e+07
1.90521e+07
1.90559e+07
1.90597e+07
1.90635e+07
1.90673e+07
1.90711e+07
1.90748e+07
1.90786e+07
1.90823e+07
1.9086e+07
1.90897e+07
1.90934e+07
1.90971e+07
1.91008e+07
1.91044e+07
1.91081e+07
1.91118e+07
1.91154e+07
1.9119e+07
1.91226e+07
1.91262e+07
1.91298e+07
1.91334e+07
1.9137e+07
1.91406e+07
1.91441e+07
1.91477e+07
1.91512e+07
1.91547e+07
1.91583e+07
1.91618e+07
1.91653e+07
1.91688e+07
1.91722e+07
1.91757e+07
1.91792e+07
1.91827e+07
1.91861e+07
1.91896e+07
1.9193e+07
1.91965e+07
1.91999e+07
1.92034e+07
1.92068e+07
1.92103e+07
1.92137e+07
1.92172e+07
1.92206e+07
1.92239e+07
1.92273e+07
1.92306e+07
1.92339e+07
1.92372e+07
1.92405e+07
1.92437e+07
1.92469e+07
1.92501e+07
1.92532e+07
1.88905e+07
1.88915e+07
1.88968e+07
1.89024e+07
1.89051e+07
1.89072e+07
1.89109e+07
1.89158e+07
1.892e+07
1.89231e+07
1.89267e+07
1.89312e+07
1.89355e+07
1.89389e+07
1.89424e+07
1.89465e+07
1.89511e+07
1.89552e+07
1.89586e+07
1.89622e+07
1.89662e+07
1.89704e+07
1.89747e+07
1.89784e+07
1.89821e+07
1.89859e+07
1.89899e+07
1.89938e+07
1.89978e+07
1.90017e+07
1.90056e+07
1.90096e+07
1.90135e+07
1.90174e+07
1.90213e+07
1.90252e+07
1.90291e+07
1.90329e+07
1.90368e+07
1.90406e+07
1.90445e+07
1.90483e+07
1.90521e+07
1.90559e+07
1.90597e+07
1.90635e+07
1.90673e+07
1.90711e+07
1.90748e+07
1.90786e+07
1.90823e+07
1.9086e+07
1.90897e+07
1.90934e+07
1.90971e+07
1.91008e+07
1.91044e+07
1.91081e+07
1.91117e+07
1.91154e+07
1.9119e+07
1.91226e+07
1.91262e+07
1.91298e+07
1.91334e+07
1.9137e+07
1.91406e+07
1.91442e+07
1.91477e+07
1.91512e+07
1.91547e+07
1.91582e+07
1.91617e+07
1.91652e+07
1.91687e+07
1.91721e+07
1.91756e+07
1.91791e+07
1.91825e+07
1.9186e+07
1.91894e+07
1.91929e+07
1.91963e+07
1.91998e+07
1.92032e+07
1.92067e+07
1.92101e+07
1.92136e+07
1.9217e+07
1.92204e+07
1.92238e+07
1.92272e+07
1.92305e+07
1.92339e+07
1.92371e+07
1.92404e+07
1.92437e+07
1.92469e+07
1.925e+07
1.92531e+07
1.8891e+07
1.88915e+07
1.88968e+07
1.89024e+07
1.89051e+07
1.89072e+07
1.89109e+07
1.89158e+07
1.892e+07
1.89231e+07
1.89267e+07
1.89312e+07
1.89355e+07
1.89389e+07
1.89424e+07
1.89465e+07
1.89511e+07
1.89552e+07
1.89586e+07
1.89622e+07
1.89662e+07
1.89704e+07
1.89747e+07
1.89784e+07
1.89821e+07
1.89859e+07
1.89899e+07
1.89938e+07
1.89978e+07
1.90017e+07
1.90056e+07
1.90096e+07
1.90135e+07
1.90174e+07
1.90213e+07
1.90252e+07
1.90291e+07
1.90329e+07
1.90368e+07
1.90406e+07
1.90445e+07
1.90483e+07
1.90521e+07
1.90559e+07
1.90597e+07
1.90635e+07
1.90673e+07
1.90711e+07
1.90748e+07
1.90786e+07
1.90823e+07
1.9086e+07
1.90897e+07
1.90934e+07
1.90971e+07
1.91008e+07
1.91044e+07
1.91081e+07
1.91117e+07
1.91154e+07
1.9119e+07
1.91226e+07
1.91262e+07
1.91298e+07
1.91334e+07
1.9137e+07
1.91406e+07
1.91442e+07
1.91477e+07
1.91512e+07
1.91547e+07
1.91582e+07
1.91617e+07
1.91652e+07
1.91687e+07
1.91721e+07
1.91756e+07
1.91791e+07
1.91825e+07
1.9186e+07
1.91894e+07
1.91929e+07
1.91963e+07
1.91998e+07
1.92032e+07
1.92067e+07
1.92101e+07
1.92136e+07
1.9217e+07
1.92204e+07
1.92238e+07
1.92272e+07
1.92305e+07
1.92339e+07
1.92372e+07
1.92404e+07
1.92437e+07
1.92469e+07
1.925e+07
1.92531e+07
1.92539e+07
1.9254e+07
1.92545e+07
1.92552e+07
1.92558e+07
1.92564e+07
1.9257e+07
1.92575e+07
1.9258e+07
1.92585e+07
1.9259e+07
1.92595e+07
1.92599e+07
1.92604e+07
1.92608e+07
1.92613e+07
1.92617e+07
1.92622e+07
1.92627e+07
1.92633e+07
1.92542e+07
1.92546e+07
1.92552e+07
1.92559e+07
1.92565e+07
1.92571e+07
1.92577e+07
1.92582e+07
1.92587e+07
1.92593e+07
1.92598e+07
1.92603e+07
1.92608e+07
1.92613e+07
1.92617e+07
1.92622e+07
1.92627e+07
1.92632e+07
1.92637e+07
1.92642e+07
1.92553e+07
1.9256e+07
1.92568e+07
1.92575e+07
1.92581e+07
1.92587e+07
1.92593e+07
1.92599e+07
1.92605e+07
1.9261e+07
1.92615e+07
1.9262e+07
1.92624e+07
1.92628e+07
1.92632e+07
1.92636e+07
1.92641e+07
1.92646e+07
1.9265e+07
1.92655e+07
1.92548e+07
1.92556e+07
1.92563e+07
1.92569e+07
1.92577e+07
1.92585e+07
1.92592e+07
1.926e+07
1.92607e+07
1.92615e+07
1.92624e+07
1.92634e+07
1.92646e+07
1.92661e+07
1.92668e+07
1.92664e+07
1.92656e+07
1.92659e+07
1.92665e+07
1.9267e+07
1.92552e+07
1.92562e+07
1.9257e+07
1.92576e+07
1.92583e+07
1.92591e+07
1.92598e+07
1.92605e+07
1.92613e+07
1.9262e+07
1.92629e+07
1.92638e+07
1.9265e+07
1.92665e+07
1.92673e+07
1.9267e+07
1.92664e+07
1.92666e+07
1.92671e+07
1.92675e+07
1.92658e+07
1.9269e+07
1.92718e+07
1.92745e+07
1.92774e+07
1.92802e+07
1.92829e+07
1.92857e+07
1.92885e+07
1.92913e+07
1.92939e+07
1.92967e+07
1.92995e+07
1.93023e+07
1.93049e+07
1.93074e+07
1.931e+07
1.93128e+07
1.93156e+07
1.93182e+07
1.93208e+07
1.93232e+07
1.93257e+07
1.93283e+07
1.93309e+07
1.93335e+07
1.9336e+07
1.93385e+07
1.93411e+07
1.93435e+07
1.9346e+07
1.93485e+07
1.93509e+07
1.93533e+07
1.93557e+07
1.93581e+07
1.93604e+07
1.93627e+07
1.9365e+07
1.93673e+07
1.93696e+07
1.93718e+07
1.9374e+07
1.93762e+07
1.93784e+07
1.93805e+07
1.93827e+07
1.93848e+07
1.93868e+07
1.93889e+07
1.93909e+07
1.9393e+07
1.9395e+07
1.93969e+07
1.93987e+07
1.94005e+07
1.94023e+07
1.94043e+07
1.94061e+07
1.94079e+07
1.94096e+07
1.94114e+07
1.94131e+07
1.94149e+07
1.94166e+07
1.94183e+07
1.94199e+07
1.94216e+07
1.94232e+07
1.94248e+07
1.94264e+07
1.9428e+07
1.94296e+07
1.94311e+07
1.94327e+07
1.94342e+07
1.94358e+07
1.94373e+07
1.94389e+07
1.94404e+07
1.94419e+07
1.94434e+07
1.94448e+07
1.94462e+07
1.94476e+07
1.94489e+07
1.94503e+07
1.94516e+07
1.94529e+07
1.94542e+07
1.94554e+07
1.94566e+07
1.94577e+07
1.94588e+07
1.94599e+07
1.9461e+07
1.9462e+07
1.94629e+07
1.94639e+07
1.94648e+07
1.94657e+07
1.94666e+07
1.94675e+07
1.94683e+07
1.94691e+07
1.94699e+07
1.94707e+07
1.94715e+07
1.94722e+07
1.94729e+07
1.94736e+07
1.94742e+07
1.94749e+07
1.94755e+07
1.94761e+07
1.94767e+07
1.94772e+07
1.94778e+07
1.94783e+07
1.94788e+07
1.94793e+07
1.94797e+07
1.94802e+07
1.94806e+07
1.9481e+07
1.94814e+07
1.94818e+07
1.94821e+07
1.94825e+07
1.94828e+07
1.94831e+07
1.94834e+07
1.94837e+07
1.9484e+07
1.94842e+07
1.94845e+07
1.94847e+07
1.94849e+07
1.94851e+07
1.94853e+07
1.94855e+07
1.94857e+07
1.94859e+07
1.9486e+07
1.94862e+07
1.94863e+07
1.94864e+07
1.94865e+07
1.94867e+07
1.94868e+07
1.94869e+07
1.9487e+07
1.9487e+07
1.94871e+07
1.94872e+07
1.94873e+07
1.94873e+07
1.94874e+07
1.94874e+07
1.94875e+07
1.94875e+07
1.94875e+07
1.94876e+07
1.94876e+07
1.94876e+07
1.94876e+07
1.94876e+07
1.94876e+07
1.94876e+07
1.94876e+07
1.94876e+07
1.94876e+07
1.94876e+07
1.94876e+07
1.94876e+07
1.94876e+07
1.94876e+07
1.94876e+07
1.94876e+07
1.94876e+07
1.94876e+07
1.94876e+07
1.94876e+07
1.94876e+07
1.94876e+07
1.94876e+07
1.94876e+07
1.94876e+07
1.94876e+07
1.94876e+07
1.94876e+07
1.94876e+07
1.94876e+07
1.94876e+07
1.94876e+07
1.94876e+07
1.94877e+07
1.94877e+07
1.94877e+07
1.94877e+07
1.92659e+07
1.92691e+07
1.92718e+07
1.92745e+07
1.92774e+07
1.92802e+07
1.92829e+07
1.92857e+07
1.92885e+07
1.92913e+07
1.92939e+07
1.92967e+07
1.92995e+07
1.93023e+07
1.93049e+07
1.93074e+07
1.931e+07
1.93128e+07
1.93156e+07
1.93182e+07
1.93208e+07
1.93232e+07
1.93257e+07
1.93283e+07
1.93309e+07
1.93335e+07
1.9336e+07
1.93385e+07
1.93411e+07
1.93435e+07
1.9346e+07
1.93485e+07
1.93509e+07
1.93533e+07
1.93557e+07
1.93581e+07
1.93604e+07
1.93627e+07
1.9365e+07
1.93673e+07
1.93696e+07
1.93718e+07
1.9374e+07
1.93762e+07
1.93784e+07
1.93805e+07
1.93827e+07
1.93848e+07
1.93868e+07
1.93889e+07
1.93909e+07
1.9393e+07
1.9395e+07
1.93969e+07
1.93987e+07
1.94005e+07
1.94023e+07
1.94043e+07
1.94061e+07
1.94079e+07
1.94096e+07
1.94114e+07
1.94131e+07
1.94149e+07
1.94166e+07
1.94183e+07
1.94199e+07
1.94216e+07
1.94232e+07
1.94248e+07
1.94264e+07
1.9428e+07
1.94296e+07
1.94311e+07
1.94327e+07
1.94342e+07
1.94358e+07
1.94373e+07
1.94389e+07
1.94404e+07
1.94419e+07
1.94434e+07
1.94448e+07
1.94462e+07
1.94476e+07
1.94489e+07
1.94503e+07
1.94516e+07
1.94529e+07
1.94542e+07
1.94554e+07
1.94566e+07
1.94577e+07
1.94588e+07
1.94599e+07
1.9461e+07
1.9462e+07
1.94629e+07
1.94639e+07
1.94648e+07
1.94657e+07
1.94666e+07
1.94675e+07
1.94683e+07
1.94691e+07
1.94699e+07
1.94707e+07
1.94715e+07
1.94722e+07
1.94729e+07
1.94736e+07
1.94742e+07
1.94749e+07
1.94755e+07
1.94761e+07
1.94767e+07
1.94772e+07
1.94778e+07
1.94783e+07
1.94788e+07
1.94793e+07
1.94797e+07
1.94802e+07
1.94806e+07
1.9481e+07
1.94814e+07
1.94818e+07
1.94821e+07
1.94825e+07
1.94828e+07
1.94831e+07
1.94834e+07
1.94837e+07
1.9484e+07
1.94842e+07
1.94845e+07
1.94847e+07
1.94849e+07
1.94851e+07
1.94853e+07
1.94855e+07
1.94857e+07
1.94859e+07
1.9486e+07
1.94862e+07
1.94863e+07
1.94864e+07
1.94865e+07
1.94867e+07
1.94868e+07
1.94869e+07
1.9487e+07
1.9487e+07
1.94871e+07
1.94872e+07
1.94873e+07
1.94873e+07
1.94874e+07
1.94874e+07
1.94875e+07
1.94875e+07
1.94875e+07
1.94876e+07
1.94876e+07
1.94876e+07
1.94876e+07
1.94876e+07
1.94876e+07
1.94876e+07
1.94876e+07
1.94876e+07
1.94876e+07
1.94876e+07
1.94876e+07
1.94876e+07
1.94876e+07
1.94876e+07
1.94876e+07
1.94876e+07
1.94876e+07
1.94876e+07
1.94876e+07
1.94876e+07
1.94876e+07
1.94876e+07
1.94876e+07
1.94876e+07
1.94876e+07
1.94876e+07
1.94876e+07
1.94876e+07
1.94876e+07
1.94876e+07
1.94876e+07
1.94876e+07
1.94876e+07
1.94877e+07
1.94877e+07
1.94877e+07
1.94877e+07
1.92666e+07
1.92698e+07
1.92727e+07
1.92755e+07
1.92785e+07
1.92812e+07
1.92838e+07
1.92867e+07
1.92895e+07
1.92921e+07
1.92947e+07
1.92975e+07
1.93003e+07
1.93032e+07
1.93055e+07
1.93079e+07
1.93106e+07
1.93133e+07
1.93161e+07
1.93189e+07
1.93213e+07
1.93235e+07
1.9326e+07
1.93286e+07
1.93312e+07
1.93338e+07
1.93364e+07
1.93389e+07
1.93414e+07
1.93438e+07
1.93463e+07
1.93487e+07
1.93511e+07
1.93535e+07
1.93559e+07
1.93582e+07
1.93605e+07
1.93629e+07
1.93651e+07
1.93674e+07
1.93697e+07
1.93719e+07
1.93741e+07
1.93763e+07
1.93784e+07
1.93805e+07
1.93827e+07
1.93848e+07
1.93868e+07
1.93889e+07
1.93909e+07
1.93929e+07
1.9395e+07
1.9397e+07
1.93986e+07
1.94004e+07
1.94023e+07
1.94042e+07
1.94061e+07
1.94078e+07
1.94096e+07
1.94113e+07
1.94131e+07
1.94148e+07
1.94165e+07
1.94182e+07
1.94198e+07
1.94215e+07
1.94231e+07
1.94247e+07
1.94263e+07
1.94278e+07
1.94294e+07
1.94309e+07
1.94325e+07
1.94341e+07
1.94356e+07
1.94372e+07
1.94387e+07
1.94403e+07
1.94418e+07
1.94433e+07
1.94447e+07
1.94462e+07
1.94475e+07
1.94489e+07
1.94503e+07
1.94516e+07
1.94529e+07
1.94541e+07
1.94554e+07
1.94566e+07
1.94577e+07
1.94588e+07
1.94599e+07
1.94609e+07
1.9462e+07
1.94629e+07
1.94639e+07
1.94648e+07
1.94657e+07
1.94666e+07
1.94675e+07
1.94683e+07
1.94691e+07
1.94699e+07
1.94707e+07
1.94715e+07
1.94722e+07
1.94729e+07
1.94736e+07
1.94742e+07
1.94749e+07
1.94755e+07
1.94761e+07
1.94767e+07
1.94772e+07
1.94778e+07
1.94783e+07
1.94788e+07
1.94793e+07
1.94797e+07
1.94802e+07
1.94806e+07
1.9481e+07
1.94814e+07
1.94818e+07
1.94821e+07
1.94825e+07
1.94828e+07
1.94831e+07
1.94834e+07
1.94837e+07
1.9484e+07
1.94842e+07
1.94845e+07
1.94847e+07
1.94849e+07
1.94851e+07
1.94853e+07
1.94855e+07
1.94857e+07
1.94859e+07
1.9486e+07
1.94862e+07
1.94863e+07
1.94864e+07
1.94865e+07
1.94867e+07
1.94868e+07
1.94869e+07
1.9487e+07
1.9487e+07
1.94871e+07
1.94872e+07
1.94873e+07
1.94873e+07
1.94874e+07
1.94874e+07
1.94875e+07
1.94875e+07
1.94875e+07
1.94876e+07
1.94876e+07
1.94876e+07
1.94876e+07
1.94876e+07
1.94876e+07
1.94876e+07
1.94876e+07
1.94876e+07
1.94876e+07
1.94876e+07
1.94876e+07
1.94876e+07
1.94876e+07
1.94876e+07
1.94876e+07
1.94876e+07
1.94876e+07
1.94876e+07
1.94876e+07
1.94876e+07
1.94876e+07
1.94876e+07
1.94876e+07
1.94876e+07
1.94876e+07
1.94876e+07
1.94876e+07
1.94876e+07
1.94876e+07
1.94876e+07
1.94876e+07
1.94876e+07
1.94876e+07
1.94877e+07
1.94877e+07
1.94877e+07
1.94877e+07
1.92678e+07
1.92729e+07
1.92747e+07
1.9276e+07
1.9279e+07
1.92833e+07
1.92856e+07
1.92871e+07
1.92901e+07
1.92946e+07
1.92967e+07
1.9298e+07
1.93006e+07
1.93039e+07
1.93092e+07
1.93114e+07
1.93116e+07
1.93135e+07
1.93163e+07
1.93195e+07
1.93246e+07
1.93278e+07
1.93281e+07
1.93291e+07
1.93314e+07
1.93339e+07
1.93364e+07
1.93389e+07
1.93414e+07
1.93438e+07
1.93463e+07
1.93487e+07
1.93511e+07
1.93535e+07
1.93559e+07
1.93582e+07
1.93605e+07
1.93628e+07
1.93651e+07
1.93674e+07
1.93696e+07
1.93719e+07
1.93741e+07
1.93763e+07
1.93784e+07
1.93805e+07
1.93827e+07
1.93847e+07
1.93868e+07
1.93889e+07
1.93909e+07
1.93929e+07
1.93951e+07
1.93975e+07
1.94012e+07
1.94017e+07
1.94026e+07
1.94043e+07
1.94063e+07
1.94087e+07
1.94102e+07
1.94115e+07
1.94131e+07
1.94148e+07
1.94164e+07
1.94181e+07
1.94197e+07
1.94213e+07
1.94229e+07
1.94245e+07
1.94261e+07
1.94277e+07
1.94292e+07
1.94308e+07
1.94323e+07
1.94339e+07
1.94354e+07
1.9437e+07
1.94386e+07
1.94401e+07
1.94416e+07
1.94431e+07
1.94446e+07
1.94461e+07
1.94475e+07
1.94488e+07
1.94502e+07
1.94515e+07
1.94529e+07
1.94541e+07
1.94554e+07
1.94566e+07
1.94577e+07
1.94589e+07
1.94599e+07
1.9461e+07
1.9462e+07
1.94629e+07
1.94639e+07
1.94648e+07
1.94657e+07
1.94666e+07
1.94675e+07
1.94683e+07
1.94691e+07
1.94699e+07
1.94707e+07
1.94715e+07
1.94722e+07
1.94729e+07
1.94736e+07
1.94742e+07
1.94749e+07
1.94755e+07
1.94761e+07
1.94767e+07
1.94772e+07
1.94778e+07
1.94783e+07
1.94788e+07
1.94793e+07
1.94797e+07
1.94802e+07
1.94806e+07
1.9481e+07
1.94814e+07
1.94818e+07
1.94821e+07
1.94825e+07
1.94828e+07
1.94831e+07
1.94834e+07
1.94837e+07
1.9484e+07
1.94842e+07
1.94845e+07
1.94847e+07
1.94849e+07
1.94851e+07
1.94853e+07
1.94855e+07
1.94857e+07
1.94859e+07
1.9486e+07
1.94862e+07
1.94863e+07
1.94864e+07
1.94865e+07
1.94867e+07
1.94868e+07
1.94869e+07
1.9487e+07
1.9487e+07
1.94871e+07
1.94872e+07
1.94873e+07
1.94873e+07
1.94874e+07
1.94874e+07
1.94875e+07
1.94875e+07
1.94875e+07
1.94876e+07
1.94876e+07
1.94876e+07
1.94876e+07
1.94876e+07
1.94876e+07
1.94876e+07
1.94876e+07
1.94876e+07
1.94876e+07
1.94876e+07
1.94876e+07
1.94876e+07
1.94876e+07
1.94876e+07
1.94876e+07
1.94876e+07
1.94876e+07
1.94876e+07
1.94876e+07
1.94876e+07
1.94876e+07
1.94876e+07
1.94876e+07
1.94876e+07
1.94876e+07
1.94876e+07
1.94876e+07
1.94876e+07
1.94876e+07
1.94876e+07
1.94876e+07
1.94876e+07
1.94876e+07
1.94877e+07
1.94877e+07
1.94877e+07
1.94877e+07
1.92679e+07
1.92729e+07
1.92747e+07
1.9276e+07
1.9279e+07
1.92833e+07
1.92856e+07
1.92871e+07
1.92901e+07
1.92946e+07
1.92967e+07
1.9298e+07
1.93006e+07
1.93039e+07
1.93092e+07
1.93114e+07
1.93116e+07
1.93135e+07
1.93163e+07
1.93195e+07
1.93246e+07
1.93279e+07
1.93281e+07
1.93291e+07
1.93314e+07
1.93339e+07
1.93364e+07
1.93389e+07
1.93414e+07
1.93438e+07
1.93463e+07
1.93487e+07
1.93511e+07
1.93535e+07
1.93559e+07
1.93582e+07
1.93605e+07
1.93628e+07
1.93651e+07
1.93674e+07
1.93696e+07
1.93719e+07
1.93741e+07
1.93763e+07
1.93784e+07
1.93805e+07
1.93827e+07
1.93847e+07
1.93868e+07
1.93889e+07
1.93909e+07
1.93929e+07
1.93951e+07
1.93975e+07
1.94013e+07
1.94017e+07
1.94026e+07
1.94043e+07
1.94063e+07
1.94087e+07
1.94102e+07
1.94115e+07
1.94131e+07
1.94148e+07
1.94164e+07
1.94181e+07
1.94197e+07
1.94213e+07
1.94229e+07
1.94245e+07
1.94261e+07
1.94277e+07
1.94292e+07
1.94308e+07
1.94323e+07
1.94339e+07
1.94355e+07
1.9437e+07
1.94386e+07
1.94401e+07
1.94416e+07
1.94431e+07
1.94446e+07
1.94461e+07
1.94475e+07
1.94489e+07
1.94502e+07
1.94516e+07
1.94529e+07
1.94541e+07
1.94554e+07
1.94566e+07
1.94577e+07
1.94589e+07
1.94599e+07
1.9461e+07
1.9462e+07
1.94629e+07
1.94639e+07
1.94648e+07
1.94657e+07
1.94666e+07
1.94675e+07
1.94683e+07
1.94691e+07
1.94699e+07
1.94707e+07
1.94715e+07
1.94722e+07
1.94729e+07
1.94736e+07
1.94742e+07
1.94749e+07
1.94755e+07
1.94761e+07
1.94767e+07
1.94772e+07
1.94778e+07
1.94783e+07
1.94788e+07
1.94793e+07
1.94797e+07
1.94802e+07
1.94806e+07
1.9481e+07
1.94814e+07
1.94818e+07
1.94821e+07
1.94825e+07
1.94828e+07
1.94831e+07
1.94834e+07
1.94837e+07
1.9484e+07
1.94842e+07
1.94845e+07
1.94847e+07
1.94849e+07
1.94851e+07
1.94853e+07
1.94855e+07
1.94857e+07
1.94859e+07
1.9486e+07
1.94862e+07
1.94863e+07
1.94864e+07
1.94865e+07
1.94867e+07
1.94868e+07
1.94869e+07
1.9487e+07
1.9487e+07
1.94871e+07
1.94872e+07
1.94873e+07
1.94873e+07
1.94874e+07
1.94874e+07
1.94875e+07
1.94875e+07
1.94875e+07
1.94876e+07
1.94876e+07
1.94876e+07
1.94876e+07
1.94876e+07
1.94876e+07
1.94876e+07
1.94876e+07
1.94876e+07
1.94876e+07
1.94876e+07
1.94876e+07
1.94876e+07
1.94876e+07
1.94876e+07
1.94876e+07
1.94876e+07
1.94876e+07
1.94876e+07
1.94876e+07
1.94876e+07
1.94876e+07
1.94876e+07
1.94876e+07
1.94876e+07
1.94876e+07
1.94876e+07
1.94876e+07
1.94876e+07
1.94876e+07
1.94876e+07
1.94876e+07
1.94876e+07
1.94876e+07
1.94877e+07
1.94877e+07
1.94877e+07
1.94877e+07
1.94878e+07
1.94878e+07
1.94878e+07
1.94879e+07
1.94879e+07
1.94879e+07
1.94879e+07
1.94879e+07
1.9488e+07
1.9488e+07
1.94881e+07
1.94882e+07
1.94883e+07
1.94885e+07
1.94888e+07
1.94888e+07
1.94883e+07
1.94881e+07
1.94882e+07
1.94882e+07
1.94878e+07
1.94878e+07
1.94878e+07
1.94879e+07
1.94879e+07
1.94879e+07
1.94879e+07
1.94879e+07
1.9488e+07
1.9488e+07
1.94881e+07
1.94881e+07
1.94882e+07
1.94884e+07
1.94887e+07
1.94887e+07
1.94882e+07
1.9488e+07
1.94881e+07
1.94881e+07
1.94877e+07
1.94878e+07
1.94878e+07
1.94878e+07
1.94878e+07
1.94878e+07
1.94878e+07
1.94878e+07
1.94878e+07
1.94878e+07
1.94878e+07
1.94878e+07
1.94878e+07
1.94878e+07
1.94878e+07
1.94877e+07
1.94877e+07
1.94877e+07
1.94878e+07
1.94879e+07
1.94877e+07
1.94877e+07
1.94877e+07
1.94877e+07
1.94877e+07
1.94877e+07
1.94877e+07
1.94876e+07
1.94876e+07
1.94876e+07
1.94876e+07
1.94876e+07
1.94876e+07
1.94876e+07
1.94876e+07
1.94876e+07
1.94876e+07
1.94876e+07
1.94876e+07
1.94876e+07
1.94877e+07
1.94877e+07
1.94877e+07
1.94877e+07
1.94877e+07
1.94877e+07
1.94877e+07
1.94876e+07
1.94876e+07
1.94876e+07
1.94876e+07
1.94876e+07
1.94876e+07
1.94876e+07
1.94876e+07
1.94876e+07
1.94876e+07
1.94876e+07
1.94876e+07
1.94876e+07
1.94882e+07
1.94889e+07
1.9489e+07
1.94879e+07
1.94879e+07
1.94882e+07
1.94904e+07
1.94893e+07
1.94877e+07
1.94875e+07
1.94878e+07
1.94884e+07
1.94933e+07
1.94883e+07
1.94875e+07
1.94884e+07
1.94934e+07
1.94926e+07
1.94879e+07
1.94882e+07
1.94892e+07
1.94962e+07
1.94967e+07
1.9489e+07
1.94874e+07
1.94875e+07
1.94877e+07
1.94878e+07
1.94879e+07
1.94883e+07
1.94892e+07
1.94943e+07
1.94912e+07
1.94885e+07
1.94882e+07
1.94883e+07
1.94883e+07
1.94884e+07
1.94884e+07
1.94885e+07
1.94886e+07
1.94888e+07
1.94894e+07
1.94901e+07
1.9491e+07
1.94952e+07
1.9494e+07
1.94901e+07
1.94892e+07
1.94894e+07
1.94897e+07
1.949e+07
1.94903e+07
1.94906e+07
1.94908e+07
1.9491e+07
1.94912e+07
1.94914e+07
1.94916e+07
1.94918e+07
1.9492e+07
1.94921e+07
1.94922e+07
1.94922e+07
1.94922e+07
1.94921e+07
1.94921e+07
1.9492e+07
1.94919e+07
1.94919e+07
1.94918e+07
1.94917e+07
1.94916e+07
1.94915e+07
1.94914e+07
1.94913e+07
1.94911e+07
1.9491e+07
1.94908e+07
1.94907e+07
1.94905e+07
1.94904e+07
1.94902e+07
1.949e+07
1.94898e+07
1.94896e+07
1.94894e+07
1.94892e+07
1.9489e+07
1.94888e+07
1.94886e+07
1.94884e+07
1.94882e+07
1.94879e+07
1.94877e+07
1.94875e+07
1.94873e+07
1.9487e+07
1.94868e+07
1.94866e+07
1.94863e+07
1.94861e+07
1.94859e+07
1.94857e+07
1.94854e+07
1.94852e+07
1.9485e+07
1.94848e+07
1.94846e+07
1.94843e+07
1.94841e+07
1.94839e+07
1.94837e+07
1.94835e+07
1.94833e+07
1.94831e+07
1.94828e+07
1.94826e+07
1.94824e+07
1.94822e+07
1.9482e+07
1.94818e+07
1.94816e+07
1.94814e+07
1.94812e+07
1.94809e+07
1.94807e+07
1.94805e+07
1.94803e+07
1.94801e+07
1.94799e+07
1.94797e+07
1.94795e+07
1.94793e+07
1.94791e+07
1.9479e+07
1.94788e+07
1.94786e+07
1.94784e+07
1.94783e+07
1.94781e+07
1.9478e+07
1.94778e+07
1.94777e+07
1.94776e+07
1.94774e+07
1.94773e+07
1.94772e+07
1.94771e+07
1.9477e+07
1.94769e+07
1.94768e+07
1.94767e+07
1.94766e+07
1.94765e+07
1.94764e+07
1.94763e+07
1.94762e+07
1.94762e+07
1.94761e+07
1.9476e+07
1.94759e+07
1.94759e+07
1.94758e+07
1.94757e+07
1.94757e+07
1.94756e+07
1.94755e+07
1.94754e+07
1.94754e+07
1.94753e+07
1.94752e+07
1.94752e+07
1.94751e+07
1.94751e+07
1.9475e+07
1.94749e+07
1.94749e+07
1.94748e+07
1.94748e+07
1.94747e+07
1.94747e+07
1.94746e+07
1.94746e+07
1.94745e+07
1.94745e+07
1.94744e+07
1.94744e+07
1.94743e+07
1.94743e+07
1.94743e+07
1.94742e+07
1.94742e+07
1.94742e+07
1.94741e+07
1.94741e+07
1.94741e+07
1.94741e+07
1.9474e+07
1.9474e+07
1.9474e+07
1.9474e+07
1.94739e+07
1.94739e+07
1.94739e+07
1.94738e+07
1.94738e+07
1.94738e+07
1.94738e+07
1.94738e+07
1.94737e+07
1.94737e+07
1.94737e+07
1.94737e+07
1.94737e+07
1.94737e+07
1.94737e+07
1.94736e+07
1.94736e+07
1.94736e+07
1.94736e+07
1.94737e+07
1.94737e+07
1.94737e+07
1.94737e+07
1.94737e+07
1.94737e+07
1.94738e+07
1.94738e+07
1.94738e+07
1.94739e+07
1.94739e+07
1.94739e+07
1.9474e+07
1.9474e+07
1.94741e+07
1.94741e+07
1.94742e+07
1.94742e+07
1.94743e+07
1.94743e+07
1.94744e+07
1.94745e+07
1.94745e+07
1.94746e+07
1.94746e+07
1.94747e+07
1.94748e+07
1.94748e+07
1.94749e+07
1.9475e+07
1.9475e+07
1.94751e+07
1.94752e+07
1.94752e+07
1.94753e+07
1.94754e+07
1.94755e+07
1.94756e+07
1.94756e+07
1.94757e+07
1.94758e+07
1.94759e+07
1.9476e+07
1.94761e+07
1.94761e+07
1.94762e+07
1.94763e+07
1.94764e+07
1.94765e+07
1.94766e+07
1.94767e+07
1.94767e+07
1.94768e+07
1.94769e+07
1.9477e+07
1.94771e+07
1.94771e+07
1.94772e+07
1.94773e+07
1.94773e+07
1.94774e+07
1.94774e+07
1.94775e+07
1.94775e+07
1.94775e+07
1.94776e+07
1.94776e+07
1.94776e+07
1.94776e+07
1.94776e+07
1.94776e+07
1.94776e+07
1.94776e+07
1.94776e+07
1.94776e+07
1.94776e+07
1.94775e+07
1.94775e+07
1.94775e+07
1.94774e+07
1.94774e+07
1.94773e+07
1.94772e+07
1.94772e+07
1.94771e+07
1.9477e+07
1.94769e+07
1.94768e+07
1.94767e+07
1.94766e+07
1.94765e+07
1.94764e+07
1.94763e+07
1.94762e+07
1.94761e+07
1.94759e+07
1.94758e+07
1.94757e+07
1.94755e+07
1.94754e+07
1.94752e+07
1.94751e+07
1.94749e+07
1.94747e+07
1.94746e+07
1.94744e+07
1.94742e+07
1.9474e+07
1.94738e+07
1.94736e+07
1.94735e+07
1.94733e+07
1.94731e+07
1.94729e+07
1.94726e+07
1.94724e+07
1.94722e+07
1.9472e+07
1.94718e+07
1.94716e+07
1.94713e+07
1.94711e+07
1.94709e+07
1.94707e+07
1.94704e+07
1.94702e+07
1.947e+07
1.94697e+07
1.94695e+07
1.94693e+07
1.9469e+07
1.94688e+07
1.94686e+07
1.94683e+07
1.94681e+07
1.94679e+07
1.94676e+07
1.94674e+07
1.94672e+07
1.9467e+07
1.94667e+07
1.94665e+07
1.94663e+07
1.94661e+07
1.94659e+07
1.94657e+07
1.94655e+07
1.94653e+07
1.94651e+07
1.94649e+07
1.94647e+07
1.94645e+07
1.94643e+07
1.94642e+07
1.9464e+07
1.94638e+07
1.94637e+07
1.94635e+07
1.94634e+07
1.94632e+07
1.94631e+07
1.94629e+07
1.94628e+07
1.94627e+07
1.94626e+07
1.94624e+07
1.94623e+07
1.94622e+07
1.94621e+07
1.9462e+07
1.94619e+07
1.94618e+07
1.94617e+07
1.94616e+07
1.94615e+07
1.94614e+07
1.94613e+07
1.94612e+07
1.94611e+07
1.94611e+07
1.9461e+07
1.94609e+07
1.94608e+07
1.94608e+07
1.94607e+07
1.94607e+07
1.94606e+07
1.94606e+07
1.94605e+07
1.94605e+07
1.94605e+07
1.94604e+07
1.94604e+07
1.94604e+07
1.94604e+07
1.94604e+07
1.94603e+07
1.94603e+07
1.94604e+07
1.94604e+07
1.94604e+07
1.94604e+07
1.94604e+07
1.94604e+07
1.94605e+07
1.94605e+07
1.94605e+07
1.94606e+07
1.94606e+07
1.94607e+07
1.94607e+07
1.94608e+07
1.94608e+07
1.94609e+07
1.94609e+07
1.9461e+07
1.94611e+07
1.94611e+07
1.94612e+07
1.94613e+07
1.94613e+07
1.94614e+07
1.94615e+07
1.94615e+07
1.94616e+07
1.94616e+07
1.94617e+07
1.94618e+07
1.94618e+07
1.94619e+07
1.9462e+07
1.9462e+07
1.94621e+07
1.94621e+07
1.94622e+07
1.94622e+07
1.94623e+07
1.94623e+07
1.94624e+07
1.94625e+07
1.94625e+07
1.94626e+07
1.94626e+07
1.94626e+07
1.94627e+07
1.94627e+07
1.94628e+07
1.94628e+07
1.94629e+07
1.94629e+07
1.94629e+07
1.9463e+07
1.9463e+07
1.9463e+07
1.94631e+07
1.94631e+07
1.94631e+07
1.94631e+07
1.94631e+07
1.94632e+07
1.94632e+07
1.94632e+07
1.94632e+07
1.94632e+07
1.94632e+07
1.94632e+07
1.94632e+07
1.94632e+07
1.94632e+07
1.94632e+07
1.94632e+07
1.94632e+07
1.94632e+07
1.94632e+07
1.94632e+07
1.94632e+07
1.94632e+07
1.94632e+07
1.94632e+07
1.94632e+07
1.94631e+07
1.94631e+07
1.94631e+07
1.94631e+07
1.94631e+07
1.94631e+07
1.94631e+07
1.94631e+07
1.94631e+07
1.94631e+07
1.94631e+07
1.9463e+07
1.9463e+07
1.9463e+07
1.9463e+07
1.9463e+07
1.9463e+07
1.9463e+07
1.9463e+07
1.9463e+07
1.94629e+07
1.94629e+07
1.94629e+07
1.94629e+07
1.94629e+07
1.94629e+07
1.94629e+07
1.94628e+07
1.94628e+07
1.94628e+07
1.94628e+07
1.94628e+07
1.94628e+07
1.94627e+07
1.94627e+07
1.94627e+07
1.94627e+07
1.94627e+07
1.94626e+07
1.94626e+07
1.94626e+07
1.94626e+07
1.94626e+07
1.94626e+07
1.94625e+07
1.94625e+07
1.94625e+07
1.94625e+07
1.94625e+07
1.94624e+07
1.94624e+07
1.94624e+07
1.94624e+07
1.94624e+07
1.94624e+07
1.94624e+07
1.94623e+07
1.94623e+07
1.94623e+07
1.94623e+07
1.94623e+07
1.94623e+07
1.94622e+07
1.94622e+07
1.94622e+07
1.94622e+07
1.94622e+07
1.94622e+07
1.94621e+07
1.94621e+07
1.94621e+07
1.94621e+07
1.94621e+07
1.9462e+07
1.9462e+07
1.9462e+07
1.9462e+07
1.9462e+07
1.94619e+07
1.94619e+07
1.94619e+07
1.94619e+07
1.94619e+07
1.94618e+07
1.94618e+07
1.94618e+07
1.94618e+07
1.94618e+07
1.94618e+07
1.94617e+07
1.94617e+07
1.94617e+07
1.94617e+07
1.94617e+07
1.94617e+07
1.94616e+07
1.94616e+07
1.94616e+07
1.94616e+07
1.94882e+07
1.94889e+07
1.9489e+07
1.94879e+07
1.94879e+07
1.94882e+07
1.94904e+07
1.94893e+07
1.94877e+07
1.94875e+07
1.94878e+07
1.94884e+07
1.94932e+07
1.94883e+07
1.94875e+07
1.94884e+07
1.94934e+07
1.94926e+07
1.9488e+07
1.94882e+07
1.94892e+07
1.94962e+07
1.94967e+07
1.9489e+07
1.94874e+07
1.94875e+07
1.94877e+07
1.94878e+07
1.94879e+07
1.94883e+07
1.94891e+07
1.94942e+07
1.94912e+07
1.94885e+07
1.94882e+07
1.94883e+07
1.94883e+07
1.94884e+07
1.94884e+07
1.94884e+07
1.94886e+07
1.94888e+07
1.94894e+07
1.94901e+07
1.9491e+07
1.94951e+07
1.9494e+07
1.94901e+07
1.94892e+07
1.94894e+07
1.94897e+07
1.949e+07
1.94903e+07
1.94906e+07
1.94908e+07
1.9491e+07
1.94912e+07
1.94914e+07
1.94916e+07
1.94918e+07
1.9492e+07
1.94921e+07
1.94922e+07
1.94922e+07
1.94922e+07
1.94921e+07
1.94921e+07
1.9492e+07
1.94919e+07
1.94919e+07
1.94918e+07
1.94917e+07
1.94916e+07
1.94915e+07
1.94914e+07
1.94913e+07
1.94911e+07
1.9491e+07
1.94908e+07
1.94907e+07
1.94905e+07
1.94904e+07
1.94902e+07
1.949e+07
1.94898e+07
1.94896e+07
1.94894e+07
1.94892e+07
1.9489e+07
1.94888e+07
1.94886e+07
1.94884e+07
1.94882e+07
1.94879e+07
1.94877e+07
1.94875e+07
1.94873e+07
1.9487e+07
1.94868e+07
1.94866e+07
1.94863e+07
1.94861e+07
1.94859e+07
1.94857e+07
1.94854e+07
1.94852e+07
1.9485e+07
1.94848e+07
1.94846e+07
1.94843e+07
1.94841e+07
1.94839e+07
1.94837e+07
1.94835e+07
1.94833e+07
1.94831e+07
1.94828e+07
1.94826e+07
1.94824e+07
1.94822e+07
1.9482e+07
1.94818e+07
1.94816e+07
1.94814e+07
1.94812e+07
1.94809e+07
1.94807e+07
1.94805e+07
1.94803e+07
1.94801e+07
1.94799e+07
1.94797e+07
1.94795e+07
1.94793e+07
1.94791e+07
1.9479e+07
1.94788e+07
1.94786e+07
1.94784e+07
1.94783e+07
1.94781e+07
1.9478e+07
1.94778e+07
1.94777e+07
1.94776e+07
1.94774e+07
1.94773e+07
1.94772e+07
1.94771e+07
1.9477e+07
1.94769e+07
1.94768e+07
1.94767e+07
1.94766e+07
1.94765e+07
1.94764e+07
1.94763e+07
1.94762e+07
1.94762e+07
1.94761e+07
1.9476e+07
1.94759e+07
1.94759e+07
1.94758e+07
1.94757e+07
1.94757e+07
1.94756e+07
1.94755e+07
1.94754e+07
1.94754e+07
1.94753e+07
1.94752e+07
1.94752e+07
1.94751e+07
1.94751e+07
1.9475e+07
1.94749e+07
1.94749e+07
1.94748e+07
1.94748e+07
1.94747e+07
1.94747e+07
1.94746e+07
1.94746e+07
1.94745e+07
1.94745e+07
1.94744e+07
1.94744e+07
1.94743e+07
1.94743e+07
1.94743e+07
1.94742e+07
1.94742e+07
1.94742e+07
1.94741e+07
1.94741e+07
1.94741e+07
1.94741e+07
1.9474e+07
1.9474e+07
1.9474e+07
1.9474e+07
1.94739e+07
1.94739e+07
1.94739e+07
1.94738e+07
1.94738e+07
1.94738e+07
1.94738e+07
1.94738e+07
1.94737e+07
1.94737e+07
1.94737e+07
1.94737e+07
1.94737e+07
1.94737e+07
1.94737e+07
1.94736e+07
1.94736e+07
1.94736e+07
1.94736e+07
1.94737e+07
1.94737e+07
1.94737e+07
1.94737e+07
1.94737e+07
1.94737e+07
1.94738e+07
1.94738e+07
1.94738e+07
1.94739e+07
1.94739e+07
1.94739e+07
1.9474e+07
1.9474e+07
1.94741e+07
1.94741e+07
1.94742e+07
1.94742e+07
1.94743e+07
1.94743e+07
1.94744e+07
1.94745e+07
1.94745e+07
1.94746e+07
1.94746e+07
1.94747e+07
1.94748e+07
1.94748e+07
1.94749e+07
1.9475e+07
1.9475e+07
1.94751e+07
1.94752e+07
1.94752e+07
1.94753e+07
1.94754e+07
1.94755e+07
1.94756e+07
1.94756e+07
1.94757e+07
1.94758e+07
1.94759e+07
1.9476e+07
1.94761e+07
1.94761e+07
1.94762e+07
1.94763e+07
1.94764e+07
1.94765e+07
1.94766e+07
1.94767e+07
1.94767e+07
1.94768e+07
1.94769e+07
1.9477e+07
1.94771e+07
1.94771e+07
1.94772e+07
1.94773e+07
1.94773e+07
1.94774e+07
1.94774e+07
1.94775e+07
1.94775e+07
1.94775e+07
1.94776e+07
1.94776e+07
1.94776e+07
1.94776e+07
1.94776e+07
1.94776e+07
1.94776e+07
1.94776e+07
1.94776e+07
1.94776e+07
1.94776e+07
1.94775e+07
1.94775e+07
1.94775e+07
1.94774e+07
1.94774e+07
1.94773e+07
1.94772e+07
1.94772e+07
1.94771e+07
1.9477e+07
1.94769e+07
1.94768e+07
1.94767e+07
1.94766e+07
1.94765e+07
1.94764e+07
1.94763e+07
1.94762e+07
1.94761e+07
1.94759e+07
1.94758e+07
1.94757e+07
1.94755e+07
1.94754e+07
1.94752e+07
1.94751e+07
1.94749e+07
1.94747e+07
1.94746e+07
1.94744e+07
1.94742e+07
1.9474e+07
1.94738e+07
1.94736e+07
1.94735e+07
1.94733e+07
1.94731e+07
1.94729e+07
1.94726e+07
1.94724e+07
1.94722e+07
1.9472e+07
1.94718e+07
1.94716e+07
1.94713e+07
1.94711e+07
1.94709e+07
1.94707e+07
1.94704e+07
1.94702e+07
1.947e+07
1.94697e+07
1.94695e+07
1.94693e+07
1.9469e+07
1.94688e+07
1.94686e+07
1.94683e+07
1.94681e+07
1.94679e+07
1.94676e+07
1.94674e+07
1.94672e+07
1.9467e+07
1.94667e+07
1.94665e+07
1.94663e+07
1.94661e+07
1.94659e+07
1.94657e+07
1.94655e+07
1.94653e+07
1.94651e+07
1.94649e+07
1.94647e+07
1.94645e+07
1.94643e+07
1.94642e+07
1.9464e+07
1.94638e+07
1.94637e+07
1.94635e+07
1.94634e+07
1.94632e+07
1.94631e+07
1.94629e+07
1.94628e+07
1.94627e+07
1.94626e+07
1.94624e+07
1.94623e+07
1.94622e+07
1.94621e+07
1.9462e+07
1.94619e+07
1.94618e+07
1.94617e+07
1.94616e+07
1.94615e+07
1.94614e+07
1.94613e+07
1.94612e+07
1.94611e+07
1.94611e+07
1.9461e+07
1.94609e+07
1.94608e+07
1.94608e+07
1.94607e+07
1.94607e+07
1.94606e+07
1.94606e+07
1.94605e+07
1.94605e+07
1.94605e+07
1.94604e+07
1.94604e+07
1.94604e+07
1.94604e+07
1.94604e+07
1.94603e+07
1.94603e+07
1.94604e+07
1.94604e+07
1.94604e+07
1.94604e+07
1.94604e+07
1.94604e+07
1.94605e+07
1.94605e+07
1.94605e+07
1.94606e+07
1.94606e+07
1.94607e+07
1.94607e+07
1.94608e+07
1.94608e+07
1.94609e+07
1.94609e+07
1.9461e+07
1.94611e+07
1.94611e+07
1.94612e+07
1.94613e+07
1.94613e+07
1.94614e+07
1.94615e+07
1.94615e+07
1.94616e+07
1.94616e+07
1.94617e+07
1.94618e+07
1.94618e+07
1.94619e+07
1.9462e+07
1.9462e+07
1.94621e+07
1.94621e+07
1.94622e+07
1.94622e+07
1.94623e+07
1.94623e+07
1.94624e+07
1.94625e+07
1.94625e+07
1.94626e+07
1.94626e+07
1.94626e+07
1.94627e+07
1.94627e+07
1.94628e+07
1.94628e+07
1.94629e+07
1.94629e+07
1.94629e+07
1.9463e+07
1.9463e+07
1.9463e+07
1.94631e+07
1.94631e+07
1.94631e+07
1.94631e+07
1.94631e+07
1.94632e+07
1.94632e+07
1.94632e+07
1.94632e+07
1.94632e+07
1.94632e+07
1.94632e+07
1.94632e+07
1.94632e+07
1.94632e+07
1.94632e+07
1.94632e+07
1.94632e+07
1.94632e+07
1.94632e+07
1.94632e+07
1.94632e+07
1.94632e+07
1.94632e+07
1.94632e+07
1.94632e+07
1.94631e+07
1.94631e+07
1.94631e+07
1.94631e+07
1.94631e+07
1.94631e+07
1.94631e+07
1.94631e+07
1.94631e+07
1.94631e+07
1.94631e+07
1.9463e+07
1.9463e+07
1.9463e+07
1.9463e+07
1.9463e+07
1.9463e+07
1.9463e+07
1.9463e+07
1.9463e+07
1.94629e+07
1.94629e+07
1.94629e+07
1.94629e+07
1.94629e+07
1.94629e+07
1.94629e+07
1.94628e+07
1.94628e+07
1.94628e+07
1.94628e+07
1.94628e+07
1.94628e+07
1.94627e+07
1.94627e+07
1.94627e+07
1.94627e+07
1.94627e+07
1.94626e+07
1.94626e+07
1.94626e+07
1.94626e+07
1.94626e+07
1.94626e+07
1.94625e+07
1.94625e+07
1.94625e+07
1.94625e+07
1.94625e+07
1.94624e+07
1.94624e+07
1.94624e+07
1.94624e+07
1.94624e+07
1.94624e+07
1.94624e+07
1.94623e+07
1.94623e+07
1.94623e+07
1.94623e+07
1.94623e+07
1.94623e+07
1.94622e+07
1.94622e+07
1.94622e+07
1.94622e+07
1.94622e+07
1.94622e+07
1.94621e+07
1.94621e+07
1.94621e+07
1.94621e+07
1.94621e+07
1.9462e+07
1.9462e+07
1.9462e+07
1.9462e+07
1.9462e+07
1.94619e+07
1.94619e+07
1.94619e+07
1.94619e+07
1.94619e+07
1.94618e+07
1.94618e+07
1.94618e+07
1.94618e+07
1.94618e+07
1.94618e+07
1.94617e+07
1.94617e+07
1.94617e+07
1.94617e+07
1.94617e+07
1.94617e+07
1.94616e+07
1.94616e+07
1.94616e+07
1.94616e+07
1.9488e+07
1.9488e+07
1.94876e+07
1.94877e+07
1.94878e+07
1.94879e+07
1.94875e+07
1.94872e+07
1.94872e+07
1.94873e+07
1.94877e+07
1.94879e+07
1.9487e+07
1.94868e+07
1.94871e+07
1.94879e+07
1.94874e+07
1.94867e+07
1.9487e+07
1.94878e+07
1.94884e+07
1.94876e+07
1.94865e+07
1.94866e+07
1.9487e+07
1.94873e+07
1.94876e+07
1.94877e+07
1.94879e+07
1.94882e+07
1.94886e+07
1.9488e+07
1.94878e+07
1.94879e+07
1.94881e+07
1.94882e+07
1.94883e+07
1.94884e+07
1.94885e+07
1.94886e+07
1.94887e+07
1.9489e+07
1.94894e+07
1.94901e+07
1.94903e+07
1.94894e+07
1.94887e+07
1.94888e+07
1.94891e+07
1.94895e+07
1.94898e+07
1.94901e+07
1.94904e+07
1.94907e+07
1.94909e+07
1.94911e+07
1.94913e+07
1.94915e+07
1.94917e+07
1.94918e+07
1.9492e+07
1.94921e+07
1.94921e+07
1.94922e+07
1.94922e+07
1.94921e+07
1.94921e+07
1.9492e+07
1.94919e+07
1.94919e+07
1.94918e+07
1.94917e+07
1.94916e+07
1.94915e+07
1.94914e+07
1.94913e+07
1.94911e+07
1.9491e+07
1.94908e+07
1.94907e+07
1.94905e+07
1.94904e+07
1.94902e+07
1.949e+07
1.94898e+07
1.94896e+07
1.94894e+07
1.94892e+07
1.9489e+07
1.94888e+07
1.94886e+07
1.94884e+07
1.94882e+07
1.94879e+07
1.94877e+07
1.94875e+07
1.94873e+07
1.9487e+07
1.94868e+07
1.94866e+07
1.94863e+07
1.94861e+07
1.94859e+07
1.94857e+07
1.94854e+07
1.94852e+07
1.9485e+07
1.94848e+07
1.94846e+07
1.94843e+07
1.94841e+07
1.94839e+07
1.94837e+07
1.94835e+07
1.94833e+07
1.94831e+07
1.94828e+07
1.94826e+07
1.94824e+07
1.94822e+07
1.9482e+07
1.94818e+07
1.94816e+07
1.94814e+07
1.94812e+07
1.94809e+07
1.94807e+07
1.94805e+07
1.94803e+07
1.94801e+07
1.94799e+07
1.94797e+07
1.94795e+07
1.94793e+07
1.94791e+07
1.9479e+07
1.94788e+07
1.94786e+07
1.94784e+07
1.94783e+07
1.94781e+07
1.9478e+07
1.94778e+07
1.94777e+07
1.94776e+07
1.94774e+07
1.94773e+07
1.94772e+07
1.94771e+07
1.9477e+07
1.94769e+07
1.94768e+07
1.94767e+07
1.94766e+07
1.94765e+07
1.94764e+07
1.94763e+07
1.94762e+07
1.94762e+07
1.94761e+07
1.9476e+07
1.94759e+07
1.94759e+07
1.94758e+07
1.94757e+07
1.94757e+07
1.94756e+07
1.94755e+07
1.94754e+07
1.94754e+07
1.94753e+07
1.94752e+07
1.94752e+07
1.94751e+07
1.94751e+07
1.9475e+07
1.94749e+07
1.94749e+07
1.94748e+07
1.94748e+07
1.94747e+07
1.94747e+07
1.94746e+07
1.94746e+07
1.94745e+07
1.94745e+07
1.94744e+07
1.94744e+07
1.94743e+07
1.94743e+07
1.94743e+07
1.94742e+07
1.94742e+07
1.94742e+07
1.94741e+07
1.94741e+07
1.94741e+07
1.94741e+07
1.9474e+07
1.9474e+07
1.9474e+07
1.9474e+07
1.94739e+07
1.94739e+07
1.94739e+07
1.94738e+07
1.94738e+07
1.94738e+07
1.94738e+07
1.94738e+07
1.94737e+07
1.94737e+07
1.94737e+07
1.94737e+07
1.94737e+07
1.94737e+07
1.94737e+07
1.94736e+07
1.94736e+07
1.94736e+07
1.94736e+07
1.94737e+07
1.94737e+07
1.94737e+07
1.94737e+07
1.94737e+07
1.94737e+07
1.94738e+07
1.94738e+07
1.94738e+07
1.94739e+07
1.94739e+07
1.94739e+07
1.9474e+07
1.9474e+07
1.94741e+07
1.94741e+07
1.94742e+07
1.94742e+07
1.94743e+07
1.94743e+07
1.94744e+07
1.94745e+07
1.94745e+07
1.94746e+07
1.94746e+07
1.94747e+07
1.94748e+07
1.94748e+07
1.94749e+07
1.9475e+07
1.9475e+07
1.94751e+07
1.94752e+07
1.94752e+07
1.94753e+07
1.94754e+07
1.94755e+07
1.94756e+07
1.94756e+07
1.94757e+07
1.94758e+07
1.94759e+07
1.9476e+07
1.94761e+07
1.94761e+07
1.94762e+07
1.94763e+07
1.94764e+07
1.94765e+07
1.94766e+07
1.94767e+07
1.94767e+07
1.94768e+07
1.94769e+07
1.9477e+07
1.94771e+07
1.94771e+07
1.94772e+07
1.94773e+07
1.94773e+07
1.94774e+07
1.94774e+07
1.94775e+07
1.94775e+07
1.94775e+07
1.94776e+07
1.94776e+07
1.94776e+07
1.94776e+07
1.94776e+07
1.94776e+07
1.94776e+07
1.94776e+07
1.94776e+07
1.94776e+07
1.94776e+07
1.94775e+07
1.94775e+07
1.94775e+07
1.94774e+07
1.94774e+07
1.94773e+07
1.94772e+07
1.94772e+07
1.94771e+07
1.9477e+07
1.94769e+07
1.94768e+07
1.94767e+07
1.94766e+07
1.94765e+07
1.94764e+07
1.94763e+07
1.94762e+07
1.94761e+07
1.94759e+07
1.94758e+07
1.94757e+07
1.94755e+07
1.94754e+07
1.94752e+07
1.94751e+07
1.94749e+07
1.94747e+07
1.94746e+07
1.94744e+07
1.94742e+07
1.9474e+07
1.94738e+07
1.94736e+07
1.94735e+07
1.94733e+07
1.94731e+07
1.94729e+07
1.94726e+07
1.94724e+07
1.94722e+07
1.9472e+07
1.94718e+07
1.94716e+07
1.94713e+07
1.94711e+07
1.94709e+07
1.94707e+07
1.94704e+07
1.94702e+07
1.947e+07
1.94697e+07
1.94695e+07
1.94693e+07
1.9469e+07
1.94688e+07
1.94686e+07
1.94683e+07
1.94681e+07
1.94679e+07
1.94676e+07
1.94674e+07
1.94672e+07
1.9467e+07
1.94667e+07
1.94665e+07
1.94663e+07
1.94661e+07
1.94659e+07
1.94657e+07
1.94655e+07
1.94653e+07
1.94651e+07
1.94649e+07
1.94647e+07
1.94645e+07
1.94643e+07
1.94642e+07
1.9464e+07
1.94638e+07
1.94637e+07
1.94635e+07
1.94634e+07
1.94632e+07
1.94631e+07
1.94629e+07
1.94628e+07
1.94627e+07
1.94626e+07
1.94624e+07
1.94623e+07
1.94622e+07
1.94621e+07
1.9462e+07
1.94619e+07
1.94618e+07
1.94617e+07
1.94616e+07
1.94615e+07
1.94614e+07
1.94613e+07
1.94612e+07
1.94611e+07
1.94611e+07
1.9461e+07
1.94609e+07
1.94608e+07
1.94608e+07
1.94607e+07
1.94607e+07
1.94606e+07
1.94606e+07
1.94605e+07
1.94605e+07
1.94605e+07
1.94604e+07
1.94604e+07
1.94604e+07
1.94604e+07
1.94604e+07
1.94603e+07
1.94603e+07
1.94604e+07
1.94604e+07
1.94604e+07
1.94604e+07
1.94604e+07
1.94604e+07
1.94605e+07
1.94605e+07
1.94605e+07
1.94606e+07
1.94606e+07
1.94607e+07
1.94607e+07
1.94608e+07
1.94608e+07
1.94609e+07
1.94609e+07
1.9461e+07
1.94611e+07
1.94611e+07
1.94612e+07
1.94613e+07
1.94613e+07
1.94614e+07
1.94615e+07
1.94615e+07
1.94616e+07
1.94616e+07
1.94617e+07
1.94618e+07
1.94618e+07
1.94619e+07
1.9462e+07
1.9462e+07
1.94621e+07
1.94621e+07
1.94622e+07
1.94622e+07
1.94623e+07
1.94623e+07
1.94624e+07
1.94625e+07
1.94625e+07
1.94626e+07
1.94626e+07
1.94626e+07
1.94627e+07
1.94627e+07
1.94628e+07
1.94628e+07
1.94629e+07
1.94629e+07
1.94629e+07
1.9463e+07
1.9463e+07
1.9463e+07
1.94631e+07
1.94631e+07
1.94631e+07
1.94631e+07
1.94631e+07
1.94632e+07
1.94632e+07
1.94632e+07
1.94632e+07
1.94632e+07
1.94632e+07
1.94632e+07
1.94632e+07
1.94632e+07
1.94632e+07
1.94632e+07
1.94632e+07
1.94632e+07
1.94632e+07
1.94632e+07
1.94632e+07
1.94632e+07
1.94632e+07
1.94632e+07
1.94632e+07
1.94632e+07
1.94631e+07
1.94631e+07
1.94631e+07
1.94631e+07
1.94631e+07
1.94631e+07
1.94631e+07
1.94631e+07
1.94631e+07
1.94631e+07
1.94631e+07
1.9463e+07
1.9463e+07
1.9463e+07
1.9463e+07
1.9463e+07
1.9463e+07
1.9463e+07
1.9463e+07
1.9463e+07
1.94629e+07
1.94629e+07
1.94629e+07
1.94629e+07
1.94629e+07
1.94629e+07
1.94629e+07
1.94628e+07
1.94628e+07
1.94628e+07
1.94628e+07
1.94628e+07
1.94628e+07
1.94627e+07
1.94627e+07
1.94627e+07
1.94627e+07
1.94627e+07
1.94626e+07
1.94626e+07
1.94626e+07
1.94626e+07
1.94626e+07
1.94626e+07
1.94625e+07
1.94625e+07
1.94625e+07
1.94625e+07
1.94625e+07
1.94624e+07
1.94624e+07
1.94624e+07
1.94624e+07
1.94624e+07
1.94624e+07
1.94624e+07
1.94623e+07
1.94623e+07
1.94623e+07
1.94623e+07
1.94623e+07
1.94623e+07
1.94622e+07
1.94622e+07
1.94622e+07
1.94622e+07
1.94622e+07
1.94622e+07
1.94621e+07
1.94621e+07
1.94621e+07
1.94621e+07
1.94621e+07
1.9462e+07
1.9462e+07
1.9462e+07
1.9462e+07
1.9462e+07
1.94619e+07
1.94619e+07
1.94619e+07
1.94619e+07
1.94619e+07
1.94618e+07
1.94618e+07
1.94618e+07
1.94618e+07
1.94618e+07
1.94618e+07
1.94617e+07
1.94617e+07
1.94617e+07
1.94617e+07
1.94617e+07
1.94617e+07
1.94616e+07
1.94616e+07
1.94616e+07
1.94616e+07
1.94877e+07
1.94875e+07
1.94872e+07
1.94872e+07
1.94872e+07
1.94872e+07
1.9487e+07
1.94867e+07
1.94867e+07
1.94868e+07
1.9487e+07
1.9487e+07
1.94868e+07
1.94866e+07
1.9487e+07
1.94872e+07
1.94871e+07
1.94868e+07
1.94871e+07
1.94875e+07
1.94876e+07
1.94873e+07
1.94867e+07
1.94865e+07
1.94869e+07
1.94871e+07
1.94873e+07
1.94876e+07
1.94878e+07
1.9488e+07
1.94881e+07
1.9488e+07
1.94878e+07
1.94879e+07
1.9488e+07
1.94882e+07
1.94883e+07
1.94884e+07
1.94886e+07
1.94888e+07
1.9489e+07
1.94894e+07
1.94898e+07
1.94901e+07
1.949e+07
1.94896e+07
1.9489e+07
1.94889e+07
1.94893e+07
1.94896e+07
1.949e+07
1.94903e+07
1.94905e+07
1.94908e+07
1.9491e+07
1.94911e+07
1.94913e+07
1.94915e+07
1.94917e+07
1.94919e+07
1.9492e+07
1.94921e+07
1.94922e+07
1.94922e+07
1.94922e+07
1.94921e+07
1.94921e+07
1.9492e+07
1.94919e+07
1.94919e+07
1.94918e+07
1.94917e+07
1.94916e+07
1.94915e+07
1.94914e+07
1.94913e+07
1.94911e+07
1.9491e+07
1.94908e+07
1.94907e+07
1.94905e+07
1.94904e+07
1.94902e+07
1.949e+07
1.94898e+07
1.94896e+07
1.94894e+07
1.94892e+07
1.9489e+07
1.94888e+07
1.94886e+07
1.94884e+07
1.94882e+07
1.94879e+07
1.94877e+07
1.94875e+07
1.94873e+07
1.9487e+07
1.94868e+07
1.94866e+07
1.94863e+07
1.94861e+07
1.94859e+07
1.94857e+07
1.94854e+07
1.94852e+07
1.9485e+07
1.94848e+07
1.94846e+07
1.94843e+07
1.94841e+07
1.94839e+07
1.94837e+07
1.94835e+07
1.94833e+07
1.94831e+07
1.94828e+07
1.94826e+07
1.94824e+07
1.94822e+07
1.9482e+07
1.94818e+07
1.94816e+07
1.94814e+07
1.94812e+07
1.94809e+07
1.94807e+07
1.94805e+07
1.94803e+07
1.94801e+07
1.94799e+07
1.94797e+07
1.94795e+07
1.94793e+07
1.94791e+07
1.9479e+07
1.94788e+07
1.94786e+07
1.94784e+07
1.94783e+07
1.94781e+07
1.9478e+07
1.94778e+07
1.94777e+07
1.94776e+07
1.94774e+07
1.94773e+07
1.94772e+07
1.94771e+07
1.9477e+07
1.94769e+07
1.94768e+07
1.94767e+07
1.94766e+07
1.94765e+07
1.94764e+07
1.94763e+07
1.94762e+07
1.94762e+07
1.94761e+07
1.9476e+07
1.94759e+07
1.94759e+07
1.94758e+07
1.94757e+07
1.94757e+07
1.94756e+07
1.94755e+07
1.94754e+07
1.94754e+07
1.94753e+07
1.94752e+07
1.94752e+07
1.94751e+07
1.94751e+07
1.9475e+07
1.94749e+07
1.94749e+07
1.94748e+07
1.94748e+07
1.94747e+07
1.94747e+07
1.94746e+07
1.94746e+07
1.94745e+07
1.94745e+07
1.94744e+07
1.94744e+07
1.94743e+07
1.94743e+07
1.94743e+07
1.94742e+07
1.94742e+07
1.94742e+07
1.94741e+07
1.94741e+07
1.94741e+07
1.94741e+07
1.9474e+07
1.9474e+07
1.9474e+07
1.9474e+07
1.94739e+07
1.94739e+07
1.94739e+07
1.94738e+07
1.94738e+07
1.94738e+07
1.94738e+07
1.94738e+07
1.94737e+07
1.94737e+07
1.94737e+07
1.94737e+07
1.94737e+07
1.94737e+07
1.94737e+07
1.94736e+07
1.94736e+07
1.94736e+07
1.94736e+07
1.94737e+07
1.94737e+07
1.94737e+07
1.94737e+07
1.94737e+07
1.94737e+07
1.94738e+07
1.94738e+07
1.94738e+07
1.94739e+07
1.94739e+07
1.94739e+07
1.9474e+07
1.9474e+07
1.94741e+07
1.94741e+07
1.94742e+07
1.94742e+07
1.94743e+07
1.94743e+07
1.94744e+07
1.94745e+07
1.94745e+07
1.94746e+07
1.94746e+07
1.94747e+07
1.94748e+07
1.94748e+07
1.94749e+07
1.9475e+07
1.9475e+07
1.94751e+07
1.94752e+07
1.94752e+07
1.94753e+07
1.94754e+07
1.94755e+07
1.94756e+07
1.94756e+07
1.94757e+07
1.94758e+07
1.94759e+07
1.9476e+07
1.94761e+07
1.94761e+07
1.94762e+07
1.94763e+07
1.94764e+07
1.94765e+07
1.94766e+07
1.94767e+07
1.94767e+07
1.94768e+07
1.94769e+07
1.9477e+07
1.94771e+07
1.94771e+07
1.94772e+07
1.94773e+07
1.94773e+07
1.94774e+07
1.94774e+07
1.94775e+07
1.94775e+07
1.94775e+07
1.94776e+07
1.94776e+07
1.94776e+07
1.94776e+07
1.94776e+07
1.94776e+07
1.94776e+07
1.94776e+07
1.94776e+07
1.94776e+07
1.94776e+07
1.94775e+07
1.94775e+07
1.94775e+07
1.94774e+07
1.94774e+07
1.94773e+07
1.94772e+07
1.94772e+07
1.94771e+07
1.9477e+07
1.94769e+07
1.94768e+07
1.94767e+07
1.94766e+07
1.94765e+07
1.94764e+07
1.94763e+07
1.94762e+07
1.94761e+07
1.94759e+07
1.94758e+07
1.94757e+07
1.94755e+07
1.94754e+07
1.94752e+07
1.94751e+07
1.94749e+07
1.94747e+07
1.94746e+07
1.94744e+07
1.94742e+07
1.9474e+07
1.94738e+07
1.94736e+07
1.94735e+07
1.94733e+07
1.94731e+07
1.94729e+07
1.94726e+07
1.94724e+07
1.94722e+07
1.9472e+07
1.94718e+07
1.94716e+07
1.94713e+07
1.94711e+07
1.94709e+07
1.94707e+07
1.94704e+07
1.94702e+07
1.947e+07
1.94697e+07
1.94695e+07
1.94693e+07
1.9469e+07
1.94688e+07
1.94686e+07
1.94683e+07
1.94681e+07
1.94679e+07
1.94676e+07
1.94674e+07
1.94672e+07
1.9467e+07
1.94667e+07
1.94665e+07
1.94663e+07
1.94661e+07
1.94659e+07
1.94657e+07
1.94655e+07
1.94653e+07
1.94651e+07
1.94649e+07
1.94647e+07
1.94645e+07
1.94643e+07
1.94642e+07
1.9464e+07
1.94638e+07
1.94637e+07
1.94635e+07
1.94634e+07
1.94632e+07
1.94631e+07
1.94629e+07
1.94628e+07
1.94627e+07
1.94626e+07
1.94624e+07
1.94623e+07
1.94622e+07
1.94621e+07
1.9462e+07
1.94619e+07
1.94618e+07
1.94617e+07
1.94616e+07
1.94615e+07
1.94614e+07
1.94613e+07
1.94612e+07
1.94611e+07
1.94611e+07
1.9461e+07
1.94609e+07
1.94608e+07
1.94608e+07
1.94607e+07
1.94607e+07
1.94606e+07
1.94606e+07
1.94605e+07
1.94605e+07
1.94605e+07
1.94604e+07
1.94604e+07
1.94604e+07
1.94604e+07
1.94604e+07
1.94603e+07
1.94603e+07
1.94604e+07
1.94604e+07
1.94604e+07
1.94604e+07
1.94604e+07
1.94604e+07
1.94605e+07
1.94605e+07
1.94605e+07
1.94606e+07
1.94606e+07
1.94607e+07
1.94607e+07
1.94608e+07
1.94608e+07
1.94609e+07
1.94609e+07
1.9461e+07
1.94611e+07
1.94611e+07
1.94612e+07
1.94613e+07
1.94613e+07
1.94614e+07
1.94615e+07
1.94615e+07
1.94616e+07
1.94616e+07
1.94617e+07
1.94618e+07
1.94618e+07
1.94619e+07
1.9462e+07
1.9462e+07
1.94621e+07
1.94621e+07
1.94622e+07
1.94622e+07
1.94623e+07
1.94623e+07
1.94624e+07
1.94625e+07
1.94625e+07
1.94626e+07
1.94626e+07
1.94626e+07
1.94627e+07
1.94627e+07
1.94628e+07
1.94628e+07
1.94629e+07
1.94629e+07
1.94629e+07
1.9463e+07
1.9463e+07
1.9463e+07
1.94631e+07
1.94631e+07
1.94631e+07
1.94631e+07
1.94631e+07
1.94632e+07
1.94632e+07
1.94632e+07
1.94632e+07
1.94632e+07
1.94632e+07
1.94632e+07
1.94632e+07
1.94632e+07
1.94632e+07
1.94632e+07
1.94632e+07
1.94632e+07
1.94632e+07
1.94632e+07
1.94632e+07
1.94632e+07
1.94632e+07
1.94632e+07
1.94632e+07
1.94632e+07
1.94631e+07
1.94631e+07
1.94631e+07
1.94631e+07
1.94631e+07
1.94631e+07
1.94631e+07
1.94631e+07
1.94631e+07
1.94631e+07
1.94631e+07
1.9463e+07
1.9463e+07
1.9463e+07
1.9463e+07
1.9463e+07
1.9463e+07
1.9463e+07
1.9463e+07
1.9463e+07
1.94629e+07
1.94629e+07
1.94629e+07
1.94629e+07
1.94629e+07
1.94629e+07
1.94629e+07
1.94628e+07
1.94628e+07
1.94628e+07
1.94628e+07
1.94628e+07
1.94628e+07
1.94627e+07
1.94627e+07
1.94627e+07
1.94627e+07
1.94627e+07
1.94626e+07
1.94626e+07
1.94626e+07
1.94626e+07
1.94626e+07
1.94626e+07
1.94625e+07
1.94625e+07
1.94625e+07
1.94625e+07
1.94625e+07
1.94624e+07
1.94624e+07
1.94624e+07
1.94624e+07
1.94624e+07
1.94624e+07
1.94624e+07
1.94623e+07
1.94623e+07
1.94623e+07
1.94623e+07
1.94623e+07
1.94623e+07
1.94622e+07
1.94622e+07
1.94622e+07
1.94622e+07
1.94622e+07
1.94622e+07
1.94621e+07
1.94621e+07
1.94621e+07
1.94621e+07
1.94621e+07
1.9462e+07
1.9462e+07
1.9462e+07
1.9462e+07
1.9462e+07
1.94619e+07
1.94619e+07
1.94619e+07
1.94619e+07
1.94619e+07
1.94618e+07
1.94618e+07
1.94618e+07
1.94618e+07
1.94618e+07
1.94618e+07
1.94617e+07
1.94617e+07
1.94617e+07
1.94617e+07
1.94617e+07
1.94617e+07
1.94616e+07
1.94616e+07
1.94616e+07
1.94616e+07
1.94877e+07
1.94876e+07
1.94872e+07
1.94872e+07
1.94872e+07
1.94872e+07
1.9487e+07
1.94867e+07
1.94867e+07
1.94868e+07
1.9487e+07
1.9487e+07
1.94868e+07
1.94866e+07
1.9487e+07
1.94872e+07
1.94871e+07
1.94868e+07
1.94871e+07
1.94875e+07
1.94876e+07
1.94873e+07
1.94867e+07
1.94865e+07
1.94869e+07
1.94871e+07
1.94873e+07
1.94876e+07
1.94878e+07
1.9488e+07
1.94881e+07
1.9488e+07
1.94878e+07
1.94879e+07
1.9488e+07
1.94882e+07
1.94883e+07
1.94884e+07
1.94886e+07
1.94888e+07
1.9489e+07
1.94893e+07
1.94898e+07
1.94901e+07
1.949e+07
1.94896e+07
1.9489e+07
1.94889e+07
1.94893e+07
1.94896e+07
1.949e+07
1.94903e+07
1.94905e+07
1.94908e+07
1.9491e+07
1.94911e+07
1.94913e+07
1.94915e+07
1.94917e+07
1.94919e+07
1.9492e+07
1.94921e+07
1.94922e+07
1.94922e+07
1.94922e+07
1.94921e+07
1.94921e+07
1.9492e+07
1.94919e+07
1.94919e+07
1.94918e+07
1.94917e+07
1.94916e+07
1.94915e+07
1.94914e+07
1.94913e+07
1.94911e+07
1.9491e+07
1.94908e+07
1.94907e+07
1.94905e+07
1.94904e+07
1.94902e+07
1.949e+07
1.94898e+07
1.94896e+07
1.94894e+07
1.94892e+07
1.9489e+07
1.94888e+07
1.94886e+07
1.94884e+07
1.94882e+07
1.94879e+07
1.94877e+07
1.94875e+07
1.94873e+07
1.9487e+07
1.94868e+07
1.94866e+07
1.94863e+07
1.94861e+07
1.94859e+07
1.94857e+07
1.94854e+07
1.94852e+07
1.9485e+07
1.94848e+07
1.94846e+07
1.94843e+07
1.94841e+07
1.94839e+07
1.94837e+07
1.94835e+07
1.94833e+07
1.94831e+07
1.94828e+07
1.94826e+07
1.94824e+07
1.94822e+07
1.9482e+07
1.94818e+07
1.94816e+07
1.94814e+07
1.94812e+07
1.94809e+07
1.94807e+07
1.94805e+07
1.94803e+07
1.94801e+07
1.94799e+07
1.94797e+07
1.94795e+07
1.94793e+07
1.94791e+07
1.9479e+07
1.94788e+07
1.94786e+07
1.94784e+07
1.94783e+07
1.94781e+07
1.9478e+07
1.94778e+07
1.94777e+07
1.94776e+07
1.94774e+07
1.94773e+07
1.94772e+07
1.94771e+07
1.9477e+07
1.94769e+07
1.94768e+07
1.94767e+07
1.94766e+07
1.94765e+07
1.94764e+07
1.94763e+07
1.94762e+07
1.94762e+07
1.94761e+07
1.9476e+07
1.94759e+07
1.94759e+07
1.94758e+07
1.94757e+07
1.94757e+07
1.94756e+07
1.94755e+07
1.94754e+07
1.94754e+07
1.94753e+07
1.94752e+07
1.94752e+07
1.94751e+07
1.94751e+07
1.9475e+07
1.94749e+07
1.94749e+07
1.94748e+07
1.94748e+07
1.94747e+07
1.94747e+07
1.94746e+07
1.94746e+07
1.94745e+07
1.94745e+07
1.94744e+07
1.94744e+07
1.94743e+07
1.94743e+07
1.94743e+07
1.94742e+07
1.94742e+07
1.94742e+07
1.94741e+07
1.94741e+07
1.94741e+07
1.94741e+07
1.9474e+07
1.9474e+07
1.9474e+07
1.9474e+07
1.94739e+07
1.94739e+07
1.94739e+07
1.94738e+07
1.94738e+07
1.94738e+07
1.94738e+07
1.94738e+07
1.94737e+07
1.94737e+07
1.94737e+07
1.94737e+07
1.94737e+07
1.94737e+07
1.94737e+07
1.94736e+07
1.94736e+07
1.94736e+07
1.94736e+07
1.94737e+07
1.94737e+07
1.94737e+07
1.94737e+07
1.94737e+07
1.94737e+07
1.94738e+07
1.94738e+07
1.94738e+07
1.94739e+07
1.94739e+07
1.94739e+07
1.9474e+07
1.9474e+07
1.94741e+07
1.94741e+07
1.94742e+07
1.94742e+07
1.94743e+07
1.94743e+07
1.94744e+07
1.94745e+07
1.94745e+07
1.94746e+07
1.94746e+07
1.94747e+07
1.94748e+07
1.94748e+07
1.94749e+07
1.9475e+07
1.9475e+07
1.94751e+07
1.94752e+07
1.94752e+07
1.94753e+07
1.94754e+07
1.94755e+07
1.94756e+07
1.94756e+07
1.94757e+07
1.94758e+07
1.94759e+07
1.9476e+07
1.94761e+07
1.94761e+07
1.94762e+07
1.94763e+07
1.94764e+07
1.94765e+07
1.94766e+07
1.94767e+07
1.94767e+07
1.94768e+07
1.94769e+07
1.9477e+07
1.94771e+07
1.94771e+07
1.94772e+07
1.94773e+07
1.94773e+07
1.94774e+07
1.94774e+07
1.94775e+07
1.94775e+07
1.94775e+07
1.94776e+07
1.94776e+07
1.94776e+07
1.94776e+07
1.94776e+07
1.94776e+07
1.94776e+07
1.94776e+07
1.94776e+07
1.94776e+07
1.94776e+07
1.94775e+07
1.94775e+07
1.94775e+07
1.94774e+07
1.94774e+07
1.94773e+07
1.94772e+07
1.94772e+07
1.94771e+07
1.9477e+07
1.94769e+07
1.94768e+07
1.94767e+07
1.94766e+07
1.94765e+07
1.94764e+07
1.94763e+07
1.94762e+07
1.94761e+07
1.94759e+07
1.94758e+07
1.94757e+07
1.94755e+07
1.94754e+07
1.94752e+07
1.94751e+07
1.94749e+07
1.94747e+07
1.94746e+07
1.94744e+07
1.94742e+07
1.9474e+07
1.94738e+07
1.94736e+07
1.94735e+07
1.94733e+07
1.94731e+07
1.94729e+07
1.94726e+07
1.94724e+07
1.94722e+07
1.9472e+07
1.94718e+07
1.94716e+07
1.94713e+07
1.94711e+07
1.94709e+07
1.94707e+07
1.94704e+07
1.94702e+07
1.947e+07
1.94697e+07
1.94695e+07
1.94693e+07
1.9469e+07
1.94688e+07
1.94686e+07
1.94683e+07
1.94681e+07
1.94679e+07
1.94676e+07
1.94674e+07
1.94672e+07
1.9467e+07
1.94667e+07
1.94665e+07
1.94663e+07
1.94661e+07
1.94659e+07
1.94657e+07
1.94655e+07
1.94653e+07
1.94651e+07
1.94649e+07
1.94647e+07
1.94645e+07
1.94643e+07
1.94642e+07
1.9464e+07
1.94638e+07
1.94637e+07
1.94635e+07
1.94634e+07
1.94632e+07
1.94631e+07
1.94629e+07
1.94628e+07
1.94627e+07
1.94626e+07
1.94624e+07
1.94623e+07
1.94622e+07
1.94621e+07
1.9462e+07
1.94619e+07
1.94618e+07
1.94617e+07
1.94616e+07
1.94615e+07
1.94614e+07
1.94613e+07
1.94612e+07
1.94611e+07
1.94611e+07
1.9461e+07
1.94609e+07
1.94608e+07
1.94608e+07
1.94607e+07
1.94607e+07
1.94606e+07
1.94606e+07
1.94605e+07
1.94605e+07
1.94605e+07
1.94604e+07
1.94604e+07
1.94604e+07
1.94604e+07
1.94604e+07
1.94603e+07
1.94603e+07
1.94604e+07
1.94604e+07
1.94604e+07
1.94604e+07
1.94604e+07
1.94604e+07
1.94605e+07
1.94605e+07
1.94605e+07
1.94606e+07
1.94606e+07
1.94607e+07
1.94607e+07
1.94608e+07
1.94608e+07
1.94609e+07
1.94609e+07
1.9461e+07
1.94611e+07
1.94611e+07
1.94612e+07
1.94613e+07
1.94613e+07
1.94614e+07
1.94615e+07
1.94615e+07
1.94616e+07
1.94616e+07
1.94617e+07
1.94618e+07
1.94618e+07
1.94619e+07
1.9462e+07
1.9462e+07
1.94621e+07
1.94621e+07
1.94622e+07
1.94622e+07
1.94623e+07
1.94623e+07
1.94624e+07
1.94625e+07
1.94625e+07
1.94626e+07
1.94626e+07
1.94626e+07
1.94627e+07
1.94627e+07
1.94628e+07
1.94628e+07
1.94629e+07
1.94629e+07
1.94629e+07
1.9463e+07
1.9463e+07
1.9463e+07
1.94631e+07
1.94631e+07
1.94631e+07
1.94631e+07
1.94631e+07
1.94632e+07
1.94632e+07
1.94632e+07
1.94632e+07
1.94632e+07
1.94632e+07
1.94632e+07
1.94632e+07
1.94632e+07
1.94632e+07
1.94632e+07
1.94632e+07
1.94632e+07
1.94632e+07
1.94632e+07
1.94632e+07
1.94632e+07
1.94632e+07
1.94632e+07
1.94632e+07
1.94632e+07
1.94631e+07
1.94631e+07
1.94631e+07
1.94631e+07
1.94631e+07
1.94631e+07
1.94631e+07
1.94631e+07
1.94631e+07
1.94631e+07
1.94631e+07
1.9463e+07
1.9463e+07
1.9463e+07
1.9463e+07
1.9463e+07
1.9463e+07
1.9463e+07
1.9463e+07
1.9463e+07
1.94629e+07
1.94629e+07
1.94629e+07
1.94629e+07
1.94629e+07
1.94629e+07
1.94629e+07
1.94628e+07
1.94628e+07
1.94628e+07
1.94628e+07
1.94628e+07
1.94628e+07
1.94627e+07
1.94627e+07
1.94627e+07
1.94627e+07
1.94627e+07
1.94626e+07
1.94626e+07
1.94626e+07
1.94626e+07
1.94626e+07
1.94626e+07
1.94625e+07
1.94625e+07
1.94625e+07
1.94625e+07
1.94625e+07
1.94624e+07
1.94624e+07
1.94624e+07
1.94624e+07
1.94624e+07
1.94624e+07
1.94624e+07
1.94623e+07
1.94623e+07
1.94623e+07
1.94623e+07
1.94623e+07
1.94623e+07
1.94622e+07
1.94622e+07
1.94622e+07
1.94622e+07
1.94622e+07
1.94622e+07
1.94621e+07
1.94621e+07
1.94621e+07
1.94621e+07
1.94621e+07
1.9462e+07
1.9462e+07
1.9462e+07
1.9462e+07
1.9462e+07
1.94619e+07
1.94619e+07
1.94619e+07
1.94619e+07
1.94619e+07
1.94618e+07
1.94618e+07
1.94618e+07
1.94618e+07
1.94618e+07
1.94618e+07
1.94617e+07
1.94617e+07
1.94617e+07
1.94617e+07
1.94617e+07
1.94617e+07
1.94616e+07
1.94616e+07
1.94616e+07
1.94616e+07
)
;

boundaryField
{
    inlet
    {
        type            zeroGradient;
    }
    outlet
    {
        type            uniformTotalPressure;
        rho             none;
        psi             none;
        gamma           1.4364;
        pressure        tableFile;
        pressureCoeffs
        {
            fileName        "$FOAM_RUN/SH5_43mps_MFR_newBC/outlet0.2_42.7mps_fromCapture.dat";
        }
        value           nonuniform List<scalar> 5(1.94616e+07 1.94616e+07 1.94616e+07 1.94616e+07 1.94616e+07);
    }
    sides
    {
        type            empty;
    }
    walls
    {
        type            zeroGradient;
    }
}


// ************************************************************************* //
