/*--------------------------------*- C++ -*----------------------------------*\
| =========                 |                                                 |
| \\      /  F ield         | OpenFOAM: The Open Source CFD Toolbox           |
|  \\    /   O peration     | Version:  3.0.x                                 |
|   \\  /    A nd           | Web:      www.OpenFOAM.org                      |
|    \\/     M anipulation  |                                                 |
\*---------------------------------------------------------------------------*/
FoamFile
{
    version     2.0;
    format      ascii;
    class       volScalarField;
    location    "0.56";
    object      p;
}
// * * * * * * * * * * * * * * * * * * * * * * * * * * * * * * * * * * * * * //

dimensions      [1 -1 -2 0 0 0 0];

internalField   nonuniform List<scalar> 
6900
(
1.90616e+07
1.90621e+07
1.90629e+07
1.90638e+07
1.90646e+07
1.90655e+07
1.90664e+07
1.90674e+07
1.90684e+07
1.90695e+07
1.90706e+07
1.90717e+07
1.90729e+07
1.90741e+07
1.90754e+07
1.90767e+07
1.90781e+07
1.90794e+07
1.90809e+07
1.90823e+07
1.90838e+07
1.90853e+07
1.90869e+07
1.90885e+07
1.90901e+07
1.90918e+07
1.90934e+07
1.90952e+07
1.90969e+07
1.90987e+07
1.91005e+07
1.91023e+07
1.91042e+07
1.91061e+07
1.9108e+07
1.911e+07
1.91119e+07
1.9114e+07
1.9116e+07
1.91181e+07
1.91202e+07
1.91223e+07
1.91245e+07
1.91267e+07
1.91289e+07
1.91312e+07
1.91335e+07
1.91358e+07
1.91382e+07
1.91406e+07
1.9143e+07
1.91454e+07
1.91479e+07
1.91504e+07
1.91529e+07
1.91555e+07
1.9158e+07
1.91606e+07
1.91632e+07
1.91659e+07
1.91686e+07
1.91712e+07
1.9174e+07
1.91767e+07
1.91794e+07
1.91822e+07
1.9185e+07
1.91878e+07
1.91906e+07
1.91934e+07
1.91962e+07
1.91991e+07
1.92019e+07
1.92048e+07
1.92077e+07
1.92106e+07
1.92135e+07
1.92164e+07
1.92193e+07
1.92222e+07
1.92251e+07
1.92281e+07
1.9231e+07
1.92339e+07
1.92369e+07
1.92398e+07
1.92428e+07
1.92458e+07
1.92487e+07
1.92517e+07
1.92547e+07
1.92577e+07
1.92607e+07
1.92636e+07
1.92666e+07
1.92696e+07
1.92726e+07
1.92756e+07
1.92786e+07
1.92816e+07
1.92845e+07
1.92875e+07
1.92905e+07
1.92935e+07
1.92965e+07
1.92994e+07
1.93024e+07
1.93054e+07
1.93083e+07
1.93113e+07
1.93142e+07
1.93172e+07
1.93201e+07
1.9323e+07
1.93259e+07
1.93289e+07
1.93318e+07
1.93346e+07
1.93375e+07
1.93404e+07
1.93433e+07
1.93461e+07
1.9349e+07
1.93518e+07
1.93547e+07
1.93575e+07
1.93603e+07
1.93631e+07
1.93659e+07
1.93687e+07
1.93714e+07
1.93742e+07
1.93769e+07
1.93797e+07
1.93824e+07
1.93851e+07
1.93878e+07
1.93905e+07
1.93932e+07
1.93959e+07
1.93985e+07
1.94012e+07
1.94038e+07
1.94064e+07
1.9409e+07
1.94116e+07
1.94141e+07
1.94167e+07
1.94192e+07
1.94217e+07
1.94242e+07
1.94267e+07
1.94291e+07
1.94316e+07
1.9434e+07
1.94364e+07
1.94388e+07
1.94411e+07
1.94435e+07
1.94458e+07
1.94481e+07
1.94504e+07
1.94527e+07
1.94549e+07
1.94572e+07
1.94594e+07
1.94616e+07
1.94637e+07
1.94659e+07
1.9468e+07
1.94701e+07
1.94722e+07
1.94743e+07
1.94764e+07
1.94784e+07
1.94804e+07
1.94824e+07
1.94844e+07
1.94863e+07
1.94883e+07
1.94902e+07
1.94921e+07
1.94939e+07
1.94958e+07
1.94976e+07
1.94994e+07
1.95011e+07
1.95029e+07
1.95046e+07
1.95063e+07
1.9508e+07
1.95096e+07
1.95113e+07
1.95128e+07
1.95144e+07
1.9516e+07
1.95175e+07
1.9519e+07
1.95205e+07
1.95219e+07
1.90616e+07
1.90621e+07
1.90629e+07
1.90638e+07
1.90646e+07
1.90655e+07
1.90664e+07
1.90674e+07
1.90684e+07
1.90695e+07
1.90706e+07
1.90717e+07
1.90729e+07
1.90741e+07
1.90754e+07
1.90767e+07
1.90781e+07
1.90794e+07
1.90809e+07
1.90823e+07
1.90838e+07
1.90853e+07
1.90869e+07
1.90885e+07
1.90901e+07
1.90918e+07
1.90934e+07
1.90952e+07
1.90969e+07
1.90987e+07
1.91005e+07
1.91023e+07
1.91042e+07
1.91061e+07
1.9108e+07
1.911e+07
1.91119e+07
1.9114e+07
1.9116e+07
1.91181e+07
1.91202e+07
1.91223e+07
1.91245e+07
1.91267e+07
1.91289e+07
1.91312e+07
1.91335e+07
1.91358e+07
1.91382e+07
1.91406e+07
1.9143e+07
1.91454e+07
1.91479e+07
1.91504e+07
1.91529e+07
1.91555e+07
1.9158e+07
1.91606e+07
1.91632e+07
1.91659e+07
1.91686e+07
1.91712e+07
1.9174e+07
1.91767e+07
1.91794e+07
1.91822e+07
1.9185e+07
1.91878e+07
1.91906e+07
1.91934e+07
1.91962e+07
1.91991e+07
1.92019e+07
1.92048e+07
1.92077e+07
1.92106e+07
1.92135e+07
1.92164e+07
1.92193e+07
1.92222e+07
1.92251e+07
1.92281e+07
1.9231e+07
1.92339e+07
1.92369e+07
1.92398e+07
1.92428e+07
1.92458e+07
1.92487e+07
1.92517e+07
1.92547e+07
1.92577e+07
1.92607e+07
1.92636e+07
1.92666e+07
1.92696e+07
1.92726e+07
1.92756e+07
1.92786e+07
1.92816e+07
1.92845e+07
1.92875e+07
1.92905e+07
1.92935e+07
1.92965e+07
1.92994e+07
1.93024e+07
1.93054e+07
1.93083e+07
1.93113e+07
1.93142e+07
1.93172e+07
1.93201e+07
1.9323e+07
1.93259e+07
1.93289e+07
1.93318e+07
1.93346e+07
1.93375e+07
1.93404e+07
1.93433e+07
1.93461e+07
1.9349e+07
1.93518e+07
1.93547e+07
1.93575e+07
1.93603e+07
1.93631e+07
1.93659e+07
1.93687e+07
1.93714e+07
1.93742e+07
1.93769e+07
1.93797e+07
1.93824e+07
1.93851e+07
1.93878e+07
1.93905e+07
1.93932e+07
1.93959e+07
1.93985e+07
1.94012e+07
1.94038e+07
1.94064e+07
1.9409e+07
1.94116e+07
1.94141e+07
1.94167e+07
1.94192e+07
1.94217e+07
1.94242e+07
1.94267e+07
1.94291e+07
1.94316e+07
1.9434e+07
1.94364e+07
1.94388e+07
1.94411e+07
1.94435e+07
1.94458e+07
1.94481e+07
1.94504e+07
1.94527e+07
1.94549e+07
1.94572e+07
1.94594e+07
1.94616e+07
1.94637e+07
1.94659e+07
1.9468e+07
1.94701e+07
1.94722e+07
1.94743e+07
1.94764e+07
1.94784e+07
1.94804e+07
1.94824e+07
1.94844e+07
1.94863e+07
1.94883e+07
1.94902e+07
1.94921e+07
1.94939e+07
1.94958e+07
1.94976e+07
1.94994e+07
1.95011e+07
1.95029e+07
1.95046e+07
1.95063e+07
1.9508e+07
1.95096e+07
1.95113e+07
1.95128e+07
1.95144e+07
1.9516e+07
1.95175e+07
1.9519e+07
1.95205e+07
1.95219e+07
1.90616e+07
1.90621e+07
1.90629e+07
1.90638e+07
1.90646e+07
1.90655e+07
1.90664e+07
1.90674e+07
1.90684e+07
1.90695e+07
1.90706e+07
1.90717e+07
1.90729e+07
1.90741e+07
1.90754e+07
1.90767e+07
1.90781e+07
1.90794e+07
1.90809e+07
1.90823e+07
1.90838e+07
1.90853e+07
1.90869e+07
1.90885e+07
1.90901e+07
1.90918e+07
1.90934e+07
1.90952e+07
1.90969e+07
1.90987e+07
1.91005e+07
1.91023e+07
1.91042e+07
1.91061e+07
1.9108e+07
1.911e+07
1.91119e+07
1.9114e+07
1.9116e+07
1.91181e+07
1.91202e+07
1.91223e+07
1.91245e+07
1.91267e+07
1.91289e+07
1.91312e+07
1.91335e+07
1.91358e+07
1.91382e+07
1.91406e+07
1.9143e+07
1.91454e+07
1.91479e+07
1.91504e+07
1.91529e+07
1.91555e+07
1.9158e+07
1.91606e+07
1.91632e+07
1.91659e+07
1.91686e+07
1.91712e+07
1.9174e+07
1.91767e+07
1.91794e+07
1.91822e+07
1.9185e+07
1.91878e+07
1.91906e+07
1.91934e+07
1.91962e+07
1.91991e+07
1.92019e+07
1.92048e+07
1.92077e+07
1.92106e+07
1.92135e+07
1.92164e+07
1.92193e+07
1.92222e+07
1.92251e+07
1.92281e+07
1.9231e+07
1.92339e+07
1.92369e+07
1.92398e+07
1.92428e+07
1.92458e+07
1.92487e+07
1.92517e+07
1.92547e+07
1.92577e+07
1.92607e+07
1.92636e+07
1.92666e+07
1.92696e+07
1.92726e+07
1.92756e+07
1.92786e+07
1.92816e+07
1.92845e+07
1.92875e+07
1.92905e+07
1.92935e+07
1.92965e+07
1.92994e+07
1.93024e+07
1.93054e+07
1.93083e+07
1.93113e+07
1.93142e+07
1.93172e+07
1.93201e+07
1.9323e+07
1.93259e+07
1.93289e+07
1.93318e+07
1.93346e+07
1.93375e+07
1.93404e+07
1.93433e+07
1.93461e+07
1.9349e+07
1.93518e+07
1.93547e+07
1.93575e+07
1.93603e+07
1.93631e+07
1.93659e+07
1.93687e+07
1.93714e+07
1.93742e+07
1.93769e+07
1.93797e+07
1.93824e+07
1.93851e+07
1.93878e+07
1.93905e+07
1.93932e+07
1.93959e+07
1.93985e+07
1.94012e+07
1.94038e+07
1.94064e+07
1.9409e+07
1.94116e+07
1.94141e+07
1.94167e+07
1.94192e+07
1.94217e+07
1.94242e+07
1.94267e+07
1.94291e+07
1.94316e+07
1.9434e+07
1.94364e+07
1.94388e+07
1.94411e+07
1.94435e+07
1.94458e+07
1.94481e+07
1.94504e+07
1.94527e+07
1.94549e+07
1.94572e+07
1.94594e+07
1.94616e+07
1.94637e+07
1.94659e+07
1.9468e+07
1.94701e+07
1.94722e+07
1.94743e+07
1.94764e+07
1.94784e+07
1.94804e+07
1.94824e+07
1.94844e+07
1.94863e+07
1.94883e+07
1.94902e+07
1.94921e+07
1.94939e+07
1.94958e+07
1.94976e+07
1.94994e+07
1.95011e+07
1.95029e+07
1.95046e+07
1.95063e+07
1.9508e+07
1.95096e+07
1.95113e+07
1.95128e+07
1.95144e+07
1.9516e+07
1.95175e+07
1.9519e+07
1.95205e+07
1.95219e+07
1.90616e+07
1.90621e+07
1.90629e+07
1.90638e+07
1.90646e+07
1.90655e+07
1.90664e+07
1.90674e+07
1.90684e+07
1.90695e+07
1.90706e+07
1.90717e+07
1.90729e+07
1.90741e+07
1.90754e+07
1.90767e+07
1.90781e+07
1.90794e+07
1.90809e+07
1.90823e+07
1.90838e+07
1.90853e+07
1.90869e+07
1.90885e+07
1.90901e+07
1.90918e+07
1.90934e+07
1.90952e+07
1.90969e+07
1.90987e+07
1.91005e+07
1.91023e+07
1.91042e+07
1.91061e+07
1.9108e+07
1.911e+07
1.91119e+07
1.9114e+07
1.9116e+07
1.91181e+07
1.91202e+07
1.91223e+07
1.91245e+07
1.91267e+07
1.91289e+07
1.91312e+07
1.91335e+07
1.91358e+07
1.91382e+07
1.91406e+07
1.9143e+07
1.91454e+07
1.91479e+07
1.91504e+07
1.91529e+07
1.91555e+07
1.9158e+07
1.91606e+07
1.91632e+07
1.91659e+07
1.91686e+07
1.91712e+07
1.9174e+07
1.91767e+07
1.91794e+07
1.91822e+07
1.9185e+07
1.91878e+07
1.91906e+07
1.91934e+07
1.91962e+07
1.91991e+07
1.92019e+07
1.92048e+07
1.92077e+07
1.92106e+07
1.92135e+07
1.92164e+07
1.92193e+07
1.92222e+07
1.92251e+07
1.92281e+07
1.9231e+07
1.92339e+07
1.92369e+07
1.92398e+07
1.92428e+07
1.92458e+07
1.92487e+07
1.92517e+07
1.92547e+07
1.92577e+07
1.92607e+07
1.92636e+07
1.92666e+07
1.92696e+07
1.92726e+07
1.92756e+07
1.92786e+07
1.92816e+07
1.92845e+07
1.92875e+07
1.92905e+07
1.92935e+07
1.92965e+07
1.92994e+07
1.93024e+07
1.93054e+07
1.93083e+07
1.93113e+07
1.93142e+07
1.93172e+07
1.93201e+07
1.9323e+07
1.93259e+07
1.93289e+07
1.93318e+07
1.93346e+07
1.93375e+07
1.93404e+07
1.93433e+07
1.93461e+07
1.9349e+07
1.93518e+07
1.93547e+07
1.93575e+07
1.93603e+07
1.93631e+07
1.93659e+07
1.93687e+07
1.93714e+07
1.93742e+07
1.93769e+07
1.93797e+07
1.93824e+07
1.93851e+07
1.93878e+07
1.93905e+07
1.93932e+07
1.93959e+07
1.93985e+07
1.94012e+07
1.94038e+07
1.94064e+07
1.9409e+07
1.94116e+07
1.94141e+07
1.94167e+07
1.94192e+07
1.94217e+07
1.94242e+07
1.94267e+07
1.94291e+07
1.94316e+07
1.9434e+07
1.94364e+07
1.94388e+07
1.94411e+07
1.94435e+07
1.94458e+07
1.94481e+07
1.94504e+07
1.94527e+07
1.94549e+07
1.94572e+07
1.94594e+07
1.94616e+07
1.94637e+07
1.94659e+07
1.9468e+07
1.94701e+07
1.94722e+07
1.94743e+07
1.94764e+07
1.94784e+07
1.94804e+07
1.94824e+07
1.94844e+07
1.94863e+07
1.94883e+07
1.94902e+07
1.94921e+07
1.94939e+07
1.94958e+07
1.94976e+07
1.94994e+07
1.95011e+07
1.95029e+07
1.95046e+07
1.95063e+07
1.9508e+07
1.95096e+07
1.95113e+07
1.95128e+07
1.95144e+07
1.9516e+07
1.95175e+07
1.9519e+07
1.95205e+07
1.95219e+07
1.90616e+07
1.90621e+07
1.90629e+07
1.90638e+07
1.90646e+07
1.90655e+07
1.90664e+07
1.90674e+07
1.90684e+07
1.90695e+07
1.90706e+07
1.90717e+07
1.90729e+07
1.90741e+07
1.90754e+07
1.90767e+07
1.90781e+07
1.90794e+07
1.90809e+07
1.90823e+07
1.90838e+07
1.90853e+07
1.90869e+07
1.90885e+07
1.90901e+07
1.90918e+07
1.90934e+07
1.90952e+07
1.90969e+07
1.90987e+07
1.91005e+07
1.91023e+07
1.91042e+07
1.91061e+07
1.9108e+07
1.911e+07
1.91119e+07
1.9114e+07
1.9116e+07
1.91181e+07
1.91202e+07
1.91223e+07
1.91245e+07
1.91267e+07
1.91289e+07
1.91312e+07
1.91335e+07
1.91358e+07
1.91382e+07
1.91406e+07
1.9143e+07
1.91454e+07
1.91479e+07
1.91504e+07
1.91529e+07
1.91555e+07
1.9158e+07
1.91606e+07
1.91632e+07
1.91659e+07
1.91686e+07
1.91712e+07
1.9174e+07
1.91767e+07
1.91794e+07
1.91822e+07
1.9185e+07
1.91878e+07
1.91906e+07
1.91934e+07
1.91962e+07
1.91991e+07
1.92019e+07
1.92048e+07
1.92077e+07
1.92106e+07
1.92135e+07
1.92164e+07
1.92193e+07
1.92222e+07
1.92251e+07
1.92281e+07
1.9231e+07
1.92339e+07
1.92369e+07
1.92398e+07
1.92428e+07
1.92458e+07
1.92487e+07
1.92517e+07
1.92547e+07
1.92577e+07
1.92607e+07
1.92636e+07
1.92666e+07
1.92696e+07
1.92726e+07
1.92756e+07
1.92786e+07
1.92816e+07
1.92845e+07
1.92875e+07
1.92905e+07
1.92935e+07
1.92965e+07
1.92994e+07
1.93024e+07
1.93054e+07
1.93083e+07
1.93113e+07
1.93142e+07
1.93172e+07
1.93201e+07
1.9323e+07
1.93259e+07
1.93289e+07
1.93318e+07
1.93346e+07
1.93375e+07
1.93404e+07
1.93433e+07
1.93461e+07
1.9349e+07
1.93518e+07
1.93547e+07
1.93575e+07
1.93603e+07
1.93631e+07
1.93659e+07
1.93687e+07
1.93714e+07
1.93742e+07
1.93769e+07
1.93797e+07
1.93824e+07
1.93851e+07
1.93878e+07
1.93905e+07
1.93932e+07
1.93959e+07
1.93985e+07
1.94012e+07
1.94038e+07
1.94064e+07
1.9409e+07
1.94116e+07
1.94141e+07
1.94167e+07
1.94192e+07
1.94217e+07
1.94242e+07
1.94267e+07
1.94291e+07
1.94316e+07
1.9434e+07
1.94364e+07
1.94388e+07
1.94411e+07
1.94435e+07
1.94458e+07
1.94481e+07
1.94504e+07
1.94527e+07
1.94549e+07
1.94572e+07
1.94594e+07
1.94616e+07
1.94637e+07
1.94659e+07
1.9468e+07
1.94701e+07
1.94722e+07
1.94743e+07
1.94764e+07
1.94784e+07
1.94804e+07
1.94824e+07
1.94844e+07
1.94863e+07
1.94883e+07
1.94902e+07
1.94921e+07
1.94939e+07
1.94958e+07
1.94976e+07
1.94994e+07
1.95011e+07
1.95029e+07
1.95046e+07
1.95063e+07
1.9508e+07
1.95096e+07
1.95113e+07
1.95128e+07
1.95144e+07
1.9516e+07
1.95175e+07
1.9519e+07
1.95205e+07
1.95219e+07
1.95228e+07
1.95231e+07
1.95235e+07
1.95238e+07
1.9524e+07
1.95243e+07
1.95247e+07
1.95251e+07
1.95256e+07
1.95259e+07
1.95259e+07
1.95259e+07
1.95261e+07
1.95264e+07
1.95266e+07
1.95268e+07
1.95273e+07
1.95278e+07
1.95282e+07
1.95286e+07
1.95228e+07
1.95231e+07
1.95234e+07
1.95237e+07
1.9524e+07
1.95243e+07
1.95247e+07
1.95251e+07
1.95255e+07
1.95258e+07
1.95258e+07
1.95258e+07
1.9526e+07
1.95263e+07
1.95265e+07
1.95268e+07
1.95273e+07
1.95277e+07
1.95281e+07
1.95284e+07
1.95227e+07
1.9523e+07
1.95233e+07
1.95235e+07
1.95238e+07
1.9524e+07
1.95242e+07
1.95244e+07
1.95246e+07
1.95248e+07
1.9525e+07
1.95252e+07
1.95254e+07
1.95256e+07
1.95258e+07
1.95259e+07
1.9526e+07
1.95262e+07
1.95263e+07
1.95265e+07
1.95228e+07
1.9523e+07
1.95232e+07
1.95234e+07
1.95236e+07
1.95238e+07
1.95239e+07
1.95241e+07
1.95242e+07
1.95244e+07
1.95245e+07
1.95247e+07
1.95249e+07
1.9525e+07
1.95252e+07
1.95254e+07
1.95255e+07
1.95257e+07
1.95258e+07
1.95259e+07
1.95228e+07
1.95229e+07
1.95231e+07
1.95233e+07
1.95235e+07
1.95236e+07
1.95238e+07
1.95239e+07
1.95241e+07
1.95242e+07
1.95244e+07
1.95245e+07
1.95247e+07
1.95248e+07
1.9525e+07
1.95251e+07
1.95253e+07
1.95254e+07
1.95255e+07
1.95256e+07
1.95289e+07
1.95287e+07
1.95297e+07
1.95321e+07
1.9533e+07
1.95323e+07
1.95331e+07
1.95357e+07
1.95363e+07
1.95356e+07
1.95366e+07
1.95404e+07
1.95406e+07
1.95387e+07
1.95393e+07
1.95411e+07
1.9547e+07
1.95472e+07
1.9543e+07
1.95426e+07
1.95441e+07
1.95464e+07
1.95542e+07
1.95524e+07
1.95468e+07
1.95463e+07
1.95483e+07
1.9553e+07
1.95559e+07
1.95515e+07
1.95492e+07
1.95495e+07
1.955e+07
1.95506e+07
1.95511e+07
1.95517e+07
1.95522e+07
1.95529e+07
1.95537e+07
1.95556e+07
1.95618e+07
1.9564e+07
1.95581e+07
1.95558e+07
1.9556e+07
1.95563e+07
1.95567e+07
1.95571e+07
1.95575e+07
1.95579e+07
1.95583e+07
1.95587e+07
1.9559e+07
1.95594e+07
1.95597e+07
1.956e+07
1.95603e+07
1.95606e+07
1.95609e+07
1.95612e+07
1.95615e+07
1.95617e+07
1.9562e+07
1.95623e+07
1.95625e+07
1.95628e+07
1.9563e+07
1.95633e+07
1.95635e+07
1.95638e+07
1.9564e+07
1.95643e+07
1.95645e+07
1.95648e+07
1.9565e+07
1.95652e+07
1.95654e+07
1.95656e+07
1.95658e+07
1.9566e+07
1.95662e+07
1.95664e+07
1.95666e+07
1.95668e+07
1.9567e+07
1.95672e+07
1.95673e+07
1.95675e+07
1.95678e+07
1.9568e+07
1.95684e+07
1.95689e+07
1.95698e+07
1.9572e+07
1.9573e+07
1.95713e+07
1.95696e+07
1.95695e+07
1.95697e+07
1.957e+07
1.95703e+07
1.95707e+07
1.9571e+07
1.95713e+07
1.95716e+07
1.95719e+07
1.95722e+07
1.95724e+07
1.95727e+07
1.95729e+07
1.95731e+07
1.95734e+07
1.95736e+07
1.95739e+07
1.95741e+07
1.95743e+07
1.95745e+07
1.95747e+07
1.95749e+07
1.95751e+07
1.95752e+07
1.95753e+07
1.95755e+07
1.95756e+07
1.95758e+07
1.95759e+07
1.9576e+07
1.95762e+07
1.95763e+07
1.95764e+07
1.95766e+07
1.95767e+07
1.95769e+07
1.9577e+07
1.95771e+07
1.95772e+07
1.95774e+07
1.95775e+07
1.95776e+07
1.95777e+07
1.95778e+07
1.95779e+07
1.9578e+07
1.95781e+07
1.95782e+07
1.95783e+07
1.95784e+07
1.95785e+07
1.95785e+07
1.95786e+07
1.95787e+07
1.95788e+07
1.95788e+07
1.95789e+07
1.9579e+07
1.95791e+07
1.95791e+07
1.95792e+07
1.95793e+07
1.95794e+07
1.95794e+07
1.95795e+07
1.95796e+07
1.95796e+07
1.95797e+07
1.95798e+07
1.95798e+07
1.95799e+07
1.958e+07
1.958e+07
1.95801e+07
1.95802e+07
1.95803e+07
1.95803e+07
1.95804e+07
1.95805e+07
1.95805e+07
1.95806e+07
1.95806e+07
1.95807e+07
1.95808e+07
1.95808e+07
1.95809e+07
1.95809e+07
1.9581e+07
1.9581e+07
1.95811e+07
1.95811e+07
1.95811e+07
1.95811e+07
1.95812e+07
1.95812e+07
1.95812e+07
1.95812e+07
1.95812e+07
1.95812e+07
1.95812e+07
1.95812e+07
1.95812e+07
1.95811e+07
1.95288e+07
1.95287e+07
1.95297e+07
1.95321e+07
1.9533e+07
1.95323e+07
1.95331e+07
1.95357e+07
1.95363e+07
1.95356e+07
1.95366e+07
1.95404e+07
1.95406e+07
1.95387e+07
1.95393e+07
1.95411e+07
1.9547e+07
1.95472e+07
1.9543e+07
1.95426e+07
1.95441e+07
1.95463e+07
1.95541e+07
1.95524e+07
1.95468e+07
1.95463e+07
1.95483e+07
1.9553e+07
1.95559e+07
1.95515e+07
1.95492e+07
1.95495e+07
1.955e+07
1.95506e+07
1.95511e+07
1.95517e+07
1.95522e+07
1.95529e+07
1.95537e+07
1.95555e+07
1.95618e+07
1.9564e+07
1.95581e+07
1.95558e+07
1.9556e+07
1.95563e+07
1.95567e+07
1.95571e+07
1.95575e+07
1.95579e+07
1.95583e+07
1.95587e+07
1.9559e+07
1.95594e+07
1.95597e+07
1.956e+07
1.95603e+07
1.95606e+07
1.95609e+07
1.95612e+07
1.95615e+07
1.95617e+07
1.9562e+07
1.95623e+07
1.95625e+07
1.95628e+07
1.9563e+07
1.95633e+07
1.95635e+07
1.95638e+07
1.9564e+07
1.95643e+07
1.95645e+07
1.95648e+07
1.9565e+07
1.95652e+07
1.95654e+07
1.95656e+07
1.95658e+07
1.9566e+07
1.95662e+07
1.95664e+07
1.95666e+07
1.95668e+07
1.9567e+07
1.95672e+07
1.95673e+07
1.95675e+07
1.95678e+07
1.9568e+07
1.95684e+07
1.95689e+07
1.95698e+07
1.9572e+07
1.9573e+07
1.95713e+07
1.95696e+07
1.95695e+07
1.95697e+07
1.957e+07
1.95703e+07
1.95707e+07
1.9571e+07
1.95713e+07
1.95716e+07
1.95719e+07
1.95722e+07
1.95724e+07
1.95727e+07
1.95729e+07
1.95731e+07
1.95734e+07
1.95736e+07
1.95739e+07
1.95741e+07
1.95743e+07
1.95745e+07
1.95747e+07
1.95749e+07
1.95751e+07
1.95752e+07
1.95753e+07
1.95755e+07
1.95756e+07
1.95758e+07
1.95759e+07
1.9576e+07
1.95762e+07
1.95763e+07
1.95764e+07
1.95766e+07
1.95767e+07
1.95769e+07
1.9577e+07
1.95771e+07
1.95772e+07
1.95774e+07
1.95775e+07
1.95776e+07
1.95777e+07
1.95778e+07
1.95779e+07
1.9578e+07
1.95781e+07
1.95782e+07
1.95783e+07
1.95784e+07
1.95785e+07
1.95785e+07
1.95786e+07
1.95787e+07
1.95788e+07
1.95788e+07
1.95789e+07
1.9579e+07
1.95791e+07
1.95791e+07
1.95792e+07
1.95793e+07
1.95794e+07
1.95794e+07
1.95795e+07
1.95796e+07
1.95796e+07
1.95797e+07
1.95798e+07
1.95798e+07
1.95799e+07
1.958e+07
1.958e+07
1.95801e+07
1.95802e+07
1.95803e+07
1.95803e+07
1.95804e+07
1.95805e+07
1.95805e+07
1.95806e+07
1.95806e+07
1.95807e+07
1.95808e+07
1.95808e+07
1.95809e+07
1.95809e+07
1.9581e+07
1.9581e+07
1.95811e+07
1.95811e+07
1.95811e+07
1.95811e+07
1.95812e+07
1.95812e+07
1.95812e+07
1.95812e+07
1.95812e+07
1.95812e+07
1.95812e+07
1.95812e+07
1.95812e+07
1.95811e+07
1.95268e+07
1.95282e+07
1.95293e+07
1.95301e+07
1.95307e+07
1.95317e+07
1.95327e+07
1.95334e+07
1.95341e+07
1.9535e+07
1.9536e+07
1.95366e+07
1.9537e+07
1.95378e+07
1.95389e+07
1.95401e+07
1.95403e+07
1.95404e+07
1.95411e+07
1.95421e+07
1.95435e+07
1.95446e+07
1.95439e+07
1.95437e+07
1.95445e+07
1.95454e+07
1.95474e+07
1.95478e+07
1.95473e+07
1.95478e+07
1.95485e+07
1.95492e+07
1.95499e+07
1.95506e+07
1.95511e+07
1.95517e+07
1.95522e+07
1.95528e+07
1.95533e+07
1.95545e+07
1.95546e+07
1.95541e+07
1.95545e+07
1.95551e+07
1.95557e+07
1.95562e+07
1.95567e+07
1.95571e+07
1.95575e+07
1.95579e+07
1.95583e+07
1.95587e+07
1.9559e+07
1.95594e+07
1.95597e+07
1.956e+07
1.95603e+07
1.95606e+07
1.95609e+07
1.95612e+07
1.95615e+07
1.95617e+07
1.9562e+07
1.95623e+07
1.95625e+07
1.95628e+07
1.9563e+07
1.95633e+07
1.95636e+07
1.95638e+07
1.95641e+07
1.95643e+07
1.95645e+07
1.95648e+07
1.9565e+07
1.95652e+07
1.95654e+07
1.95657e+07
1.95659e+07
1.95661e+07
1.95663e+07
1.95665e+07
1.95667e+07
1.95669e+07
1.95671e+07
1.95673e+07
1.95675e+07
1.95677e+07
1.95679e+07
1.95681e+07
1.95684e+07
1.95688e+07
1.95694e+07
1.95693e+07
1.9569e+07
1.95689e+07
1.95692e+07
1.95695e+07
1.95698e+07
1.95701e+07
1.95705e+07
1.95708e+07
1.95711e+07
1.95714e+07
1.95717e+07
1.9572e+07
1.95723e+07
1.95725e+07
1.95727e+07
1.95729e+07
1.95732e+07
1.95734e+07
1.95737e+07
1.95739e+07
1.95741e+07
1.95743e+07
1.95745e+07
1.95747e+07
1.95749e+07
1.9575e+07
1.95752e+07
1.95753e+07
1.95755e+07
1.95756e+07
1.95758e+07
1.95759e+07
1.9576e+07
1.95762e+07
1.95763e+07
1.95764e+07
1.95766e+07
1.95767e+07
1.95769e+07
1.9577e+07
1.95771e+07
1.95772e+07
1.95774e+07
1.95775e+07
1.95776e+07
1.95777e+07
1.95778e+07
1.95779e+07
1.9578e+07
1.95781e+07
1.95782e+07
1.95783e+07
1.95784e+07
1.95785e+07
1.95785e+07
1.95786e+07
1.95787e+07
1.95788e+07
1.95788e+07
1.95789e+07
1.9579e+07
1.95791e+07
1.95791e+07
1.95792e+07
1.95793e+07
1.95794e+07
1.95794e+07
1.95795e+07
1.95796e+07
1.95796e+07
1.95797e+07
1.95798e+07
1.95798e+07
1.95799e+07
1.958e+07
1.958e+07
1.95801e+07
1.95802e+07
1.95803e+07
1.95803e+07
1.95804e+07
1.95805e+07
1.95805e+07
1.95806e+07
1.95806e+07
1.95807e+07
1.95808e+07
1.95808e+07
1.95809e+07
1.95809e+07
1.9581e+07
1.9581e+07
1.95811e+07
1.95811e+07
1.95811e+07
1.95811e+07
1.95812e+07
1.95812e+07
1.95812e+07
1.95812e+07
1.95812e+07
1.95812e+07
1.95812e+07
1.95812e+07
1.95812e+07
1.95812e+07
1.95262e+07
1.95274e+07
1.95284e+07
1.95292e+07
1.953e+07
1.95308e+07
1.95318e+07
1.95326e+07
1.95333e+07
1.95342e+07
1.95352e+07
1.95359e+07
1.95365e+07
1.95374e+07
1.95384e+07
1.95393e+07
1.95399e+07
1.95403e+07
1.95411e+07
1.95421e+07
1.95431e+07
1.95438e+07
1.95438e+07
1.95439e+07
1.95445e+07
1.95457e+07
1.95467e+07
1.95473e+07
1.95474e+07
1.95477e+07
1.95483e+07
1.9549e+07
1.95497e+07
1.95503e+07
1.95509e+07
1.95515e+07
1.95522e+07
1.95529e+07
1.95536e+07
1.95541e+07
1.95545e+07
1.95544e+07
1.95544e+07
1.9555e+07
1.95556e+07
1.95561e+07
1.95566e+07
1.9557e+07
1.95574e+07
1.95578e+07
1.95582e+07
1.95586e+07
1.9559e+07
1.95593e+07
1.95597e+07
1.956e+07
1.95603e+07
1.95606e+07
1.95609e+07
1.95612e+07
1.95615e+07
1.95617e+07
1.9562e+07
1.95623e+07
1.95625e+07
1.95628e+07
1.95631e+07
1.95633e+07
1.95636e+07
1.95638e+07
1.95641e+07
1.95643e+07
1.95645e+07
1.95648e+07
1.9565e+07
1.95652e+07
1.95655e+07
1.95657e+07
1.95659e+07
1.95661e+07
1.95663e+07
1.95665e+07
1.95667e+07
1.95669e+07
1.95671e+07
1.95674e+07
1.95676e+07
1.95678e+07
1.95681e+07
1.95684e+07
1.95688e+07
1.95691e+07
1.95694e+07
1.95694e+07
1.95693e+07
1.95691e+07
1.95693e+07
1.95696e+07
1.957e+07
1.95703e+07
1.95706e+07
1.95709e+07
1.95712e+07
1.95715e+07
1.95718e+07
1.9572e+07
1.95723e+07
1.95725e+07
1.95727e+07
1.9573e+07
1.95732e+07
1.95734e+07
1.95737e+07
1.95739e+07
1.95741e+07
1.95743e+07
1.95745e+07
1.95747e+07
1.95749e+07
1.9575e+07
1.95752e+07
1.95753e+07
1.95755e+07
1.95756e+07
1.95758e+07
1.95759e+07
1.9576e+07
1.95762e+07
1.95763e+07
1.95764e+07
1.95766e+07
1.95767e+07
1.95769e+07
1.9577e+07
1.95771e+07
1.95772e+07
1.95774e+07
1.95775e+07
1.95776e+07
1.95777e+07
1.95778e+07
1.95779e+07
1.9578e+07
1.95781e+07
1.95782e+07
1.95783e+07
1.95784e+07
1.95785e+07
1.95785e+07
1.95786e+07
1.95787e+07
1.95788e+07
1.95788e+07
1.95789e+07
1.9579e+07
1.95791e+07
1.95791e+07
1.95792e+07
1.95793e+07
1.95794e+07
1.95794e+07
1.95795e+07
1.95796e+07
1.95796e+07
1.95797e+07
1.95798e+07
1.95798e+07
1.95799e+07
1.958e+07
1.958e+07
1.95801e+07
1.95802e+07
1.95803e+07
1.95803e+07
1.95804e+07
1.95805e+07
1.95805e+07
1.95806e+07
1.95806e+07
1.95807e+07
1.95808e+07
1.95808e+07
1.95809e+07
1.95809e+07
1.9581e+07
1.9581e+07
1.95811e+07
1.95811e+07
1.95811e+07
1.95811e+07
1.95812e+07
1.95812e+07
1.95812e+07
1.95812e+07
1.95812e+07
1.95812e+07
1.95812e+07
1.95812e+07
1.95812e+07
1.95812e+07
1.95262e+07
1.95274e+07
1.95284e+07
1.95292e+07
1.953e+07
1.95308e+07
1.95318e+07
1.95326e+07
1.95334e+07
1.95342e+07
1.95351e+07
1.95359e+07
1.95365e+07
1.95374e+07
1.95384e+07
1.95393e+07
1.95399e+07
1.95403e+07
1.95411e+07
1.95421e+07
1.95431e+07
1.95437e+07
1.95438e+07
1.95439e+07
1.95445e+07
1.95457e+07
1.95467e+07
1.95473e+07
1.95473e+07
1.95477e+07
1.95483e+07
1.9549e+07
1.95497e+07
1.95503e+07
1.95509e+07
1.95515e+07
1.95522e+07
1.95529e+07
1.95536e+07
1.95541e+07
1.95545e+07
1.95544e+07
1.95544e+07
1.9555e+07
1.95556e+07
1.95561e+07
1.95566e+07
1.9557e+07
1.95574e+07
1.95578e+07
1.95582e+07
1.95586e+07
1.9559e+07
1.95593e+07
1.95597e+07
1.956e+07
1.95603e+07
1.95606e+07
1.95609e+07
1.95612e+07
1.95615e+07
1.95617e+07
1.9562e+07
1.95623e+07
1.95625e+07
1.95628e+07
1.95631e+07
1.95633e+07
1.95636e+07
1.95638e+07
1.95641e+07
1.95643e+07
1.95645e+07
1.95648e+07
1.9565e+07
1.95652e+07
1.95655e+07
1.95657e+07
1.95659e+07
1.95661e+07
1.95663e+07
1.95665e+07
1.95667e+07
1.95669e+07
1.95671e+07
1.95674e+07
1.95676e+07
1.95678e+07
1.95681e+07
1.95684e+07
1.95688e+07
1.95691e+07
1.95693e+07
1.95694e+07
1.95693e+07
1.95691e+07
1.95693e+07
1.95696e+07
1.957e+07
1.95703e+07
1.95706e+07
1.95709e+07
1.95712e+07
1.95715e+07
1.95718e+07
1.9572e+07
1.95723e+07
1.95725e+07
1.95727e+07
1.9573e+07
1.95732e+07
1.95734e+07
1.95737e+07
1.95739e+07
1.95741e+07
1.95743e+07
1.95745e+07
1.95747e+07
1.95749e+07
1.9575e+07
1.95752e+07
1.95753e+07
1.95755e+07
1.95756e+07
1.95758e+07
1.95759e+07
1.9576e+07
1.95762e+07
1.95763e+07
1.95764e+07
1.95766e+07
1.95767e+07
1.95769e+07
1.9577e+07
1.95771e+07
1.95772e+07
1.95774e+07
1.95775e+07
1.95776e+07
1.95777e+07
1.95778e+07
1.95779e+07
1.9578e+07
1.95781e+07
1.95782e+07
1.95783e+07
1.95784e+07
1.95785e+07
1.95785e+07
1.95786e+07
1.95787e+07
1.95788e+07
1.95788e+07
1.95789e+07
1.9579e+07
1.95791e+07
1.95791e+07
1.95792e+07
1.95793e+07
1.95794e+07
1.95794e+07
1.95795e+07
1.95796e+07
1.95796e+07
1.95797e+07
1.95798e+07
1.95798e+07
1.95799e+07
1.958e+07
1.958e+07
1.95801e+07
1.95802e+07
1.95803e+07
1.95803e+07
1.95804e+07
1.95805e+07
1.95805e+07
1.95806e+07
1.95806e+07
1.95807e+07
1.95808e+07
1.95808e+07
1.95809e+07
1.95809e+07
1.9581e+07
1.9581e+07
1.95811e+07
1.95811e+07
1.95811e+07
1.95811e+07
1.95812e+07
1.95812e+07
1.95812e+07
1.95812e+07
1.95812e+07
1.95812e+07
1.95812e+07
1.95812e+07
1.95812e+07
1.95812e+07
1.95811e+07
1.95811e+07
1.95811e+07
1.95811e+07
1.9581e+07
1.9581e+07
1.9581e+07
1.9581e+07
1.95809e+07
1.95809e+07
1.95809e+07
1.95809e+07
1.95808e+07
1.95808e+07
1.95808e+07
1.95807e+07
1.95807e+07
1.95807e+07
1.95807e+07
1.95806e+07
1.95811e+07
1.95811e+07
1.95811e+07
1.95811e+07
1.95811e+07
1.9581e+07
1.9581e+07
1.9581e+07
1.9581e+07
1.95809e+07
1.95809e+07
1.95809e+07
1.95809e+07
1.95809e+07
1.95808e+07
1.95808e+07
1.95808e+07
1.95808e+07
1.95807e+07
1.95807e+07
1.95811e+07
1.95811e+07
1.95811e+07
1.95811e+07
1.95811e+07
1.95811e+07
1.95811e+07
1.95811e+07
1.95811e+07
1.9581e+07
1.9581e+07
1.9581e+07
1.9581e+07
1.95809e+07
1.95809e+07
1.95809e+07
1.95808e+07
1.95808e+07
1.95808e+07
1.95808e+07
1.95812e+07
1.95812e+07
1.95812e+07
1.95812e+07
1.95812e+07
1.95812e+07
1.95812e+07
1.95812e+07
1.95812e+07
1.95812e+07
1.95812e+07
1.95812e+07
1.95813e+07
1.95813e+07
1.95814e+07
1.95814e+07
1.95812e+07
1.9581e+07
1.95809e+07
1.9581e+07
1.95812e+07
1.95812e+07
1.95812e+07
1.95812e+07
1.95812e+07
1.95812e+07
1.95812e+07
1.95812e+07
1.95812e+07
1.95812e+07
1.95812e+07
1.95812e+07
1.95813e+07
1.95814e+07
1.95815e+07
1.95815e+07
1.95813e+07
1.95811e+07
1.9581e+07
1.9581e+07
1.95806e+07
1.95805e+07
1.95803e+07
1.95802e+07
1.95801e+07
1.95801e+07
1.95799e+07
1.95797e+07
1.95796e+07
1.95796e+07
1.95795e+07
1.95793e+07
1.95792e+07
1.95793e+07
1.95793e+07
1.9579e+07
1.95787e+07
1.95787e+07
1.9579e+07
1.9579e+07
1.95787e+07
1.95783e+07
1.95781e+07
1.95784e+07
1.95788e+07
1.95787e+07
1.95784e+07
1.95779e+07
1.95776e+07
1.95779e+07
1.95784e+07
1.95784e+07
1.95782e+07
1.95778e+07
1.95772e+07
1.95764e+07
1.95756e+07
1.95745e+07
1.95745e+07
1.95749e+07
1.95752e+07
1.95753e+07
1.95754e+07
1.95754e+07
1.95755e+07
1.95755e+07
1.95755e+07
1.95755e+07
1.95756e+07
1.95756e+07
1.95756e+07
1.95756e+07
1.95756e+07
1.95756e+07
1.95757e+07
1.95757e+07
1.95757e+07
1.95757e+07
1.95757e+07
1.95758e+07
1.95758e+07
1.95758e+07
1.95759e+07
1.95759e+07
1.9576e+07
1.9576e+07
1.95761e+07
1.95762e+07
1.95763e+07
1.95765e+07
1.95769e+07
1.95774e+07
1.95779e+07
1.95782e+07
1.95781e+07
1.95777e+07
1.95771e+07
1.95766e+07
1.95757e+07
1.95756e+07
1.9576e+07
1.95764e+07
1.95767e+07
1.95769e+07
1.95772e+07
1.95773e+07
1.95775e+07
1.95776e+07
1.95778e+07
1.9578e+07
1.95782e+07
1.95785e+07
1.95788e+07
1.9579e+07
1.95791e+07
1.95792e+07
1.95793e+07
1.95795e+07
1.95796e+07
1.95795e+07
1.95806e+07
1.95805e+07
1.95803e+07
1.95802e+07
1.95801e+07
1.95801e+07
1.95799e+07
1.95797e+07
1.95796e+07
1.95796e+07
1.95795e+07
1.95793e+07
1.95792e+07
1.95793e+07
1.95793e+07
1.9579e+07
1.95787e+07
1.95787e+07
1.9579e+07
1.9579e+07
1.95787e+07
1.95783e+07
1.95781e+07
1.95785e+07
1.95788e+07
1.95787e+07
1.95784e+07
1.95779e+07
1.95776e+07
1.95779e+07
1.95784e+07
1.95784e+07
1.95782e+07
1.95778e+07
1.95772e+07
1.95765e+07
1.95756e+07
1.95745e+07
1.95745e+07
1.95749e+07
1.95752e+07
1.95753e+07
1.95754e+07
1.95754e+07
1.95755e+07
1.95755e+07
1.95755e+07
1.95755e+07
1.95756e+07
1.95756e+07
1.95756e+07
1.95756e+07
1.95756e+07
1.95756e+07
1.95757e+07
1.95757e+07
1.95757e+07
1.95757e+07
1.95757e+07
1.95758e+07
1.95758e+07
1.95758e+07
1.95759e+07
1.95759e+07
1.9576e+07
1.9576e+07
1.95761e+07
1.95762e+07
1.95763e+07
1.95765e+07
1.95769e+07
1.95774e+07
1.95779e+07
1.95782e+07
1.95781e+07
1.95777e+07
1.95771e+07
1.95766e+07
1.95757e+07
1.95756e+07
1.9576e+07
1.95764e+07
1.95767e+07
1.95769e+07
1.95772e+07
1.95773e+07
1.95775e+07
1.95776e+07
1.95778e+07
1.9578e+07
1.95783e+07
1.95785e+07
1.95788e+07
1.9579e+07
1.95791e+07
1.95792e+07
1.95793e+07
1.95795e+07
1.95796e+07
1.95795e+07
1.95808e+07
1.95807e+07
1.95805e+07
1.95804e+07
1.95803e+07
1.95804e+07
1.95803e+07
1.958e+07
1.95798e+07
1.95798e+07
1.958e+07
1.95795e+07
1.95793e+07
1.95793e+07
1.95796e+07
1.95794e+07
1.95787e+07
1.95785e+07
1.95788e+07
1.95791e+07
1.9579e+07
1.95785e+07
1.9578e+07
1.95781e+07
1.95786e+07
1.95788e+07
1.95788e+07
1.95783e+07
1.95776e+07
1.95775e+07
1.95781e+07
1.95785e+07
1.95786e+07
1.95784e+07
1.95781e+07
1.95771e+07
1.95753e+07
1.95743e+07
1.95745e+07
1.95749e+07
1.95755e+07
1.95758e+07
1.9576e+07
1.9576e+07
1.9576e+07
1.9576e+07
1.9576e+07
1.9576e+07
1.9576e+07
1.95759e+07
1.95759e+07
1.95759e+07
1.95759e+07
1.95759e+07
1.95758e+07
1.95758e+07
1.95758e+07
1.95758e+07
1.95758e+07
1.95758e+07
1.95759e+07
1.95759e+07
1.95759e+07
1.95759e+07
1.9576e+07
1.9576e+07
1.9576e+07
1.95761e+07
1.95762e+07
1.95763e+07
1.95764e+07
1.95767e+07
1.95773e+07
1.95779e+07
1.95781e+07
1.9578e+07
1.95775e+07
1.95764e+07
1.95755e+07
1.95755e+07
1.95759e+07
1.95763e+07
1.95766e+07
1.95769e+07
1.9577e+07
1.95771e+07
1.95773e+07
1.95774e+07
1.95776e+07
1.95778e+07
1.95781e+07
1.95784e+07
1.95786e+07
1.95789e+07
1.95791e+07
1.95793e+07
1.95794e+07
1.95795e+07
1.95797e+07
1.95798e+07
1.95809e+07
1.95811e+07
1.95814e+07
1.95808e+07
1.95804e+07
1.95805e+07
1.95812e+07
1.95816e+07
1.95802e+07
1.958e+07
1.95804e+07
1.9582e+07
1.95798e+07
1.95796e+07
1.958e+07
1.9582e+07
1.95821e+07
1.95793e+07
1.95792e+07
1.95796e+07
1.95811e+07
1.95823e+07
1.958e+07
1.95785e+07
1.9579e+07
1.95796e+07
1.95807e+07
1.95824e+07
1.95809e+07
1.95782e+07
1.95785e+07
1.95792e+07
1.95794e+07
1.95803e+07
1.95823e+07
1.95868e+07
1.95896e+07
1.95839e+07
1.95771e+07
1.95758e+07
1.95759e+07
1.95761e+07
1.95761e+07
1.95761e+07
1.95761e+07
1.9576e+07
1.9576e+07
1.9576e+07
1.95759e+07
1.95759e+07
1.95759e+07
1.95759e+07
1.95759e+07
1.95758e+07
1.95758e+07
1.95758e+07
1.95758e+07
1.95758e+07
1.95758e+07
1.95758e+07
1.95759e+07
1.95759e+07
1.95759e+07
1.95759e+07
1.9576e+07
1.9576e+07
1.9576e+07
1.9576e+07
1.9576e+07
1.95761e+07
1.95762e+07
1.95765e+07
1.95774e+07
1.95785e+07
1.95791e+07
1.95807e+07
1.95832e+07
1.95862e+07
1.95847e+07
1.95788e+07
1.95765e+07
1.95765e+07
1.95767e+07
1.95768e+07
1.95769e+07
1.9577e+07
1.95771e+07
1.95773e+07
1.95775e+07
1.95777e+07
1.9578e+07
1.95782e+07
1.95785e+07
1.95788e+07
1.9579e+07
1.95792e+07
1.95793e+07
1.95795e+07
1.95796e+07
1.95796e+07
1.95809e+07
1.95812e+07
1.95814e+07
1.95808e+07
1.95804e+07
1.95805e+07
1.95812e+07
1.95816e+07
1.95802e+07
1.958e+07
1.95804e+07
1.9582e+07
1.95797e+07
1.95796e+07
1.958e+07
1.9582e+07
1.95821e+07
1.95793e+07
1.95792e+07
1.95796e+07
1.95811e+07
1.95824e+07
1.958e+07
1.95785e+07
1.9579e+07
1.95796e+07
1.95808e+07
1.95825e+07
1.95809e+07
1.95782e+07
1.95785e+07
1.95792e+07
1.95794e+07
1.95803e+07
1.95823e+07
1.95869e+07
1.95898e+07
1.9584e+07
1.9577e+07
1.95758e+07
1.95759e+07
1.95761e+07
1.95761e+07
1.95761e+07
1.95761e+07
1.9576e+07
1.9576e+07
1.9576e+07
1.95759e+07
1.95759e+07
1.95759e+07
1.95759e+07
1.95759e+07
1.95758e+07
1.95758e+07
1.95758e+07
1.95758e+07
1.95758e+07
1.95758e+07
1.95758e+07
1.95759e+07
1.95759e+07
1.95759e+07
1.95759e+07
1.9576e+07
1.9576e+07
1.9576e+07
1.9576e+07
1.9576e+07
1.95761e+07
1.95762e+07
1.95765e+07
1.95774e+07
1.95785e+07
1.95791e+07
1.95807e+07
1.95832e+07
1.95863e+07
1.95848e+07
1.95787e+07
1.95765e+07
1.95765e+07
1.95767e+07
1.95768e+07
1.95769e+07
1.9577e+07
1.95771e+07
1.95773e+07
1.95775e+07
1.95777e+07
1.9578e+07
1.95782e+07
1.95785e+07
1.95788e+07
1.9579e+07
1.95792e+07
1.95793e+07
1.95795e+07
1.95796e+07
1.95796e+07
1.95788e+07
1.95786e+07
1.95786e+07
1.95787e+07
1.95789e+07
1.95791e+07
1.95793e+07
1.95795e+07
1.95797e+07
1.95797e+07
1.95798e+07
1.95799e+07
1.95801e+07
1.95802e+07
1.95803e+07
1.95803e+07
1.95804e+07
1.95805e+07
1.95805e+07
1.95806e+07
1.95789e+07
1.95788e+07
1.95788e+07
1.95789e+07
1.95791e+07
1.95793e+07
1.95794e+07
1.95796e+07
1.95797e+07
1.95797e+07
1.95798e+07
1.95799e+07
1.95801e+07
1.95802e+07
1.95803e+07
1.95803e+07
1.95804e+07
1.95805e+07
1.95805e+07
1.95806e+07
1.95799e+07
1.95799e+07
1.958e+07
1.958e+07
1.95801e+07
1.95802e+07
1.95803e+07
1.95804e+07
1.95805e+07
1.95806e+07
1.95806e+07
1.95807e+07
1.95807e+07
1.95807e+07
1.95807e+07
1.95808e+07
1.95808e+07
1.95808e+07
1.95809e+07
1.95809e+07
1.95794e+07
1.95792e+07
1.95791e+07
1.95791e+07
1.95791e+07
1.95792e+07
1.95793e+07
1.95794e+07
1.95795e+07
1.95796e+07
1.95797e+07
1.95798e+07
1.95799e+07
1.95799e+07
1.958e+07
1.95801e+07
1.95802e+07
1.95804e+07
1.95806e+07
1.95808e+07
1.95796e+07
1.95797e+07
1.95796e+07
1.95796e+07
1.95796e+07
1.95797e+07
1.95798e+07
1.95798e+07
1.95799e+07
1.958e+07
1.95801e+07
1.95802e+07
1.95802e+07
1.95803e+07
1.95803e+07
1.95804e+07
1.95805e+07
1.95806e+07
1.95807e+07
1.95809e+07
1.95808e+07
1.95809e+07
1.95809e+07
1.95809e+07
1.9581e+07
1.9581e+07
1.9581e+07
1.9581e+07
1.95812e+07
1.95813e+07
1.95813e+07
1.95813e+07
1.95816e+07
1.95818e+07
1.95819e+07
1.95818e+07
1.95817e+07
1.95819e+07
1.95822e+07
1.95825e+07
1.95826e+07
1.95826e+07
1.95824e+07
1.95823e+07
1.95825e+07
1.95829e+07
1.95832e+07
1.95834e+07
1.95834e+07
1.95834e+07
1.95833e+07
1.95831e+07
1.95828e+07
1.95825e+07
1.9582e+07
1.9581e+07
1.95808e+07
1.95813e+07
1.95817e+07
1.9582e+07
1.95823e+07
1.95825e+07
1.95826e+07
1.95828e+07
1.9583e+07
1.95831e+07
1.95833e+07
1.95835e+07
1.95837e+07
1.95839e+07
1.95841e+07
1.95843e+07
1.95846e+07
1.9585e+07
1.95855e+07
1.95861e+07
1.95867e+07
1.95872e+07
1.95874e+07
1.95874e+07
1.95874e+07
1.95872e+07
1.9587e+07
1.95872e+07
1.95878e+07
1.95883e+07
1.95884e+07
1.95883e+07
1.9588e+07
1.95877e+07
1.95872e+07
1.95867e+07
1.95869e+07
1.95875e+07
1.9588e+07
1.95884e+07
1.95888e+07
1.95892e+07
1.95895e+07
1.95899e+07
1.95903e+07
1.95907e+07
1.95911e+07
1.95915e+07
1.95918e+07
1.9592e+07
1.95922e+07
1.95925e+07
1.95928e+07
1.95931e+07
1.95934e+07
1.95937e+07
1.9594e+07
1.95943e+07
1.95945e+07
1.95948e+07
1.9595e+07
1.95953e+07
1.95955e+07
1.95957e+07
1.95958e+07
1.9596e+07
1.95962e+07
1.95964e+07
1.95965e+07
1.95967e+07
1.95969e+07
1.9597e+07
1.95972e+07
1.95974e+07
1.95975e+07
1.95977e+07
1.95979e+07
1.9598e+07
1.95982e+07
1.95983e+07
1.95985e+07
1.95987e+07
1.95988e+07
1.95989e+07
1.95991e+07
1.95992e+07
1.95994e+07
1.95995e+07
1.95997e+07
1.95998e+07
1.95999e+07
1.96001e+07
1.96002e+07
1.96003e+07
1.96005e+07
1.96006e+07
1.96007e+07
1.96009e+07
1.9601e+07
1.96011e+07
1.96013e+07
1.96014e+07
1.96015e+07
1.96016e+07
1.96018e+07
1.96019e+07
1.9602e+07
1.96021e+07
1.96022e+07
1.96023e+07
1.96024e+07
1.96025e+07
1.96027e+07
1.96028e+07
1.96029e+07
1.9603e+07
1.9603e+07
1.96031e+07
1.96032e+07
1.96033e+07
1.96034e+07
1.96035e+07
1.96036e+07
1.96037e+07
1.96038e+07
1.96038e+07
1.96039e+07
1.9604e+07
1.96041e+07
1.96041e+07
1.96042e+07
1.96043e+07
1.96043e+07
1.96044e+07
1.96045e+07
1.96045e+07
1.96046e+07
1.96047e+07
1.96047e+07
1.96048e+07
1.96048e+07
1.96049e+07
1.9605e+07
1.9605e+07
1.96051e+07
1.96051e+07
1.96051e+07
1.96052e+07
1.96052e+07
1.96053e+07
1.96053e+07
1.96054e+07
1.96054e+07
1.96054e+07
1.96055e+07
1.96055e+07
1.96055e+07
1.96055e+07
1.96056e+07
1.96056e+07
1.96056e+07
1.96056e+07
1.96057e+07
1.96057e+07
1.95808e+07
1.95809e+07
1.95809e+07
1.95809e+07
1.9581e+07
1.9581e+07
1.9581e+07
1.9581e+07
1.95812e+07
1.95813e+07
1.95813e+07
1.95813e+07
1.95816e+07
1.95818e+07
1.95819e+07
1.95818e+07
1.95817e+07
1.95819e+07
1.95823e+07
1.95825e+07
1.95826e+07
1.95826e+07
1.95824e+07
1.95823e+07
1.95825e+07
1.95829e+07
1.95832e+07
1.95834e+07
1.95834e+07
1.95834e+07
1.95833e+07
1.95831e+07
1.95828e+07
1.95825e+07
1.9582e+07
1.9581e+07
1.95808e+07
1.95813e+07
1.95817e+07
1.9582e+07
1.95823e+07
1.95825e+07
1.95826e+07
1.95828e+07
1.9583e+07
1.95831e+07
1.95833e+07
1.95835e+07
1.95837e+07
1.95839e+07
1.95841e+07
1.95843e+07
1.95846e+07
1.9585e+07
1.95855e+07
1.95861e+07
1.95867e+07
1.95872e+07
1.95874e+07
1.95874e+07
1.95874e+07
1.95872e+07
1.9587e+07
1.95872e+07
1.95879e+07
1.95883e+07
1.95884e+07
1.95883e+07
1.9588e+07
1.95877e+07
1.95872e+07
1.95867e+07
1.95869e+07
1.95875e+07
1.9588e+07
1.95884e+07
1.95888e+07
1.95892e+07
1.95895e+07
1.95899e+07
1.95903e+07
1.95907e+07
1.95911e+07
1.95915e+07
1.95918e+07
1.9592e+07
1.95922e+07
1.95925e+07
1.95928e+07
1.95931e+07
1.95934e+07
1.95937e+07
1.9594e+07
1.95943e+07
1.95945e+07
1.95948e+07
1.9595e+07
1.95953e+07
1.95955e+07
1.95957e+07
1.95958e+07
1.9596e+07
1.95962e+07
1.95964e+07
1.95965e+07
1.95967e+07
1.95969e+07
1.9597e+07
1.95972e+07
1.95974e+07
1.95975e+07
1.95977e+07
1.95979e+07
1.9598e+07
1.95982e+07
1.95983e+07
1.95985e+07
1.95987e+07
1.95988e+07
1.95989e+07
1.95991e+07
1.95992e+07
1.95994e+07
1.95995e+07
1.95997e+07
1.95998e+07
1.95999e+07
1.96001e+07
1.96002e+07
1.96003e+07
1.96005e+07
1.96006e+07
1.96007e+07
1.96009e+07
1.9601e+07
1.96011e+07
1.96013e+07
1.96014e+07
1.96015e+07
1.96016e+07
1.96018e+07
1.96019e+07
1.9602e+07
1.96021e+07
1.96022e+07
1.96023e+07
1.96024e+07
1.96025e+07
1.96027e+07
1.96028e+07
1.96029e+07
1.9603e+07
1.9603e+07
1.96031e+07
1.96032e+07
1.96033e+07
1.96034e+07
1.96035e+07
1.96036e+07
1.96037e+07
1.96038e+07
1.96038e+07
1.96039e+07
1.9604e+07
1.96041e+07
1.96041e+07
1.96042e+07
1.96043e+07
1.96043e+07
1.96044e+07
1.96045e+07
1.96045e+07
1.96046e+07
1.96047e+07
1.96047e+07
1.96048e+07
1.96048e+07
1.96049e+07
1.9605e+07
1.9605e+07
1.96051e+07
1.96051e+07
1.96051e+07
1.96052e+07
1.96052e+07
1.96053e+07
1.96053e+07
1.96054e+07
1.96054e+07
1.96054e+07
1.96055e+07
1.96055e+07
1.96055e+07
1.96055e+07
1.96056e+07
1.96056e+07
1.96056e+07
1.96056e+07
1.96057e+07
1.96057e+07
1.9581e+07
1.95811e+07
1.9581e+07
1.95811e+07
1.95812e+07
1.95813e+07
1.95812e+07
1.95812e+07
1.95813e+07
1.95816e+07
1.95815e+07
1.95814e+07
1.95815e+07
1.95818e+07
1.9582e+07
1.95821e+07
1.95818e+07
1.95818e+07
1.95821e+07
1.95825e+07
1.95827e+07
1.95828e+07
1.95828e+07
1.95824e+07
1.95824e+07
1.95827e+07
1.95832e+07
1.95835e+07
1.95837e+07
1.95838e+07
1.95838e+07
1.95837e+07
1.95836e+07
1.9583e+07
1.95817e+07
1.95807e+07
1.95808e+07
1.95813e+07
1.95819e+07
1.95825e+07
1.95829e+07
1.95831e+07
1.95833e+07
1.95834e+07
1.95835e+07
1.95837e+07
1.95838e+07
1.95839e+07
1.9584e+07
1.95842e+07
1.9584e+07
1.95842e+07
1.95844e+07
1.95846e+07
1.95849e+07
1.95853e+07
1.9586e+07
1.95868e+07
1.95873e+07
1.95875e+07
1.95876e+07
1.95875e+07
1.95871e+07
1.95871e+07
1.95877e+07
1.95882e+07
1.95885e+07
1.95886e+07
1.95885e+07
1.95879e+07
1.9587e+07
1.95865e+07
1.95868e+07
1.95873e+07
1.95879e+07
1.95884e+07
1.95887e+07
1.9589e+07
1.95894e+07
1.95897e+07
1.95901e+07
1.95905e+07
1.95909e+07
1.95914e+07
1.95917e+07
1.9592e+07
1.95923e+07
1.95925e+07
1.95928e+07
1.95931e+07
1.95933e+07
1.95937e+07
1.9594e+07
1.95942e+07
1.95945e+07
1.95948e+07
1.9595e+07
1.95953e+07
1.95955e+07
1.95957e+07
1.95958e+07
1.9596e+07
1.95962e+07
1.95964e+07
1.95965e+07
1.95967e+07
1.95969e+07
1.9597e+07
1.95972e+07
1.95974e+07
1.95975e+07
1.95977e+07
1.95979e+07
1.9598e+07
1.95982e+07
1.95983e+07
1.95985e+07
1.95987e+07
1.95988e+07
1.95989e+07
1.95991e+07
1.95992e+07
1.95994e+07
1.95995e+07
1.95997e+07
1.95998e+07
1.95999e+07
1.96001e+07
1.96002e+07
1.96003e+07
1.96005e+07
1.96006e+07
1.96007e+07
1.96009e+07
1.9601e+07
1.96011e+07
1.96013e+07
1.96014e+07
1.96015e+07
1.96016e+07
1.96018e+07
1.96019e+07
1.9602e+07
1.96021e+07
1.96022e+07
1.96023e+07
1.96024e+07
1.96025e+07
1.96027e+07
1.96028e+07
1.96029e+07
1.9603e+07
1.9603e+07
1.96031e+07
1.96032e+07
1.96033e+07
1.96034e+07
1.96035e+07
1.96036e+07
1.96037e+07
1.96038e+07
1.96038e+07
1.96039e+07
1.9604e+07
1.96041e+07
1.96041e+07
1.96042e+07
1.96043e+07
1.96043e+07
1.96044e+07
1.96045e+07
1.96045e+07
1.96046e+07
1.96047e+07
1.96047e+07
1.96048e+07
1.96048e+07
1.96049e+07
1.9605e+07
1.9605e+07
1.96051e+07
1.96051e+07
1.96051e+07
1.96052e+07
1.96052e+07
1.96053e+07
1.96053e+07
1.96054e+07
1.96054e+07
1.96054e+07
1.96055e+07
1.96055e+07
1.96055e+07
1.96055e+07
1.96056e+07
1.96056e+07
1.96056e+07
1.96056e+07
1.96057e+07
1.96057e+07
1.9581e+07
1.95814e+07
1.95814e+07
1.95812e+07
1.95813e+07
1.95816e+07
1.95821e+07
1.95814e+07
1.95814e+07
1.95818e+07
1.9583e+07
1.95822e+07
1.95817e+07
1.9582e+07
1.95823e+07
1.95835e+07
1.95836e+07
1.95822e+07
1.95822e+07
1.95826e+07
1.9583e+07
1.95836e+07
1.95844e+07
1.9584e+07
1.95827e+07
1.95828e+07
1.95833e+07
1.95838e+07
1.95839e+07
1.9584e+07
1.95844e+07
1.95851e+07
1.95866e+07
1.95901e+07
1.95939e+07
1.95919e+07
1.95845e+07
1.95822e+07
1.95824e+07
1.95828e+07
1.9583e+07
1.95832e+07
1.95833e+07
1.95834e+07
1.95835e+07
1.95836e+07
1.95838e+07
1.95839e+07
1.95841e+07
1.95848e+07
1.95873e+07
1.95849e+07
1.95842e+07
1.95843e+07
1.95844e+07
1.95849e+07
1.95858e+07
1.95871e+07
1.95879e+07
1.95879e+07
1.95885e+07
1.95896e+07
1.95899e+07
1.95879e+07
1.95879e+07
1.95885e+07
1.9589e+07
1.95902e+07
1.95919e+07
1.95948e+07
1.95961e+07
1.95924e+07
1.95881e+07
1.95876e+07
1.9588e+07
1.95883e+07
1.95886e+07
1.95889e+07
1.95892e+07
1.95896e+07
1.959e+07
1.95904e+07
1.95908e+07
1.95912e+07
1.95916e+07
1.95919e+07
1.95922e+07
1.95925e+07
1.95927e+07
1.9593e+07
1.95933e+07
1.95936e+07
1.95939e+07
1.95942e+07
1.95945e+07
1.95948e+07
1.95951e+07
1.95953e+07
1.95955e+07
1.95957e+07
1.95959e+07
1.9596e+07
1.95962e+07
1.95964e+07
1.95965e+07
1.95967e+07
1.95969e+07
1.9597e+07
1.95972e+07
1.95974e+07
1.95975e+07
1.95977e+07
1.95979e+07
1.9598e+07
1.95982e+07
1.95983e+07
1.95985e+07
1.95987e+07
1.95988e+07
1.95989e+07
1.95991e+07
1.95992e+07
1.95994e+07
1.95995e+07
1.95997e+07
1.95998e+07
1.95999e+07
1.96001e+07
1.96002e+07
1.96003e+07
1.96005e+07
1.96006e+07
1.96007e+07
1.96009e+07
1.9601e+07
1.96011e+07
1.96013e+07
1.96014e+07
1.96015e+07
1.96016e+07
1.96018e+07
1.96019e+07
1.9602e+07
1.96021e+07
1.96022e+07
1.96023e+07
1.96024e+07
1.96025e+07
1.96027e+07
1.96028e+07
1.96029e+07
1.9603e+07
1.9603e+07
1.96031e+07
1.96032e+07
1.96033e+07
1.96034e+07
1.96035e+07
1.96036e+07
1.96037e+07
1.96038e+07
1.96038e+07
1.96039e+07
1.9604e+07
1.96041e+07
1.96041e+07
1.96042e+07
1.96043e+07
1.96043e+07
1.96044e+07
1.96045e+07
1.96045e+07
1.96046e+07
1.96047e+07
1.96047e+07
1.96048e+07
1.96048e+07
1.96049e+07
1.9605e+07
1.9605e+07
1.96051e+07
1.96051e+07
1.96051e+07
1.96052e+07
1.96052e+07
1.96053e+07
1.96053e+07
1.96054e+07
1.96054e+07
1.96054e+07
1.96055e+07
1.96055e+07
1.96055e+07
1.96055e+07
1.96056e+07
1.96056e+07
1.96056e+07
1.96056e+07
1.96057e+07
1.96057e+07
1.95811e+07
1.95814e+07
1.95814e+07
1.95812e+07
1.95813e+07
1.95816e+07
1.95821e+07
1.95814e+07
1.95814e+07
1.95818e+07
1.9583e+07
1.95822e+07
1.95817e+07
1.9582e+07
1.95823e+07
1.95835e+07
1.95836e+07
1.95821e+07
1.95822e+07
1.95826e+07
1.9583e+07
1.95836e+07
1.95844e+07
1.95841e+07
1.95826e+07
1.95828e+07
1.95833e+07
1.95838e+07
1.9584e+07
1.9584e+07
1.95844e+07
1.95851e+07
1.95866e+07
1.95901e+07
1.95941e+07
1.9592e+07
1.95844e+07
1.95821e+07
1.95824e+07
1.95828e+07
1.9583e+07
1.95832e+07
1.95833e+07
1.95834e+07
1.95835e+07
1.95836e+07
1.95838e+07
1.95839e+07
1.95841e+07
1.95848e+07
1.95873e+07
1.95849e+07
1.95842e+07
1.95843e+07
1.95844e+07
1.95849e+07
1.95859e+07
1.95871e+07
1.95879e+07
1.95879e+07
1.95885e+07
1.95896e+07
1.959e+07
1.95878e+07
1.95879e+07
1.95885e+07
1.95891e+07
1.95902e+07
1.95919e+07
1.95948e+07
1.95962e+07
1.95924e+07
1.95881e+07
1.95876e+07
1.9588e+07
1.95883e+07
1.95886e+07
1.95889e+07
1.95892e+07
1.95896e+07
1.959e+07
1.95904e+07
1.95908e+07
1.95912e+07
1.95916e+07
1.95919e+07
1.95922e+07
1.95925e+07
1.95927e+07
1.9593e+07
1.95933e+07
1.95936e+07
1.95939e+07
1.95942e+07
1.95945e+07
1.95948e+07
1.95951e+07
1.95953e+07
1.95955e+07
1.95957e+07
1.95959e+07
1.9596e+07
1.95962e+07
1.95964e+07
1.95965e+07
1.95967e+07
1.95969e+07
1.9597e+07
1.95972e+07
1.95974e+07
1.95975e+07
1.95977e+07
1.95979e+07
1.9598e+07
1.95982e+07
1.95983e+07
1.95985e+07
1.95987e+07
1.95988e+07
1.95989e+07
1.95991e+07
1.95992e+07
1.95994e+07
1.95995e+07
1.95997e+07
1.95998e+07
1.95999e+07
1.96001e+07
1.96002e+07
1.96003e+07
1.96005e+07
1.96006e+07
1.96007e+07
1.96009e+07
1.9601e+07
1.96011e+07
1.96013e+07
1.96014e+07
1.96015e+07
1.96016e+07
1.96018e+07
1.96019e+07
1.9602e+07
1.96021e+07
1.96022e+07
1.96023e+07
1.96024e+07
1.96025e+07
1.96027e+07
1.96028e+07
1.96029e+07
1.9603e+07
1.9603e+07
1.96031e+07
1.96032e+07
1.96033e+07
1.96034e+07
1.96035e+07
1.96036e+07
1.96037e+07
1.96038e+07
1.96038e+07
1.96039e+07
1.9604e+07
1.96041e+07
1.96041e+07
1.96042e+07
1.96043e+07
1.96043e+07
1.96044e+07
1.96045e+07
1.96045e+07
1.96046e+07
1.96047e+07
1.96047e+07
1.96048e+07
1.96048e+07
1.96049e+07
1.9605e+07
1.9605e+07
1.96051e+07
1.96051e+07
1.96051e+07
1.96052e+07
1.96052e+07
1.96053e+07
1.96053e+07
1.96054e+07
1.96054e+07
1.96054e+07
1.96055e+07
1.96055e+07
1.96055e+07
1.96055e+07
1.96056e+07
1.96056e+07
1.96056e+07
1.96056e+07
1.96057e+07
1.96057e+07
1.96057e+07
1.96057e+07
1.96057e+07
1.96057e+07
1.96057e+07
1.96057e+07
1.96058e+07
1.96057e+07
1.96058e+07
1.96058e+07
1.96058e+07
1.96057e+07
1.96057e+07
1.96057e+07
1.96058e+07
1.96058e+07
1.96058e+07
1.96058e+07
1.96058e+07
1.96058e+07
1.96057e+07
1.96057e+07
1.96057e+07
1.96057e+07
1.96057e+07
1.96057e+07
1.96058e+07
1.96057e+07
1.96058e+07
1.96058e+07
1.96058e+07
1.96057e+07
1.96057e+07
1.96057e+07
1.96057e+07
1.96058e+07
1.96058e+07
1.96058e+07
1.96058e+07
1.96058e+07
1.96057e+07
1.96057e+07
1.96057e+07
1.96057e+07
1.96057e+07
1.96057e+07
1.96057e+07
1.96057e+07
1.96057e+07
1.96057e+07
1.96057e+07
1.96057e+07
1.96057e+07
1.96057e+07
1.96057e+07
1.96057e+07
1.96057e+07
1.96057e+07
1.96057e+07
1.96057e+07
1.96057e+07
1.96057e+07
1.96057e+07
1.96057e+07
1.96057e+07
1.96057e+07
1.96057e+07
1.96057e+07
1.96057e+07
1.96057e+07
1.96057e+07
1.96057e+07
1.96057e+07
1.96057e+07
1.96057e+07
1.96057e+07
1.96057e+07
1.96057e+07
1.96057e+07
1.96057e+07
1.96057e+07
1.96057e+07
1.96057e+07
1.96057e+07
1.96057e+07
1.96057e+07
1.96057e+07
1.96057e+07
1.96057e+07
1.96057e+07
1.96057e+07
1.96057e+07
1.96057e+07
1.96057e+07
1.96057e+07
1.96057e+07
1.96057e+07
1.96057e+07
1.96057e+07
1.96057e+07
1.96057e+07
1.96058e+07
1.96058e+07
1.9606e+07
1.96062e+07
1.96058e+07
1.96055e+07
1.96056e+07
1.96057e+07
1.96059e+07
1.96065e+07
1.96063e+07
1.96051e+07
1.96052e+07
1.96054e+07
1.96061e+07
1.96058e+07
1.9605e+07
1.9605e+07
1.96052e+07
1.9606e+07
1.96055e+07
1.96047e+07
1.96047e+07
1.96049e+07
1.96051e+07
1.96051e+07
1.96053e+07
1.96057e+07
1.96064e+07
1.96076e+07
1.96064e+07
1.96035e+07
1.96039e+07
1.96049e+07
1.96055e+07
1.96053e+07
1.96057e+07
1.96064e+07
1.96082e+07
1.96101e+07
1.96077e+07
1.96031e+07
1.96025e+07
1.96031e+07
1.96039e+07
1.96046e+07
1.96051e+07
1.96052e+07
1.96053e+07
1.96055e+07
1.96057e+07
1.9606e+07
1.96062e+07
1.96062e+07
1.96057e+07
1.96053e+07
1.96054e+07
1.96057e+07
1.9606e+07
1.96063e+07
1.96066e+07
1.96069e+07
1.96071e+07
1.96074e+07
1.96076e+07
1.96077e+07
1.96078e+07
1.96079e+07
1.9608e+07
1.96081e+07
1.96082e+07
1.96083e+07
1.96084e+07
1.96085e+07
1.96087e+07
1.96088e+07
1.96089e+07
1.9609e+07
1.96091e+07
1.96092e+07
1.96093e+07
1.96094e+07
1.96095e+07
1.96096e+07
1.96097e+07
1.96098e+07
1.96099e+07
1.96099e+07
1.961e+07
1.96101e+07
1.96102e+07
1.96103e+07
1.96104e+07
1.96105e+07
1.96106e+07
1.96106e+07
1.96107e+07
1.96108e+07
1.96109e+07
1.96109e+07
1.9611e+07
1.96111e+07
1.96111e+07
1.96112e+07
1.96113e+07
1.96113e+07
1.96114e+07
1.96114e+07
1.96115e+07
1.96115e+07
1.96116e+07
1.96116e+07
1.96117e+07
1.96117e+07
1.96118e+07
1.96118e+07
1.96118e+07
1.96119e+07
1.96119e+07
1.96119e+07
1.9612e+07
1.9612e+07
1.9612e+07
1.9612e+07
1.9612e+07
1.96121e+07
1.96121e+07
1.96121e+07
1.96121e+07
1.96121e+07
1.96121e+07
1.96121e+07
1.96121e+07
1.96121e+07
1.96121e+07
1.96121e+07
1.96121e+07
1.96121e+07
1.96121e+07
1.96121e+07
1.9612e+07
1.9612e+07
1.9612e+07
1.96119e+07
1.96119e+07
1.96119e+07
1.96118e+07
1.96118e+07
1.96117e+07
1.96116e+07
1.96116e+07
1.96115e+07
1.96114e+07
1.96113e+07
1.96112e+07
1.96111e+07
1.9611e+07
1.96109e+07
1.96108e+07
1.96107e+07
1.96106e+07
1.96105e+07
1.96103e+07
1.96102e+07
1.96101e+07
1.96099e+07
1.96098e+07
1.96097e+07
1.96095e+07
1.96094e+07
1.96092e+07
1.96091e+07
1.96089e+07
1.96088e+07
1.96086e+07
1.96085e+07
1.96083e+07
1.96082e+07
1.9608e+07
1.96078e+07
1.96077e+07
1.96075e+07
1.96073e+07
1.96071e+07
1.9607e+07
1.96068e+07
1.96066e+07
1.96064e+07
1.96062e+07
1.96061e+07
1.96059e+07
1.96057e+07
1.96055e+07
1.96053e+07
1.96051e+07
1.96048e+07
1.96046e+07
1.96044e+07
1.96042e+07
1.9604e+07
1.96037e+07
1.96035e+07
1.96033e+07
1.96031e+07
1.96028e+07
1.96026e+07
1.96023e+07
1.96021e+07
1.96018e+07
1.96016e+07
1.96013e+07
1.9601e+07
1.96008e+07
1.96005e+07
1.96002e+07
1.96e+07
1.95997e+07
1.95994e+07
1.95991e+07
1.95988e+07
1.95985e+07
1.95982e+07
1.95979e+07
1.95976e+07
1.95973e+07
1.9597e+07
1.95967e+07
1.95963e+07
1.9596e+07
1.95957e+07
1.95954e+07
1.9595e+07
1.95947e+07
1.95943e+07
1.9594e+07
1.95937e+07
1.95933e+07
1.95929e+07
1.95926e+07
1.95922e+07
1.95919e+07
1.95915e+07
1.95912e+07
1.95908e+07
1.95904e+07
1.959e+07
1.95897e+07
1.95893e+07
1.95889e+07
1.95886e+07
1.95882e+07
1.95878e+07
1.95874e+07
1.9587e+07
1.95867e+07
1.95863e+07
1.95859e+07
1.95855e+07
1.95852e+07
1.95848e+07
1.95844e+07
1.9584e+07
1.95837e+07
1.95833e+07
1.95829e+07
1.95826e+07
1.95822e+07
1.95819e+07
1.95815e+07
1.95811e+07
1.95808e+07
1.95804e+07
1.95801e+07
1.95797e+07
1.95794e+07
1.95791e+07
1.95787e+07
1.95784e+07
1.95781e+07
1.95777e+07
1.95774e+07
1.95771e+07
1.95768e+07
1.95764e+07
1.95761e+07
1.95758e+07
1.95755e+07
1.95752e+07
1.95749e+07
1.95746e+07
1.95743e+07
1.9574e+07
1.95738e+07
1.95735e+07
1.95732e+07
1.95729e+07
1.95726e+07
1.95724e+07
1.95721e+07
1.95718e+07
1.95716e+07
1.95713e+07
1.95711e+07
1.95708e+07
1.95706e+07
1.95703e+07
1.95701e+07
1.95699e+07
1.95696e+07
1.95694e+07
1.95692e+07
1.9569e+07
1.95688e+07
1.95686e+07
1.95684e+07
1.95682e+07
1.9568e+07
1.95678e+07
1.95676e+07
1.95674e+07
1.95672e+07
1.9567e+07
1.95669e+07
1.95667e+07
1.95665e+07
1.95664e+07
1.95662e+07
1.9566e+07
1.95659e+07
1.95657e+07
1.95656e+07
1.95654e+07
1.95653e+07
1.95651e+07
1.9565e+07
1.95648e+07
1.95647e+07
1.95646e+07
1.95644e+07
1.95643e+07
1.95641e+07
1.9564e+07
1.95639e+07
1.95637e+07
1.95636e+07
1.95634e+07
1.95633e+07
1.95632e+07
1.9563e+07
1.95629e+07
1.95627e+07
1.95626e+07
1.95625e+07
1.95623e+07
1.95622e+07
1.9562e+07
1.95619e+07
1.95617e+07
1.95616e+07
1.95614e+07
1.95613e+07
1.95611e+07
1.9561e+07
1.95608e+07
1.95607e+07
1.95605e+07
1.95603e+07
1.95602e+07
1.956e+07
1.95598e+07
1.95597e+07
1.95595e+07
1.95593e+07
1.95591e+07
1.9559e+07
1.95588e+07
1.95586e+07
1.95584e+07
1.95582e+07
1.9558e+07
1.95578e+07
1.95576e+07
1.95574e+07
1.95572e+07
1.9557e+07
1.95567e+07
1.95565e+07
1.95563e+07
1.95561e+07
1.95558e+07
1.95556e+07
1.95554e+07
1.95551e+07
1.95549e+07
1.95546e+07
1.95544e+07
1.95541e+07
1.95538e+07
1.95536e+07
1.95533e+07
1.9553e+07
1.95528e+07
1.95525e+07
1.95522e+07
1.95519e+07
1.95516e+07
1.95513e+07
1.9551e+07
1.95507e+07
1.95504e+07
1.95501e+07
1.95498e+07
1.95495e+07
1.95492e+07
1.95489e+07
1.95486e+07
1.95482e+07
1.95479e+07
1.95476e+07
1.95473e+07
1.95469e+07
1.95466e+07
1.95462e+07
1.95459e+07
1.95455e+07
1.95452e+07
1.95448e+07
1.95445e+07
1.95441e+07
1.95437e+07
1.95434e+07
1.9543e+07
1.95426e+07
1.95422e+07
1.95418e+07
1.95414e+07
1.95411e+07
1.95407e+07
1.95402e+07
1.95398e+07
1.95394e+07
1.9539e+07
1.95386e+07
1.95382e+07
1.95377e+07
1.95373e+07
1.95369e+07
1.95364e+07
1.9536e+07
1.95355e+07
1.95351e+07
1.95346e+07
1.95341e+07
1.95337e+07
1.95332e+07
1.95327e+07
1.95322e+07
1.95318e+07
1.95313e+07
1.95308e+07
1.95303e+07
1.95298e+07
1.95293e+07
1.95288e+07
1.95282e+07
1.95277e+07
1.95272e+07
1.95267e+07
1.95261e+07
1.95256e+07
1.95251e+07
1.95245e+07
1.9524e+07
1.95234e+07
1.95229e+07
1.95223e+07
1.95218e+07
1.95212e+07
1.95206e+07
1.95201e+07
1.95195e+07
1.95189e+07
1.95183e+07
1.95178e+07
1.95172e+07
1.95166e+07
1.9516e+07
1.95154e+07
1.95148e+07
1.95142e+07
1.95136e+07
1.9513e+07
1.95124e+07
1.95118e+07
1.95112e+07
1.95106e+07
1.951e+07
1.95094e+07
1.95088e+07
1.95082e+07
1.95075e+07
1.95069e+07
1.95063e+07
1.95057e+07
1.95051e+07
1.95045e+07
1.95038e+07
1.95032e+07
1.95026e+07
1.9502e+07
1.95014e+07
1.95008e+07
1.95001e+07
1.94995e+07
1.94989e+07
1.94983e+07
1.94977e+07
1.94971e+07
1.94964e+07
1.94958e+07
1.94952e+07
1.94946e+07
1.9494e+07
1.94934e+07
1.94928e+07
1.94922e+07
1.94916e+07
1.9491e+07
1.94904e+07
1.94898e+07
1.94892e+07
1.94886e+07
1.9488e+07
1.94875e+07
1.94869e+07
1.94863e+07
1.94858e+07
1.94852e+07
1.94847e+07
1.94841e+07
1.94836e+07
1.9483e+07
1.94825e+07
1.9482e+07
1.94815e+07
1.94809e+07
1.94804e+07
1.94799e+07
1.94794e+07
1.94789e+07
1.94785e+07
1.9478e+07
1.94775e+07
1.94771e+07
1.94766e+07
1.94761e+07
1.94757e+07
1.94753e+07
1.94748e+07
1.94744e+07
1.9474e+07
1.94736e+07
1.94732e+07
1.94728e+07
1.94724e+07
1.9472e+07
1.94716e+07
1.94712e+07
1.94709e+07
1.94705e+07
1.94701e+07
1.94698e+07
1.94694e+07
1.94691e+07
1.94687e+07
1.94684e+07
1.94681e+07
1.94678e+07
1.94674e+07
1.94671e+07
1.94668e+07
1.94665e+07
1.94662e+07
1.94659e+07
1.94656e+07
1.94653e+07
1.9465e+07
1.94648e+07
1.94645e+07
1.94642e+07
1.94639e+07
1.94636e+07
1.94634e+07
1.94631e+07
1.94628e+07
1.94625e+07
1.94623e+07
1.9462e+07
1.94617e+07
1.96057e+07
1.96058e+07
1.96058e+07
1.9606e+07
1.96062e+07
1.96058e+07
1.96055e+07
1.96056e+07
1.96057e+07
1.96059e+07
1.96065e+07
1.96063e+07
1.96051e+07
1.96052e+07
1.96054e+07
1.96061e+07
1.96058e+07
1.9605e+07
1.9605e+07
1.96052e+07
1.96059e+07
1.96055e+07
1.96047e+07
1.96047e+07
1.96049e+07
1.96051e+07
1.96051e+07
1.96053e+07
1.96057e+07
1.96064e+07
1.96076e+07
1.96063e+07
1.96035e+07
1.96039e+07
1.96049e+07
1.96055e+07
1.96053e+07
1.96057e+07
1.96064e+07
1.96082e+07
1.96101e+07
1.96077e+07
1.96031e+07
1.96025e+07
1.96031e+07
1.96039e+07
1.96046e+07
1.9605e+07
1.96052e+07
1.96053e+07
1.96055e+07
1.96057e+07
1.9606e+07
1.96062e+07
1.96062e+07
1.96057e+07
1.96053e+07
1.96054e+07
1.96057e+07
1.9606e+07
1.96063e+07
1.96066e+07
1.96069e+07
1.96071e+07
1.96074e+07
1.96076e+07
1.96077e+07
1.96078e+07
1.96079e+07
1.9608e+07
1.96081e+07
1.96082e+07
1.96083e+07
1.96084e+07
1.96085e+07
1.96087e+07
1.96088e+07
1.96089e+07
1.9609e+07
1.96091e+07
1.96092e+07
1.96093e+07
1.96094e+07
1.96095e+07
1.96096e+07
1.96097e+07
1.96098e+07
1.96099e+07
1.96099e+07
1.961e+07
1.96101e+07
1.96102e+07
1.96103e+07
1.96104e+07
1.96105e+07
1.96106e+07
1.96106e+07
1.96107e+07
1.96108e+07
1.96109e+07
1.96109e+07
1.9611e+07
1.96111e+07
1.96111e+07
1.96112e+07
1.96113e+07
1.96113e+07
1.96114e+07
1.96114e+07
1.96115e+07
1.96115e+07
1.96116e+07
1.96116e+07
1.96117e+07
1.96117e+07
1.96118e+07
1.96118e+07
1.96118e+07
1.96119e+07
1.96119e+07
1.96119e+07
1.9612e+07
1.9612e+07
1.9612e+07
1.9612e+07
1.9612e+07
1.96121e+07
1.96121e+07
1.96121e+07
1.96121e+07
1.96121e+07
1.96121e+07
1.96121e+07
1.96121e+07
1.96121e+07
1.96121e+07
1.96121e+07
1.96121e+07
1.96121e+07
1.96121e+07
1.96121e+07
1.9612e+07
1.9612e+07
1.9612e+07
1.96119e+07
1.96119e+07
1.96119e+07
1.96118e+07
1.96118e+07
1.96117e+07
1.96116e+07
1.96116e+07
1.96115e+07
1.96114e+07
1.96113e+07
1.96112e+07
1.96111e+07
1.9611e+07
1.96109e+07
1.96108e+07
1.96107e+07
1.96106e+07
1.96105e+07
1.96103e+07
1.96102e+07
1.96101e+07
1.96099e+07
1.96098e+07
1.96097e+07
1.96095e+07
1.96094e+07
1.96092e+07
1.96091e+07
1.96089e+07
1.96088e+07
1.96086e+07
1.96085e+07
1.96083e+07
1.96082e+07
1.9608e+07
1.96078e+07
1.96077e+07
1.96075e+07
1.96073e+07
1.96071e+07
1.9607e+07
1.96068e+07
1.96066e+07
1.96064e+07
1.96062e+07
1.96061e+07
1.96059e+07
1.96057e+07
1.96055e+07
1.96053e+07
1.96051e+07
1.96048e+07
1.96046e+07
1.96044e+07
1.96042e+07
1.9604e+07
1.96037e+07
1.96035e+07
1.96033e+07
1.96031e+07
1.96028e+07
1.96026e+07
1.96023e+07
1.96021e+07
1.96018e+07
1.96016e+07
1.96013e+07
1.9601e+07
1.96008e+07
1.96005e+07
1.96002e+07
1.96e+07
1.95997e+07
1.95994e+07
1.95991e+07
1.95988e+07
1.95985e+07
1.95982e+07
1.95979e+07
1.95976e+07
1.95973e+07
1.9597e+07
1.95967e+07
1.95963e+07
1.9596e+07
1.95957e+07
1.95954e+07
1.9595e+07
1.95947e+07
1.95943e+07
1.9594e+07
1.95937e+07
1.95933e+07
1.95929e+07
1.95926e+07
1.95922e+07
1.95919e+07
1.95915e+07
1.95912e+07
1.95908e+07
1.95904e+07
1.959e+07
1.95897e+07
1.95893e+07
1.95889e+07
1.95886e+07
1.95882e+07
1.95878e+07
1.95874e+07
1.9587e+07
1.95867e+07
1.95863e+07
1.95859e+07
1.95855e+07
1.95852e+07
1.95848e+07
1.95844e+07
1.9584e+07
1.95837e+07
1.95833e+07
1.95829e+07
1.95826e+07
1.95822e+07
1.95819e+07
1.95815e+07
1.95811e+07
1.95808e+07
1.95804e+07
1.95801e+07
1.95797e+07
1.95794e+07
1.95791e+07
1.95787e+07
1.95784e+07
1.95781e+07
1.95777e+07
1.95774e+07
1.95771e+07
1.95768e+07
1.95764e+07
1.95761e+07
1.95758e+07
1.95755e+07
1.95752e+07
1.95749e+07
1.95746e+07
1.95743e+07
1.9574e+07
1.95738e+07
1.95735e+07
1.95732e+07
1.95729e+07
1.95726e+07
1.95724e+07
1.95721e+07
1.95718e+07
1.95716e+07
1.95713e+07
1.95711e+07
1.95708e+07
1.95706e+07
1.95703e+07
1.95701e+07
1.95699e+07
1.95696e+07
1.95694e+07
1.95692e+07
1.9569e+07
1.95688e+07
1.95686e+07
1.95684e+07
1.95682e+07
1.9568e+07
1.95678e+07
1.95676e+07
1.95674e+07
1.95672e+07
1.9567e+07
1.95669e+07
1.95667e+07
1.95665e+07
1.95664e+07
1.95662e+07
1.9566e+07
1.95659e+07
1.95657e+07
1.95656e+07
1.95654e+07
1.95653e+07
1.95651e+07
1.9565e+07
1.95648e+07
1.95647e+07
1.95646e+07
1.95644e+07
1.95643e+07
1.95641e+07
1.9564e+07
1.95639e+07
1.95637e+07
1.95636e+07
1.95634e+07
1.95633e+07
1.95632e+07
1.9563e+07
1.95629e+07
1.95627e+07
1.95626e+07
1.95625e+07
1.95623e+07
1.95622e+07
1.9562e+07
1.95619e+07
1.95617e+07
1.95616e+07
1.95614e+07
1.95613e+07
1.95611e+07
1.9561e+07
1.95608e+07
1.95607e+07
1.95605e+07
1.95603e+07
1.95602e+07
1.956e+07
1.95598e+07
1.95597e+07
1.95595e+07
1.95593e+07
1.95591e+07
1.9559e+07
1.95588e+07
1.95586e+07
1.95584e+07
1.95582e+07
1.9558e+07
1.95578e+07
1.95576e+07
1.95574e+07
1.95572e+07
1.9557e+07
1.95567e+07
1.95565e+07
1.95563e+07
1.95561e+07
1.95558e+07
1.95556e+07
1.95554e+07
1.95551e+07
1.95549e+07
1.95546e+07
1.95544e+07
1.95541e+07
1.95538e+07
1.95536e+07
1.95533e+07
1.9553e+07
1.95528e+07
1.95525e+07
1.95522e+07
1.95519e+07
1.95516e+07
1.95513e+07
1.9551e+07
1.95507e+07
1.95504e+07
1.95501e+07
1.95498e+07
1.95495e+07
1.95492e+07
1.95489e+07
1.95486e+07
1.95482e+07
1.95479e+07
1.95476e+07
1.95473e+07
1.95469e+07
1.95466e+07
1.95462e+07
1.95459e+07
1.95455e+07
1.95452e+07
1.95448e+07
1.95445e+07
1.95441e+07
1.95437e+07
1.95434e+07
1.9543e+07
1.95426e+07
1.95422e+07
1.95418e+07
1.95414e+07
1.95411e+07
1.95407e+07
1.95402e+07
1.95398e+07
1.95394e+07
1.9539e+07
1.95386e+07
1.95382e+07
1.95377e+07
1.95373e+07
1.95369e+07
1.95364e+07
1.9536e+07
1.95355e+07
1.95351e+07
1.95346e+07
1.95341e+07
1.95337e+07
1.95332e+07
1.95327e+07
1.95322e+07
1.95318e+07
1.95313e+07
1.95308e+07
1.95303e+07
1.95298e+07
1.95293e+07
1.95288e+07
1.95282e+07
1.95277e+07
1.95272e+07
1.95267e+07
1.95261e+07
1.95256e+07
1.95251e+07
1.95245e+07
1.9524e+07
1.95234e+07
1.95229e+07
1.95223e+07
1.95218e+07
1.95212e+07
1.95206e+07
1.95201e+07
1.95195e+07
1.95189e+07
1.95183e+07
1.95178e+07
1.95172e+07
1.95166e+07
1.9516e+07
1.95154e+07
1.95148e+07
1.95142e+07
1.95136e+07
1.9513e+07
1.95124e+07
1.95118e+07
1.95112e+07
1.95106e+07
1.951e+07
1.95094e+07
1.95088e+07
1.95082e+07
1.95075e+07
1.95069e+07
1.95063e+07
1.95057e+07
1.95051e+07
1.95045e+07
1.95038e+07
1.95032e+07
1.95026e+07
1.9502e+07
1.95014e+07
1.95008e+07
1.95001e+07
1.94995e+07
1.94989e+07
1.94983e+07
1.94977e+07
1.94971e+07
1.94964e+07
1.94958e+07
1.94952e+07
1.94946e+07
1.9494e+07
1.94934e+07
1.94928e+07
1.94922e+07
1.94916e+07
1.9491e+07
1.94904e+07
1.94898e+07
1.94892e+07
1.94886e+07
1.9488e+07
1.94875e+07
1.94869e+07
1.94863e+07
1.94858e+07
1.94852e+07
1.94847e+07
1.94841e+07
1.94836e+07
1.9483e+07
1.94825e+07
1.9482e+07
1.94815e+07
1.94809e+07
1.94804e+07
1.94799e+07
1.94794e+07
1.94789e+07
1.94785e+07
1.9478e+07
1.94775e+07
1.94771e+07
1.94766e+07
1.94761e+07
1.94757e+07
1.94753e+07
1.94748e+07
1.94744e+07
1.9474e+07
1.94736e+07
1.94732e+07
1.94728e+07
1.94724e+07
1.9472e+07
1.94716e+07
1.94712e+07
1.94709e+07
1.94705e+07
1.94701e+07
1.94698e+07
1.94694e+07
1.94691e+07
1.94687e+07
1.94684e+07
1.94681e+07
1.94678e+07
1.94674e+07
1.94671e+07
1.94668e+07
1.94665e+07
1.94662e+07
1.94659e+07
1.94656e+07
1.94653e+07
1.9465e+07
1.94648e+07
1.94645e+07
1.94642e+07
1.94639e+07
1.94636e+07
1.94634e+07
1.94631e+07
1.94628e+07
1.94625e+07
1.94623e+07
1.9462e+07
1.94617e+07
1.96057e+07
1.96058e+07
1.96057e+07
1.96057e+07
1.96056e+07
1.96055e+07
1.96055e+07
1.96056e+07
1.96056e+07
1.96056e+07
1.96054e+07
1.9605e+07
1.9605e+07
1.96052e+07
1.96053e+07
1.96052e+07
1.96049e+07
1.96048e+07
1.9605e+07
1.96051e+07
1.96049e+07
1.96045e+07
1.96045e+07
1.96047e+07
1.96049e+07
1.9605e+07
1.9605e+07
1.96049e+07
1.96047e+07
1.96044e+07
1.96037e+07
1.96031e+07
1.96031e+07
1.96038e+07
1.96046e+07
1.9605e+07
1.96051e+07
1.96049e+07
1.96046e+07
1.96041e+07
1.96031e+07
1.96023e+07
1.96022e+07
1.96026e+07
1.96032e+07
1.96039e+07
1.96046e+07
1.96049e+07
1.96051e+07
1.96051e+07
1.96051e+07
1.9605e+07
1.96051e+07
1.96052e+07
1.96053e+07
1.96053e+07
1.96053e+07
1.96054e+07
1.96057e+07
1.9606e+07
1.96063e+07
1.96066e+07
1.96069e+07
1.96071e+07
1.96073e+07
1.96075e+07
1.96077e+07
1.96078e+07
1.96079e+07
1.9608e+07
1.96081e+07
1.96082e+07
1.96083e+07
1.96084e+07
1.96085e+07
1.96087e+07
1.96088e+07
1.96089e+07
1.9609e+07
1.96091e+07
1.96092e+07
1.96093e+07
1.96094e+07
1.96095e+07
1.96096e+07
1.96097e+07
1.96098e+07
1.96099e+07
1.96099e+07
1.961e+07
1.96101e+07
1.96102e+07
1.96103e+07
1.96104e+07
1.96105e+07
1.96106e+07
1.96106e+07
1.96107e+07
1.96108e+07
1.96109e+07
1.96109e+07
1.9611e+07
1.96111e+07
1.96111e+07
1.96112e+07
1.96113e+07
1.96113e+07
1.96114e+07
1.96114e+07
1.96115e+07
1.96115e+07
1.96116e+07
1.96116e+07
1.96117e+07
1.96117e+07
1.96118e+07
1.96118e+07
1.96118e+07
1.96119e+07
1.96119e+07
1.96119e+07
1.9612e+07
1.9612e+07
1.9612e+07
1.9612e+07
1.9612e+07
1.96121e+07
1.96121e+07
1.96121e+07
1.96121e+07
1.96121e+07
1.96121e+07
1.96121e+07
1.96121e+07
1.96121e+07
1.96121e+07
1.96121e+07
1.96121e+07
1.96121e+07
1.96121e+07
1.96121e+07
1.9612e+07
1.9612e+07
1.9612e+07
1.96119e+07
1.96119e+07
1.96119e+07
1.96118e+07
1.96118e+07
1.96117e+07
1.96116e+07
1.96116e+07
1.96115e+07
1.96114e+07
1.96113e+07
1.96112e+07
1.96111e+07
1.9611e+07
1.96109e+07
1.96108e+07
1.96107e+07
1.96106e+07
1.96105e+07
1.96103e+07
1.96102e+07
1.96101e+07
1.96099e+07
1.96098e+07
1.96097e+07
1.96095e+07
1.96094e+07
1.96092e+07
1.96091e+07
1.96089e+07
1.96088e+07
1.96086e+07
1.96085e+07
1.96083e+07
1.96082e+07
1.9608e+07
1.96078e+07
1.96077e+07
1.96075e+07
1.96073e+07
1.96071e+07
1.9607e+07
1.96068e+07
1.96066e+07
1.96064e+07
1.96062e+07
1.96061e+07
1.96059e+07
1.96057e+07
1.96055e+07
1.96053e+07
1.96051e+07
1.96048e+07
1.96046e+07
1.96044e+07
1.96042e+07
1.9604e+07
1.96037e+07
1.96035e+07
1.96033e+07
1.96031e+07
1.96028e+07
1.96026e+07
1.96023e+07
1.96021e+07
1.96018e+07
1.96016e+07
1.96013e+07
1.9601e+07
1.96008e+07
1.96005e+07
1.96002e+07
1.96e+07
1.95997e+07
1.95994e+07
1.95991e+07
1.95988e+07
1.95985e+07
1.95982e+07
1.95979e+07
1.95976e+07
1.95973e+07
1.9597e+07
1.95967e+07
1.95963e+07
1.9596e+07
1.95957e+07
1.95954e+07
1.9595e+07
1.95947e+07
1.95943e+07
1.9594e+07
1.95937e+07
1.95933e+07
1.95929e+07
1.95926e+07
1.95922e+07
1.95919e+07
1.95915e+07
1.95912e+07
1.95908e+07
1.95904e+07
1.959e+07
1.95897e+07
1.95893e+07
1.95889e+07
1.95886e+07
1.95882e+07
1.95878e+07
1.95874e+07
1.9587e+07
1.95867e+07
1.95863e+07
1.95859e+07
1.95855e+07
1.95852e+07
1.95848e+07
1.95844e+07
1.9584e+07
1.95837e+07
1.95833e+07
1.95829e+07
1.95826e+07
1.95822e+07
1.95819e+07
1.95815e+07
1.95811e+07
1.95808e+07
1.95804e+07
1.95801e+07
1.95797e+07
1.95794e+07
1.95791e+07
1.95787e+07
1.95784e+07
1.95781e+07
1.95777e+07
1.95774e+07
1.95771e+07
1.95768e+07
1.95764e+07
1.95761e+07
1.95758e+07
1.95755e+07
1.95752e+07
1.95749e+07
1.95746e+07
1.95743e+07
1.9574e+07
1.95738e+07
1.95735e+07
1.95732e+07
1.95729e+07
1.95726e+07
1.95724e+07
1.95721e+07
1.95718e+07
1.95716e+07
1.95713e+07
1.95711e+07
1.95708e+07
1.95706e+07
1.95703e+07
1.95701e+07
1.95699e+07
1.95696e+07
1.95694e+07
1.95692e+07
1.9569e+07
1.95688e+07
1.95686e+07
1.95684e+07
1.95682e+07
1.9568e+07
1.95678e+07
1.95676e+07
1.95674e+07
1.95672e+07
1.9567e+07
1.95669e+07
1.95667e+07
1.95665e+07
1.95664e+07
1.95662e+07
1.9566e+07
1.95659e+07
1.95657e+07
1.95656e+07
1.95654e+07
1.95653e+07
1.95651e+07
1.9565e+07
1.95648e+07
1.95647e+07
1.95646e+07
1.95644e+07
1.95643e+07
1.95641e+07
1.9564e+07
1.95639e+07
1.95637e+07
1.95636e+07
1.95634e+07
1.95633e+07
1.95632e+07
1.9563e+07
1.95629e+07
1.95627e+07
1.95626e+07
1.95625e+07
1.95623e+07
1.95622e+07
1.9562e+07
1.95619e+07
1.95617e+07
1.95616e+07
1.95614e+07
1.95613e+07
1.95611e+07
1.9561e+07
1.95608e+07
1.95607e+07
1.95605e+07
1.95603e+07
1.95602e+07
1.956e+07
1.95598e+07
1.95597e+07
1.95595e+07
1.95593e+07
1.95591e+07
1.9559e+07
1.95588e+07
1.95586e+07
1.95584e+07
1.95582e+07
1.9558e+07
1.95578e+07
1.95576e+07
1.95574e+07
1.95572e+07
1.9557e+07
1.95567e+07
1.95565e+07
1.95563e+07
1.95561e+07
1.95558e+07
1.95556e+07
1.95554e+07
1.95551e+07
1.95549e+07
1.95546e+07
1.95544e+07
1.95541e+07
1.95538e+07
1.95536e+07
1.95533e+07
1.9553e+07
1.95528e+07
1.95525e+07
1.95522e+07
1.95519e+07
1.95516e+07
1.95513e+07
1.9551e+07
1.95507e+07
1.95504e+07
1.95501e+07
1.95498e+07
1.95495e+07
1.95492e+07
1.95489e+07
1.95486e+07
1.95482e+07
1.95479e+07
1.95476e+07
1.95473e+07
1.95469e+07
1.95466e+07
1.95462e+07
1.95459e+07
1.95455e+07
1.95452e+07
1.95448e+07
1.95445e+07
1.95441e+07
1.95437e+07
1.95434e+07
1.9543e+07
1.95426e+07
1.95422e+07
1.95418e+07
1.95414e+07
1.95411e+07
1.95407e+07
1.95402e+07
1.95398e+07
1.95394e+07
1.9539e+07
1.95386e+07
1.95382e+07
1.95377e+07
1.95373e+07
1.95369e+07
1.95364e+07
1.9536e+07
1.95355e+07
1.95351e+07
1.95346e+07
1.95341e+07
1.95337e+07
1.95332e+07
1.95327e+07
1.95322e+07
1.95318e+07
1.95313e+07
1.95308e+07
1.95303e+07
1.95298e+07
1.95293e+07
1.95288e+07
1.95282e+07
1.95277e+07
1.95272e+07
1.95267e+07
1.95261e+07
1.95256e+07
1.95251e+07
1.95245e+07
1.9524e+07
1.95234e+07
1.95229e+07
1.95223e+07
1.95218e+07
1.95212e+07
1.95206e+07
1.95201e+07
1.95195e+07
1.95189e+07
1.95183e+07
1.95178e+07
1.95172e+07
1.95166e+07
1.9516e+07
1.95154e+07
1.95148e+07
1.95142e+07
1.95136e+07
1.9513e+07
1.95124e+07
1.95118e+07
1.95112e+07
1.95106e+07
1.951e+07
1.95094e+07
1.95088e+07
1.95082e+07
1.95075e+07
1.95069e+07
1.95063e+07
1.95057e+07
1.95051e+07
1.95045e+07
1.95038e+07
1.95032e+07
1.95026e+07
1.9502e+07
1.95014e+07
1.95008e+07
1.95001e+07
1.94995e+07
1.94989e+07
1.94983e+07
1.94977e+07
1.94971e+07
1.94964e+07
1.94958e+07
1.94952e+07
1.94946e+07
1.9494e+07
1.94934e+07
1.94928e+07
1.94922e+07
1.94916e+07
1.9491e+07
1.94904e+07
1.94898e+07
1.94892e+07
1.94886e+07
1.9488e+07
1.94875e+07
1.94869e+07
1.94863e+07
1.94858e+07
1.94852e+07
1.94847e+07
1.94841e+07
1.94836e+07
1.9483e+07
1.94825e+07
1.9482e+07
1.94815e+07
1.94809e+07
1.94804e+07
1.94799e+07
1.94794e+07
1.94789e+07
1.94785e+07
1.9478e+07
1.94775e+07
1.94771e+07
1.94766e+07
1.94761e+07
1.94757e+07
1.94753e+07
1.94748e+07
1.94744e+07
1.9474e+07
1.94736e+07
1.94732e+07
1.94728e+07
1.94724e+07
1.9472e+07
1.94716e+07
1.94712e+07
1.94709e+07
1.94705e+07
1.94701e+07
1.94698e+07
1.94694e+07
1.94691e+07
1.94687e+07
1.94684e+07
1.94681e+07
1.94678e+07
1.94674e+07
1.94671e+07
1.94668e+07
1.94665e+07
1.94662e+07
1.94659e+07
1.94656e+07
1.94653e+07
1.9465e+07
1.94648e+07
1.94645e+07
1.94642e+07
1.94639e+07
1.94636e+07
1.94634e+07
1.94631e+07
1.94628e+07
1.94625e+07
1.94623e+07
1.9462e+07
1.94617e+07
1.96057e+07
1.96057e+07
1.96056e+07
1.96056e+07
1.96055e+07
1.96054e+07
1.96054e+07
1.96055e+07
1.96054e+07
1.96054e+07
1.96052e+07
1.9605e+07
1.96051e+07
1.96052e+07
1.96052e+07
1.96049e+07
1.96047e+07
1.96049e+07
1.9605e+07
1.96049e+07
1.96047e+07
1.96045e+07
1.96046e+07
1.96048e+07
1.96048e+07
1.96048e+07
1.96047e+07
1.96046e+07
1.96043e+07
1.96041e+07
1.96039e+07
1.96034e+07
1.96034e+07
1.96041e+07
1.96046e+07
1.96047e+07
1.96046e+07
1.96043e+07
1.9604e+07
1.96037e+07
1.96033e+07
1.96026e+07
1.96025e+07
1.96029e+07
1.96035e+07
1.96041e+07
1.96046e+07
1.96049e+07
1.9605e+07
1.9605e+07
1.9605e+07
1.96051e+07
1.96052e+07
1.96054e+07
1.96054e+07
1.96052e+07
1.96053e+07
1.96055e+07
1.96057e+07
1.9606e+07
1.96063e+07
1.96066e+07
1.96069e+07
1.96071e+07
1.96073e+07
1.96075e+07
1.96077e+07
1.96078e+07
1.96079e+07
1.9608e+07
1.96081e+07
1.96082e+07
1.96083e+07
1.96084e+07
1.96085e+07
1.96087e+07
1.96088e+07
1.96089e+07
1.9609e+07
1.96091e+07
1.96092e+07
1.96093e+07
1.96094e+07
1.96095e+07
1.96096e+07
1.96097e+07
1.96098e+07
1.96099e+07
1.96099e+07
1.961e+07
1.96101e+07
1.96102e+07
1.96103e+07
1.96104e+07
1.96105e+07
1.96106e+07
1.96106e+07
1.96107e+07
1.96108e+07
1.96109e+07
1.96109e+07
1.9611e+07
1.96111e+07
1.96111e+07
1.96112e+07
1.96113e+07
1.96113e+07
1.96114e+07
1.96114e+07
1.96115e+07
1.96115e+07
1.96116e+07
1.96116e+07
1.96117e+07
1.96117e+07
1.96118e+07
1.96118e+07
1.96118e+07
1.96119e+07
1.96119e+07
1.96119e+07
1.9612e+07
1.9612e+07
1.9612e+07
1.9612e+07
1.9612e+07
1.96121e+07
1.96121e+07
1.96121e+07
1.96121e+07
1.96121e+07
1.96121e+07
1.96121e+07
1.96121e+07
1.96121e+07
1.96121e+07
1.96121e+07
1.96121e+07
1.96121e+07
1.96121e+07
1.96121e+07
1.9612e+07
1.9612e+07
1.9612e+07
1.96119e+07
1.96119e+07
1.96119e+07
1.96118e+07
1.96118e+07
1.96117e+07
1.96116e+07
1.96116e+07
1.96115e+07
1.96114e+07
1.96113e+07
1.96112e+07
1.96111e+07
1.9611e+07
1.96109e+07
1.96108e+07
1.96107e+07
1.96106e+07
1.96105e+07
1.96103e+07
1.96102e+07
1.96101e+07
1.96099e+07
1.96098e+07
1.96097e+07
1.96095e+07
1.96094e+07
1.96092e+07
1.96091e+07
1.96089e+07
1.96088e+07
1.96086e+07
1.96085e+07
1.96083e+07
1.96082e+07
1.9608e+07
1.96078e+07
1.96077e+07
1.96075e+07
1.96073e+07
1.96071e+07
1.9607e+07
1.96068e+07
1.96066e+07
1.96064e+07
1.96062e+07
1.96061e+07
1.96059e+07
1.96057e+07
1.96055e+07
1.96053e+07
1.96051e+07
1.96048e+07
1.96046e+07
1.96044e+07
1.96042e+07
1.9604e+07
1.96037e+07
1.96035e+07
1.96033e+07
1.96031e+07
1.96028e+07
1.96026e+07
1.96023e+07
1.96021e+07
1.96018e+07
1.96016e+07
1.96013e+07
1.9601e+07
1.96008e+07
1.96005e+07
1.96002e+07
1.96e+07
1.95997e+07
1.95994e+07
1.95991e+07
1.95988e+07
1.95985e+07
1.95982e+07
1.95979e+07
1.95976e+07
1.95973e+07
1.9597e+07
1.95967e+07
1.95963e+07
1.9596e+07
1.95957e+07
1.95954e+07
1.9595e+07
1.95947e+07
1.95943e+07
1.9594e+07
1.95937e+07
1.95933e+07
1.95929e+07
1.95926e+07
1.95922e+07
1.95919e+07
1.95915e+07
1.95912e+07
1.95908e+07
1.95904e+07
1.959e+07
1.95897e+07
1.95893e+07
1.95889e+07
1.95886e+07
1.95882e+07
1.95878e+07
1.95874e+07
1.9587e+07
1.95867e+07
1.95863e+07
1.95859e+07
1.95855e+07
1.95852e+07
1.95848e+07
1.95844e+07
1.9584e+07
1.95837e+07
1.95833e+07
1.95829e+07
1.95826e+07
1.95822e+07
1.95819e+07
1.95815e+07
1.95811e+07
1.95808e+07
1.95804e+07
1.95801e+07
1.95797e+07
1.95794e+07
1.95791e+07
1.95787e+07
1.95784e+07
1.95781e+07
1.95777e+07
1.95774e+07
1.95771e+07
1.95768e+07
1.95764e+07
1.95761e+07
1.95758e+07
1.95755e+07
1.95752e+07
1.95749e+07
1.95746e+07
1.95743e+07
1.9574e+07
1.95738e+07
1.95735e+07
1.95732e+07
1.95729e+07
1.95726e+07
1.95724e+07
1.95721e+07
1.95718e+07
1.95716e+07
1.95713e+07
1.95711e+07
1.95708e+07
1.95706e+07
1.95703e+07
1.95701e+07
1.95699e+07
1.95696e+07
1.95694e+07
1.95692e+07
1.9569e+07
1.95688e+07
1.95686e+07
1.95684e+07
1.95682e+07
1.9568e+07
1.95678e+07
1.95676e+07
1.95674e+07
1.95672e+07
1.9567e+07
1.95669e+07
1.95667e+07
1.95665e+07
1.95664e+07
1.95662e+07
1.9566e+07
1.95659e+07
1.95657e+07
1.95656e+07
1.95654e+07
1.95653e+07
1.95651e+07
1.9565e+07
1.95648e+07
1.95647e+07
1.95646e+07
1.95644e+07
1.95643e+07
1.95641e+07
1.9564e+07
1.95639e+07
1.95637e+07
1.95636e+07
1.95634e+07
1.95633e+07
1.95632e+07
1.9563e+07
1.95629e+07
1.95627e+07
1.95626e+07
1.95625e+07
1.95623e+07
1.95622e+07
1.9562e+07
1.95619e+07
1.95617e+07
1.95616e+07
1.95614e+07
1.95613e+07
1.95611e+07
1.9561e+07
1.95608e+07
1.95607e+07
1.95605e+07
1.95603e+07
1.95602e+07
1.956e+07
1.95598e+07
1.95597e+07
1.95595e+07
1.95593e+07
1.95591e+07
1.9559e+07
1.95588e+07
1.95586e+07
1.95584e+07
1.95582e+07
1.9558e+07
1.95578e+07
1.95576e+07
1.95574e+07
1.95572e+07
1.9557e+07
1.95567e+07
1.95565e+07
1.95563e+07
1.95561e+07
1.95558e+07
1.95556e+07
1.95554e+07
1.95551e+07
1.95549e+07
1.95546e+07
1.95544e+07
1.95541e+07
1.95538e+07
1.95536e+07
1.95533e+07
1.9553e+07
1.95528e+07
1.95525e+07
1.95522e+07
1.95519e+07
1.95516e+07
1.95513e+07
1.9551e+07
1.95507e+07
1.95504e+07
1.95501e+07
1.95498e+07
1.95495e+07
1.95492e+07
1.95489e+07
1.95486e+07
1.95482e+07
1.95479e+07
1.95476e+07
1.95473e+07
1.95469e+07
1.95466e+07
1.95462e+07
1.95459e+07
1.95455e+07
1.95452e+07
1.95448e+07
1.95445e+07
1.95441e+07
1.95437e+07
1.95434e+07
1.9543e+07
1.95426e+07
1.95422e+07
1.95418e+07
1.95414e+07
1.95411e+07
1.95407e+07
1.95402e+07
1.95398e+07
1.95394e+07
1.9539e+07
1.95386e+07
1.95382e+07
1.95377e+07
1.95373e+07
1.95369e+07
1.95364e+07
1.9536e+07
1.95355e+07
1.95351e+07
1.95346e+07
1.95341e+07
1.95337e+07
1.95332e+07
1.95327e+07
1.95322e+07
1.95318e+07
1.95313e+07
1.95308e+07
1.95303e+07
1.95298e+07
1.95293e+07
1.95288e+07
1.95282e+07
1.95277e+07
1.95272e+07
1.95267e+07
1.95261e+07
1.95256e+07
1.95251e+07
1.95245e+07
1.9524e+07
1.95234e+07
1.95229e+07
1.95223e+07
1.95218e+07
1.95212e+07
1.95206e+07
1.95201e+07
1.95195e+07
1.95189e+07
1.95183e+07
1.95178e+07
1.95172e+07
1.95166e+07
1.9516e+07
1.95154e+07
1.95148e+07
1.95142e+07
1.95136e+07
1.9513e+07
1.95124e+07
1.95118e+07
1.95112e+07
1.95106e+07
1.951e+07
1.95094e+07
1.95088e+07
1.95082e+07
1.95075e+07
1.95069e+07
1.95063e+07
1.95057e+07
1.95051e+07
1.95045e+07
1.95038e+07
1.95032e+07
1.95026e+07
1.9502e+07
1.95014e+07
1.95008e+07
1.95001e+07
1.94995e+07
1.94989e+07
1.94983e+07
1.94977e+07
1.94971e+07
1.94964e+07
1.94958e+07
1.94952e+07
1.94946e+07
1.9494e+07
1.94934e+07
1.94928e+07
1.94922e+07
1.94916e+07
1.9491e+07
1.94904e+07
1.94898e+07
1.94892e+07
1.94886e+07
1.9488e+07
1.94875e+07
1.94869e+07
1.94863e+07
1.94858e+07
1.94852e+07
1.94847e+07
1.94841e+07
1.94836e+07
1.9483e+07
1.94825e+07
1.9482e+07
1.94815e+07
1.94809e+07
1.94804e+07
1.94799e+07
1.94794e+07
1.94789e+07
1.94785e+07
1.9478e+07
1.94775e+07
1.94771e+07
1.94766e+07
1.94761e+07
1.94757e+07
1.94753e+07
1.94748e+07
1.94744e+07
1.9474e+07
1.94736e+07
1.94732e+07
1.94728e+07
1.94724e+07
1.9472e+07
1.94716e+07
1.94712e+07
1.94709e+07
1.94705e+07
1.94701e+07
1.94698e+07
1.94694e+07
1.94691e+07
1.94687e+07
1.94684e+07
1.94681e+07
1.94678e+07
1.94674e+07
1.94671e+07
1.94668e+07
1.94665e+07
1.94662e+07
1.94659e+07
1.94656e+07
1.94653e+07
1.9465e+07
1.94648e+07
1.94645e+07
1.94642e+07
1.94639e+07
1.94636e+07
1.94634e+07
1.94631e+07
1.94628e+07
1.94625e+07
1.94623e+07
1.9462e+07
1.94617e+07
1.96057e+07
1.96057e+07
1.96056e+07
1.96056e+07
1.96055e+07
1.96054e+07
1.96054e+07
1.96055e+07
1.96054e+07
1.96054e+07
1.96052e+07
1.9605e+07
1.96051e+07
1.96052e+07
1.96052e+07
1.96049e+07
1.96047e+07
1.96048e+07
1.9605e+07
1.96049e+07
1.96047e+07
1.96045e+07
1.96046e+07
1.96048e+07
1.96048e+07
1.96048e+07
1.96047e+07
1.96046e+07
1.96043e+07
1.96041e+07
1.96038e+07
1.96034e+07
1.96034e+07
1.96041e+07
1.96046e+07
1.96047e+07
1.96046e+07
1.96043e+07
1.9604e+07
1.96037e+07
1.96033e+07
1.96026e+07
1.96025e+07
1.96029e+07
1.96035e+07
1.96041e+07
1.96046e+07
1.96049e+07
1.9605e+07
1.9605e+07
1.9605e+07
1.96051e+07
1.96052e+07
1.96054e+07
1.96054e+07
1.96052e+07
1.96053e+07
1.96055e+07
1.96057e+07
1.9606e+07
1.96063e+07
1.96066e+07
1.96069e+07
1.96071e+07
1.96073e+07
1.96075e+07
1.96077e+07
1.96078e+07
1.96079e+07
1.9608e+07
1.96081e+07
1.96082e+07
1.96083e+07
1.96084e+07
1.96085e+07
1.96087e+07
1.96088e+07
1.96089e+07
1.9609e+07
1.96091e+07
1.96092e+07
1.96093e+07
1.96094e+07
1.96095e+07
1.96096e+07
1.96097e+07
1.96098e+07
1.96099e+07
1.96099e+07
1.961e+07
1.96101e+07
1.96102e+07
1.96103e+07
1.96104e+07
1.96105e+07
1.96106e+07
1.96106e+07
1.96107e+07
1.96108e+07
1.96109e+07
1.96109e+07
1.9611e+07
1.96111e+07
1.96111e+07
1.96112e+07
1.96113e+07
1.96113e+07
1.96114e+07
1.96114e+07
1.96115e+07
1.96115e+07
1.96116e+07
1.96116e+07
1.96117e+07
1.96117e+07
1.96118e+07
1.96118e+07
1.96118e+07
1.96119e+07
1.96119e+07
1.96119e+07
1.9612e+07
1.9612e+07
1.9612e+07
1.9612e+07
1.9612e+07
1.96121e+07
1.96121e+07
1.96121e+07
1.96121e+07
1.96121e+07
1.96121e+07
1.96121e+07
1.96121e+07
1.96121e+07
1.96121e+07
1.96121e+07
1.96121e+07
1.96121e+07
1.96121e+07
1.96121e+07
1.9612e+07
1.9612e+07
1.9612e+07
1.96119e+07
1.96119e+07
1.96119e+07
1.96118e+07
1.96118e+07
1.96117e+07
1.96116e+07
1.96116e+07
1.96115e+07
1.96114e+07
1.96113e+07
1.96112e+07
1.96111e+07
1.9611e+07
1.96109e+07
1.96108e+07
1.96107e+07
1.96106e+07
1.96105e+07
1.96103e+07
1.96102e+07
1.96101e+07
1.96099e+07
1.96098e+07
1.96097e+07
1.96095e+07
1.96094e+07
1.96092e+07
1.96091e+07
1.96089e+07
1.96088e+07
1.96086e+07
1.96085e+07
1.96083e+07
1.96082e+07
1.9608e+07
1.96078e+07
1.96077e+07
1.96075e+07
1.96073e+07
1.96071e+07
1.9607e+07
1.96068e+07
1.96066e+07
1.96064e+07
1.96062e+07
1.96061e+07
1.96059e+07
1.96057e+07
1.96055e+07
1.96053e+07
1.96051e+07
1.96048e+07
1.96046e+07
1.96044e+07
1.96042e+07
1.9604e+07
1.96037e+07
1.96035e+07
1.96033e+07
1.96031e+07
1.96028e+07
1.96026e+07
1.96023e+07
1.96021e+07
1.96018e+07
1.96016e+07
1.96013e+07
1.9601e+07
1.96008e+07
1.96005e+07
1.96002e+07
1.96e+07
1.95997e+07
1.95994e+07
1.95991e+07
1.95988e+07
1.95985e+07
1.95982e+07
1.95979e+07
1.95976e+07
1.95973e+07
1.9597e+07
1.95967e+07
1.95963e+07
1.9596e+07
1.95957e+07
1.95954e+07
1.9595e+07
1.95947e+07
1.95943e+07
1.9594e+07
1.95937e+07
1.95933e+07
1.95929e+07
1.95926e+07
1.95922e+07
1.95919e+07
1.95915e+07
1.95912e+07
1.95908e+07
1.95904e+07
1.959e+07
1.95897e+07
1.95893e+07
1.95889e+07
1.95886e+07
1.95882e+07
1.95878e+07
1.95874e+07
1.9587e+07
1.95867e+07
1.95863e+07
1.95859e+07
1.95855e+07
1.95852e+07
1.95848e+07
1.95844e+07
1.9584e+07
1.95837e+07
1.95833e+07
1.95829e+07
1.95826e+07
1.95822e+07
1.95819e+07
1.95815e+07
1.95811e+07
1.95808e+07
1.95804e+07
1.95801e+07
1.95797e+07
1.95794e+07
1.95791e+07
1.95787e+07
1.95784e+07
1.95781e+07
1.95777e+07
1.95774e+07
1.95771e+07
1.95768e+07
1.95764e+07
1.95761e+07
1.95758e+07
1.95755e+07
1.95752e+07
1.95749e+07
1.95746e+07
1.95743e+07
1.9574e+07
1.95738e+07
1.95735e+07
1.95732e+07
1.95729e+07
1.95726e+07
1.95724e+07
1.95721e+07
1.95718e+07
1.95716e+07
1.95713e+07
1.95711e+07
1.95708e+07
1.95706e+07
1.95703e+07
1.95701e+07
1.95699e+07
1.95696e+07
1.95694e+07
1.95692e+07
1.9569e+07
1.95688e+07
1.95686e+07
1.95684e+07
1.95682e+07
1.9568e+07
1.95678e+07
1.95676e+07
1.95674e+07
1.95672e+07
1.9567e+07
1.95669e+07
1.95667e+07
1.95665e+07
1.95664e+07
1.95662e+07
1.9566e+07
1.95659e+07
1.95657e+07
1.95656e+07
1.95654e+07
1.95653e+07
1.95651e+07
1.9565e+07
1.95648e+07
1.95647e+07
1.95646e+07
1.95644e+07
1.95643e+07
1.95641e+07
1.9564e+07
1.95639e+07
1.95637e+07
1.95636e+07
1.95634e+07
1.95633e+07
1.95632e+07
1.9563e+07
1.95629e+07
1.95627e+07
1.95626e+07
1.95625e+07
1.95623e+07
1.95622e+07
1.9562e+07
1.95619e+07
1.95617e+07
1.95616e+07
1.95614e+07
1.95613e+07
1.95611e+07
1.9561e+07
1.95608e+07
1.95607e+07
1.95605e+07
1.95603e+07
1.95602e+07
1.956e+07
1.95598e+07
1.95597e+07
1.95595e+07
1.95593e+07
1.95591e+07
1.9559e+07
1.95588e+07
1.95586e+07
1.95584e+07
1.95582e+07
1.9558e+07
1.95578e+07
1.95576e+07
1.95574e+07
1.95572e+07
1.9557e+07
1.95567e+07
1.95565e+07
1.95563e+07
1.95561e+07
1.95558e+07
1.95556e+07
1.95554e+07
1.95551e+07
1.95549e+07
1.95546e+07
1.95544e+07
1.95541e+07
1.95538e+07
1.95536e+07
1.95533e+07
1.9553e+07
1.95528e+07
1.95525e+07
1.95522e+07
1.95519e+07
1.95516e+07
1.95513e+07
1.9551e+07
1.95507e+07
1.95504e+07
1.95501e+07
1.95498e+07
1.95495e+07
1.95492e+07
1.95489e+07
1.95486e+07
1.95482e+07
1.95479e+07
1.95476e+07
1.95473e+07
1.95469e+07
1.95466e+07
1.95462e+07
1.95459e+07
1.95455e+07
1.95452e+07
1.95448e+07
1.95445e+07
1.95441e+07
1.95437e+07
1.95434e+07
1.9543e+07
1.95426e+07
1.95422e+07
1.95418e+07
1.95414e+07
1.95411e+07
1.95407e+07
1.95402e+07
1.95398e+07
1.95394e+07
1.9539e+07
1.95386e+07
1.95382e+07
1.95377e+07
1.95373e+07
1.95369e+07
1.95364e+07
1.9536e+07
1.95355e+07
1.95351e+07
1.95346e+07
1.95341e+07
1.95337e+07
1.95332e+07
1.95327e+07
1.95322e+07
1.95318e+07
1.95313e+07
1.95308e+07
1.95303e+07
1.95298e+07
1.95293e+07
1.95288e+07
1.95282e+07
1.95277e+07
1.95272e+07
1.95267e+07
1.95261e+07
1.95256e+07
1.95251e+07
1.95245e+07
1.9524e+07
1.95234e+07
1.95229e+07
1.95223e+07
1.95218e+07
1.95212e+07
1.95206e+07
1.95201e+07
1.95195e+07
1.95189e+07
1.95183e+07
1.95178e+07
1.95172e+07
1.95166e+07
1.9516e+07
1.95154e+07
1.95148e+07
1.95142e+07
1.95136e+07
1.9513e+07
1.95124e+07
1.95118e+07
1.95112e+07
1.95106e+07
1.951e+07
1.95094e+07
1.95088e+07
1.95082e+07
1.95075e+07
1.95069e+07
1.95063e+07
1.95057e+07
1.95051e+07
1.95045e+07
1.95038e+07
1.95032e+07
1.95026e+07
1.9502e+07
1.95014e+07
1.95008e+07
1.95001e+07
1.94995e+07
1.94989e+07
1.94983e+07
1.94977e+07
1.94971e+07
1.94964e+07
1.94958e+07
1.94952e+07
1.94946e+07
1.9494e+07
1.94934e+07
1.94928e+07
1.94922e+07
1.94916e+07
1.9491e+07
1.94904e+07
1.94898e+07
1.94892e+07
1.94886e+07
1.9488e+07
1.94875e+07
1.94869e+07
1.94863e+07
1.94858e+07
1.94852e+07
1.94847e+07
1.94841e+07
1.94836e+07
1.9483e+07
1.94825e+07
1.9482e+07
1.94815e+07
1.94809e+07
1.94804e+07
1.94799e+07
1.94794e+07
1.94789e+07
1.94785e+07
1.9478e+07
1.94775e+07
1.94771e+07
1.94766e+07
1.94761e+07
1.94757e+07
1.94753e+07
1.94748e+07
1.94744e+07
1.9474e+07
1.94736e+07
1.94732e+07
1.94728e+07
1.94724e+07
1.9472e+07
1.94716e+07
1.94712e+07
1.94709e+07
1.94705e+07
1.94701e+07
1.94698e+07
1.94694e+07
1.94691e+07
1.94687e+07
1.94684e+07
1.94681e+07
1.94678e+07
1.94674e+07
1.94671e+07
1.94668e+07
1.94665e+07
1.94662e+07
1.94659e+07
1.94656e+07
1.94653e+07
1.9465e+07
1.94648e+07
1.94645e+07
1.94642e+07
1.94639e+07
1.94636e+07
1.94634e+07
1.94631e+07
1.94628e+07
1.94625e+07
1.94623e+07
1.9462e+07
1.94617e+07
)
;

boundaryField
{
    inlet
    {
        type            zeroGradient;
    }
    outlet
    {
        type            uniformTotalPressure;
        rho             none;
        psi             none;
        gamma           1.4364;
        pressure        tableFile;
        pressureCoeffs
        {
            fileName        "$FOAM_RUN/SH5_43mps_MFR_newBC/outlet0.2_42.7mps_fromCapture.dat";
        }
        value           nonuniform List<scalar> 5(1.94616e+07 1.94616e+07 1.94616e+07 1.94616e+07 1.94616e+07);
    }
    sides
    {
        type            empty;
    }
    walls
    {
        type            zeroGradient;
    }
}


// ************************************************************************* //
