/*--------------------------------*- C++ -*----------------------------------*\
| =========                 |                                                 |
| \\      /  F ield         | OpenFOAM: The Open Source CFD Toolbox           |
|  \\    /   O peration     | Version:  3.0.x                                 |
|   \\  /    A nd           | Web:      www.OpenFOAM.org                      |
|    \\/     M anipulation  |                                                 |
\*---------------------------------------------------------------------------*/
FoamFile
{
    version     2.0;
    format      ascii;
    class       volScalarField;
    location    "0.56";
    object      T;
}
// * * * * * * * * * * * * * * * * * * * * * * * * * * * * * * * * * * * * * //

dimensions      [0 0 0 1 0 0 0];

internalField   nonuniform List<scalar> 
6900
(
780.825
780.797
780.754
780.715
780.682
780.655
780.633
780.615
780.602
780.596
780.594
780.595
780.596
780.601
780.608
780.617
780.625
780.635
780.644
780.654
780.664
780.674
780.685
780.695
780.706
780.717
780.729
780.74
780.752
780.764
780.776
780.789
780.802
780.814
780.827
780.841
780.854
780.868
780.882
780.896
780.91
780.925
780.94
780.954
780.97
780.986
781.002
781.018
781.033
781.048
781.062
781.076
781.09
781.105
781.121
781.137
781.154
781.171
781.188
781.205
781.222
781.238
781.254
781.27
781.285
781.299
781.314
781.33
781.347
781.364
781.382
781.4
781.419
781.437
781.454
781.472
781.489
781.506
781.523
781.541
781.559
781.577
781.596
781.615
781.634
781.654
781.673
781.693
781.713
781.733
781.754
781.774
781.794
781.814
781.834
781.855
781.875
781.895
781.915
781.936
781.956
781.976
781.996
782.016
782.037
782.057
782.077
782.097
782.117
782.137
782.157
782.177
782.197
782.216
782.236
782.256
782.275
782.295
782.314
782.334
782.353
782.373
782.392
782.411
782.43
782.449
782.468
782.487
782.506
782.525
782.543
782.562
782.581
782.599
782.617
782.636
782.654
782.672
782.69
782.708
782.726
782.744
782.761
782.779
782.797
782.814
782.831
782.848
782.865
782.882
782.899
782.916
782.932
782.949
782.965
782.981
782.997
783.013
783.029
783.044
783.06
783.075
783.091
783.106
783.121
783.136
783.15
783.165
783.179
783.194
783.208
783.222
783.236
783.25
783.264
783.277
783.29
783.304
783.317
783.33
783.342
783.356
783.367
783.381
783.391
783.406
783.414
783.431
783.436
783.454
783.459
783.477
783.481
783.498
783.502
783.516
783.528
783.532
783.549
783.557
780.821
780.793
780.75
780.711
780.678
780.651
780.629
780.611
780.598
780.592
780.591
780.591
780.592
780.597
780.604
780.613
780.622
780.631
780.64
780.65
780.66
780.671
780.681
780.692
780.702
780.714
780.725
780.737
780.748
780.761
780.773
780.785
780.798
780.811
780.824
780.837
780.851
780.864
780.878
780.892
780.907
780.922
780.936
780.951
780.966
780.982
780.998
781.014
781.03
781.045
781.059
781.073
781.087
781.102
781.118
781.134
781.151
781.168
781.185
781.202
781.219
781.236
781.252
781.267
781.282
781.297
781.312
781.327
781.344
781.361
781.379
781.398
781.416
781.434
781.452
781.469
781.487
781.504
781.521
781.539
781.556
781.575
781.593
781.612
781.632
781.651
781.671
781.691
781.711
781.731
781.751
781.771
781.791
781.812
781.832
781.852
781.872
781.893
781.913
781.933
781.953
781.974
781.994
782.014
782.034
782.054
782.074
782.094
782.114
782.134
782.154
782.174
782.194
782.214
782.234
782.253
782.273
782.293
782.312
782.331
782.351
782.37
782.389
782.409
782.428
782.447
782.466
782.485
782.504
782.522
782.541
782.56
782.578
782.597
782.615
782.633
782.652
782.67
782.688
782.706
782.724
782.741
782.759
782.777
782.794
782.811
782.829
782.846
782.863
782.88
782.897
782.913
782.93
782.946
782.963
782.979
782.995
783.011
783.026
783.042
783.058
783.073
783.088
783.103
783.118
783.133
783.148
783.163
783.177
783.192
783.206
783.22
783.234
783.248
783.261
783.275
783.288
783.302
783.314
783.328
783.34
783.354
783.364
783.379
783.388
783.404
783.411
783.429
783.434
783.452
783.456
783.475
783.478
783.496
783.5
783.517
783.52
783.537
783.541
783.555
780.821
780.793
780.75
780.712
780.678
780.651
780.629
780.611
780.598
780.592
780.591
780.591
780.592
780.597
780.605
780.613
780.622
780.631
780.641
780.65
780.66
780.671
780.681
780.692
780.703
780.714
780.725
780.737
780.749
780.761
780.773
780.785
780.798
780.811
780.824
780.837
780.851
780.864
780.878
780.893
780.907
780.922
780.936
780.951
780.966
780.982
780.998
781.014
781.03
781.045
781.059
781.073
781.087
781.102
781.118
781.134
781.151
781.168
781.185
781.202
781.219
781.236
781.252
781.267
781.282
781.297
781.312
781.327
781.344
781.361
781.379
781.398
781.416
781.434
781.452
781.469
781.487
781.504
781.521
781.539
781.556
781.575
781.593
781.612
781.632
781.651
781.671
781.691
781.711
781.731
781.751
781.771
781.791
781.812
781.832
781.852
781.872
781.893
781.913
781.933
781.953
781.974
781.994
782.014
782.034
782.054
782.074
782.094
782.114
782.134
782.154
782.174
782.194
782.214
782.234
782.253
782.273
782.293
782.312
782.331
782.351
782.37
782.389
782.409
782.428
782.447
782.466
782.485
782.504
782.522
782.541
782.56
782.578
782.597
782.615
782.633
782.652
782.67
782.688
782.706
782.724
782.741
782.759
782.777
782.794
782.811
782.829
782.846
782.863
782.88
782.897
782.913
782.93
782.946
782.963
782.979
782.995
783.011
783.026
783.042
783.058
783.073
783.088
783.103
783.118
783.133
783.148
783.163
783.177
783.192
783.206
783.22
783.234
783.248
783.261
783.275
783.288
783.301
783.314
783.328
783.34
783.353
783.365
783.378
783.389
783.403
783.413
783.426
783.437
783.448
783.46
783.472
783.48
783.495
783.502
783.513
783.524
783.534
783.542
783.553
780.821
780.793
780.75
780.711
780.678
780.651
780.629
780.611
780.598
780.592
780.591
780.591
780.592
780.597
780.604
780.613
780.622
780.631
780.64
780.65
780.66
780.671
780.681
780.692
780.702
780.714
780.725
780.737
780.748
780.761
780.773
780.785
780.798
780.811
780.824
780.837
780.851
780.864
780.878
780.892
780.907
780.922
780.936
780.951
780.966
780.982
780.998
781.014
781.03
781.045
781.059
781.073
781.087
781.102
781.118
781.134
781.151
781.168
781.185
781.202
781.219
781.236
781.252
781.267
781.282
781.297
781.312
781.327
781.344
781.361
781.379
781.398
781.416
781.434
781.452
781.469
781.487
781.504
781.521
781.539
781.556
781.575
781.593
781.612
781.632
781.651
781.671
781.691
781.711
781.731
781.751
781.771
781.791
781.812
781.832
781.852
781.872
781.893
781.913
781.933
781.953
781.974
781.994
782.014
782.034
782.054
782.074
782.094
782.114
782.134
782.154
782.174
782.194
782.214
782.234
782.253
782.273
782.293
782.312
782.331
782.351
782.37
782.389
782.409
782.428
782.447
782.466
782.485
782.504
782.522
782.541
782.56
782.578
782.597
782.615
782.633
782.652
782.67
782.688
782.706
782.724
782.741
782.759
782.777
782.794
782.811
782.829
782.846
782.863
782.88
782.897
782.913
782.93
782.946
782.963
782.979
782.995
783.011
783.026
783.042
783.058
783.073
783.088
783.103
783.118
783.133
783.148
783.163
783.177
783.192
783.206
783.22
783.234
783.248
783.261
783.275
783.288
783.301
783.315
783.327
783.341
783.352
783.367
783.376
783.392
783.4
783.416
783.423
783.44
783.445
783.464
783.467
783.485
783.489
783.506
783.51
783.527
783.531
783.541
783.56
780.825
780.797
780.754
780.715
780.682
780.655
780.633
780.615
780.602
780.596
780.594
780.595
780.596
780.601
780.608
780.617
780.625
780.635
780.644
780.654
780.664
780.674
780.685
780.695
780.706
780.717
780.729
780.74
780.752
780.764
780.776
780.789
780.802
780.814
780.827
780.841
780.854
780.868
780.882
780.896
780.91
780.925
780.94
780.954
780.97
780.986
781.002
781.018
781.033
781.048
781.062
781.076
781.09
781.105
781.121
781.137
781.154
781.171
781.188
781.205
781.222
781.238
781.254
781.27
781.285
781.299
781.314
781.33
781.347
781.364
781.382
781.4
781.419
781.437
781.454
781.472
781.489
781.506
781.523
781.541
781.559
781.577
781.596
781.615
781.634
781.654
781.673
781.693
781.713
781.733
781.754
781.774
781.794
781.814
781.834
781.855
781.875
781.895
781.915
781.936
781.956
781.976
781.996
782.016
782.037
782.057
782.077
782.097
782.117
782.137
782.157
782.177
782.197
782.216
782.236
782.256
782.275
782.295
782.314
782.334
782.353
782.373
782.392
782.411
782.43
782.449
782.468
782.487
782.506
782.525
782.543
782.562
782.581
782.599
782.617
782.636
782.654
782.672
782.69
782.708
782.726
782.744
782.761
782.779
782.797
782.814
782.831
782.848
782.865
782.882
782.899
782.916
782.932
782.949
782.965
782.981
782.997
783.013
783.029
783.044
783.06
783.075
783.091
783.106
783.121
783.136
783.15
783.165
783.18
783.194
783.208
783.222
783.236
783.25
783.264
783.277
783.291
783.304
783.317
783.329
783.343
783.354
783.369
783.378
783.394
783.402
783.419
783.425
783.443
783.448
783.466
783.47
783.488
783.491
783.509
783.512
783.529
783.535
783.539
783.566
783.563
783.565
783.567
783.57
783.574
783.578
783.583
783.587
783.591
783.592
783.594
783.598
783.61
783.631
783.638
783.636
783.627
783.621
783.617
783.607
783.562
783.566
783.568
783.571
783.575
783.58
783.584
783.586
783.588
783.591
783.594
783.595
783.599
783.614
783.625
783.624
783.619
783.617
783.618
783.621
783.559
783.561
783.564
783.566
783.568
783.571
783.573
783.575
783.578
783.581
783.583
783.585
783.592
783.599
783.603
783.607
783.62
783.627
783.638
783.646
783.56
783.561
783.561
783.561
783.561
783.56
783.56
783.559
783.558
783.557
783.557
783.556
783.557
783.557
783.556
783.556
783.558
783.561
783.565
783.571
783.571
783.572
783.572
783.572
783.571
783.571
783.569
783.568
783.567
783.565
783.564
783.562
783.561
783.56
783.559
783.558
783.557
783.557
783.556
783.556
783.628
783.649
783.652
783.668
783.689
783.69
783.683
783.683
783.688
783.702
783.711
783.712
783.709
783.709
783.72
783.743
783.746
783.743
783.741
783.743
783.752
783.768
783.767
783.776
783.765
783.762
783.766
783.779
783.771
783.774
783.769
783.764
783.767
783.773
783.777
783.783
783.789
783.794
783.802
783.827
783.83
783.822
783.821
783.814
783.809
783.811
783.816
783.82
783.823
783.825
783.828
783.83
783.832
783.834
783.836
783.838
783.84
783.842
783.844
783.846
783.848
783.85
783.852
783.854
783.857
783.858
783.86
783.862
783.863
783.865
783.866
783.867
783.868
783.869
783.87
783.871
783.872
783.873
783.875
783.876
783.877
783.877
783.879
783.881
783.883
783.885
783.888
783.89
783.891
783.893
783.895
783.9
783.913
783.914
783.913
783.92
783.915
783.91
783.908
783.908
783.908
783.909
783.914
783.922
783.924
783.923
783.922
783.927
783.943
783.949
783.947
783.943
783.949
784.001
784.07
784.087
784.075
784.006
783.929
783.891
783.882
783.887
783.898
783.904
783.909
783.912
783.914
783.916
783.918
783.919
783.921
783.922
783.923
783.924
783.925
783.926
783.927
783.927
783.928
783.929
783.93
783.93
783.931
783.932
783.932
783.933
783.933
783.934
783.935
783.935
783.936
783.936
783.937
783.937
783.938
783.938
783.939
783.939
783.939
783.94
783.94
783.941
783.941
783.942
783.942
783.943
783.943
783.944
783.944
783.944
783.945
783.945
783.946
783.946
783.947
783.947
783.948
783.948
783.949
783.948
783.95
783.949
783.951
783.95
783.952
783.95
783.952
783.951
783.953
783.951
783.953
783.951
783.953
783.951
783.953
783.951
783.951
783.954
783.95
783.95
783.647
783.648
783.681
783.747
783.75
783.722
783.722
783.793
783.798
783.768
783.772
783.842
783.84
783.795
783.777
783.82
783.907
783.901
783.836
783.791
783.799
783.887
783.939
783.93
783.846
783.8
783.807
783.892
783.901
783.866
783.808
783.791
783.789
783.793
783.796
783.803
783.807
783.809
783.814
783.844
783.941
783.945
783.901
783.847
783.832
783.831
783.833
783.837
783.839
783.841
783.843
783.845
783.847
783.849
783.851
783.853
783.855
783.857
783.86
783.862
783.864
783.867
783.869
783.87
783.872
783.873
783.875
783.876
783.877
783.878
783.879
783.88
783.881
783.882
783.883
783.884
783.885
783.887
783.888
783.89
783.891
783.893
783.896
783.899
783.901
783.902
783.902
783.904
783.908
783.914
783.923
783.94
783.951
783.952
783.949
783.954
783.942
783.931
783.928
783.929
783.936
783.939
783.939
783.938
783.943
783.961
783.968
783.967
783.962
783.961
783.977
784.042
784.093
784.108
784.105
784.072
783.996
783.934
783.898
783.886
783.888
783.896
783.902
783.906
783.909
783.911
783.913
783.915
783.916
783.918
783.919
783.92
783.921
783.922
783.923
783.924
783.925
783.925
783.926
783.927
783.928
783.928
783.929
783.93
783.93
783.931
783.931
783.932
783.933
783.933
783.934
783.934
783.935
783.935
783.936
783.936
783.937
783.937
783.938
783.938
783.938
783.939
783.939
783.94
783.94
783.941
783.941
783.942
783.942
783.943
783.943
783.943
783.944
783.944
783.945
783.945
783.946
783.946
783.947
783.947
783.948
783.947
783.949
783.948
783.95
783.948
783.95
783.949
783.951
783.949
783.951
783.949
783.951
783.95
783.951
783.95
783.951
783.95
783.948
783.951
783.69
783.745
783.793
783.835
783.867
783.9
783.938
783.97
783.985
784.001
784.025
784.041
784.036
784.037
784.052
784.076
784.083
784.061
784.05
784.061
784.085
784.11
784.104
784.068
784.054
784.063
784.088
784.104
784.084
784.061
784.055
784.057
784.059
784.061
784.063
784.066
784.07
784.077
784.09
784.118
784.136
784.112
784.086
784.08
784.08
784.081
784.082
784.082
784.083
784.083
784.084
784.086
784.088
784.09
784.092
784.095
784.098
784.101
784.103
784.106
784.107
784.109
784.11
784.112
784.114
784.116
784.119
784.122
784.124
784.127
784.131
784.135
784.141
784.146
784.151
784.155
784.161
784.167
784.174
784.176
784.173
784.156
784.132
784.101
784.058
784.02
783.989
783.962
783.941
783.927
783.923
783.925
783.929
783.928
783.921
783.915
783.915
783.92
783.924
783.928
783.931
783.933
783.935
783.936
783.936
783.936
783.934
783.932
783.93
783.928
783.926
783.923
783.92
783.917
783.915
783.912
783.91
783.91
783.91
783.911
783.912
783.912
783.913
783.914
783.915
783.915
783.916
783.917
783.918
783.919
783.92
783.92
783.921
783.922
783.923
783.924
783.925
783.926
783.926
783.927
783.928
783.928
783.929
783.93
783.93
783.931
783.931
783.932
783.933
783.933
783.934
783.934
783.935
783.935
783.936
783.936
783.937
783.937
783.938
783.938
783.938
783.939
783.939
783.94
783.94
783.941
783.941
783.942
783.942
783.943
783.943
783.944
783.944
783.944
783.945
783.945
783.946
783.946
783.946
783.947
783.947
783.948
783.948
783.948
783.949
783.949
783.949
783.95
783.949
783.951
783.949
783.95
783.95
783.95
783.95
783.951
783.95
783.95
783.95
783.951
783.578
783.606
783.631
783.639
783.643
783.655
783.684
783.702
783.702
783.705
783.724
783.74
783.738
783.737
783.747
783.773
783.778
783.772
783.765
783.768
783.788
783.809
783.807
783.794
783.784
783.787
783.804
783.813
783.81
783.802
783.8
783.802
783.806
783.808
783.81
783.813
783.814
783.815
783.818
783.831
783.836
783.833
783.825
783.822
783.824
783.827
783.829
783.832
783.834
783.836
783.838
783.84
783.842
783.844
783.846
783.848
783.85
783.852
783.853
783.855
783.856
783.858
783.86
783.862
783.863
783.865
783.867
783.869
783.871
783.873
783.874
783.876
783.878
783.88
783.881
783.882
783.884
783.885
783.886
783.887
783.888
783.89
783.891
783.891
783.893
783.895
783.896
783.896
783.896
783.899
783.9
783.901
783.904
783.914
783.925
783.927
783.924
783.925
783.929
783.938
783.948
783.954
783.963
783.984
784.005
784.016
784.024
784.045
784.077
784.089
784.089
784.076
784.027
783.964
783.916
783.888
783.88
783.882
783.89
783.896
783.901
783.904
783.907
783.909
783.911
783.913
783.914
783.916
783.917
783.918
783.919
783.92
783.921
783.922
783.923
783.924
783.925
783.925
783.926
783.927
783.928
783.928
783.929
783.93
783.93
783.931
783.931
783.932
783.933
783.933
783.934
783.934
783.935
783.935
783.936
783.936
783.937
783.937
783.938
783.938
783.938
783.939
783.939
783.94
783.94
783.941
783.941
783.942
783.942
783.943
783.943
783.944
783.944
783.945
783.945
783.946
783.946
783.947
783.946
783.947
783.947
783.948
783.948
783.949
783.948
783.95
783.949
783.95
783.949
783.951
783.949
783.951
783.949
783.951
783.95
783.951
783.95
783.951
783.949
783.949
783.558
783.562
783.574
783.587
783.597
783.609
783.628
783.65
783.664
783.676
783.694
783.716
783.73
783.74
783.752
783.772
783.792
783.803
783.809
783.817
783.831
783.851
783.864
783.866
783.866
783.872
783.883
783.895
783.898
783.897
783.899
783.904
783.909
783.913
783.917
783.922
783.926
783.93
783.931
783.936
783.946
783.947
783.945
783.946
783.95
783.953
783.956
783.959
783.962
783.964
783.966
783.968
783.969
783.971
783.973
783.974
783.976
783.978
783.98
783.982
783.984
783.986
783.988
783.989
783.991
783.992
783.993
783.995
783.996
783.997
783.998
783.999
783.999
784
784.001
784.001
784.001
784.002
784.003
784.003
784.004
784.005
784.007
784.008
784.009
784.011
784.013
784.016
784.019
784.022
784.021
784.021
784.024
784.033
784.035
784.03
784.023
784.025
784.043
784.051
784.047
784.041
784.056
784.138
784.181
784.178
784.128
784.05
783.997
783.96
783.938
783.924
783.916
783.912
783.91
783.91
783.91
783.911
783.912
783.912
783.913
783.914
783.915
783.916
783.916
783.917
783.918
783.919
783.92
783.921
783.922
783.922
783.923
783.924
783.925
783.926
783.927
783.928
783.928
783.929
783.93
783.93
783.931
783.932
783.932
783.933
783.933
783.934
783.935
783.935
783.936
783.936
783.937
783.937
783.938
783.938
783.938
783.939
783.939
783.94
783.94
783.941
783.941
783.942
783.942
783.943
783.943
783.944
783.944
783.945
783.945
783.946
783.946
783.946
783.947
783.948
783.948
783.948
783.948
783.949
783.949
783.95
783.949
783.951
783.95
783.952
783.951
783.952
783.951
783.953
783.951
783.953
783.951
783.952
783.953
783.951
783.953
783.952
783.951
783.952
783.951
783.952
783.953
783.954
783.954
783.954
783.954
783.953
783.953
783.952
783.95
783.948
783.946
783.944
783.943
783.942
783.941
783.939
783.938
783.936
783.952
783.952
783.951
783.951
783.95
783.948
783.947
783.946
783.945
783.944
783.942
783.94
783.94
783.941
783.941
783.941
783.94
783.94
783.941
783.943
783.95
783.95
783.95
783.95
783.949
783.949
783.949
783.95
783.952
783.954
783.955
783.957
783.959
783.961
783.966
783.973
783.979
783.982
783.987
783.991
783.95
783.951
783.952
783.953
783.953
783.953
783.954
783.956
783.961
783.965
783.966
783.964
783.962
783.961
783.962
783.967
783.969
783.969
783.974
783.981
783.953
783.954
783.955
783.956
783.956
783.957
783.958
783.96
783.963
783.967
783.967
783.966
783.965
783.963
783.962
783.962
783.963
783.964
783.977
783.989
783.933
783.931
783.927
783.925
783.928
783.939
783.946
783.946
783.945
783.948
783.963
783.976
783.979
783.98
783.986
784.005
784.02
784.021
784.02
784.022
784.039
784.061
784.067
784.061
784.055
784.058
784.076
784.097
784.101
784.087
784.072
784.072
784.085
784.102
784.109
784.109
784.095
784.076
784.07
784.071
784.075
784.077
784.078
784.078
784.078
784.078
784.077
784.076
784.075
784.074
784.073
784.073
784.072
784.071
784.071
784.071
784.071
784.071
784.071
784.071
784.071
784.071
784.071
784.07
784.07
784.07
784.069
784.069
784.07
784.071
784.073
784.072
784.064
784.057
784.06
784.073
784.082
784.083
784.072
784.063
784.064
784.068
784.07
784.072
784.075
784.077
784.077
784.077
784.08
784.091
784.094
784.095
784.131
784.245
784.26
784.17
784.091
784.073
784.075
784.059
783.957
783.978
783.981
783.99
784.02
784.054
784.06
784.046
784.039
784.061
784.086
784.077
784.058
784.063
784.096
784.101
784.076
784.048
784.053
784.092
784.115
784.105
784.065
784.04
784.048
784.093
784.118
784.114
784.084
784.039
784.035
784.06
784.102
784.118
784.116
784.086
784.034
783.996
783.979
783.98
783.987
783.991
783.992
783.991
783.988
783.985
783.981
783.978
783.975
783.972
783.969
783.966
783.964
783.962
783.96
783.958
783.957
783.955
783.954
783.953
783.952
783.951
783.951
783.951
783.951
783.952
783.952
783.954
783.955
783.959
783.963
783.964
783.966
783.974
783.996
784.006
784.009
784.006
783.992
783.965
783.954
783.955
783.957
783.96
783.962
783.966
783.969
783.973
783.976
783.982
783.994
784.004
784.013
784.037
784.071
784.074
784.077
784.089
784.121
784.112
784.018
784.079
784.12
784.151
784.185
784.226
784.259
784.276
784.289
784.311
784.332
784.329
784.324
784.335
784.355
784.352
784.331
784.325
784.34
784.357
784.349
784.327
784.31
784.316
784.339
784.347
784.335
784.315
784.295
784.298
784.319
784.338
784.342
784.338
784.329
784.31
784.272
784.228
784.209
784.207
784.207
784.207
784.206
784.205
784.204
784.203
784.202
784.201
784.2
784.2
784.199
784.199
784.198
784.197
784.198
784.199
784.201
784.202
784.203
784.204
784.205
784.208
784.21
784.212
784.215
784.219
784.225
784.23
784.231
784.227
784.221
784.217
784.214
784.205
784.176
784.133
784.087
784.035
783.987
783.959
783.953
783.953
783.954
783.958
783.962
783.967
783.971
783.975
783.978
783.981
783.981
783.985
783.984
783.985
783.984
783.978
783.975
783.97
783.964
783.956
784
784.05
784.066
784.042
784.022
784.07
784.177
784.184
784.113
784.088
784.182
784.229
784.163
784.1
784.174
784.27
784.264
784.159
784.103
784.195
784.273
784.27
784.238
784.114
784.118
784.208
784.252
784.25
784.243
784.141
784.087
784.137
784.184
784.202
784.198
784.192
784.189
784.179
784.057
783.976
783.949
783.948
783.951
783.955
783.956
783.956
783.956
783.956
783.956
783.956
783.956
783.956
783.956
783.956
783.956
783.956
783.957
783.957
783.958
783.958
783.959
783.959
783.959
783.959
783.959
783.958
783.958
783.958
783.957
783.957
783.959
783.961
783.967
784.014
784.055
784.049
784.024
784.021
784.049
784.032
783.985
783.965
783.962
783.963
783.965
783.966
783.968
783.971
783.973
783.975
783.98
783.984
783.986
783.987
783.99
783.999
784.01
784.013
784.011
784.008
783.99
784.001
784.007
784.004
783.999
783.999
784.03
784.045
784.04
784.03
784.031
784.045
784.035
784.027
784.026
784.069
784.081
784.065
784.04
784.026
784.074
784.105
784.107
784.089
784.04
784.025
784.076
784.102
784.117
784.105
784.07
784.008
784.018
784.055
784.069
784.072
784.075
784.09
784.049
783.977
783.938
783.931
783.933
783.938
783.94
783.941
783.942
783.942
783.942
783.942
783.942
783.942
783.942
783.941
783.941
783.941
783.941
783.941
783.942
783.942
783.942
783.943
783.943
783.944
783.944
783.944
783.944
783.944
783.944
783.945
783.947
783.953
783.967
783.974
783.973
783.977
783.974
783.976
784.005
783.993
783.966
783.943
783.94
783.941
783.946
783.95
783.952
783.954
783.955
783.957
783.959
783.961
783.962
783.966
783.97
783.971
783.972
783.972
783.975
783.982
784.063
784.058
784.057
784.052
784.047
784.041
784.032
784.009
783.975
783.946
783.943
783.955
783.955
783.947
783.939
783.932
783.929
783.927
783.926
783.927
784.115
784.116
784.118
784.117
784.116
784.114
784.111
784.102
784.087
784.059
784.037
784.021
784
783.98
783.964
783.948
783.934
783.928
783.928
783.936
783.958
783.967
783.974
783.977
783.979
783.98
783.98
783.979
783.977
783.974
783.972
783.971
783.972
783.975
783.979
783.984
783.991
783.996
783.996
783.995
784.009
784.008
784.009
784.015
784.031
784.053
784.076
784.098
784.116
784.129
784.14
784.15
784.16
784.168
784.173
784.174
784.167
784.157
784.143
784.064
783.988
783.988
783.989
783.99
783.99
783.99
783.989
783.987
783.985
783.98
783.976
783.988
784.016
784.053
784.091
784.131
784.167
784.191
784.199
784.155
783.93
783.926
783.924
783.928
783.942
783.949
783.949
783.948
783.952
783.967
783.978
783.98
783.982
783.987
784.002
784.019
784.03
784.032
784.033
784.034
784.043
784.065
784.084
784.098
784.096
784.088
784.085
784.089
784.106
784.125
784.136
784.141
784.143
784.139
784.124
784.11
784.103
784.104
784.109
784.113
784.116
784.118
784.12
784.121
784.122
784.123
784.124
784.124
784.125
784.126
784.127
784.127
784.127
784.129
784.133
784.134
784.129
784.113
784.106
784.106
784.111
784.129
784.153
784.15
784.134
784.124
784.128
784.146
784.157
784.158
784.15
784.14
784.138
784.141
784.146
784.151
784.155
784.156
784.157
784.161
784.17
784.173
784.189
784.314
784.375
784.241
784.146
784.115
784.091
784.07
784.056
784.047
784.042
784.041
784.042
784.043
784.045
784.046
784.048
784.049
784.05
784.051
784.052
784.053
784.055
784.056
784.057
784.058
784.059
784.06
784.061
784.062
784.063
784.064
784.065
784.066
784.068
784.069
784.07
784.071
784.072
784.072
784.073
784.074
784.075
784.076
784.077
784.078
784.079
784.08
784.081
784.082
784.083
784.083
784.084
784.085
784.086
784.087
784.088
784.088
784.089
784.09
784.091
784.092
784.092
784.093
784.094
784.095
784.095
784.096
784.097
784.097
784.098
784.099
784.099
784.1
784.1
784.101
784.101
784.102
784.103
784.103
784.104
784.104
784.105
784.105
784.106
784.106
784.107
784.107
784.107
784.108
784.108
784.109
784.109
784.11
784.11
784.11
784.11
784.111
784.111
784.112
784.111
784.113
784.112
784.114
784.112
784.114
784.112
784.115
784.113
784.115
784.113
784.115
784.115
784.113
784.117
784.114
784.114
784.116
783.969
783.975
783.979
784.006
784.049
784.062
784.053
784.05
784.074
784.11
784.105
784.079
784.076
784.105
784.147
784.149
784.116
784.072
784.069
784.093
784.152
784.177
784.175
784.142
784.087
784.069
784.079
784.13
784.176
784.197
784.203
784.2
784.174
784.117
784.075
784.047
784.034
784.036
784.047
784.055
784.058
784.058
784.055
784.051
784.048
784.044
784.041
784.038
784.035
784.033
784.032
784.027
784.026
784.027
784.03
784.031
784.032
784.037
784.045
784.064
784.109
784.123
784.123
784.116
784.09
784.083
784.089
784.101
784.106
784.104
784.087
784.054
784.034
784.031
784.034
784.038
784.042
784.048
784.055
784.059
784.067
784.08
784.09
784.11
784.158
784.171
784.172
784.178
784.203
784.23
784.233
784.203
784.1
784.035
784.02
784.021
784.03
784.036
784.04
784.043
784.045
784.047
784.049
784.051
784.052
784.054
784.055
784.056
784.057
784.058
784.06
784.061
784.062
784.063
784.064
784.065
784.066
784.067
784.068
784.069
784.07
784.071
784.072
784.073
784.074
784.075
784.076
784.077
784.077
784.078
784.079
784.08
784.081
784.082
784.083
784.084
784.084
784.085
784.086
784.087
784.088
784.089
784.089
784.09
784.091
784.092
784.092
784.093
784.094
784.094
784.095
784.096
784.096
784.097
784.098
784.098
784.099
784.099
784.1
784.101
784.101
784.102
784.102
784.103
784.103
784.104
784.104
784.105
784.105
784.106
784.106
784.106
784.107
784.107
784.108
784.108
784.108
784.109
784.109
784.11
784.109
784.111
784.11
784.111
784.11
784.112
784.111
784.113
784.111
784.113
784.111
784.114
784.112
784.114
784.112
784.115
784.113
784.114
784.113
784.114
784.026
784.081
784.122
784.157
784.197
784.235
784.26
784.28
784.304
784.328
784.33
784.325
784.333
784.352
784.356
784.345
784.332
784.331
784.345
784.358
784.356
784.345
784.334
784.328
784.333
784.345
784.356
784.363
784.364
784.363
784.36
784.357
784.352
784.341
784.315
784.279
784.257
784.254
784.257
784.259
784.261
784.262
784.261
784.26
784.259
784.259
784.259
784.259
784.259
784.259
784.265
784.257
784.258
784.266
784.277
784.294
784.326
784.378
784.409
784.409
784.396
784.371
784.333
784.303
784.273
784.235
784.197
784.158
784.123
784.094
784.064
784.037
784.027
784.03
784.035
784.041
784.046
784.051
784.056
784.059
784.063
784.066
784.068
784.069
784.069
784.067
784.064
784.063
784.062
784.061
784.059
784.056
784.053
784.05
784.047
784.044
784.044
784.045
784.046
784.048
784.049
784.05
784.051
784.052
784.053
784.054
784.055
784.056
784.057
784.059
784.06
784.061
784.062
784.063
784.064
784.065
784.066
784.067
784.068
784.069
784.07
784.071
784.072
784.073
784.074
784.075
784.076
784.077
784.077
784.078
784.079
784.08
784.081
784.082
784.083
784.084
784.084
784.085
784.086
784.087
784.088
784.089
784.089
784.09
784.091
784.092
784.092
784.093
784.094
784.094
784.095
784.096
784.096
784.097
784.098
784.098
784.099
784.099
784.1
784.101
784.101
784.102
784.102
784.103
784.103
784.104
784.104
784.105
784.105
784.105
784.106
784.106
784.107
784.107
784.108
784.108
784.108
784.109
784.109
784.11
784.11
784.11
784.11
784.111
784.111
784.111
784.112
784.112
784.112
784.113
784.112
784.113
784.113
784.113
784.114
784.114
784.113
784.114
784.114
784.115
784.015
784.048
784.048
784.019
784.04
784.148
784.173
784.113
784.091
784.191
784.258
784.216
784.119
784.163
784.281
784.305
784.297
784.2
784.138
784.193
784.268
784.3
784.301
784.295
784.212
784.144
784.157
784.201
784.23
784.24
784.241
784.239
784.236
784.233
784.232
784.237
784.143
784.038
783.995
783.989
783.992
783.999
784.003
784.006
784.007
784.009
784.01
784.011
784.012
784.016
784.039
784.025
784.014
784.013
784.014
784.019
784.021
784.078
784.249
784.325
784.338
784.33
784.315
784.244
784.159
784.124
784.112
784.101
784.082
784.072
784.092
784.122
784.091
784.051
784.037
784.037
784.04
784.044
784.049
784.052
784.056
784.061
784.065
784.067
784.069
784.072
784.084
784.096
784.1
784.101
784.106
784.137
784.213
784.246
784.239
784.161
784.065
784.031
784.03
784.037
784.043
784.046
784.048
784.05
784.052
784.053
784.055
784.056
784.057
784.058
784.06
784.061
784.062
784.063
784.064
784.065
784.066
784.067
784.068
784.069
784.07
784.071
784.072
784.073
784.074
784.075
784.076
784.077
784.077
784.078
784.079
784.08
784.081
784.082
784.083
784.084
784.084
784.085
784.086
784.087
784.088
784.089
784.089
784.09
784.091
784.092
784.092
784.093
784.094
784.094
784.095
784.096
784.096
784.097
784.098
784.098
784.099
784.099
784.1
784.101
784.101
784.102
784.102
784.103
784.103
784.104
784.104
784.105
784.105
784.105
784.106
784.106
784.107
784.107
784.108
784.108
784.109
784.108
784.11
784.109
784.11
784.109
784.111
784.11
784.112
784.11
784.112
784.111
784.113
784.111
784.114
784.112
784.114
784.112
784.114
784.112
784.114
784.114
784.111
784.116
784.016
783.997
783.994
783.983
783.982
784.01
784.041
784.037
784.031
784.035
784.076
784.074
784.052
784.039
784.058
784.143
784.158
784.149
784.109
784.061
784.078
784.161
784.191
784.195
784.188
784.165
784.092
784.069
784.099
784.122
784.132
784.137
784.14
784.143
784.146
784.177
784.16
784.091
784.007
783.979
783.976
783.979
783.985
783.989
783.991
783.993
783.994
783.996
783.998
784.005
784.001
784.001
783.999
784
784.002
784.007
784.023
784.025
784.059
784.168
784.22
784.226
784.221
784.212
784.186
784.106
784.057
784.055
784.053
784.054
784.076
784.105
784.088
784.045
784.019
784.016
784.02
784.027
784.031
784.035
784.039
784.041
784.044
784.048
784.053
784.056
784.057
784.058
784.059
784.064
784.076
784.08
784.083
784.101
784.184
784.221
784.172
784.058
784.029
784.032
784.041
784.046
784.049
784.051
784.053
784.055
784.056
784.057
784.059
784.06
784.061
784.062
784.063
784.064
784.065
784.066
784.068
784.069
784.07
784.071
784.072
784.072
784.073
784.074
784.075
784.076
784.077
784.078
784.079
784.08
784.081
784.082
784.083
784.083
784.084
784.085
784.086
784.087
784.088
784.088
784.089
784.09
784.091
784.092
784.092
784.093
784.094
784.095
784.095
784.096
784.097
784.097
784.098
784.099
784.099
784.1
784.1
784.101
784.101
784.102
784.103
784.103
784.104
784.104
784.105
784.105
784.106
784.106
784.107
784.107
784.107
784.108
784.108
784.109
784.109
784.109
784.11
784.11
784.111
784.11
784.112
784.111
784.113
784.111
784.113
784.112
784.114
784.112
784.115
784.113
784.115
784.113
784.116
784.113
784.116
784.114
784.115
784.117
784.112
784.115
784.117
784.118
784.119
784.12
784.12
784.12
784.12
784.121
784.126
784.133
784.13
784.128
784.128
784.131
784.14
784.145
784.148
784.148
784.152
784.152
784.115
784.116
784.117
784.117
784.117
784.118
784.118
784.12
784.123
784.131
784.129
784.128
784.13
784.137
784.146
784.15
784.155
784.157
784.163
784.165
784.115
784.115
784.114
784.114
784.114
784.114
784.115
784.116
784.12
784.124
784.124
784.125
784.126
784.128
784.133
784.144
784.155
784.16
784.167
784.171
784.116
784.115
784.114
784.113
784.112
784.112
784.111
784.11
784.109
784.108
784.107
784.106
784.107
784.108
784.111
784.117
784.122
784.123
784.123
784.123
784.118
784.119
784.119
784.119
784.119
784.118
784.118
784.116
784.115
784.113
784.112
784.11
784.108
784.107
784.106
784.107
784.107
784.107
784.107
784.105
784.146
784.16
784.207
784.247
784.25
784.23
784.196
784.184
784.199
784.282
784.325
784.319
784.289
784.226
784.208
784.262
784.288
784.282
784.248
784.228
784.268
784.286
784.281
784.255
784.214
784.231
784.278
784.301
784.309
784.309
784.307
784.327
784.325
784.29
784.188
784.205
784.272
784.291
784.285
784.267
784.266
784.287
784.263
784.194
784.14
784.132
784.139
784.144
784.143
784.143
784.146
784.152
784.168
784.184
784.193
784.193
784.18
784.157
784.149
784.151
784.155
784.161
784.217
784.313
784.272
784.135
784.113
784.121
784.126
784.128
784.13
784.131
784.132
784.133
784.134
784.135
784.136
784.137
784.137
784.138
784.139
784.139
784.14
784.141
784.141
784.142
784.143
784.143
784.144
784.144
784.145
784.146
784.146
784.147
784.147
784.148
784.148
784.149
784.149
784.15
784.15
784.151
784.151
784.152
784.152
784.153
784.153
784.153
784.154
784.154
784.154
784.155
784.155
784.155
784.156
784.156
784.156
784.156
784.157
784.157
784.157
784.157
784.157
784.157
784.158
784.158
784.158
784.158
784.158
784.158
784.158
784.158
784.158
784.158
784.158
784.158
784.158
784.158
784.158
784.158
784.158
784.158
784.157
784.157
784.157
784.157
784.156
784.156
784.156
784.155
784.155
784.154
784.154
784.153
784.153
784.152
784.152
784.151
784.15
784.149
784.149
784.148
784.147
784.146
784.145
784.144
784.144
784.143
784.142
784.141
784.14
784.139
784.138
784.137
784.136
784.135
784.134
784.133
784.132
784.131
784.129
784.128
784.127
784.126
784.125
784.124
784.123
784.121
784.12
784.119
784.118
784.116
784.115
784.114
784.112
784.111
784.109
784.108
784.107
784.105
784.104
784.102
784.101
784.099
784.097
784.096
784.094
784.093
784.091
784.089
784.088
784.086
784.084
784.082
784.08
784.079
784.077
784.075
784.073
784.071
784.069
784.067
784.065
784.063
784.061
784.059
784.057
784.055
784.053
784.05
784.048
784.046
784.044
784.041
784.039
784.037
784.035
784.032
784.03
784.028
784.025
784.023
784.02
784.018
784.015
784.013
784.011
784.008
784.006
784.003
784.001
783.998
783.995
783.993
783.99
783.988
783.985
783.983
783.98
783.978
783.975
783.973
783.97
783.968
783.965
783.963
783.961
783.958
783.956
783.953
783.951
783.949
783.946
783.944
783.942
783.939
783.937
783.935
783.932
783.93
783.928
783.926
783.924
783.922
783.92
783.917
783.915
783.913
783.911
783.909
783.907
783.905
783.903
783.901
783.9
783.898
783.896
783.894
783.892
783.89
783.889
783.887
783.885
783.884
783.882
783.88
783.879
783.877
783.875
783.874
783.872
783.871
783.87
783.868
783.867
783.865
783.864
783.863
783.861
783.86
783.859
783.858
783.856
783.855
783.854
783.853
783.852
783.851
783.85
783.849
783.848
783.847
783.846
783.845
783.844
783.843
783.842
783.841
783.84
783.839
783.838
783.837
783.836
783.835
783.834
783.833
783.832
783.831
783.831
783.83
783.829
783.828
783.827
783.826
783.825
783.824
783.823
783.822
783.821
783.82
783.819
783.818
783.817
783.816
783.815
783.814
783.813
783.812
783.81
783.809
783.808
783.807
783.806
783.805
783.803
783.802
783.801
783.8
783.798
783.797
783.796
783.795
783.793
783.792
783.79
783.789
783.787
783.786
783.784
783.783
783.781
783.78
783.778
783.777
783.775
783.773
783.772
783.77
783.768
783.766
783.764
783.763
783.761
783.759
783.757
783.755
783.753
783.751
783.749
783.747
783.745
783.743
783.741
783.739
783.737
783.735
783.733
783.73
783.728
783.726
783.724
783.722
783.719
783.717
783.715
783.712
783.71
783.708
783.705
783.703
783.7
783.698
783.695
783.693
783.69
783.688
783.685
783.682
783.68
783.677
783.674
783.671
783.669
783.666
783.663
783.66
783.657
783.654
783.651
783.648
783.645
783.642
783.639
783.636
783.633
783.63
783.626
783.623
783.62
783.617
783.613
783.61
783.607
783.603
783.6
783.596
783.593
783.589
783.586
783.582
783.579
783.575
783.571
783.568
783.564
783.56
783.557
783.553
783.549
783.545
783.541
783.538
783.534
783.53
783.526
783.522
783.518
783.514
783.51
783.506
783.502
783.498
783.494
783.49
783.486
783.482
783.478
783.474
783.47
783.466
783.462
783.457
783.453
783.449
783.445
783.441
783.437
783.433
783.429
783.424
783.42
783.416
783.412
783.408
783.404
783.399
783.395
783.391
783.387
783.383
783.379
783.375
783.371
783.366
783.362
783.358
783.354
783.35
783.346
783.342
783.338
783.334
783.33
783.327
783.323
783.319
783.315
783.311
783.307
783.304
783.3
783.296
783.293
783.289
783.286
783.282
783.279
783.275
783.272
783.269
783.265
783.262
783.259
783.256
783.253
783.25
783.247
783.244
783.241
783.238
783.235
783.232
783.229
783.227
783.224
783.221
783.219
783.216
783.213
783.211
783.209
783.206
783.204
783.201
783.199
783.197
783.195
783.192
783.19
783.188
783.186
783.184
783.182
783.18
783.178
783.176
783.174
783.172
783.17
783.168
783.166
783.164
783.162
783.159
783.155
783.15
783.145
783.142
783.141
783.142
784.157
784.218
784.298
784.339
784.345
784.279
784.249
784.321
784.406
784.448
784.449
784.413
784.289
784.311
784.421
784.454
784.42
784.323
784.355
784.43
784.448
784.414
784.312
784.31
784.346
784.383
784.404
784.411
784.409
784.405
784.404
784.405
784.31
784.229
784.294
784.385
784.409
784.391
784.351
784.31
784.303
784.307
784.233
784.169
784.146
784.148
784.156
784.157
784.159
784.164
784.171
784.177
784.183
784.188
784.189
784.183
784.174
784.171
784.172
784.175
784.192
784.281
784.342
784.307
784.165
784.112
784.116
784.123
784.126
784.128
784.129
784.13
784.131
784.132
784.133
784.134
784.135
784.135
784.136
784.137
784.137
784.138
784.139
784.139
784.14
784.141
784.141
784.142
784.142
784.143
784.144
784.144
784.145
784.145
784.146
784.147
784.147
784.148
784.148
784.149
784.149
784.15
784.15
784.15
784.151
784.151
784.152
784.152
784.152
784.153
784.153
784.153
784.154
784.154
784.154
784.155
784.155
784.155
784.155
784.156
784.156
784.156
784.156
784.156
784.156
784.156
784.157
784.157
784.157
784.157
784.157
784.157
784.157
784.157
784.157
784.157
784.157
784.157
784.157
784.157
784.157
784.156
784.156
784.156
784.156
784.156
784.155
784.155
784.155
784.154
784.154
784.153
784.153
784.152
784.152
784.151
784.15
784.15
784.149
784.148
784.147
784.147
784.146
784.145
784.144
784.143
784.142
784.141
784.141
784.14
784.139
784.138
784.137
784.136
784.135
784.134
784.133
784.132
784.13
784.129
784.128
784.127
784.126
784.125
784.124
784.123
784.121
784.12
784.119
784.118
784.116
784.115
784.114
784.113
784.111
784.11
784.108
784.107
784.106
784.104
784.103
784.101
784.1
784.098
784.096
784.095
784.093
784.092
784.09
784.088
784.086
784.085
784.083
784.081
784.079
784.078
784.076
784.074
784.072
784.07
784.068
784.066
784.064
784.062
784.06
784.058
784.056
784.054
784.052
784.049
784.047
784.045
784.043
784.04
784.038
784.036
784.034
784.031
784.029
784.026
784.024
784.022
784.019
784.017
784.014
784.012
784.009
784.007
784.004
784.002
783.999
783.997
783.994
783.992
783.989
783.987
783.984
783.982
783.979
783.977
783.974
783.972
783.969
783.967
783.964
783.962
783.96
783.957
783.955
783.952
783.95
783.948
783.945
783.943
783.941
783.938
783.936
783.934
783.932
783.929
783.927
783.925
783.923
783.921
783.919
783.916
783.914
783.912
783.91
783.908
783.906
783.904
783.902
783.9
783.899
783.897
783.895
783.893
783.891
783.889
783.888
783.886
783.884
783.883
783.881
783.879
783.878
783.876
783.875
783.873
783.872
783.87
783.869
783.867
783.866
783.864
783.863
783.862
783.86
783.859
783.858
783.857
783.856
783.854
783.853
783.852
783.851
783.85
783.849
783.848
783.847
783.846
783.845
783.844
783.843
783.842
783.841
783.84
783.839
783.838
783.837
783.836
783.835
783.834
783.833
783.832
783.832
783.831
783.83
783.829
783.828
783.827
783.826
783.825
783.824
783.823
783.822
783.821
783.82
783.819
783.818
783.817
783.816
783.815
783.814
783.813
783.812
783.811
783.81
783.809
783.807
783.806
783.805
783.804
783.803
783.801
783.8
783.799
783.798
783.796
783.795
783.794
783.792
783.791
783.79
783.788
783.787
783.785
783.784
783.782
783.781
783.779
783.777
783.776
783.774
783.772
783.771
783.769
783.767
783.765
783.764
783.762
783.76
783.758
783.756
783.754
783.752
783.75
783.748
783.746
783.744
783.742
783.74
783.738
783.736
783.734
783.732
783.73
783.728
783.725
783.723
783.721
783.719
783.716
783.714
783.712
783.709
783.707
783.704
783.702
783.7
783.697
783.695
783.692
783.689
783.687
783.684
783.682
783.679
783.676
783.673
783.671
783.668
783.665
783.662
783.659
783.656
783.653
783.65
783.647
783.644
783.641
783.638
783.635
783.632
783.629
783.626
783.622
783.619
783.616
783.613
783.609
783.606
783.603
783.599
783.596
783.592
783.589
783.585
783.582
783.578
783.574
783.571
783.567
783.563
783.56
783.556
783.552
783.548
783.545
783.541
783.537
783.533
783.529
783.525
783.521
783.518
783.514
783.51
783.506
783.502
783.498
783.494
783.49
783.485
783.481
783.477
783.473
783.469
783.465
783.461
783.457
783.453
783.449
783.445
783.44
783.436
783.432
783.428
783.424
783.42
783.415
783.411
783.407
783.403
783.399
783.395
783.391
783.386
783.382
783.378
783.374
783.37
783.366
783.362
783.358
783.354
783.35
783.346
783.342
783.338
783.334
783.33
783.326
783.322
783.318
783.314
783.311
783.307
783.303
783.3
783.296
783.292
783.289
783.285
783.282
783.278
783.275
783.272
783.268
783.265
783.262
783.258
783.255
783.252
783.249
783.246
783.243
783.24
783.237
783.234
783.232
783.229
783.226
783.223
783.221
783.218
783.216
783.213
783.21
783.208
783.206
783.203
783.201
783.199
783.196
783.194
783.192
783.19
783.188
783.186
783.184
783.181
783.179
783.177
783.175
783.174
783.172
783.17
783.168
783.166
783.164
783.162
783.159
783.155
783.149
783.145
783.142
783.141
783.142
784.229
784.299
784.341
784.383
784.415
784.439
784.46
784.483
784.494
784.492
784.484
784.475
784.477
784.488
784.492
784.485
784.479
784.48
784.486
784.485
784.481
784.48
784.487
784.498
784.506
784.51
784.509
784.502
784.492
784.479
784.464
784.451
784.463
784.5
784.527
784.534
784.513
784.471
784.412
784.346
784.274
784.219
784.191
784.18
784.178
784.18
784.181
784.179
784.178
784.175
784.173
784.171
784.17
784.168
784.164
784.156
784.151
784.15
784.15
784.148
784.144
784.138
784.134
784.128
784.125
784.127
784.128
784.129
784.129
784.13
784.13
784.131
784.132
784.133
784.133
784.134
784.135
784.135
784.136
784.137
784.137
784.138
784.139
784.139
784.14
784.141
784.141
784.142
784.142
784.143
784.144
784.144
784.145
784.145
784.146
784.147
784.147
784.148
784.148
784.149
784.149
784.15
784.15
784.15
784.151
784.151
784.152
784.152
784.152
784.153
784.153
784.153
784.154
784.154
784.154
784.155
784.155
784.155
784.155
784.156
784.156
784.156
784.156
784.156
784.156
784.156
784.157
784.157
784.157
784.157
784.157
784.157
784.157
784.157
784.157
784.157
784.157
784.157
784.157
784.157
784.157
784.156
784.156
784.156
784.156
784.156
784.155
784.155
784.155
784.154
784.154
784.153
784.153
784.152
784.152
784.151
784.15
784.15
784.149
784.148
784.147
784.147
784.146
784.145
784.144
784.143
784.142
784.141
784.141
784.14
784.139
784.138
784.137
784.136
784.135
784.134
784.133
784.132
784.13
784.129
784.128
784.127
784.126
784.125
784.124
784.123
784.121
784.12
784.119
784.118
784.116
784.115
784.114
784.113
784.111
784.11
784.108
784.107
784.106
784.104
784.103
784.101
784.1
784.098
784.096
784.095
784.093
784.092
784.09
784.088
784.086
784.085
784.083
784.081
784.079
784.078
784.076
784.074
784.072
784.07
784.068
784.066
784.064
784.062
784.06
784.058
784.056
784.054
784.052
784.049
784.047
784.045
784.043
784.04
784.038
784.036
784.034
784.031
784.029
784.026
784.024
784.022
784.019
784.017
784.014
784.012
784.009
784.007
784.004
784.002
783.999
783.997
783.994
783.992
783.989
783.987
783.984
783.982
783.979
783.977
783.974
783.972
783.969
783.967
783.964
783.962
783.96
783.957
783.955
783.952
783.95
783.948
783.945
783.943
783.941
783.938
783.936
783.934
783.932
783.929
783.927
783.925
783.923
783.921
783.919
783.916
783.914
783.912
783.91
783.908
783.906
783.904
783.902
783.9
783.899
783.897
783.895
783.893
783.891
783.889
783.888
783.886
783.884
783.883
783.881
783.879
783.878
783.876
783.875
783.873
783.872
783.87
783.869
783.867
783.866
783.864
783.863
783.862
783.86
783.859
783.858
783.857
783.856
783.854
783.853
783.852
783.851
783.85
783.849
783.848
783.847
783.846
783.845
783.844
783.843
783.842
783.841
783.84
783.839
783.838
783.837
783.836
783.835
783.834
783.833
783.832
783.832
783.831
783.83
783.829
783.828
783.827
783.826
783.825
783.824
783.823
783.822
783.821
783.82
783.819
783.818
783.817
783.816
783.815
783.814
783.813
783.812
783.811
783.81
783.809
783.807
783.806
783.805
783.804
783.803
783.801
783.8
783.799
783.798
783.796
783.795
783.794
783.792
783.791
783.79
783.788
783.787
783.785
783.784
783.782
783.781
783.779
783.777
783.776
783.774
783.772
783.771
783.769
783.767
783.765
783.764
783.762
783.76
783.758
783.756
783.754
783.752
783.75
783.748
783.746
783.744
783.742
783.74
783.738
783.736
783.734
783.732
783.73
783.728
783.725
783.723
783.721
783.719
783.716
783.714
783.712
783.709
783.707
783.704
783.702
783.7
783.697
783.695
783.692
783.689
783.687
783.684
783.682
783.679
783.676
783.673
783.671
783.668
783.665
783.662
783.659
783.656
783.653
783.65
783.647
783.644
783.641
783.638
783.635
783.632
783.629
783.626
783.622
783.619
783.616
783.613
783.609
783.606
783.603
783.599
783.596
783.592
783.589
783.585
783.582
783.578
783.574
783.571
783.567
783.563
783.56
783.556
783.552
783.548
783.545
783.541
783.537
783.533
783.529
783.525
783.521
783.518
783.514
783.51
783.506
783.502
783.498
783.494
783.49
783.485
783.481
783.477
783.473
783.469
783.465
783.461
783.457
783.453
783.449
783.445
783.44
783.436
783.432
783.428
783.424
783.42
783.415
783.411
783.407
783.403
783.399
783.395
783.391
783.386
783.382
783.378
783.374
783.37
783.366
783.362
783.358
783.354
783.35
783.346
783.342
783.338
783.334
783.33
783.326
783.322
783.318
783.314
783.311
783.307
783.303
783.3
783.296
783.292
783.289
783.285
783.282
783.278
783.275
783.272
783.268
783.265
783.262
783.258
783.255
783.252
783.249
783.246
783.243
783.24
783.237
783.234
783.232
783.229
783.226
783.223
783.221
783.218
783.216
783.213
783.21
783.208
783.206
783.203
783.201
783.199
783.196
783.194
783.192
783.19
783.188
783.186
783.184
783.181
783.179
783.177
783.175
783.174
783.172
783.17
783.168
783.166
783.164
783.162
783.159
783.155
783.15
783.145
783.142
783.141
783.142
784.153
784.216
784.239
784.248
784.235
784.234
784.263
784.309
784.332
784.334
784.307
784.251
784.242
784.273
784.327
784.33
784.294
784.258
784.264
784.302
784.308
784.287
784.246
784.24
784.255
784.306
784.338
784.347
784.343
784.31
784.255
784.216
784.183
784.183
784.231
784.296
784.322
784.324
784.314
784.269
784.217
784.18
784.157
784.151
784.152
784.154
784.154
784.154
784.155
784.157
784.164
784.186
784.214
784.23
784.277
784.278
784.272
784.276
784.306
784.327
784.306
784.185
784.109
784.103
784.112
784.118
784.122
784.125
784.127
784.128
784.129
784.13
784.131
784.132
784.133
784.134
784.135
784.135
784.136
784.137
784.137
784.138
784.139
784.139
784.14
784.141
784.141
784.142
784.142
784.143
784.144
784.144
784.145
784.145
784.146
784.147
784.147
784.148
784.148
784.149
784.149
784.15
784.15
784.15
784.151
784.151
784.152
784.152
784.152
784.153
784.153
784.153
784.154
784.154
784.154
784.155
784.155
784.155
784.155
784.156
784.156
784.156
784.156
784.156
784.156
784.156
784.157
784.157
784.157
784.157
784.157
784.157
784.157
784.157
784.157
784.157
784.157
784.157
784.157
784.157
784.157
784.156
784.156
784.156
784.156
784.156
784.155
784.155
784.155
784.154
784.154
784.153
784.153
784.152
784.152
784.151
784.15
784.15
784.149
784.148
784.147
784.147
784.146
784.145
784.144
784.143
784.142
784.141
784.141
784.14
784.139
784.138
784.137
784.136
784.135
784.134
784.133
784.132
784.13
784.129
784.128
784.127
784.126
784.125
784.124
784.123
784.121
784.12
784.119
784.118
784.116
784.115
784.114
784.113
784.111
784.11
784.108
784.107
784.106
784.104
784.103
784.101
784.1
784.098
784.096
784.095
784.093
784.092
784.09
784.088
784.086
784.085
784.083
784.081
784.079
784.078
784.076
784.074
784.072
784.07
784.068
784.066
784.064
784.062
784.06
784.058
784.056
784.054
784.052
784.049
784.047
784.045
784.043
784.04
784.038
784.036
784.034
784.031
784.029
784.026
784.024
784.022
784.019
784.017
784.014
784.012
784.009
784.007
784.004
784.002
783.999
783.997
783.994
783.992
783.989
783.987
783.984
783.982
783.979
783.977
783.974
783.972
783.969
783.967
783.964
783.962
783.96
783.957
783.955
783.952
783.95
783.948
783.945
783.943
783.941
783.938
783.936
783.934
783.932
783.929
783.927
783.925
783.923
783.921
783.919
783.916
783.914
783.912
783.91
783.908
783.906
783.904
783.902
783.9
783.899
783.897
783.895
783.893
783.891
783.889
783.888
783.886
783.884
783.883
783.881
783.879
783.878
783.876
783.875
783.873
783.872
783.87
783.869
783.867
783.866
783.864
783.863
783.862
783.86
783.859
783.858
783.857
783.856
783.854
783.853
783.852
783.851
783.85
783.849
783.848
783.847
783.846
783.845
783.844
783.843
783.842
783.841
783.84
783.839
783.838
783.837
783.836
783.835
783.834
783.833
783.832
783.832
783.831
783.83
783.829
783.828
783.827
783.826
783.825
783.824
783.823
783.822
783.821
783.82
783.819
783.818
783.817
783.816
783.815
783.814
783.813
783.812
783.811
783.81
783.809
783.807
783.806
783.805
783.804
783.803
783.801
783.8
783.799
783.798
783.796
783.795
783.794
783.792
783.791
783.79
783.788
783.787
783.785
783.784
783.782
783.781
783.779
783.777
783.776
783.774
783.772
783.771
783.769
783.767
783.765
783.764
783.762
783.76
783.758
783.756
783.754
783.752
783.75
783.748
783.746
783.744
783.742
783.74
783.738
783.736
783.734
783.732
783.73
783.728
783.725
783.723
783.721
783.719
783.716
783.714
783.712
783.709
783.707
783.704
783.702
783.7
783.697
783.695
783.692
783.689
783.687
783.684
783.682
783.679
783.676
783.673
783.671
783.668
783.665
783.662
783.659
783.656
783.653
783.65
783.647
783.644
783.641
783.638
783.635
783.632
783.629
783.626
783.622
783.619
783.616
783.613
783.609
783.606
783.603
783.599
783.596
783.592
783.589
783.585
783.582
783.578
783.574
783.571
783.567
783.563
783.56
783.556
783.552
783.548
783.545
783.541
783.537
783.533
783.529
783.525
783.521
783.518
783.514
783.51
783.506
783.502
783.498
783.494
783.49
783.485
783.481
783.477
783.473
783.469
783.465
783.461
783.457
783.453
783.449
783.445
783.44
783.436
783.432
783.428
783.424
783.42
783.415
783.411
783.407
783.403
783.399
783.395
783.391
783.386
783.382
783.378
783.374
783.37
783.366
783.362
783.358
783.354
783.35
783.346
783.342
783.338
783.334
783.33
783.326
783.322
783.318
783.314
783.311
783.307
783.303
783.3
783.296
783.292
783.289
783.285
783.282
783.278
783.275
783.272
783.268
783.265
783.262
783.258
783.255
783.252
783.249
783.246
783.243
783.24
783.237
783.234
783.232
783.229
783.226
783.223
783.221
783.218
783.216
783.213
783.21
783.208
783.206
783.203
783.201
783.199
783.196
783.194
783.192
783.19
783.188
783.186
783.184
783.181
783.179
783.177
783.175
783.174
783.172
783.17
783.168
783.166
783.164
783.162
783.159
783.155
783.149
783.145
783.142
783.141
783.142
784.109
784.129
784.133
784.132
784.122
784.117
784.121
784.138
784.159
784.164
784.159
784.152
784.15
784.156
784.176
784.195
784.202
784.203
784.203
784.205
784.216
784.236
784.238
784.237
784.235
784.239
784.254
784.266
784.27
784.272
784.271
784.257
784.238
784.229
784.231
784.242
784.258
784.267
784.269
784.27
784.259
784.245
784.243
784.246
784.246
784.239
784.228
784.226
784.228
784.241
784.263
784.277
784.275
784.305
784.508
784.406
784.264
784.221
784.191
784.162
784.137
784.125
784.123
784.125
784.127
784.128
784.129
784.13
784.13
784.131
784.132
784.132
784.133
784.134
784.134
784.135
784.136
784.137
784.137
784.138
784.139
784.139
784.14
784.141
784.141
784.142
784.143
784.143
784.144
784.144
784.145
784.146
784.146
784.147
784.147
784.148
784.148
784.149
784.149
784.15
784.15
784.151
784.151
784.152
784.152
784.153
784.153
784.153
784.154
784.154
784.154
784.155
784.155
784.155
784.156
784.156
784.156
784.156
784.157
784.157
784.157
784.157
784.157
784.157
784.158
784.158
784.158
784.158
784.158
784.158
784.158
784.158
784.158
784.158
784.158
784.158
784.158
784.158
784.158
784.158
784.158
784.158
784.157
784.157
784.157
784.157
784.156
784.156
784.156
784.155
784.155
784.154
784.154
784.153
784.153
784.152
784.152
784.151
784.15
784.149
784.149
784.148
784.147
784.146
784.145
784.144
784.144
784.143
784.142
784.141
784.14
784.139
784.138
784.137
784.136
784.135
784.134
784.133
784.132
784.131
784.129
784.128
784.127
784.126
784.125
784.124
784.123
784.121
784.12
784.119
784.118
784.116
784.115
784.114
784.112
784.111
784.109
784.108
784.107
784.105
784.104
784.102
784.101
784.099
784.097
784.096
784.094
784.093
784.091
784.089
784.088
784.086
784.084
784.082
784.08
784.079
784.077
784.075
784.073
784.071
784.069
784.067
784.065
784.063
784.061
784.059
784.057
784.055
784.053
784.05
784.048
784.046
784.044
784.041
784.039
784.037
784.035
784.032
784.03
784.028
784.025
784.023
784.02
784.018
784.015
784.013
784.011
784.008
784.006
784.003
784.001
783.998
783.995
783.993
783.99
783.988
783.985
783.983
783.98
783.978
783.975
783.973
783.97
783.968
783.965
783.963
783.961
783.958
783.956
783.953
783.951
783.949
783.946
783.944
783.942
783.939
783.937
783.935
783.932
783.93
783.928
783.926
783.924
783.922
783.92
783.917
783.915
783.913
783.911
783.909
783.907
783.905
783.903
783.901
783.9
783.898
783.896
783.894
783.892
783.89
783.889
783.887
783.885
783.884
783.882
783.88
783.879
783.877
783.875
783.874
783.872
783.871
783.87
783.868
783.867
783.865
783.864
783.863
783.861
783.86
783.859
783.858
783.856
783.855
783.854
783.853
783.852
783.851
783.85
783.849
783.848
783.847
783.846
783.845
783.844
783.843
783.842
783.841
783.84
783.839
783.838
783.837
783.836
783.835
783.834
783.833
783.832
783.831
783.831
783.83
783.829
783.828
783.827
783.826
783.825
783.824
783.823
783.822
783.821
783.82
783.819
783.818
783.817
783.816
783.815
783.814
783.813
783.812
783.81
783.809
783.808
783.807
783.806
783.805
783.803
783.802
783.801
783.8
783.798
783.797
783.796
783.795
783.793
783.792
783.79
783.789
783.787
783.786
783.784
783.783
783.781
783.78
783.778
783.777
783.775
783.773
783.772
783.77
783.768
783.766
783.764
783.763
783.761
783.759
783.757
783.755
783.753
783.751
783.749
783.747
783.745
783.743
783.741
783.739
783.737
783.735
783.733
783.73
783.728
783.726
783.724
783.722
783.719
783.717
783.715
783.712
783.71
783.708
783.705
783.703
783.7
783.698
783.695
783.693
783.69
783.688
783.685
783.682
783.68
783.677
783.674
783.671
783.669
783.666
783.663
783.66
783.657
783.654
783.651
783.648
783.645
783.642
783.639
783.636
783.633
783.63
783.626
783.623
783.62
783.617
783.613
783.61
783.607
783.603
783.6
783.596
783.593
783.589
783.586
783.582
783.579
783.575
783.571
783.568
783.564
783.56
783.557
783.553
783.549
783.545
783.541
783.538
783.534
783.53
783.526
783.522
783.518
783.514
783.51
783.506
783.502
783.498
783.494
783.49
783.486
783.482
783.478
783.474
783.47
783.466
783.462
783.457
783.453
783.449
783.445
783.441
783.437
783.433
783.429
783.424
783.42
783.416
783.412
783.408
783.404
783.399
783.395
783.391
783.387
783.383
783.379
783.375
783.371
783.366
783.362
783.358
783.354
783.35
783.346
783.342
783.338
783.334
783.33
783.327
783.323
783.319
783.315
783.311
783.307
783.304
783.3
783.296
783.293
783.289
783.286
783.282
783.279
783.275
783.272
783.269
783.265
783.262
783.259
783.256
783.253
783.25
783.247
783.244
783.241
783.238
783.235
783.232
783.229
783.227
783.224
783.221
783.219
783.216
783.213
783.211
783.209
783.206
783.204
783.201
783.199
783.197
783.195
783.192
783.19
783.188
783.186
783.184
783.182
783.18
783.178
783.176
783.174
783.172
783.17
783.168
783.166
783.164
783.162
783.159
783.155
783.15
783.145
783.142
783.141
783.142
)
;

boundaryField
{
    inlet
    {
        type            zeroGradient;
    }
    outlet
    {
        type            zeroGradient;
    }
    sides
    {
        type            empty;
    }
    walls
    {
        type            zeroGradient;
    }
}


// ************************************************************************* //
