/*--------------------------------*- C++ -*----------------------------------*\
| =========                 |                                                 |
| \\      /  F ield         | OpenFOAM: The Open Source CFD Toolbox           |
|  \\    /   O peration     | Version:  3.0.x                                 |
|   \\  /    A nd           | Web:      www.OpenFOAM.org                      |
|    \\/     M anipulation  |                                                 |
\*---------------------------------------------------------------------------*/
FoamFile
{
    version     2.0;
    format      ascii;
    class       volScalarField;
    location    "0.39";
    object      T;
}
// * * * * * * * * * * * * * * * * * * * * * * * * * * * * * * * * * * * * * //

dimensions      [0 0 0 1 0 0 0];

internalField   nonuniform List<scalar> 
6900
(
774.459
774.459
774.458
774.458
774.458
774.458
774.458
774.457
774.457
774.457
774.457
774.456
774.456
774.456
774.456
774.456
774.456
774.456
774.456
774.456
774.456
774.456
774.455
774.454
774.451
774.448
774.446
774.444
774.443
774.443
774.442
774.442
774.442
774.441
774.439
774.437
774.435
774.432
774.428
774.425
774.421
774.417
774.414
774.412
774.411
774.41
774.409
774.408
774.407
774.405
774.402
774.4
774.397
774.395
774.393
774.391
774.39
774.389
774.389
774.389
774.389
774.389
774.389
774.389
774.389
774.39
774.39
774.39
774.39
774.391
774.391
774.391
774.391
774.391
774.391
774.391
774.391
774.391
774.391
774.39
774.39
774.39
774.39
774.39
774.39
774.39
774.389
774.389
774.389
774.389
774.39
774.39
774.39
774.39
774.39
774.391
774.391
774.391
774.392
774.392
774.393
774.393
774.393
774.394
774.394
774.394
774.394
774.394
774.394
774.394
774.394
774.394
774.393
774.393
774.393
774.392
774.392
774.392
774.391
774.391
774.391
774.391
774.391
774.39
774.39
774.391
774.391
774.391
774.391
774.392
774.392
774.392
774.393
774.394
774.394
774.395
774.395
774.396
774.396
774.396
774.397
774.397
774.397
774.397
774.397
774.397
774.396
774.396
774.396
774.395
774.395
774.394
774.394
774.393
774.393
774.392
774.392
774.392
774.391
774.391
774.391
774.391
774.391
774.392
774.392
774.393
774.393
774.394
774.395
774.396
774.397
774.398
774.398
774.399
774.4
774.4
774.4
774.4
774.4
774.4
774.4
774.4
774.399
774.399
774.398
774.398
774.397
774.396
774.396
774.395
774.394
774.394
774.393
774.393
774.392
774.392
774.392
774.393
774.394
774.465
774.456
774.456
774.456
774.456
774.455
774.455
774.455
774.455
774.454
774.454
774.454
774.454
774.454
774.453
774.453
774.453
774.453
774.453
774.453
774.453
774.453
774.453
774.453
774.451
774.448
774.446
774.443
774.442
774.441
774.44
774.44
774.44
774.44
774.439
774.437
774.435
774.432
774.43
774.426
774.422
774.419
774.415
774.412
774.41
774.408
774.408
774.407
774.406
774.405
774.403
774.401
774.398
774.395
774.393
774.391
774.389
774.388
774.387
774.387
774.387
774.387
774.387
774.387
774.387
774.388
774.388
774.388
774.388
774.389
774.389
774.389
774.389
774.389
774.389
774.389
774.389
774.389
774.389
774.389
774.389
774.388
774.388
774.388
774.388
774.388
774.388
774.388
774.388
774.388
774.388
774.388
774.388
774.388
774.388
774.389
774.389
774.389
774.39
774.39
774.39
774.391
774.391
774.391
774.392
774.392
774.392
774.392
774.392
774.392
774.392
774.392
774.392
774.391
774.391
774.391
774.391
774.39
774.39
774.39
774.389
774.389
774.389
774.389
774.389
774.389
774.389
774.389
774.389
774.389
774.39
774.39
774.391
774.391
774.392
774.392
774.393
774.393
774.394
774.394
774.395
774.395
774.395
774.395
774.395
774.395
774.395
774.395
774.394
774.394
774.393
774.393
774.392
774.392
774.391
774.391
774.39
774.39
774.39
774.39
774.389
774.389
774.389
774.39
774.39
774.39
774.391
774.392
774.392
774.393
774.394
774.395
774.396
774.397
774.397
774.398
774.398
774.399
774.399
774.399
774.399
774.398
774.398
774.398
774.397
774.396
774.396
774.395
774.395
774.394
774.393
774.392
774.392
774.391
774.391
774.39
774.39
774.39
774.392
774.392
774.458
774.456
774.456
774.456
774.456
774.455
774.455
774.455
774.455
774.454
774.454
774.454
774.454
774.454
774.454
774.453
774.453
774.453
774.453
774.453
774.453
774.453
774.453
774.453
774.451
774.448
774.446
774.443
774.442
774.441
774.44
774.44
774.44
774.44
774.439
774.437
774.435
774.433
774.43
774.426
774.422
774.419
774.415
774.412
774.41
774.408
774.408
774.407
774.406
774.405
774.403
774.401
774.398
774.395
774.393
774.391
774.389
774.388
774.387
774.387
774.387
774.387
774.387
774.387
774.387
774.388
774.388
774.388
774.388
774.389
774.389
774.389
774.389
774.389
774.389
774.389
774.389
774.389
774.389
774.389
774.389
774.388
774.388
774.388
774.388
774.388
774.388
774.388
774.388
774.388
774.388
774.388
774.388
774.388
774.388
774.389
774.389
774.389
774.39
774.39
774.39
774.391
774.391
774.391
774.392
774.392
774.392
774.392
774.392
774.392
774.392
774.392
774.392
774.391
774.391
774.391
774.391
774.39
774.39
774.39
774.389
774.389
774.389
774.389
774.389
774.389
774.389
774.389
774.389
774.389
774.39
774.39
774.391
774.391
774.392
774.392
774.393
774.393
774.394
774.394
774.395
774.395
774.395
774.395
774.395
774.395
774.395
774.395
774.394
774.394
774.393
774.393
774.392
774.392
774.391
774.391
774.39
774.39
774.39
774.39
774.389
774.389
774.389
774.39
774.39
774.39
774.391
774.392
774.392
774.393
774.394
774.395
774.396
774.397
774.397
774.398
774.398
774.399
774.399
774.399
774.399
774.398
774.398
774.398
774.397
774.396
774.396
774.395
774.395
774.394
774.393
774.392
774.392
774.391
774.391
774.39
774.39
774.39
774.39
774.391
774.395
774.456
774.456
774.456
774.456
774.455
774.455
774.455
774.455
774.454
774.454
774.454
774.454
774.454
774.453
774.453
774.453
774.453
774.453
774.453
774.453
774.453
774.453
774.453
774.451
774.448
774.446
774.443
774.442
774.441
774.44
774.44
774.44
774.44
774.439
774.437
774.435
774.432
774.43
774.426
774.422
774.419
774.415
774.412
774.41
774.408
774.408
774.407
774.406
774.405
774.403
774.401
774.398
774.395
774.393
774.391
774.389
774.388
774.387
774.387
774.387
774.387
774.387
774.387
774.387
774.388
774.388
774.388
774.388
774.389
774.389
774.389
774.389
774.389
774.389
774.389
774.389
774.389
774.389
774.389
774.389
774.388
774.388
774.388
774.388
774.388
774.388
774.388
774.388
774.388
774.388
774.388
774.388
774.388
774.388
774.389
774.389
774.389
774.39
774.39
774.39
774.391
774.391
774.391
774.392
774.392
774.392
774.392
774.392
774.392
774.392
774.392
774.392
774.391
774.391
774.391
774.391
774.39
774.39
774.39
774.389
774.389
774.389
774.389
774.389
774.389
774.389
774.389
774.389
774.389
774.39
774.39
774.391
774.391
774.392
774.392
774.393
774.393
774.394
774.394
774.395
774.395
774.395
774.395
774.395
774.395
774.395
774.395
774.394
774.394
774.393
774.393
774.392
774.392
774.391
774.391
774.39
774.39
774.39
774.39
774.389
774.389
774.389
774.39
774.39
774.39
774.391
774.392
774.392
774.393
774.394
774.395
774.396
774.397
774.397
774.398
774.398
774.399
774.399
774.399
774.399
774.398
774.398
774.398
774.397
774.396
774.396
774.395
774.394
774.394
774.393
774.392
774.392
774.391
774.391
774.39
774.39
774.39
774.387
774.393
774.264
774.459
774.459
774.458
774.458
774.458
774.458
774.458
774.457
774.457
774.457
774.457
774.456
774.456
774.456
774.456
774.456
774.456
774.456
774.456
774.456
774.456
774.456
774.455
774.454
774.451
774.448
774.446
774.444
774.443
774.443
774.442
774.442
774.442
774.441
774.439
774.437
774.435
774.432
774.428
774.425
774.421
774.417
774.414
774.412
774.411
774.41
774.409
774.408
774.407
774.405
774.402
774.4
774.397
774.395
774.393
774.391
774.39
774.389
774.389
774.389
774.389
774.389
774.389
774.389
774.389
774.39
774.39
774.39
774.39
774.391
774.391
774.391
774.391
774.391
774.391
774.391
774.391
774.391
774.391
774.39
774.39
774.39
774.39
774.39
774.39
774.39
774.389
774.389
774.389
774.389
774.39
774.39
774.39
774.39
774.39
774.391
774.391
774.391
774.392
774.392
774.393
774.393
774.393
774.394
774.394
774.394
774.394
774.394
774.394
774.394
774.394
774.394
774.393
774.393
774.393
774.392
774.392
774.392
774.391
774.391
774.391
774.391
774.391
774.39
774.39
774.391
774.391
774.391
774.391
774.392
774.392
774.392
774.393
774.394
774.394
774.395
774.395
774.396
774.396
774.396
774.397
774.397
774.397
774.397
774.397
774.397
774.396
774.396
774.396
774.395
774.395
774.394
774.394
774.393
774.393
774.392
774.392
774.392
774.391
774.391
774.391
774.391
774.391
774.392
774.392
774.393
774.393
774.394
774.395
774.396
774.397
774.398
774.398
774.399
774.4
774.4
774.4
774.4
774.4
774.4
774.4
774.4
774.399
774.399
774.398
774.398
774.397
774.396
774.396
774.395
774.394
774.394
774.393
774.392
774.392
774.392
774.392
774.388
774.403
774.174
774.45
774.464
774.462
774.463
774.46
774.459
774.46
774.46
774.451
774.439
774.429
774.404
774.382
774.38
774.388
774.402
774.401
774.369
774.289
774.206
774.436
774.44
774.438
774.434
774.43
774.426
774.425
774.424
774.41
774.397
774.388
774.363
774.328
774.319
774.33
774.346
774.349
774.305
774.221
774.158
774.395
774.395
774.392
774.388
774.382
774.376
774.368
774.361
774.354
774.348
774.341
774.332
774.322
774.314
774.307
774.3
774.295
774.3
774.31
774.312
774.32
774.322
774.329
774.327
774.322
774.309
774.293
774.269
774.254
774.234
774.212
774.196
774.176
774.16
774.15
774.138
774.123
774.115
774.103
774.093
774.266
774.244
774.242
774.244
774.244
774.241
774.228
774.214
774.199
774.185
774.167
774.157
774.14
774.132
774.118
774.113
774.102
774.102
774.107
774.133
774.057
774.082
774.07
774.068
774.089
774.075
774.059
774.058
774.064
774.068
774.066
774.063
774.063
774.064
774.064
774.064
774.063
774.063
774.062
774.062
774.061
774.061
774.061
774.061
774.061
774.061
774.061
774.062
774.062
774.062
774.063
774.063
774.063
774.063
774.064
774.064
774.064
774.064
774.065
774.066
774.066
774.067
774.068
774.069
774.071
774.072
774.074
774.075
774.077
774.079
774.081
774.083
774.085
774.088
774.09
774.092
774.094
774.095
774.097
774.099
774.1
774.103
774.107
774.109
774.11
774.111
774.112
774.112
774.113
774.115
774.117
774.119
774.122
774.126
774.13
774.134
774.139
774.144
774.147
774.151
774.155
774.163
774.173
774.183
774.191
774.197
774.203
774.213
774.241
774.319
774.4
774.444
774.454
774.443
774.378
774.281
774.22
774.191
774.183
774.183
774.187
774.199
774.211
774.221
774.23
774.238
774.245
774.252
774.259
774.265
774.271
774.277
774.283
774.289
774.295
774.301
774.307
774.314
774.32
774.326
774.333
774.339
774.346
774.353
774.36
774.367
774.374
774.381
774.389
774.396
774.404
774.412
774.421
774.429
774.438
774.446
774.455
774.464
774.473
774.482
774.492
774.501
774.511
774.52
774.53
774.54
774.55
774.56
774.57
774.581
774.591
774.601
774.612
774.622
774.633
774.644
774.654
774.665
774.676
774.687
774.698
774.709
774.72
774.731
774.743
774.754
774.765
774.777
774.788
774.8
774.812
774.824
774.837
774.849
774.861
774.874
774.887
774.9
774.913
774.927
774.94
774.954
774.968
774.982
774.996
775.01
775.025
775.039
775.054
775.068
775.084
775.097
775.115
775.126
775.145
775.156
775.176
775.185
775.214
775.086
774.055
774.085
774.074
774.084
774.104
774.089
774.076
774.075
774.083
774.086
774.083
774.081
774.081
774.081
774.081
774.08
774.079
774.079
774.078
774.078
774.078
774.077
774.077
774.077
774.077
774.078
774.078
774.078
774.079
774.079
774.079
774.079
774.079
774.079
774.079
774.079
774.079
774.079
774.079
774.08
774.081
774.082
774.083
774.084
774.085
774.087
774.088
774.09
774.092
774.094
774.097
774.099
774.102
774.105
774.107
774.109
774.111
774.114
774.117
774.12
774.125
774.129
774.132
774.133
774.132
774.13
774.13
774.13
774.131
774.133
774.136
774.14
774.144
774.149
774.154
774.158
774.161
774.165
774.171
774.179
774.189
774.199
774.208
774.214
774.219
774.225
774.239
774.28
774.354
774.411
774.441
774.446
774.435
774.376
774.29
774.232
774.201
774.189
774.188
774.189
774.196
774.206
774.215
774.223
774.231
774.238
774.245
774.251
774.257
774.264
774.27
774.276
774.282
774.288
774.294
774.3
774.306
774.312
774.318
774.324
774.331
774.337
774.344
774.351
774.358
774.365
774.372
774.379
774.387
774.395
774.403
774.411
774.419
774.427
774.436
774.444
774.453
774.462
774.471
774.481
774.49
774.499
774.509
774.519
774.529
774.538
774.548
774.558
774.569
774.579
774.589
774.6
774.61
774.621
774.631
774.642
774.653
774.663
774.674
774.685
774.696
774.707
774.718
774.729
774.741
774.752
774.764
774.775
774.787
774.798
774.81
774.823
774.835
774.847
774.86
774.872
774.885
774.898
774.912
774.925
774.939
774.952
774.966
774.98
774.994
775.009
775.023
775.037
775.053
775.066
775.083
775.095
775.113
775.125
775.143
775.155
775.174
775.183
775.207
775.144
774.279
774.297
774.334
774.341
774.34
774.339
774.342
774.344
774.344
774.344
774.343
774.341
774.34
774.339
774.337
774.336
774.336
774.335
774.335
774.335
774.335
774.335
774.334
774.332
774.331
774.329
774.327
774.325
774.323
774.322
774.32
774.319
774.318
774.318
774.318
774.318
774.319
774.32
774.322
774.324
774.326
774.327
774.329
774.33
774.331
774.333
774.334
774.336
774.338
774.34
774.343
774.346
774.35
774.353
774.357
774.361
774.366
774.372
774.378
774.383
774.388
774.392
774.395
774.396
774.396
774.393
774.379
774.339
774.292
774.25
774.216
774.189
774.169
774.157
774.15
774.148
774.148
774.149
774.152
774.158
774.164
774.169
774.175
774.18
774.184
774.186
774.188
774.189
774.189
774.189
774.188
774.188
774.188
774.189
774.192
774.195
774.199
774.203
774.208
774.213
774.218
774.223
774.228
774.233
774.238
774.243
774.249
774.254
774.259
774.265
774.271
774.276
774.282
774.288
774.294
774.3
774.306
774.312
774.318
774.324
774.331
774.337
774.344
774.351
774.358
774.365
774.372
774.379
774.387
774.395
774.403
774.411
774.419
774.427
774.436
774.444
774.453
774.462
774.471
774.481
774.49
774.499
774.509
774.519
774.529
774.538
774.548
774.558
774.569
774.579
774.589
774.6
774.61
774.621
774.631
774.642
774.653
774.663
774.674
774.685
774.696
774.707
774.718
774.729
774.741
774.752
774.764
774.775
774.787
774.799
774.81
774.823
774.835
774.847
774.86
774.872
774.885
774.898
774.912
774.925
774.939
774.952
774.966
774.98
774.994
775.009
775.023
775.038
775.052
775.067
775.081
775.097
775.111
775.127
775.141
775.157
775.172
775.186
775.203
775.222
774.077
774.071
774.071
774.073
774.071
774.067
774.068
774.07
774.072
774.072
774.071
774.071
774.072
774.072
774.072
774.072
774.072
774.072
774.072
774.071
774.071
774.07
774.07
774.07
774.069
774.069
774.069
774.069
774.069
774.069
774.07
774.07
774.071
774.071
774.072
774.073
774.074
774.075
774.075
774.076
774.077
774.078
774.079
774.08
774.082
774.083
774.084
774.086
774.087
774.089
774.09
774.091
774.093
774.094
774.095
774.097
774.098
774.1
774.102
774.105
774.107
774.11
774.112
774.114
774.116
774.118
774.119
774.121
774.124
774.128
774.13
774.133
774.137
774.143
774.15
774.155
774.16
774.167
774.18
774.196
774.208
774.216
774.225
774.244
774.278
774.314
774.341
774.355
774.359
774.356
774.333
774.275
774.225
774.194
774.178
774.175
774.175
774.178
774.186
774.195
774.204
774.212
774.22
774.227
774.233
774.24
774.246
774.252
774.258
774.264
774.27
774.276
774.282
774.288
774.294
774.3
774.306
774.312
774.318
774.324
774.331
774.337
774.344
774.351
774.358
774.365
774.372
774.379
774.387
774.395
774.403
774.411
774.419
774.427
774.436
774.444
774.453
774.462
774.471
774.481
774.49
774.499
774.509
774.519
774.529
774.538
774.548
774.558
774.569
774.579
774.589
774.6
774.61
774.621
774.631
774.642
774.653
774.663
774.674
774.685
774.696
774.707
774.718
774.729
774.741
774.752
774.764
774.775
774.787
774.799
774.81
774.823
774.835
774.847
774.86
774.872
774.885
774.898
774.912
774.925
774.939
774.952
774.966
774.98
774.994
775.009
775.023
775.038
775.052
775.067
775.081
775.097
775.11
775.128
775.14
775.159
775.17
775.191
775.203
775.26
774.2
774.203
774.2
774.202
774.2
774.198
774.198
774.2
774.201
774.201
774.201
774.202
774.202
774.202
774.202
774.202
774.201
774.201
774.2
774.199
774.198
774.197
774.196
774.196
774.195
774.195
774.195
774.195
774.195
774.196
774.196
774.196
774.197
774.197
774.197
774.197
774.198
774.198
774.198
774.198
774.199
774.199
774.2
774.201
774.201
774.202
774.202
774.203
774.204
774.205
774.206
774.207
774.209
774.21
774.212
774.214
774.217
774.219
774.222
774.224
774.226
774.228
774.229
774.23
774.231
774.233
774.235
774.236
774.238
774.241
774.244
774.247
774.25
774.253
774.259
774.268
774.278
774.286
774.291
774.294
774.299
774.313
774.365
774.45
774.506
774.529
774.53
774.508
774.432
774.351
774.294
774.255
774.23
774.215
774.208
774.205
774.206
774.207
774.211
774.215
774.219
774.224
774.229
774.234
774.239
774.245
774.25
774.256
774.261
774.267
774.272
774.278
774.284
774.29
774.296
774.302
774.308
774.314
774.32
774.326
774.333
774.339
774.346
774.353
774.36
774.367
774.374
774.381
774.389
774.396
774.404
774.412
774.421
774.429
774.438
774.446
774.455
774.464
774.473
774.482
774.492
774.501
774.511
774.52
774.53
774.54
774.55
774.56
774.57
774.581
774.591
774.601
774.612
774.622
774.633
774.644
774.654
774.665
774.676
774.687
774.698
774.709
774.72
774.731
774.742
774.754
774.765
774.777
774.788
774.8
774.812
774.824
774.837
774.849
774.861
774.874
774.887
774.9
774.913
774.927
774.94
774.954
774.968
774.982
774.996
775.01
775.025
775.04
775.054
775.069
775.083
775.099
775.112
775.129
775.141
775.16
775.171
775.192
775.204
775.261
775.133
775.117
775.117
775.12
775.121
775.119
775.11
775.103
775.093
775.087
775.075
775.067
775.059
775.052
775.047
775.043
775.043
775.046
775.055
775.084
775.171
775.177
775.184
775.183
775.18
775.172
775.159
775.148
775.135
775.126
775.111
775.097
775.092
775.084
775.076
775.066
775.062
775.055
775.053
775.046
775.228
775.232
775.232
775.233
775.232
775.232
775.23
775.228
775.227
775.222
775.222
775.223
775.225
775.23
775.234
775.229
775.224
775.225
775.225
775.227
775.267
775.276
775.277
775.278
775.279
775.277
775.275
775.273
775.271
775.273
775.286
775.293
775.264
775.235
775.231
775.226
775.194
775.158
775.168
775.177
775.275
775.295
775.299
775.304
775.307
775.307
775.308
775.308
775.307
775.311
775.323
775.327
775.304
775.279
775.269
775.259
775.224
775.208
775.222
775.221
775.132
775.162
775.176
775.194
775.218
775.237
775.256
775.276
775.296
775.315
775.334
775.351
775.369
775.386
775.404
775.422
775.439
775.457
775.474
775.491
775.508
775.526
775.543
775.561
775.579
775.596
775.614
775.632
775.65
775.668
775.686
775.704
775.723
775.742
775.761
775.78
775.799
775.819
775.838
775.858
775.878
775.898
775.918
775.938
775.958
775.978
775.997
776.017
776.037
776.057
776.078
776.098
776.119
776.14
776.161
776.182
776.203
776.225
776.246
776.268
776.289
776.311
776.332
776.355
776.377
776.4
776.422
776.444
776.466
776.49
776.513
776.537
776.561
776.585
776.611
776.64
776.674
776.706
776.729
776.742
776.757
776.793
776.89
777.005
777.086
777.124
777.131
777.119
777.063
777
776.966
776.955
776.954
776.956
776.968
776.981
777.01
777.024
777.063
777.023
775.046
775.058
775.071
775.082
775.107
775.129
775.142
775.158
775.176
775.194
775.212
775.229
775.246
775.262
775.279
775.296
775.314
775.331
775.348
775.365
775.383
775.401
775.418
775.436
775.454
775.473
775.491
775.509
775.528
775.546
775.565
775.584
775.603
775.622
775.641
775.66
775.68
775.699
775.719
775.739
775.759
775.779
775.799
775.819
775.84
775.861
775.881
775.902
775.922
775.943
775.964
775.984
776.005
776.025
776.047
776.067
776.089
776.11
776.131
776.153
776.175
776.197
776.219
776.241
776.263
776.286
776.308
776.331
776.354
776.378
776.402
776.426
776.449
776.474
776.504
776.531
776.553
776.581
776.617
776.656
776.686
776.711
776.74
776.78
776.835
776.895
776.949
776.988
777.006
777.009
777.001
776.972
776.95
776.943
776.944
776.95
776.976
776.995
777.042
777.043
775.278
775.299
775.327
775.353
775.379
775.4
775.416
775.433
775.45
775.466
775.481
775.496
775.51
775.524
775.539
775.554
775.569
775.585
775.601
775.617
775.634
775.65
775.668
775.686
775.704
775.722
775.741
775.759
775.777
775.795
775.813
775.831
775.848
775.866
775.884
775.903
775.922
775.942
775.961
775.981
776.001
776.021
776.042
776.062
776.083
776.103
776.124
776.145
776.166
776.187
776.209
776.232
776.255
776.278
776.299
776.322
776.345
776.37
776.394
776.418
776.444
776.469
776.496
776.521
776.54
776.551
776.555
776.552
776.534
776.507
776.493
776.491
776.492
776.496
776.507
776.526
776.547
776.57
776.595
776.62
776.647
776.673
776.698
776.723
776.746
776.769
776.79
776.813
776.832
776.853
776.871
776.891
776.911
776.934
776.953
776.981
777
777.027
777.052
777.077
775.1
775.103
775.127
775.125
775.116
775.141
775.178
775.188
775.191
775.201
775.226
775.242
775.255
775.27
775.286
775.303
775.32
775.336
775.353
775.37
775.388
775.405
775.423
775.441
775.459
775.477
775.496
775.515
775.533
775.552
775.571
775.59
775.609
775.629
775.648
775.668
775.688
775.708
775.728
775.748
775.768
775.788
775.807
775.827
775.847
775.867
775.887
775.907
775.927
775.948
775.968
775.989
776.01
776.032
776.054
776.076
776.097
776.119
776.141
776.163
776.185
776.207
776.229
776.251
776.273
776.295
776.317
776.339
776.362
776.386
776.41
776.435
776.46
776.484
776.507
776.532
776.558
776.585
776.612
776.64
776.669
776.701
776.733
776.756
776.771
776.787
776.821
776.902
777.004
777.088
777.138
777.152
777.146
777.103
777.044
777.015
777.007
777.01
777.022
777.061
775.105
775.106
775.114
775.112
775.1
775.116
775.154
775.168
775.174
775.181
775.203
775.222
775.237
775.251
775.268
775.286
775.303
775.32
775.337
775.354
775.372
775.39
775.408
775.426
775.444
775.462
775.481
775.499
775.518
775.537
775.556
775.575
775.594
775.613
775.632
775.652
775.672
775.692
775.712
775.732
775.752
775.772
775.792
775.812
775.832
775.852
775.872
775.892
775.913
775.933
775.954
775.974
775.995
776.016
776.038
776.059
776.081
776.103
776.125
776.147
776.168
776.19
776.212
776.234
776.257
776.279
776.301
776.323
776.345
776.368
776.39
776.414
776.438
776.463
776.487
776.511
776.535
776.559
776.585
776.611
776.636
776.663
776.693
776.727
776.758
776.779
776.792
776.812
776.862
776.977
777.091
777.16
777.181
777.176
777.129
777.059
777.026
777.019
777.024
777.04
777.038
777.032
777.034
777.037
777.039
777.039
777.039
777.036
777.035
777.031
777.031
777.028
777.025
777.025
777.024
777.024
777.025
777.027
777.032
777.048
777.05
777.055
777.058
777.062
777.062
777.062
777.057
777.057
777.052
777.049
777.047
777.042
777.039
777.039
777.038
777.036
777.036
777.037
777.038
777.039
777.092
777.097
777.102
777.106
777.11
777.113
777.116
777.12
777.125
777.129
777.132
777.136
777.141
777.148
777.155
777.161
777.173
777.194
777.211
777.217
777.084
777.097
777.106
777.114
777.122
777.132
777.142
777.148
777.15
777.152
777.156
777.153
777.157
777.172
777.195
777.2
777.186
777.158
777.126
777.113
777.074
777.102
777.117
777.128
777.137
777.148
777.16
777.167
777.17
777.171
777.176
777.177
777.183
777.2
777.224
777.228
777.211
777.196
777.152
777.125
777.091
777.135
777.175
777.211
777.241
777.277
777.316
777.352
777.385
777.418
777.452
777.486
777.519
777.55
777.58
777.609
777.638
777.666
777.694
777.721
777.749
777.776
777.803
777.831
777.858
777.886
777.914
777.943
777.971
777.999
778.028
778.056
778.084
778.112
778.14
778.168
778.196
778.224
778.252
778.28
778.308
778.336
778.364
778.393
778.421
778.45
778.479
778.507
778.536
778.564
778.593
778.622
778.65
778.679
778.708
778.737
778.766
778.794
778.823
778.852
778.881
778.91
778.939
778.967
778.996
779.026
779.056
779.085
779.112
779.141
779.18
779.223
779.26
779.28
779.292
779.317
779.392
779.538
779.652
779.708
779.719
779.708
779.649
779.583
779.551
779.54
779.538
779.54
779.552
779.576
779.601
779.627
779.653
779.679
779.706
779.732
779.759
779.785
779.812
779.838
779.865
779.891
779.917
779.944
779.97
779.996
780.022
780.048
780.074
780.1
780.126
780.152
780.177
780.203
780.228
780.254
780.279
780.305
780.33
780.355
780.38
780.405
780.43
780.455
780.48
780.505
780.529
780.554
780.578
780.602
780.626
780.65
780.674
780.698
780.721
780.745
780.768
780.791
780.814
780.837
780.86
780.882
780.905
780.927
780.949
780.971
780.993
781.015
781.037
781.058
781.08
781.101
781.122
781.143
781.164
781.185
781.206
781.226
781.247
781.267
781.288
781.308
781.328
781.348
781.368
781.388
781.407
781.427
781.446
781.466
781.485
781.504
781.523
781.542
781.561
781.58
781.598
781.617
781.634
781.653
781.67
781.69
781.705
781.726
781.74
781.761
781.774
781.796
781.807
781.83
781.84
781.863
781.873
781.894
781.907
781.922
781.943
781.952
781.971
781.987
777.062
777.079
777.118
777.149
777.176
777.206
777.24
777.273
777.302
777.331
777.36
777.39
777.418
777.445
777.472
777.5
777.528
777.554
777.581
777.608
777.634
777.661
777.688
777.715
777.741
777.768
777.796
777.823
777.851
777.879
777.908
777.936
777.965
777.993
778.022
778.051
778.079
778.108
778.136
778.164
778.192
778.221
778.249
778.277
778.306
778.334
778.363
778.391
778.42
778.449
778.477
778.506
778.535
778.564
778.592
778.622
778.65
778.679
778.708
778.737
778.767
778.796
778.824
778.853
778.884
778.916
778.943
778.97
779.004
779.04
779.07
779.095
779.13
779.176
779.219
779.251
779.279
779.317
779.373
779.443
779.512
779.564
779.586
779.589
779.581
779.555
779.534
779.527
779.527
779.538
779.569
779.603
779.635
779.666
779.696
779.724
779.753
779.781
779.808
779.835
779.862
779.889
779.915
779.942
779.968
779.994
780.02
780.047
780.072
780.098
780.124
780.15
780.176
780.201
780.227
780.252
780.278
780.303
780.328
780.354
780.379
780.404
780.429
780.454
780.478
780.503
780.528
780.552
780.576
780.601
780.625
780.649
780.672
780.696
780.72
780.743
780.766
780.79
780.813
780.835
780.858
780.881
780.903
780.926
780.948
780.97
780.992
781.014
781.035
781.057
781.078
781.1
781.121
781.142
781.163
781.184
781.204
781.225
781.245
781.266
781.286
781.306
781.326
781.346
781.366
781.386
781.406
781.425
781.445
781.464
781.483
781.503
781.522
781.541
781.559
781.578
781.596
781.615
781.633
781.652
781.669
781.688
781.704
781.724
781.738
781.76
781.772
781.794
781.806
781.828
781.839
781.862
781.871
781.894
781.903
781.926
781.935
781.956
781.967
781.985
777.253
777.3
777.367
777.412
777.447
777.484
777.52
777.551
777.578
777.604
777.63
777.655
777.68
777.703
777.726
777.75
777.775
777.801
777.828
777.854
777.88
777.907
777.933
777.959
777.985
778.011
778.038
778.066
778.094
778.122
778.15
778.179
778.208
778.237
778.265
778.294
778.323
778.351
778.38
778.409
778.438
778.466
778.494
778.523
778.551
778.581
778.611
778.64
778.669
778.698
778.728
778.759
778.791
778.824
778.856
778.889
778.923
778.957
778.989
779.016
779.034
779.041
779.04
779.029
779.012
779.007
779.006
779.009
779.019
779.04
779.064
779.091
779.121
779.152
779.183
779.214
779.244
779.273
779.301
779.328
779.354
779.38
779.404
779.427
779.45
779.472
779.495
779.519
779.545
779.571
779.597
779.624
779.651
779.678
779.704
779.731
779.758
779.784
779.811
779.837
779.863
779.89
779.916
779.942
779.968
779.995
780.021
780.047
780.073
780.098
780.124
780.15
780.176
780.201
780.227
780.252
780.278
780.303
780.328
780.354
780.379
780.404
780.429
780.454
780.478
780.503
780.528
780.552
780.576
780.601
780.625
780.649
780.672
780.696
780.72
780.743
780.766
780.79
780.813
780.835
780.858
780.881
780.903
780.926
780.948
780.97
780.992
781.014
781.035
781.057
781.078
781.1
781.121
781.142
781.163
781.184
781.204
781.225
781.245
781.266
781.286
781.306
781.326
781.346
781.366
781.386
781.406
781.425
781.445
781.464
781.483
781.503
781.522
781.541
781.559
781.578
781.596
781.615
781.633
781.652
781.669
781.688
781.705
781.723
781.74
781.758
781.775
781.792
781.808
781.826
781.84
781.86
781.873
781.89
781.907
781.922
781.937
781.954
781.968
781.985
777.115
777.137
777.185
777.231
777.251
777.253
777.27
777.32
777.346
777.357
777.379
777.411
777.438
777.46
777.482
777.506
777.531
777.556
777.581
777.607
777.634
777.661
777.689
777.717
777.745
777.773
777.802
777.83
777.858
777.887
777.915
777.943
777.971
777.999
778.027
778.056
778.084
778.112
778.141
778.169
778.198
778.227
778.256
778.285
778.315
778.344
778.373
778.403
778.433
778.462
778.49
778.517
778.546
778.575
778.603
778.631
778.659
778.688
778.717
778.745
778.774
778.803
778.831
778.86
778.89
778.921
778.952
778.982
779.011
779.039
779.068
779.099
779.13
779.162
779.196
779.237
779.279
779.312
779.33
779.344
779.372
779.445
779.566
779.669
779.728
779.743
779.734
779.682
779.624
779.598
779.591
779.595
779.62
779.656
779.69
779.721
779.75
779.779
779.807
779.834
779.861
779.888
779.915
779.942
779.968
779.994
780.02
780.046
780.072
780.098
780.124
780.15
780.176
780.201
780.227
780.252
780.278
780.303
780.328
780.354
780.379
780.404
780.429
780.454
780.478
780.503
780.528
780.552
780.576
780.601
780.625
780.649
780.672
780.696
780.72
780.743
780.766
780.79
780.813
780.835
780.858
780.881
780.903
780.926
780.948
780.97
780.992
781.014
781.035
781.057
781.078
781.1
781.121
781.142
781.163
781.184
781.204
781.225
781.245
781.266
781.286
781.306
781.326
781.346
781.366
781.386
781.406
781.425
781.445
781.464
781.483
781.503
781.522
781.54
781.559
781.578
781.597
781.615
781.634
781.651
781.671
781.686
781.707
781.721
781.742
781.755
781.777
781.789
781.811
781.822
781.845
781.855
781.878
781.887
781.91
781.919
781.941
781.953
781.965
781.989
777.108
777.138
777.158
777.203
777.23
777.233
777.242
777.276
777.312
777.33
777.353
777.38
777.406
777.432
777.457
777.483
777.51
777.537
777.564
777.591
777.618
777.645
777.673
777.701
777.729
777.757
777.786
777.814
777.843
777.871
777.9
777.928
777.957
777.985
778.013
778.041
778.07
778.098
778.126
778.155
778.183
778.212
778.241
778.27
778.299
778.328
778.357
778.386
778.415
778.444
778.472
778.5
778.529
778.558
778.587
778.615
778.643
778.672
778.701
778.73
778.758
778.787
778.816
778.845
778.874
778.902
778.931
778.962
778.992
779.022
779.051
779.079
779.109
779.138
779.167
779.196
779.231
779.274
779.315
779.342
779.357
779.373
779.415
779.535
779.677
779.759
779.78
779.769
779.705
779.635
779.606
779.601
779.609
779.643
779.683
779.717
779.748
779.778
779.807
779.835
779.862
779.889
779.916
779.943
779.969
779.996
780.022
780.048
780.074
780.1
780.126
780.151
780.177
780.203
780.228
780.254
780.279
780.305
780.33
780.355
780.38
780.405
780.43
780.455
780.48
780.505
780.529
780.554
780.578
780.602
780.626
780.65
780.674
780.698
780.721
780.745
780.768
780.791
780.814
780.837
780.86
780.882
780.905
780.927
780.949
780.971
780.993
781.015
781.037
781.058
781.08
781.101
781.122
781.143
781.164
781.185
781.206
781.226
781.247
781.267
781.288
781.308
781.328
781.348
781.368
781.388
781.407
781.427
781.446
781.466
781.485
781.504
781.523
781.542
781.561
781.579
781.598
781.616
781.635
781.652
781.672
781.687
781.708
781.722
781.744
781.757
781.778
781.79
781.813
781.823
781.847
781.856
781.879
781.889
781.911
781.92
781.942
781.955
781.964
781.991
781.997
782.003
782.007
782.012
782.017
782.023
782.029
782.036
782.043
782.048
782.051
782.054
782.057
782.061
782.071
782.096
782.111
782.11
782.107
782.096
781.996
782
782.005
782.01
782.015
782.02
782.027
782.036
782.042
782.045
782.046
782.05
782.059
782.062
782.064
782.078
782.095
782.097
782.098
782.101
781.993
781.996
782
782.004
782.008
782.012
782.017
782.022
782.026
782.031
782.038
782.043
782.048
782.057
782.069
782.075
782.083
782.091
782.109
782.118
781.995
781.997
781.999
782.001
782.003
782.003
782.003
782.004
782.004
782.005
782.007
782.009
782.01
782.011
782.016
782.02
782.022
782.025
782.029
782.033
782.001
782.004
782.006
782.007
782.008
782.009
782.009
782.01
782.01
782.011
782.011
782.012
782.013
782.014
782.015
782.016
782.017
782.018
782.019
782.02
782.121
782.13
782.142
782.171
782.192
782.2
782.207
782.223
782.238
782.254
782.269
782.279
782.295
782.312
782.331
782.338
782.352
782.369
782.384
782.392
782.401
782.412
782.425
782.438
782.452
782.466
782.479
782.493
782.506
782.519
782.53
782.542
782.554
782.566
782.577
782.588
782.6
782.611
782.622
782.633
782.644
782.66
782.678
782.681
782.686
782.691
782.704
782.716
782.72
782.722
782.732
782.762
782.785
782.786
782.78
782.782
782.848
783.051
783.144
783.138
783.023
782.858
782.781
782.761
782.774
782.798
782.811
782.82
782.827
782.833
782.838
782.842
782.846
782.849
782.853
782.856
782.858
782.861
782.863
782.865
782.867
782.869
782.871
782.872
782.874
782.875
782.876
782.877
782.878
782.879
782.88
782.881
782.881
782.882
782.883
782.883
782.884
782.884
782.884
782.885
782.885
782.885
782.885
782.886
782.886
782.886
782.886
782.886
782.886
782.886
782.887
782.887
782.887
782.887
782.887
782.887
782.887
782.888
782.888
782.888
782.888
782.889
782.889
782.89
782.89
782.89
782.891
782.892
782.892
782.893
782.894
782.894
782.895
782.896
782.897
782.898
782.899
782.9
782.901
782.902
782.903
782.904
782.905
782.906
782.907
782.908
782.909
782.91
782.911
782.912
782.913
782.913
782.914
782.915
782.916
782.916
782.917
782.918
782.918
782.919
782.919
782.92
782.92
782.921
782.921
782.921
782.922
782.922
782.922
782.922
782.923
782.923
782.923
782.923
782.923
782.924
782.924
782.924
782.924
782.924
782.924
782.924
782.924
782.924
782.923
782.923
782.923
782.923
782.923
782.922
782.922
782.922
782.921
782.921
782.92
782.92
782.919
782.918
782.918
782.917
782.916
782.915
782.914
782.914
782.913
782.912
782.91
782.909
782.908
782.907
782.906
782.904
782.903
782.901
782.9
782.898
782.897
782.895
782.894
782.892
782.89
782.889
782.887
782.885
782.883
782.881
782.879
782.877
782.876
782.874
782.872
782.87
782.868
782.866
782.864
782.862
782.86
782.858
782.856
782.854
782.852
782.851
782.849
782.847
782.845
782.843
782.842
782.84
782.838
782.837
782.835
782.834
782.832
782.83
782.829
782.828
782.826
782.825
782.824
782.822
782.821
782.82
782.819
782.818
782.816
782.815
782.814
782.813
782.813
782.812
782.811
782.81
782.809
782.809
782.808
782.808
782.807
782.807
782.806
782.806
782.806
782.806
782.806
782.806
782.806
782.806
782.806
782.806
782.807
782.807
782.808
782.808
782.809
782.809
782.81
782.811
782.812
782.812
782.813
782.814
782.815
782.816
782.817
782.818
782.819
782.82
782.821
782.822
782.823
782.824
782.825
782.827
782.828
782.829
782.83
782.831
782.832
782.834
782.835
782.836
782.837
782.839
782.84
782.841
782.842
782.844
782.845
782.847
782.848
782.85
782.851
782.853
782.854
782.856
782.858
782.859
782.861
782.863
782.864
782.866
782.868
782.87
782.872
782.873
782.875
782.877
782.879
782.881
782.883
782.885
782.887
782.889
782.891
782.892
782.894
782.896
782.898
782.9
782.902
782.904
782.906
782.908
782.91
782.911
782.913
782.915
782.917
782.919
782.921
782.923
782.924
782.926
782.928
782.93
782.932
782.933
782.935
782.937
782.939
782.94
782.942
782.944
782.946
782.947
782.949
782.951
782.952
782.954
782.955
782.957
782.958
782.96
782.961
782.963
782.964
782.966
782.967
782.968
782.97
782.971
782.972
782.974
782.975
782.976
782.977
782.979
782.98
782.981
782.982
782.983
782.985
782.986
782.987
782.988
782.989
782.99
782.991
782.992
782.993
782.994
782.995
782.996
782.997
782.998
782.999
783
783.001
783.002
783.002
783.003
783.004
783.005
783.005
783.006
783.007
783.007
783.008
783.008
783.009
783.009
783.01
783.01
783.011
783.011
783.012
783.012
783.012
783.013
783.013
783.013
783.014
783.014
783.014
783.014
783.015
783.015
783.015
783.015
783.015
783.016
783.016
783.016
783.016
783.016
783.016
783.017
783.017
783.017
783.017
783.017
783.018
783.018
783.018
783.018
783.018
783.019
783.019
783.019
783.019
783.019
783.02
783.02
783.02
783.021
783.021
783.021
783.022
783.022
783.023
783.023
783.024
783.024
783.025
783.025
783.026
783.026
783.027
783.028
783.029
783.029
783.03
783.031
783.032
783.033
783.034
783.035
783.036
783.037
783.038
783.039
783.04
783.041
783.042
783.043
783.044
783.046
783.047
783.048
783.049
783.051
783.052
783.053
783.054
783.056
783.057
783.058
783.06
783.061
783.063
783.064
783.065
783.067
783.068
783.069
783.071
783.072
783.074
783.075
783.076
783.078
783.079
783.08
783.082
783.083
783.085
783.086
783.087
783.089
783.09
783.091
783.093
783.094
783.095
783.096
783.098
783.099
783.1
783.101
783.103
783.104
783.105
783.106
783.108
783.109
783.11
783.111
783.112
783.114
783.115
783.116
783.117
783.118
783.12
783.121
783.122
783.123
783.124
783.125
783.126
783.127
783.129
783.13
783.131
783.132
783.133
783.134
783.135
783.136
783.137
783.138
783.139
783.14
783.142
783.142
783.144
783.144
783.144
783.142
783.14
783.138
782.148
782.149
782.163
782.23
782.256
782.253
782.247
782.281
782.307
782.321
782.347
782.342
782.343
782.363
782.416
782.404
782.397
782.409
782.449
782.447
782.435
782.435
782.443
782.456
782.469
782.483
782.496
782.509
782.52
782.54
782.552
782.56
782.571
782.583
782.594
782.605
782.616
782.629
782.639
782.646
782.663
782.707
782.748
782.74
782.725
782.72
782.726
782.727
782.731
782.746
782.777
782.794
782.794
782.788
782.793
782.859
783.015
783.093
783.095
783.037
782.903
782.817
782.779
782.773
782.789
782.804
782.814
782.821
782.827
782.832
782.837
782.841
782.845
782.848
782.851
782.854
782.857
782.86
782.862
782.864
782.866
782.868
782.869
782.871
782.872
782.874
782.875
782.876
782.877
782.878
782.879
782.88
782.88
782.881
782.881
782.882
782.882
782.883
782.883
782.883
782.884
782.884
782.884
782.884
782.884
782.885
782.885
782.885
782.885
782.885
782.885
782.885
782.886
782.886
782.886
782.886
782.886
782.886
782.887
782.887
782.887
782.888
782.888
782.888
782.889
782.889
782.89
782.89
782.891
782.892
782.892
782.893
782.894
782.895
782.896
782.897
782.898
782.899
782.9
782.901
782.902
782.903
782.904
782.905
782.906
782.907
782.908
782.909
782.91
782.911
782.911
782.912
782.913
782.914
782.915
782.915
782.916
782.917
782.917
782.918
782.918
782.919
782.919
782.919
782.92
782.92
782.921
782.921
782.921
782.921
782.922
782.922
782.922
782.922
782.922
782.922
782.922
782.923
782.923
782.923
782.923
782.923
782.923
782.922
782.922
782.922
782.922
782.922
782.921
782.921
782.921
782.92
782.92
782.92
782.919
782.919
782.918
782.917
782.917
782.916
782.915
782.914
782.913
782.912
782.911
782.91
782.909
782.908
782.907
782.906
782.904
782.903
782.902
782.9
782.899
782.897
782.896
782.894
782.893
782.891
782.889
782.887
782.886
782.884
782.882
782.88
782.878
782.876
782.875
782.873
782.871
782.869
782.867
782.865
782.863
782.861
782.859
782.857
782.855
782.853
782.851
782.85
782.848
782.846
782.844
782.842
782.841
782.839
782.837
782.836
782.834
782.833
782.831
782.829
782.828
782.827
782.825
782.824
782.823
782.821
782.82
782.819
782.818
782.817
782.815
782.814
782.813
782.812
782.812
782.811
782.81
782.809
782.808
782.808
782.807
782.807
782.806
782.806
782.805
782.805
782.805
782.805
782.805
782.805
782.805
782.805
782.805
782.806
782.806
782.806
782.807
782.807
782.808
782.808
782.809
782.81
782.811
782.811
782.812
782.813
782.814
782.815
782.816
782.817
782.818
782.819
782.82
782.821
782.822
782.823
782.825
782.826
782.827
782.828
782.829
782.83
782.831
782.833
782.834
782.835
782.836
782.838
782.839
782.84
782.842
782.843
782.844
782.846
782.847
782.849
782.85
782.852
782.853
782.855
782.857
782.858
782.86
782.862
782.864
782.865
782.867
782.869
782.871
782.873
782.874
782.876
782.878
782.88
782.882
782.884
782.886
782.888
782.89
782.892
782.893
782.895
782.897
782.899
782.901
782.903
782.905
782.907
782.909
782.911
782.912
782.914
782.916
782.918
782.92
782.922
782.924
782.925
782.927
782.929
782.931
782.933
782.934
782.936
782.938
782.94
782.941
782.943
782.945
782.946
782.948
782.95
782.951
782.953
782.955
782.956
782.958
782.959
782.961
782.962
782.963
782.965
782.966
782.968
782.969
782.97
782.972
782.973
782.974
782.975
782.977
782.978
782.979
782.98
782.981
782.983
782.984
782.985
782.986
782.987
782.988
782.989
782.99
782.991
782.992
782.993
782.994
782.995
782.996
782.997
782.998
782.999
783
783.001
783.002
783.002
783.003
783.004
783.005
783.005
783.006
783.007
783.007
783.008
783.008
783.009
783.009
783.01
783.01
783.011
783.011
783.011
783.012
783.012
783.012
783.013
783.013
783.013
783.013
783.014
783.014
783.014
783.014
783.015
783.015
783.015
783.015
783.015
783.015
783.016
783.016
783.016
783.016
783.016
783.017
783.017
783.017
783.017
783.017
783.017
783.018
783.018
783.018
783.018
783.019
783.019
783.019
783.019
783.02
783.02
783.02
783.021
783.021
783.022
783.022
783.022
783.023
783.023
783.024
783.025
783.025
783.026
783.027
783.027
783.028
783.029
783.03
783.03
783.031
783.032
783.033
783.034
783.035
783.036
783.037
783.038
783.039
783.04
783.041
783.043
783.044
783.045
783.046
783.047
783.049
783.05
783.051
783.053
783.054
783.055
783.057
783.058
783.059
783.061
783.062
783.063
783.065
783.066
783.068
783.069
783.07
783.072
783.073
783.074
783.076
783.077
783.079
783.08
783.081
783.083
783.084
783.085
783.087
783.088
783.089
783.091
783.092
783.093
783.095
783.096
783.097
783.098
783.1
783.101
783.102
783.104
783.105
783.106
783.107
783.108
783.11
783.111
783.112
783.113
783.114
783.116
783.117
783.118
783.119
783.12
783.121
783.122
783.124
783.125
783.126
783.127
783.128
783.129
783.13
783.131
783.133
783.133
783.135
783.135
783.137
783.137
783.139
783.139
783.141
783.141
783.143
783.143
783.144
783.142
783.14
783.138
782.19
782.253
782.3
782.353
782.398
782.436
782.47
782.503
782.524
782.541
782.555
782.565
782.576
782.592
782.608
782.61
782.618
782.634
782.648
782.652
782.658
782.671
782.687
782.701
782.714
782.729
782.744
782.757
782.77
782.783
782.794
782.807
782.822
782.837
782.854
782.873
782.891
782.901
782.899
782.883
782.862
782.83
782.794
782.751
782.718
782.704
782.706
782.715
782.726
782.738
782.748
782.759
782.768
782.776
782.782
782.787
782.79
782.791
782.791
782.792
782.793
782.797
782.802
782.808
782.813
782.818
782.822
782.827
782.831
782.835
782.838
782.842
782.845
782.849
782.852
782.854
782.857
782.86
782.862
782.864
782.866
782.868
782.869
782.871
782.872
782.874
782.875
782.876
782.877
782.878
782.879
782.88
782.88
782.881
782.881
782.882
782.882
782.883
782.883
782.883
782.884
782.884
782.884
782.884
782.884
782.885
782.885
782.885
782.885
782.885
782.885
782.885
782.886
782.886
782.886
782.886
782.886
782.886
782.887
782.887
782.887
782.888
782.888
782.888
782.889
782.889
782.89
782.89
782.891
782.892
782.892
782.893
782.894
782.895
782.896
782.897
782.898
782.899
782.9
782.901
782.902
782.903
782.904
782.905
782.906
782.907
782.908
782.909
782.91
782.911
782.911
782.912
782.913
782.914
782.915
782.915
782.916
782.917
782.917
782.918
782.918
782.919
782.919
782.919
782.92
782.92
782.921
782.921
782.921
782.921
782.922
782.922
782.922
782.922
782.922
782.922
782.922
782.923
782.923
782.923
782.923
782.923
782.923
782.922
782.922
782.922
782.922
782.922
782.921
782.921
782.921
782.92
782.92
782.92
782.919
782.919
782.918
782.917
782.917
782.916
782.915
782.914
782.913
782.912
782.911
782.91
782.909
782.908
782.907
782.906
782.904
782.903
782.902
782.9
782.899
782.897
782.896
782.894
782.893
782.891
782.889
782.887
782.886
782.884
782.882
782.88
782.878
782.876
782.875
782.873
782.871
782.869
782.867
782.865
782.863
782.861
782.859
782.857
782.855
782.853
782.851
782.85
782.848
782.846
782.844
782.842
782.841
782.839
782.837
782.836
782.834
782.833
782.831
782.829
782.828
782.827
782.825
782.824
782.823
782.821
782.82
782.819
782.818
782.817
782.815
782.814
782.813
782.812
782.812
782.811
782.81
782.809
782.808
782.808
782.807
782.807
782.806
782.806
782.805
782.805
782.805
782.805
782.805
782.805
782.805
782.805
782.805
782.806
782.806
782.806
782.807
782.807
782.808
782.808
782.809
782.81
782.811
782.811
782.812
782.813
782.814
782.815
782.816
782.817
782.818
782.819
782.82
782.821
782.822
782.823
782.825
782.826
782.827
782.828
782.829
782.83
782.831
782.833
782.834
782.835
782.836
782.838
782.839
782.84
782.842
782.843
782.844
782.846
782.847
782.849
782.85
782.852
782.853
782.855
782.857
782.858
782.86
782.862
782.864
782.865
782.867
782.869
782.871
782.873
782.874
782.876
782.878
782.88
782.882
782.884
782.886
782.888
782.89
782.892
782.893
782.895
782.897
782.899
782.901
782.903
782.905
782.907
782.909
782.911
782.912
782.914
782.916
782.918
782.92
782.922
782.924
782.925
782.927
782.929
782.931
782.933
782.934
782.936
782.938
782.94
782.941
782.943
782.945
782.946
782.948
782.95
782.951
782.953
782.955
782.956
782.958
782.959
782.961
782.962
782.963
782.965
782.966
782.968
782.969
782.97
782.972
782.973
782.974
782.975
782.977
782.978
782.979
782.98
782.981
782.983
782.984
782.985
782.986
782.987
782.988
782.989
782.99
782.991
782.992
782.993
782.994
782.995
782.996
782.997
782.998
782.999
783
783.001
783.002
783.002
783.003
783.004
783.005
783.005
783.006
783.007
783.007
783.008
783.008
783.009
783.009
783.01
783.01
783.011
783.011
783.011
783.012
783.012
783.012
783.013
783.013
783.013
783.013
783.014
783.014
783.014
783.014
783.015
783.015
783.015
783.015
783.015
783.015
783.016
783.016
783.016
783.016
783.016
783.017
783.017
783.017
783.017
783.017
783.017
783.018
783.018
783.018
783.018
783.019
783.019
783.019
783.019
783.02
783.02
783.02
783.021
783.021
783.022
783.022
783.022
783.023
783.023
783.024
783.025
783.025
783.026
783.027
783.027
783.028
783.029
783.03
783.03
783.031
783.032
783.033
783.034
783.035
783.036
783.037
783.038
783.039
783.04
783.041
783.043
783.044
783.045
783.046
783.047
783.049
783.05
783.051
783.053
783.054
783.055
783.057
783.058
783.059
783.061
783.062
783.063
783.065
783.066
783.068
783.069
783.07
783.072
783.073
783.074
783.076
783.077
783.079
783.08
783.081
783.083
783.084
783.085
783.087
783.088
783.089
783.091
783.092
783.093
783.095
783.096
783.097
783.098
783.1
783.101
783.102
783.104
783.105
783.106
783.107
783.108
783.11
783.111
783.112
783.113
783.114
783.116
783.117
783.118
783.119
783.12
783.121
783.122
783.124
783.125
783.126
783.127
783.128
783.129
783.13
783.131
783.133
783.133
783.135
783.135
783.137
783.137
783.139
783.139
783.141
783.141
783.143
783.143
783.144
783.142
783.14
783.138
782.057
782.098
782.127
782.152
782.173
782.195
782.219
782.242
782.261
782.278
782.295
782.311
782.327
782.345
782.362
782.373
782.385
782.4
782.414
782.423
782.433
782.446
782.458
782.47
782.482
782.493
782.504
782.515
782.526
782.537
782.547
782.557
782.569
782.579
782.588
782.598
782.609
782.621
782.63
782.635
782.65
782.67
782.679
782.683
782.694
782.715
782.724
782.728
782.742
782.778
782.796
782.803
782.82
782.869
782.949
782.983
782.977
782.949
782.883
782.824
782.785
782.769
782.774
782.79
782.801
782.809
782.817
782.823
782.828
782.833
782.837
782.841
782.845
782.848
782.851
782.854
782.857
782.86
782.862
782.864
782.866
782.868
782.869
782.871
782.872
782.874
782.875
782.876
782.877
782.878
782.879
782.88
782.88
782.881
782.881
782.882
782.882
782.883
782.883
782.883
782.884
782.884
782.884
782.884
782.884
782.885
782.885
782.885
782.885
782.885
782.885
782.885
782.886
782.886
782.886
782.886
782.886
782.886
782.887
782.887
782.887
782.888
782.888
782.888
782.889
782.889
782.89
782.89
782.891
782.892
782.892
782.893
782.894
782.895
782.896
782.897
782.898
782.899
782.9
782.901
782.902
782.903
782.904
782.905
782.906
782.907
782.908
782.909
782.91
782.911
782.911
782.912
782.913
782.914
782.915
782.915
782.916
782.917
782.917
782.918
782.918
782.919
782.919
782.919
782.92
782.92
782.921
782.921
782.921
782.921
782.922
782.922
782.922
782.922
782.922
782.922
782.922
782.923
782.923
782.923
782.923
782.923
782.923
782.922
782.922
782.922
782.922
782.922
782.921
782.921
782.921
782.92
782.92
782.92
782.919
782.919
782.918
782.917
782.917
782.916
782.915
782.914
782.913
782.912
782.911
782.91
782.909
782.908
782.907
782.906
782.904
782.903
782.902
782.9
782.899
782.897
782.896
782.894
782.893
782.891
782.889
782.887
782.886
782.884
782.882
782.88
782.878
782.876
782.875
782.873
782.871
782.869
782.867
782.865
782.863
782.861
782.859
782.857
782.855
782.853
782.851
782.85
782.848
782.846
782.844
782.842
782.841
782.839
782.837
782.836
782.834
782.833
782.831
782.829
782.828
782.827
782.825
782.824
782.823
782.821
782.82
782.819
782.818
782.817
782.815
782.814
782.813
782.812
782.812
782.811
782.81
782.809
782.808
782.808
782.807
782.807
782.806
782.806
782.805
782.805
782.805
782.805
782.805
782.805
782.805
782.805
782.805
782.806
782.806
782.806
782.807
782.807
782.808
782.808
782.809
782.81
782.811
782.811
782.812
782.813
782.814
782.815
782.816
782.817
782.818
782.819
782.82
782.821
782.822
782.823
782.825
782.826
782.827
782.828
782.829
782.83
782.831
782.833
782.834
782.835
782.836
782.838
782.839
782.84
782.842
782.843
782.844
782.846
782.847
782.849
782.85
782.852
782.853
782.855
782.857
782.858
782.86
782.862
782.864
782.865
782.867
782.869
782.871
782.873
782.874
782.876
782.878
782.88
782.882
782.884
782.886
782.888
782.89
782.892
782.893
782.895
782.897
782.899
782.901
782.903
782.905
782.907
782.909
782.911
782.912
782.914
782.916
782.918
782.92
782.922
782.924
782.925
782.927
782.929
782.931
782.933
782.934
782.936
782.938
782.94
782.941
782.943
782.945
782.946
782.948
782.95
782.951
782.953
782.955
782.956
782.958
782.959
782.961
782.962
782.963
782.965
782.966
782.968
782.969
782.97
782.972
782.973
782.974
782.975
782.977
782.978
782.979
782.98
782.981
782.983
782.984
782.985
782.986
782.987
782.988
782.989
782.99
782.991
782.992
782.993
782.994
782.995
782.996
782.997
782.998
782.999
783
783.001
783.002
783.002
783.003
783.004
783.005
783.005
783.006
783.007
783.007
783.008
783.008
783.009
783.009
783.01
783.01
783.011
783.011
783.011
783.012
783.012
783.012
783.013
783.013
783.013
783.013
783.014
783.014
783.014
783.014
783.015
783.015
783.015
783.015
783.015
783.015
783.016
783.016
783.016
783.016
783.016
783.017
783.017
783.017
783.017
783.017
783.017
783.018
783.018
783.018
783.018
783.019
783.019
783.019
783.019
783.02
783.02
783.02
783.021
783.021
783.022
783.022
783.022
783.023
783.023
783.024
783.025
783.025
783.026
783.027
783.027
783.028
783.029
783.03
783.03
783.031
783.032
783.033
783.034
783.035
783.036
783.037
783.038
783.039
783.04
783.041
783.043
783.044
783.045
783.046
783.047
783.049
783.05
783.051
783.053
783.054
783.055
783.057
783.058
783.059
783.061
783.062
783.063
783.065
783.066
783.068
783.069
783.07
783.072
783.073
783.074
783.076
783.077
783.079
783.08
783.081
783.083
783.084
783.085
783.087
783.088
783.089
783.091
783.092
783.093
783.095
783.096
783.097
783.098
783.1
783.101
783.102
783.104
783.105
783.106
783.107
783.108
783.11
783.111
783.112
783.113
783.114
783.116
783.117
783.118
783.119
783.12
783.121
783.122
783.124
783.125
783.126
783.127
783.128
783.129
783.13
783.131
783.133
783.133
783.135
783.135
783.137
783.137
783.139
783.139
783.141
783.141
783.143
783.143
783.144
783.142
783.14
783.138
782.031
782.053
782.08
782.111
782.14
782.169
782.199
782.229
782.258
782.284
782.31
782.335
782.36
782.384
782.41
782.432
782.452
782.472
782.49
782.505
782.519
782.533
782.548
782.562
782.576
782.589
782.602
782.615
782.628
782.64
782.652
782.663
782.675
782.686
782.696
782.708
782.72
782.733
782.744
782.754
782.765
782.779
782.797
782.805
782.804
782.808
782.828
782.863
782.873
782.867
782.864
782.919
783.101
783.203
783.203
783.158
783.035
782.94
782.884
782.848
782.821
782.806
782.804
782.81
782.814
782.819
782.823
782.827
782.832
782.836
782.84
782.843
782.847
782.85
782.853
782.856
782.858
782.861
782.863
782.865
782.867
782.869
782.871
782.872
782.874
782.875
782.876
782.877
782.878
782.879
782.88
782.881
782.881
782.882
782.883
782.883
782.884
782.884
782.884
782.885
782.885
782.885
782.885
782.886
782.886
782.886
782.886
782.886
782.886
782.886
782.887
782.887
782.887
782.887
782.887
782.887
782.887
782.888
782.888
782.888
782.888
782.889
782.889
782.89
782.89
782.89
782.891
782.892
782.892
782.893
782.894
782.894
782.895
782.896
782.897
782.898
782.899
782.9
782.901
782.902
782.903
782.904
782.905
782.906
782.907
782.908
782.909
782.91
782.911
782.912
782.913
782.913
782.914
782.915
782.916
782.916
782.917
782.918
782.918
782.919
782.919
782.92
782.92
782.921
782.921
782.921
782.922
782.922
782.922
782.922
782.923
782.923
782.923
782.923
782.923
782.924
782.924
782.924
782.924
782.924
782.924
782.924
782.924
782.924
782.923
782.923
782.923
782.923
782.923
782.922
782.922
782.922
782.921
782.921
782.92
782.92
782.919
782.918
782.918
782.917
782.916
782.915
782.914
782.914
782.913
782.912
782.91
782.909
782.908
782.907
782.906
782.904
782.903
782.901
782.9
782.898
782.897
782.895
782.894
782.892
782.89
782.889
782.887
782.885
782.883
782.881
782.879
782.877
782.876
782.874
782.872
782.87
782.868
782.866
782.864
782.862
782.86
782.858
782.856
782.854
782.852
782.851
782.849
782.847
782.845
782.843
782.842
782.84
782.838
782.837
782.835
782.834
782.832
782.83
782.829
782.828
782.826
782.825
782.824
782.822
782.821
782.82
782.819
782.818
782.816
782.815
782.814
782.813
782.813
782.812
782.811
782.81
782.809
782.809
782.808
782.808
782.807
782.807
782.806
782.806
782.806
782.806
782.806
782.806
782.806
782.806
782.806
782.806
782.807
782.807
782.808
782.808
782.809
782.809
782.81
782.811
782.812
782.812
782.813
782.814
782.815
782.816
782.817
782.818
782.819
782.82
782.821
782.822
782.823
782.824
782.825
782.827
782.828
782.829
782.83
782.831
782.832
782.834
782.835
782.836
782.837
782.839
782.84
782.841
782.842
782.844
782.845
782.847
782.848
782.85
782.851
782.853
782.854
782.856
782.858
782.859
782.861
782.863
782.864
782.866
782.868
782.87
782.872
782.873
782.875
782.877
782.879
782.881
782.883
782.885
782.887
782.889
782.891
782.892
782.894
782.896
782.898
782.9
782.902
782.904
782.906
782.908
782.91
782.911
782.913
782.915
782.917
782.919
782.921
782.923
782.924
782.926
782.928
782.93
782.932
782.933
782.935
782.937
782.939
782.94
782.942
782.944
782.946
782.947
782.949
782.951
782.952
782.954
782.955
782.957
782.958
782.96
782.961
782.963
782.964
782.966
782.967
782.968
782.97
782.971
782.972
782.974
782.975
782.976
782.977
782.979
782.98
782.981
782.982
782.983
782.985
782.986
782.987
782.988
782.989
782.99
782.991
782.992
782.993
782.994
782.995
782.996
782.997
782.998
782.999
783
783.001
783.002
783.002
783.003
783.004
783.005
783.005
783.006
783.007
783.007
783.008
783.008
783.009
783.009
783.01
783.01
783.011
783.011
783.012
783.012
783.012
783.013
783.013
783.013
783.014
783.014
783.014
783.014
783.015
783.015
783.015
783.015
783.015
783.016
783.016
783.016
783.016
783.016
783.016
783.017
783.017
783.017
783.017
783.017
783.018
783.018
783.018
783.018
783.018
783.019
783.019
783.019
783.019
783.019
783.02
783.02
783.02
783.021
783.021
783.021
783.022
783.022
783.023
783.023
783.024
783.024
783.025
783.025
783.026
783.026
783.027
783.028
783.029
783.029
783.03
783.031
783.032
783.033
783.034
783.035
783.036
783.037
783.038
783.039
783.04
783.041
783.042
783.043
783.044
783.046
783.047
783.048
783.049
783.051
783.052
783.053
783.054
783.056
783.057
783.058
783.06
783.061
783.063
783.064
783.065
783.067
783.068
783.069
783.071
783.072
783.074
783.075
783.076
783.078
783.079
783.08
783.082
783.083
783.085
783.086
783.087
783.089
783.09
783.091
783.093
783.094
783.095
783.096
783.098
783.099
783.1
783.101
783.103
783.104
783.105
783.106
783.108
783.109
783.11
783.111
783.112
783.114
783.115
783.116
783.117
783.118
783.12
783.121
783.122
783.123
783.124
783.125
783.126
783.127
783.129
783.13
783.131
783.132
783.133
783.134
783.135
783.136
783.137
783.138
783.139
783.14
783.142
783.142
783.144
783.144
783.144
783.142
783.14
783.138
)
;

boundaryField
{
    inlet
    {
        type            zeroGradient;
    }
    outlet
    {
        type            zeroGradient;
    }
    sides
    {
        type            empty;
    }
    walls
    {
        type            zeroGradient;
    }
}


// ************************************************************************* //
