/*--------------------------------*- C++ -*----------------------------------*\
| =========                 |                                                 |
| \\      /  F ield         | OpenFOAM: The Open Source CFD Toolbox           |
|  \\    /   O peration     | Version:  3.0.x                                 |
|   \\  /    A nd           | Web:      www.OpenFOAM.org                      |
|    \\/     M anipulation  |                                                 |
\*---------------------------------------------------------------------------*/
FoamFile
{
    version     2.0;
    format      ascii;
    class       surfaceScalarField;
    location    "0.25";
    object      phi;
}
// * * * * * * * * * * * * * * * * * * * * * * * * * * * * * * * * * * * * * //

dimensions      [1 0 -1 0 0 0 0];

internalField   nonuniform List<scalar> 
999
(
2523.38
2523.38
2523.38
2523.38
2523.38
2523.38
2523.38
2523.38
2523.38
2523.38
2523.38
2523.38
2523.38
2523.38
2523.38
2523.38
2523.38
2523.38
2523.38
2523.38
2523.38
2523.38
2523.38
2523.38
2523.38
2523.38
2523.38
2523.38
2523.38
2523.38
2523.38
2523.38
2523.38
2523.38
2523.38
2523.38
2523.38
2523.38
2523.38
2523.38
2523.38
2523.38
2523.38
2523.38
2523.38
2523.38
2523.38
2523.38
2523.38
2523.38
2523.38
2523.38
2523.38
2523.38
2523.38
2523.38
2523.38
2523.38
2523.38
2523.38
2523.38
2523.38
2523.38
2523.38
2523.38
2523.38
2523.38
2523.38
2523.38
2523.38
2523.38
2523.38
2523.38
2523.38
2523.38
2523.38
2523.38
2523.38
2523.38
2523.38
2523.38
2523.38
2523.38
2523.38
2523.38
2523.38
2523.38
2523.38
2523.38
2523.38
2523.38
2523.38
2523.38
2523.38
2523.38
2523.38
2523.38
2523.38
2523.38
2523.38
2523.38
2523.38
2523.38
2523.38
2523.38
2523.38
2523.38
2523.38
2523.38
2523.38
2523.38
2523.38
2523.38
2523.38
2523.38
2523.38
2523.38
2523.38
2523.38
2523.38
2523.38
2523.38
2523.38
2523.38
2523.38
2523.38
2523.38
2523.38
2523.38
2523.38
2523.38
2523.38
2523.38
2523.38
2523.38
2523.38
2523.38
2523.38
2523.38
2523.38
2523.38
2523.38
2523.38
2523.38
2523.38
2523.38
2523.38
2523.38
2523.38
2523.38
2523.38
2523.38
2523.38
2523.38
2523.38
2523.38
2523.38
2523.38
2523.38
2523.38
2523.38
2523.38
2523.38
2523.38
2523.38
2523.38
2523.38
2523.38
2523.38
2523.38
2523.38
2523.38
2523.38
2523.38
2523.38
2523.38
2523.38
2523.38
2523.38
2523.38
2523.38
2523.38
2523.38
2523.38
2523.38
2523.38
2523.38
2523.38
2523.38
2523.38
2523.38
2523.38
2523.38
2523.38
2523.38
2523.38
2523.38
2523.38
2523.38
2523.38
2523.38
2523.38
2523.38
2523.38
2523.38
2523.38
2523.38
2523.38
2523.38
2523.38
2523.38
2523.38
2523.38
2523.38
2523.38
2523.38
2523.38
2523.38
2523.38
2523.38
2523.38
2523.38
2523.38
2523.38
2523.38
2523.38
2523.38
2523.38
2523.38
2523.38
2523.38
2523.38
2523.38
2523.38
2523.38
2523.38
2523.38
2523.38
2523.38
2523.38
2523.38
2523.38
2523.38
2523.38
2523.38
2523.38
2523.38
2523.38
2523.38
2523.38
2523.38
2523.38
2523.38
2523.38
2523.38
2523.38
2523.38
2523.38
2523.38
2523.38
2523.38
2523.38
2523.38
2523.38
2523.38
2523.38
2523.38
2523.38
2523.38
2523.38
2523.38
2523.38
2523.38
2523.38
2523.38
2523.38
2523.38
2523.38
2523.38
2523.38
2523.38
2523.38
2523.38
2523.38
2523.38
2523.38
2523.38
2523.38
2523.38
2523.38
2523.38
2523.38
2523.38
2523.38
2523.38
2523.38
2523.38
2523.38
2523.38
2523.38
2523.38
2523.38
2523.38
2523.38
2523.38
2523.38
2523.38
2523.38
2523.38
2523.38
2523.38
2523.38
2523.38
2523.38
2523.38
2523.38
2523.38
2523.38
2523.38
2523.38
2523.38
2523.38
2523.38
2523.38
2523.38
2523.38
2523.38
2523.38
2523.38
2523.38
2523.38
2523.38
2523.38
2523.38
2523.38
2523.38
2523.38
2523.38
2523.38
2523.38
2523.38
2523.38
2523.38
2523.38
2523.38
2523.38
2523.38
2523.38
2523.38
2523.38
2523.38
2523.38
2523.38
2523.38
2523.38
2523.38
2523.38
2523.38
2523.38
2523.38
2523.38
2523.38
2523.38
2523.38
2523.38
2523.38
2523.38
2523.38
2523.38
2523.38
2523.38
2523.38
2523.38
2523.38
2523.38
2523.38
2523.38
2523.38
2523.38
2523.38
2523.38
2523.38
2523.38
2523.38
2523.38
2523.38
2523.38
2523.38
2523.38
2523.38
2523.38
2523.38
2523.38
2523.38
2523.38
2523.38
2523.38
2523.38
2523.38
2523.38
2523.38
2523.38
2523.38
2523.38
2523.38
2523.38
2523.38
2523.38
2523.38
2523.38
2523.38
2523.38
2523.38
2523.38
2523.38
2523.38
2523.38
2523.38
2523.38
2523.38
2523.38
2523.38
2523.38
2523.38
2523.38
2523.38
2523.38
2523.38
2523.38
2523.38
2523.38
2523.38
2523.38
2523.38
2523.38
2523.38
2523.38
2523.38
2523.38
2523.38
2523.38
2523.38
2523.38
2523.38
2523.38
2523.38
2523.38
2523.38
2523.38
2523.38
2523.38
2523.38
2523.38
2523.38
2523.38
2523.38
2523.38
2523.38
2523.38
2523.38
2523.38
2523.38
2523.38
2523.38
2523.38
2523.38
2523.38
2523.38
2523.38
2523.38
2523.38
2523.38
2523.38
2523.38
2523.38
2523.38
2523.38
2523.38
2523.38
2523.38
2523.38
2523.38
2523.38
2523.38
2523.38
2523.38
2523.38
2523.38
2523.38
2523.38
2523.38
2523.38
2523.38
2523.38
2523.38
2523.38
2523.38
2523.38
2523.38
2523.38
2523.38
2523.38
2523.38
2523.38
2523.38
2523.38
2523.38
2523.38
2523.38
2523.38
2523.38
2523.38
2523.38
2523.38
2523.38
2523.38
2523.38
2523.38
2523.38
2523.38
2523.38
2523.38
2523.38
2523.38
2523.38
2523.38
2523.38
2523.38
2523.38
2523.38
2523.38
2523.38
2523.38
2523.38
2523.38
2523.38
2523.38
2523.38
2523.38
2523.38
2523.38
2523.38
2523.38
2523.38
2523.38
2523.38
2523.38
2523.38
2523.38
2523.38
2523.38
2523.38
2523.38
2523.38
2523.38
2523.38
2523.38
2523.38
2523.38
2523.38
2523.38
2523.38
2523.38
2523.38
2523.38
2523.38
2523.38
2523.38
2523.38
2523.38
2523.38
2523.38
2523.38
2523.38
2523.38
2523.38
2523.38
2523.38
2523.38
2523.38
2523.38
2523.38
2523.38
2523.38
2523.38
2523.38
2523.38
2523.38
2523.38
2523.38
2523.38
2523.38
2523.38
2523.38
2523.38
2523.38
2523.38
2523.38
2523.38
2523.38
2523.38
2523.38
2523.38
2523.38
2523.38
2523.38
2523.38
2523.38
2523.38
2523.38
2523.38
2523.38
2523.38
2523.38
2523.38
2523.38
2523.38
2523.38
2523.38
2523.38
2523.38
2523.38
2523.38
2523.38
2523.38
2523.38
2523.38
2523.38
2523.38
2523.38
2523.38
2523.38
2523.38
2523.38
2523.38
2523.38
2523.38
2523.38
2523.38
2523.38
2523.38
2523.38
2523.38
2523.38
2523.38
2523.38
2523.38
2523.38
2523.38
2523.38
2523.38
2523.38
2523.38
2523.38
2523.38
2523.38
2523.38
2523.38
2523.38
2523.38
2523.38
2523.38
2523.38
2523.38
2523.38
2523.38
2523.38
2523.38
2523.38
2523.38
2523.38
2523.38
2523.38
2523.38
2523.38
2523.38
2523.38
2523.38
2523.38
2523.38
2523.38
2523.38
2523.38
2523.38
2523.38
2523.38
2523.38
2523.38
2523.38
2523.38
2523.38
2523.38
2523.38
2523.38
2523.38
2523.38
2523.38
2523.38
2523.38
2523.38
2523.38
2523.38
2523.38
2523.38
2523.38
2523.38
2523.38
2523.38
2523.38
2523.38
2523.38
2523.38
2523.38
2523.38
2523.38
2523.38
2523.38
2523.38
2523.38
2523.38
2523.38
2523.38
2523.38
2523.38
2523.38
2523.38
2523.38
2523.38
2523.38
2523.38
2523.38
2523.38
2523.38
2523.38
2523.38
2523.38
2523.38
2523.38
2523.38
2523.38
2523.38
2523.38
2523.38
2523.38
2523.38
2523.38
2523.38
2523.38
2523.38
2523.38
2523.38
2523.38
2523.38
2523.38
2523.38
2523.38
2523.38
2523.38
2523.38
2523.38
2523.38
2523.38
2523.38
2523.38
2523.38
2523.38
2523.38
2523.38
2523.38
2523.38
2523.38
2523.38
2523.38
2523.38
2523.38
2523.38
2523.38
2523.38
2523.38
2523.38
2523.38
2523.38
2523.38
2523.38
2523.38
2523.38
2523.38
2523.38
2523.38
2523.38
2523.38
2523.38
2523.38
2523.38
2523.38
2523.38
2523.38
2523.38
2523.38
2523.38
2523.38
2523.38
2523.38
2523.38
2523.38
2523.38
2523.38
2523.38
2523.38
2523.38
2523.38
2523.38
2523.38
2523.38
2523.38
2523.38
2523.38
2523.38
2523.38
2523.38
2523.38
2523.38
2523.38
2523.38
2523.38
2523.38
2523.38
2523.38
2523.38
2523.38
2523.38
2523.38
2523.38
2523.38
2523.38
2523.38
2523.38
2523.38
2523.38
2523.38
2523.38
2523.38
2523.38
2523.38
2523.38
2523.38
2523.38
2523.38
2523.38
2523.37
2523.37
2523.36
2523.35
2523.34
2523.32
2523.3
2523.26
2523.2
2523.13
2523.03
2522.9
2522.72
2522.47
2522.15
2521.73
2521.19
2520.49
2519.61
2518.49
2517.08
2515.35
2513.22
2510.62
2507.5
2503.76
2499.34
2494.15
2488.11
2481.14
2473.17
2464.14
2453.98
2442.64
2430.1
2416.31
2401.28
2384.99
2367.47
2348.74
2328.83
2307.79
2285.66
2262.5
2238.37
2213.32
2187.41
2160.7
2133.25
2105.1
2076.31
2046.91
2016.96
1986.5
1955.57
1924.2
1892.42
1860.27
1827.79
1795
1761.92
1728.6
1695.05
1661.29
1627.36
1593.28
1559.06
1524.73
1490.31
1455.82
1421.28
1386.72
1352.14
1317.57
1283.03
1248.54
1214.1
1179.75
1145.5
1111.37
1077.36
1043.51
1009.82
976.309
942.996
909.893
877.016
844.379
811.999
779.889
748.064
716.542
685.336
654.465
623.943
593.79
564.023
534.659
505.718
477.219
449.182
421.626
394.573
368.045
342.062
316.649
291.829
267.629
244.077
221.204
199.045
177.639
157.034
137.281
118.443
100.59
83.8032
68.174
53.7998
40.7809
29.2114
19.1685
10.6984
3.80216
-1.57645
-5.52136
-8.24496
-9.98335
-10.9819
-11.4753
-11.6639
-11.6987
-11.6764
-11.6464
-11.6262
-11.6166
-11.6127
-11.6106
-11.6086
-11.6061
-11.603
-11.5997
-11.5967
-11.5941
-11.5921
-11.5907
-11.5899
-11.5893
-11.5899
-11.5906
)
;

boundaryField
{
    inlet
    {
        type            calculated;
        value           uniform -2523.38;
    }
    backWall
    {
        type            calculated;
        value           uniform -11.5899;
    }
    sides
    {
        type            empty;
        value           nonuniform 0();
    }
}


// ************************************************************************* //
