/*--------------------------------*- C++ -*----------------------------------*\
| =========                 |                                                 |
| \\      /  F ield         | OpenFOAM: The Open Source CFD Toolbox           |
|  \\    /   O peration     | Version:  3.0.x                                 |
|   \\  /    A nd           | Web:      www.OpenFOAM.org                      |
|    \\/     M anipulation  |                                                 |
\*---------------------------------------------------------------------------*/
FoamFile
{
    version     2.0;
    format      ascii;
    class       volScalarField;
    location    "0.05005";
    object      T;
}
// * * * * * * * * * * * * * * * * * * * * * * * * * * * * * * * * * * * * * //

dimensions      [0 0 0 1 0 0 0];

internalField   nonuniform List<scalar> 
13800
(
773.002
773.002
773.002
773.002
773.002
773.002
773.002
773.002
773.001
773.001
773.001
773.001
773.001
773.001
773.001
773.001
773.001
773.001
773.001
773.001
773.001
773.001
773.001
773.001
773.001
773.001
773.001
773.001
773.001
773.001
773.001
773.001
773.001
773.001
773.001
773.001
773.001
773.001
773.001
773.001
773.001
773.001
773.001
773.001
773.001
773.001
773.001
773.001
773.001
773.001
773.001
773.002
773.002
773.002
773.002
773.003
773.003
773.004
773.005
773.006
773.007
773.009
773.012
773.015
773.018
773.023
773.028
773.034
773.041
773.048
773.056
773.065
773.075
773.084
773.094
773.103
773.111
773.118
773.124
773.128
773.131
773.131
773.13
773.127
773.123
773.116
773.109
773.101
773.092
773.083
773.074
773.066
773.059
773.052
773.047
773.043
773.039
773.037
773.036
773.035
773.034
773.034
773.034
773.035
773.035
773.036
773.037
773.037
773.037
773.038
773.038
773.038
773.038
773.039
773.039
773.038
773.038
773.038
773.038
773.038
773.038
773.038
773.037
773.037
773.037
773.037
773.036
773.036
773.036
773.036
773.036
773.035
773.035
773.035
773.035
773.035
773.035
773.034
773.034
773.034
773.034
773.034
773.034
773.034
773.034
773.034
773.034
773.034
773.034
773.034
773.034
773.033
773.033
773.033
773.033
773.033
773.033
773.033
773.033
773.033
773.033
773.033
773.033
773.033
773.033
773.033
773.033
773.033
773.033
773.033
773.033
773.033
773.033
773.033
773.033
773.033
773.033
773.032
773.032
773.032
773.032
773.032
773.032
773.032
773.032
773.032
773.032
773.032
773.032
773.032
773.032
773.032
773.032
773.032
773.032
773.033
773.033
773.041
773.046
773.247
773
773
773
773
773
773
773
773
773
773
773
773
773
773
773
773
773
773
773
773
773
773
773
773
773
773
773
773
773
773
773
773
773
773
773
773
773
773
773
773
773
773
773
773
773
773
773
773
773
773
773.001
773.001
773.001
773.001
773.001
773.002
773.002
773.003
773.004
773.005
773.006
773.008
773.011
773.014
773.017
773.022
773.027
773.033
773.04
773.047
773.056
773.064
773.074
773.083
773.093
773.102
773.11
773.117
773.123
773.127
773.13
773.13
773.129
773.126
773.122
773.115
773.108
773.1
773.091
773.082
773.073
773.065
773.058
773.051
773.046
773.042
773.039
773.036
773.035
773.034
773.033
773.033
773.034
773.034
773.034
773.035
773.036
773.036
773.036
773.037
773.037
773.037
773.038
773.038
773.038
773.038
773.037
773.037
773.037
773.037
773.037
773.037
773.036
773.036
773.036
773.036
773.035
773.035
773.035
773.035
773.035
773.034
773.034
773.034
773.034
773.034
773.034
773.034
773.033
773.033
773.033
773.033
773.033
773.033
773.033
773.033
773.033
773.033
773.033
773.033
773.033
773.033
773.032
773.032
773.032
773.032
773.032
773.032
773.032
773.032
773.032
773.032
773.032
773.032
773.032
773.032
773.032
773.032
773.032
773.032
773.032
773.032
773.032
773.032
773.032
773.032
773.032
773.032
773.032
773.031
773.031
773.031
773.031
773.031
773.031
773.031
773.031
773.031
773.031
773.031
773.031
773.031
773.031
773.031
773.031
773.032
773.032
773.041
773.044
773.274
773
773
773
773
773
773
773
773
773
773
773
773
773
773
773
773
773
773
773
773
773
773
773
773
773
773
773
773
773
773
773
773
773
773
773
773
773
773
773
773
773
773
773
773
773
773
773
773
773
773
773.001
773.001
773.001
773.001
773.001
773.002
773.002
773.003
773.004
773.005
773.006
773.008
773.011
773.014
773.017
773.022
773.027
773.033
773.04
773.047
773.056
773.064
773.074
773.083
773.093
773.102
773.11
773.117
773.123
773.127
773.13
773.13
773.129
773.126
773.122
773.115
773.108
773.1
773.091
773.082
773.073
773.065
773.058
773.051
773.046
773.042
773.039
773.036
773.035
773.034
773.033
773.033
773.034
773.034
773.034
773.035
773.036
773.036
773.036
773.037
773.037
773.037
773.038
773.038
773.038
773.038
773.037
773.037
773.037
773.037
773.037
773.037
773.036
773.036
773.036
773.036
773.035
773.035
773.035
773.035
773.035
773.034
773.034
773.034
773.034
773.034
773.034
773.033
773.033
773.033
773.033
773.033
773.033
773.033
773.033
773.033
773.033
773.033
773.033
773.033
773.033
773.033
773.032
773.032
773.032
773.032
773.032
773.032
773.032
773.032
773.032
773.032
773.032
773.032
773.032
773.032
773.032
773.032
773.032
773.032
773.032
773.032
773.032
773.032
773.032
773.032
773.032
773.032
773.032
773.031
773.031
773.031
773.031
773.031
773.031
773.031
773.031
773.031
773.031
773.031
773.031
773.031
773.031
773.031
773.031
773.032
773.032
773.041
773.044
773.267
773
773
773
773
773
773
773
773
773
773
773
773
773
773
773
773
773
773
773
773
773
773
773
773
773
773
773
773
773
773
773
773
773
773
773
773
773
773
773
773
773
773
773
773
773
773
773
773
773
773
773.001
773.001
773.001
773.001
773.001
773.002
773.002
773.003
773.004
773.005
773.006
773.008
773.011
773.014
773.017
773.022
773.027
773.033
773.04
773.047
773.056
773.064
773.074
773.083
773.093
773.102
773.11
773.117
773.123
773.127
773.13
773.13
773.129
773.126
773.122
773.115
773.108
773.1
773.091
773.082
773.073
773.065
773.058
773.051
773.046
773.042
773.039
773.036
773.035
773.034
773.033
773.033
773.034
773.034
773.034
773.035
773.036
773.036
773.036
773.037
773.037
773.037
773.038
773.038
773.038
773.038
773.037
773.037
773.037
773.037
773.037
773.037
773.036
773.036
773.036
773.036
773.035
773.035
773.035
773.035
773.035
773.034
773.034
773.034
773.034
773.034
773.034
773.033
773.033
773.033
773.033
773.033
773.033
773.033
773.033
773.033
773.033
773.033
773.033
773.033
773.033
773.033
773.032
773.032
773.032
773.032
773.032
773.032
773.032
773.032
773.032
773.032
773.032
773.032
773.032
773.032
773.032
773.032
773.032
773.032
773.032
773.032
773.032
773.032
773.032
773.032
773.032
773.032
773.032
773.031
773.031
773.031
773.031
773.031
773.031
773.031
773.031
773.031
773.031
773.031
773.031
773.031
773.031
773.031
773.031
773.032
773.032
773.039
773.043
773.21
773
773
773
773
773
773
773
773
773
773
773
773
773
773
773
773
773
773
773
773
773
773
773
773
773
773
773
773
773
773
773
773
773
773
773
773
773
773
773
773
773
773
773
773
773
773
773
773
773
773
773.001
773.001
773.001
773.001
773.001
773.002
773.002
773.003
773.004
773.005
773.006
773.008
773.011
773.014
773.017
773.022
773.027
773.033
773.04
773.047
773.056
773.064
773.074
773.083
773.093
773.102
773.11
773.117
773.123
773.127
773.13
773.13
773.129
773.126
773.122
773.115
773.108
773.1
773.091
773.082
773.073
773.065
773.058
773.051
773.046
773.042
773.039
773.036
773.035
773.034
773.033
773.033
773.034
773.034
773.034
773.035
773.036
773.036
773.036
773.037
773.037
773.037
773.038
773.038
773.038
773.038
773.037
773.037
773.037
773.037
773.037
773.037
773.036
773.036
773.036
773.036
773.035
773.035
773.035
773.035
773.035
773.034
773.034
773.034
773.034
773.034
773.034
773.033
773.033
773.033
773.033
773.033
773.033
773.033
773.033
773.033
773.033
773.033
773.033
773.033
773.033
773.033
773.032
773.032
773.032
773.032
773.032
773.032
773.032
773.032
773.032
773.032
773.032
773.032
773.032
773.032
773.032
773.032
773.032
773.032
773.032
773.032
773.032
773.032
773.032
773.032
773.032
773.032
773.032
773.031
773.031
773.031
773.031
773.031
773.031
773.031
773.031
773.031
773.031
773.031
773.031
773.031
773.031
773.031
773.031
773.031
773.032
773.036
773.034
773.144
773
773
773
773
773
773
773
773
773
773
773
773
773
773
773
773
773
773
773
773
773
773
773
773
773
773
773
773
773
773
773
773
773
773
773
773
773
773
773
773
773
773
773
773
773
773
773
773
773
773
773.001
773.001
773.001
773.001
773.001
773.002
773.002
773.003
773.004
773.005
773.006
773.008
773.011
773.014
773.017
773.022
773.027
773.033
773.04
773.047
773.056
773.064
773.074
773.083
773.093
773.102
773.11
773.117
773.123
773.127
773.13
773.13
773.129
773.126
773.122
773.115
773.108
773.1
773.091
773.082
773.073
773.065
773.058
773.051
773.046
773.042
773.039
773.036
773.035
773.034
773.033
773.033
773.034
773.034
773.034
773.035
773.036
773.036
773.036
773.037
773.037
773.037
773.038
773.038
773.038
773.038
773.037
773.037
773.037
773.037
773.037
773.037
773.036
773.036
773.036
773.036
773.035
773.035
773.035
773.035
773.035
773.034
773.034
773.034
773.034
773.034
773.034
773.033
773.033
773.033
773.033
773.033
773.033
773.033
773.033
773.033
773.033
773.033
773.033
773.033
773.033
773.033
773.032
773.032
773.032
773.032
773.032
773.032
773.032
773.032
773.032
773.032
773.032
773.032
773.032
773.032
773.032
773.032
773.032
773.032
773.032
773.032
773.032
773.032
773.032
773.032
773.032
773.032
773.032
773.031
773.031
773.031
773.031
773.031
773.031
773.031
773.031
773.031
773.031
773.031
773.031
773.031
773.031
773.031
773.031
773.031
773.031
773.03
773.026
772.995
773
773
773
773
773
773
773
773
773
773
773
773
773
773
773
773
773
773
773
773
773
773
773
773
773
773
773
773
773
773
773
773
773
773
773
773
773
773
773
773
773
773
773
773
773
773
773
773
773
773
773.001
773.001
773.001
773.001
773.001
773.002
773.002
773.003
773.004
773.005
773.006
773.008
773.011
773.014
773.017
773.022
773.027
773.033
773.04
773.047
773.056
773.064
773.074
773.083
773.093
773.102
773.11
773.117
773.123
773.127
773.13
773.13
773.129
773.126
773.122
773.115
773.108
773.1
773.091
773.082
773.073
773.065
773.058
773.051
773.046
773.042
773.039
773.036
773.035
773.034
773.033
773.033
773.034
773.034
773.034
773.035
773.036
773.036
773.036
773.037
773.037
773.037
773.038
773.038
773.038
773.038
773.037
773.037
773.037
773.037
773.037
773.037
773.036
773.036
773.036
773.036
773.035
773.035
773.035
773.035
773.035
773.034
773.034
773.034
773.034
773.034
773.034
773.033
773.033
773.033
773.033
773.033
773.033
773.033
773.033
773.033
773.033
773.033
773.033
773.033
773.033
773.033
773.032
773.032
773.032
773.032
773.032
773.032
773.032
773.032
773.032
773.032
773.032
773.032
773.032
773.032
773.032
773.032
773.032
773.032
773.032
773.032
773.032
773.032
773.032
773.032
773.032
773.032
773.032
773.031
773.031
773.031
773.031
773.031
773.031
773.031
773.031
773.031
773.031
773.031
773.031
773.031
773.031
773.031
773.031
773.031
773.03
773.022
773.02
772.801
773
773
773
773
773
773
773
773
773
773
773
773
773
773
773
773
773
773
773
773
773
773
773
773
773
773
773
773
773
773
773
773
773
773
773
773
773
773
773
773
773
773
773
773
773
773
773
773
773
773
773.001
773.001
773.001
773.001
773.001
773.002
773.002
773.003
773.004
773.005
773.006
773.008
773.011
773.014
773.017
773.022
773.027
773.033
773.04
773.047
773.056
773.064
773.074
773.083
773.093
773.102
773.11
773.117
773.123
773.127
773.13
773.13
773.129
773.126
773.122
773.115
773.108
773.1
773.091
773.082
773.073
773.065
773.058
773.051
773.046
773.042
773.039
773.036
773.035
773.034
773.033
773.033
773.034
773.034
773.034
773.035
773.036
773.036
773.036
773.037
773.037
773.037
773.038
773.038
773.038
773.038
773.037
773.037
773.037
773.037
773.037
773.037
773.036
773.036
773.036
773.036
773.035
773.035
773.035
773.035
773.035
773.034
773.034
773.034
773.034
773.034
773.034
773.033
773.033
773.033
773.033
773.033
773.033
773.033
773.033
773.033
773.033
773.033
773.033
773.033
773.033
773.033
773.032
773.032
773.032
773.032
773.032
773.032
773.032
773.032
773.032
773.032
773.032
773.032
773.032
773.032
773.032
773.032
773.032
773.032
773.032
773.032
773.032
773.032
773.032
773.032
773.032
773.032
773.032
773.031
773.031
773.031
773.031
773.031
773.031
773.031
773.031
773.031
773.031
773.031
773.031
773.031
773.031
773.031
773.031
773.031
773.031
773.017
773.038
772.519
773
773
773
773
773
773
773
773
773
773
773
773
773
773
773
773
773
773
773
773
773
773
773
773
773
773
773
773
773
773
773
773
773
773
773
773
773
773
773
773
773
773
773
773
773
773
773
773
773
773
773.001
773.001
773.001
773.001
773.001
773.002
773.002
773.003
773.004
773.005
773.006
773.008
773.011
773.014
773.017
773.022
773.027
773.033
773.04
773.047
773.056
773.064
773.074
773.083
773.093
773.102
773.11
773.117
773.123
773.127
773.13
773.13
773.129
773.126
773.122
773.115
773.108
773.1
773.091
773.082
773.073
773.065
773.058
773.051
773.046
773.042
773.039
773.036
773.035
773.034
773.033
773.033
773.034
773.034
773.034
773.035
773.036
773.036
773.036
773.037
773.037
773.037
773.038
773.038
773.038
773.038
773.037
773.037
773.037
773.037
773.037
773.037
773.036
773.036
773.036
773.036
773.035
773.035
773.035
773.035
773.035
773.034
773.034
773.034
773.034
773.034
773.034
773.034
773.033
773.033
773.033
773.033
773.033
773.033
773.033
773.033
773.033
773.033
773.033
773.033
773.033
773.033
773.032
773.032
773.032
773.032
773.032
773.032
773.032
773.032
773.032
773.032
773.032
773.032
773.032
773.032
773.032
773.032
773.032
773.032
773.032
773.032
773.032
773.032
773.032
773.032
773.032
773.032
773.032
773.031
773.031
773.031
773.031
773.031
773.031
773.031
773.031
773.031
773.031
773.031
773.031
773.031
773.031
773.031
773.031
773.031
773.031
773.015
773.053
772.379
773.002
773.002
773.002
773.002
773.002
773.002
773.002
773.002
773.001
773.001
773.001
773.001
773.001
773.001
773.001
773.001
773.001
773.001
773.001
773.001
773.001
773.001
773.001
773.001
773.001
773.001
773.001
773.001
773.001
773.001
773.001
773.001
773.001
773.001
773.001
773.001
773.001
773.001
773.001
773.001
773.001
773.001
773.001
773.001
773.001
773.001
773.001
773.001
773.001
773.001
773.001
773.002
773.002
773.002
773.002
773.003
773.003
773.004
773.005
773.006
773.007
773.009
773.012
773.015
773.018
773.023
773.028
773.034
773.041
773.048
773.056
773.065
773.075
773.084
773.094
773.103
773.111
773.118
773.124
773.128
773.131
773.131
773.13
773.127
773.123
773.116
773.109
773.101
773.092
773.083
773.074
773.066
773.059
773.052
773.047
773.043
773.039
773.037
773.036
773.035
773.034
773.034
773.034
773.035
773.035
773.036
773.037
773.037
773.037
773.038
773.038
773.038
773.038
773.039
773.039
773.038
773.038
773.038
773.038
773.038
773.038
773.038
773.037
773.037
773.037
773.037
773.036
773.036
773.036
773.036
773.036
773.035
773.035
773.035
773.035
773.035
773.035
773.034
773.034
773.034
773.034
773.034
773.034
773.034
773.034
773.034
773.034
773.034
773.034
773.034
773.034
773.033
773.033
773.033
773.033
773.033
773.033
773.033
773.033
773.033
773.033
773.033
773.033
773.033
773.033
773.033
773.033
773.033
773.033
773.033
773.033
773.033
773.033
773.033
773.033
773.033
773.033
773.032
773.032
773.032
773.032
773.032
773.032
773.032
773.032
773.032
773.032
773.032
773.032
773.032
773.032
773.032
773.032
773.032
773.032
773.032
773.032
773.014
773.067
772.25
773.21
773.247
773.272
773.28
773.284
773.288
773.29
773.292
773.293
773.293
773.294
773.293
773.294
773.29
773.283
773.285
773.266
773.258
773.232
773.187
773.208
773.233
773.247
773.251
773.252
773.253
773.254
773.253
773.253
773.251
773.252
773.248
773.246
773.246
773.234
773.235
773.221
773.207
773.193
773.137
773.206
773.232
773.25
773.255
773.257
773.26
773.261
773.262
773.263
773.26
773.26
773.257
773.255
773.25
773.241
773.235
773.218
773.204
773.175
773.138
773.16
773.175
773.18
773.181
773.182
773.184
773.186
773.188
773.19
773.193
773.197
773.2
773.204
773.207
773.209
773.21
773.203
773.197
773.176
773.152
773.11
773.128
773.142
773.152
773.159
773.163
773.163
773.161
773.157
773.151
773.142
773.132
773.119
773.105
773.09
773.074
773.059
773.045
773.033
773.023
773.008
773
772.986
772.974
772.966
772.962
772.961
772.963
772.968
772.976
772.987
773.001
773.018
773.034
773.053
773.071
773.091
773.105
773.123
773.128
772.886
772.876
772.875
772.878
772.879
772.873
772.87
772.859
772.849
772.832
772.817
772.796
772.779
772.758
772.743
772.728
772.725
772.729
772.747
772.762
772.721
772.675
772.632
772.609
772.596
772.589
772.586
772.587
772.594
772.606
772.624
772.645
772.671
772.702
772.734
772.766
772.812
772.847
772.906
772.956
772.612
772.565
772.52
772.488
772.467
772.447
772.433
772.419
772.412
772.404
772.404
772.406
772.414
772.428
772.446
772.467
772.494
772.537
772.592
772.666
772.549
772.483
772.408
772.379
772.359
772.356
772.364
772.373
772.389
772.413
772.434
772.472
772.501
772.549
772.587
772.634
772.683
772.745
772.82
772.905
773.045
772.983
772.977
772.987
773.089
773.767
776.608
780.149
781.66
781.734
780.549
776.61
773.18
771.388
770.757
770.715
771.021
771.796
772.353
772.668
772.83
772.908
772.946
772.964
772.974
772.981
772.986
772.99
772.994
772.998
773.003
773.008
773.013
773.019
773.026
773.032
773.04
773.047
773.055
773.063
773.07
773.078
773.085
773.091
773.097
773.101
773.105
773.108
773.109
773.109
773.108
773.105
773.102
773.097
773.092
773.086
773.079
773.072
773.065
773.057
773.05
773.043
773.037
773.032
773.027
773.022
773.018
773.015
773.013
773.011
773.01
773.009
773.008
773.008
773.008
773.008
773.009
773.009
773.009
773.01
773.01
773.01
773.011
773.011
773.011
773.012
773.012
773.012
773.012
773.012
773.012
773.012
773.012
773.012
773.012
773.012
773.011
773.011
773.011
773.011
773.011
773.01
773.01
773.01
773.01
773.01
773.009
773.009
773.009
773.009
773.009
773.009
773.008
773.008
773.008
773.008
773.008
773.008
773.008
773.009
773.009
773.009
773.01
773.011
773.012
773.013
773.015
773.017
773.019
773.022
773.025
773.029
773.033
773.038
773.044
773.049
773.056
773.063
773.07
773.078
773.086
773.093
773.101
773.109
773.116
773.122
773.128
773.132
773.136
773.138
773.139
773.139
773.137
773.134
773.13
773.124
773.117
773.11
773.101
773.092
773.082
773.072
773.062
773.052
773.041
773.031
773.021
773.012
773.003
772.994
772.986
772.978
772.972
772.965
772.96
772.955
772.952
772.949
772.947
772.945
772.945
772.946
772.947
772.95
772.953
772.957
772.961
772.966
772.971
772.977
772.983
772.988
772.995
773
773.006
773.011
773.015
773.001
773.032
772.369
773.036
772.977
772.895
772.83
772.804
772.806
772.869
773.146
773.49
773.687
773.77
773.787
773.78
773.755
773.699
773.547
773.313
773.138
773.035
772.985
772.966
772.963
772.964
772.969
772.976
772.981
772.985
772.989
772.993
772.997
773.002
773.007
773.012
773.018
773.025
773.031
773.039
773.046
773.054
773.062
773.069
773.077
773.084
773.09
773.096
773.1
773.104
773.107
773.108
773.108
773.107
773.105
773.101
773.096
773.091
773.085
773.078
773.071
773.064
773.056
773.049
773.043
773.036
773.031
773.026
773.021
773.018
773.014
773.012
773.01
773.009
773.008
773.007
773.007
773.007
773.007
773.008
773.008
773.008
773.009
773.009
773.009
773.01
773.01
773.01
773.011
773.011
773.011
773.011
773.011
773.011
773.011
773.011
773.011
773.011
773.011
773.01
773.01
773.01
773.01
773.01
773.009
773.009
773.009
773.009
773.009
773.008
773.008
773.008
773.008
773.008
773.008
773.008
773.007
773.007
773.007
773.007
773.007
773.008
773.008
773.008
773.008
773.009
773.01
773.011
773.012
773.014
773.016
773.018
773.021
773.024
773.028
773.032
773.037
773.043
773.049
773.055
773.062
773.069
773.077
773.085
773.092
773.1
773.108
773.115
773.121
773.127
773.131
773.135
773.137
773.138
773.138
773.136
773.133
773.129
773.123
773.116
773.109
773.101
773.091
773.082
773.071
773.061
773.051
773.04
773.03
773.02
773.011
773.002
772.993
772.985
772.977
772.971
772.964
772.959
772.954
772.951
772.948
772.946
772.945
772.944
772.945
772.947
772.949
772.952
772.956
772.96
772.965
772.97
772.976
772.982
772.987
772.994
772.999
773.005
773.011
773.014
773.001
773.021
772.462
773.024
772.978
772.968
772.955
772.919
772.792
772.517
772.302
772.204
772.192
772.25
772.571
773.106
773.429
773.546
773.548
773.466
773.255
773.102
773.02
772.983
772.971
772.97
772.971
772.976
772.981
772.986
772.989
772.993
772.998
773.002
773.007
773.012
773.018
773.025
773.031
773.039
773.046
773.054
773.062
773.069
773.077
773.084
773.09
773.096
773.1
773.104
773.107
773.108
773.108
773.107
773.105
773.101
773.096
773.091
773.085
773.078
773.071
773.064
773.056
773.049
773.043
773.036
773.031
773.026
773.021
773.018
773.014
773.012
773.01
773.009
773.008
773.007
773.007
773.007
773.007
773.008
773.008
773.008
773.009
773.009
773.009
773.01
773.01
773.01
773.011
773.011
773.011
773.011
773.011
773.011
773.011
773.011
773.011
773.011
773.011
773.01
773.01
773.01
773.01
773.01
773.009
773.009
773.009
773.009
773.009
773.008
773.008
773.008
773.008
773.008
773.008
773.008
773.007
773.007
773.007
773.007
773.007
773.008
773.008
773.008
773.008
773.009
773.01
773.011
773.012
773.014
773.016
773.018
773.021
773.024
773.028
773.032
773.037
773.043
773.049
773.055
773.062
773.069
773.077
773.085
773.092
773.1
773.108
773.115
773.121
773.127
773.131
773.135
773.137
773.138
773.138
773.136
773.133
773.129
773.123
773.116
773.109
773.101
773.091
773.082
773.071
773.061
773.051
773.04
773.03
773.02
773.011
773.002
772.993
772.985
772.977
772.971
772.964
772.959
772.954
772.951
772.948
772.946
772.945
772.944
772.945
772.947
772.949
772.952
772.956
772.96
772.965
772.97
772.976
772.982
772.987
772.994
772.999
773.005
773.011
773.014
773.003
773.011
772.592
773.077
773.043
773.036
773.034
773.027
772.991
772.845
772.602
772.456
772.415
772.433
772.58
772.869
773.048
773.123
773.135
773.117
773.057
773.008
772.984
772.974
772.973
772.973
772.976
772.98
772.984
772.987
772.99
772.994
772.998
773.002
773.007
773.012
773.018
773.025
773.031
773.039
773.046
773.054
773.062
773.069
773.077
773.084
773.09
773.096
773.1
773.104
773.107
773.108
773.108
773.107
773.105
773.101
773.096
773.091
773.085
773.078
773.071
773.064
773.056
773.049
773.043
773.036
773.031
773.026
773.021
773.018
773.014
773.012
773.01
773.009
773.008
773.007
773.007
773.007
773.007
773.008
773.008
773.008
773.009
773.009
773.009
773.01
773.01
773.01
773.011
773.011
773.011
773.011
773.011
773.011
773.011
773.011
773.011
773.011
773.011
773.01
773.01
773.01
773.01
773.01
773.009
773.009
773.009
773.009
773.009
773.008
773.008
773.008
773.008
773.008
773.008
773.008
773.007
773.007
773.007
773.007
773.007
773.008
773.008
773.008
773.008
773.009
773.01
773.011
773.012
773.014
773.016
773.018
773.021
773.024
773.028
773.032
773.037
773.043
773.049
773.055
773.062
773.069
773.077
773.085
773.092
773.1
773.108
773.115
773.121
773.127
773.131
773.135
773.137
773.138
773.138
773.136
773.133
773.129
773.123
773.116
773.109
773.101
773.091
773.082
773.071
773.061
773.051
773.04
773.03
773.02
773.011
773.002
772.993
772.985
772.977
772.971
772.964
772.959
772.954
772.951
772.948
772.946
772.945
772.944
772.945
772.947
772.949
772.952
772.956
772.96
772.965
772.97
772.976
772.982
772.987
772.994
772.999
773.005
773.011
773.014
773.011
773.004
772.838
772.996
772.986
772.977
772.974
772.976
772.981
772.98
772.958
772.877
772.8
772.768
772.768
772.799
772.877
772.931
772.957
772.965
772.966
772.967
772.968
772.97
772.973
772.976
772.979
772.982
772.985
772.988
772.991
772.994
772.998
773.002
773.007
773.012
773.018
773.025
773.031
773.039
773.046
773.054
773.062
773.069
773.077
773.084
773.09
773.096
773.1
773.104
773.107
773.108
773.108
773.107
773.105
773.101
773.096
773.091
773.085
773.078
773.071
773.064
773.056
773.049
773.043
773.036
773.031
773.026
773.021
773.018
773.014
773.012
773.01
773.009
773.008
773.007
773.007
773.007
773.007
773.008
773.008
773.008
773.009
773.009
773.009
773.01
773.01
773.01
773.011
773.011
773.011
773.011
773.011
773.011
773.011
773.011
773.011
773.011
773.011
773.01
773.01
773.01
773.01
773.01
773.009
773.009
773.009
773.009
773.009
773.008
773.008
773.008
773.008
773.008
773.008
773.008
773.007
773.007
773.007
773.007
773.007
773.008
773.008
773.008
773.008
773.009
773.01
773.011
773.012
773.014
773.016
773.018
773.021
773.024
773.028
773.032
773.037
773.043
773.049
773.055
773.062
773.069
773.077
773.085
773.092
773.1
773.108
773.115
773.121
773.127
773.131
773.135
773.137
773.138
773.138
773.136
773.133
773.129
773.123
773.116
773.109
773.101
773.091
773.082
773.071
773.061
773.051
773.04
773.03
773.02
773.011
773.002
772.993
772.985
772.977
772.971
772.964
772.959
772.954
772.951
772.948
772.946
772.945
772.944
772.945
772.947
772.949
772.952
772.956
772.96
772.965
772.97
772.976
772.982
772.988
772.993
773
773.005
773.011
773.016
773.019
773.016
772.999
773.146
773.16
773.166
773.166
773.164
773.159
773.154
773.142
773.106
773.019
772.933
772.877
772.853
772.85
772.857
772.889
772.928
772.954
772.97
772.978
772.982
772.984
772.985
772.986
772.986
772.987
772.989
772.991
772.994
772.998
773.002
773.007
773.012
773.018
773.025
773.031
773.039
773.046
773.054
773.062
773.069
773.077
773.084
773.09
773.096
773.1
773.104
773.107
773.108
773.108
773.107
773.105
773.101
773.096
773.091
773.085
773.078
773.071
773.064
773.056
773.049
773.043
773.036
773.031
773.026
773.021
773.018
773.014
773.012
773.01
773.009
773.008
773.007
773.007
773.007
773.007
773.008
773.008
773.008
773.009
773.009
773.009
773.01
773.01
773.01
773.011
773.011
773.011
773.011
773.011
773.011
773.011
773.011
773.011
773.011
773.011
773.01
773.01
773.01
773.01
773.01
773.009
773.009
773.009
773.009
773.009
773.008
773.008
773.008
773.008
773.008
773.008
773.008
773.007
773.007
773.007
773.007
773.007
773.008
773.008
773.008
773.008
773.009
773.01
773.011
773.012
773.014
773.016
773.018
773.021
773.024
773.028
773.032
773.037
773.043
773.049
773.055
773.062
773.069
773.077
773.085
773.092
773.1
773.108
773.115
773.121
773.127
773.131
773.135
773.137
773.138
773.138
773.136
773.133
773.129
773.123
773.116
773.109
773.101
773.091
773.082
773.071
773.061
773.051
773.04
773.03
773.02
773.011
773.002
772.993
772.985
772.977
772.971
772.964
772.959
772.954
772.951
772.948
772.946
772.945
772.944
772.945
772.947
772.949
772.952
772.956
772.96
772.965
772.97
772.976
772.981
772.988
772.993
773
773.005
773.011
773.016
773.026
773.032
773.126
772.845
772.875
772.883
772.888
772.893
772.903
772.936
772.983
773.008
773.012
772.995
772.907
772.797
772.751
772.748
772.77
772.843
772.91
772.95
772.971
772.98
772.984
772.986
772.987
772.987
772.988
772.989
772.992
772.995
772.998
773.002
773.007
773.012
773.018
773.025
773.031
773.039
773.046
773.054
773.062
773.069
773.077
773.084
773.09
773.096
773.1
773.104
773.107
773.108
773.108
773.107
773.105
773.101
773.096
773.091
773.085
773.078
773.071
773.064
773.056
773.049
773.043
773.036
773.031
773.026
773.021
773.018
773.014
773.012
773.01
773.009
773.008
773.007
773.007
773.007
773.007
773.008
773.008
773.008
773.009
773.009
773.009
773.01
773.01
773.01
773.011
773.011
773.011
773.011
773.011
773.011
773.011
773.011
773.011
773.011
773.011
773.01
773.01
773.01
773.01
773.01
773.009
773.009
773.009
773.009
773.009
773.008
773.008
773.008
773.008
773.008
773.008
773.008
773.007
773.007
773.007
773.007
773.007
773.008
773.008
773.008
773.008
773.009
773.01
773.011
773.012
773.014
773.016
773.018
773.021
773.024
773.028
773.032
773.037
773.043
773.049
773.055
773.062
773.069
773.077
773.085
773.092
773.1
773.108
773.115
773.121
773.127
773.131
773.135
773.137
773.138
773.138
773.136
773.133
773.129
773.123
773.116
773.109
773.101
773.091
773.082
773.071
773.061
773.051
773.04
773.03
773.02
773.011
773.002
772.993
772.985
772.977
772.971
772.964
772.959
772.954
772.951
772.948
772.946
772.945
772.944
772.945
772.947
772.949
772.952
772.956
772.96
772.965
772.97
772.976
772.981
772.988
772.993
773
773.005
773.011
773.017
773.029
773.043
773.183
773.128
773.167
773.181
773.183
773.185
773.198
773.267
773.337
773.346
773.332
773.234
773.026
772.892
772.836
772.828
772.842
772.893
772.942
772.971
772.985
772.99
772.992
772.992
772.99
772.989
772.989
772.99
772.992
772.995
772.998
773.002
773.007
773.012
773.018
773.025
773.031
773.039
773.046
773.054
773.062
773.069
773.077
773.084
773.09
773.096
773.1
773.104
773.107
773.108
773.108
773.107
773.105
773.101
773.096
773.091
773.085
773.078
773.071
773.064
773.056
773.049
773.043
773.036
773.031
773.026
773.021
773.018
773.014
773.012
773.01
773.009
773.008
773.007
773.007
773.007
773.007
773.008
773.008
773.008
773.009
773.009
773.009
773.01
773.01
773.01
773.011
773.011
773.011
773.011
773.011
773.011
773.011
773.011
773.011
773.011
773.011
773.01
773.01
773.01
773.01
773.01
773.009
773.009
773.009
773.009
773.009
773.008
773.008
773.008
773.008
773.008
773.008
773.008
773.007
773.007
773.007
773.007
773.007
773.008
773.008
773.008
773.008
773.009
773.01
773.011
773.012
773.014
773.016
773.018
773.021
773.024
773.028
773.032
773.037
773.043
773.049
773.055
773.062
773.069
773.077
773.085
773.092
773.1
773.108
773.115
773.121
773.127
773.131
773.135
773.137
773.138
773.138
773.136
773.133
773.129
773.123
773.116
773.109
773.101
773.091
773.082
773.071
773.061
773.051
773.04
773.03
773.02
773.011
773.002
772.993
772.985
772.977
772.971
772.964
772.959
772.954
772.951
772.948
772.946
772.945
772.944
772.945
772.947
772.949
772.952
772.956
772.96
772.965
772.97
772.976
772.981
772.988
772.993
773
773.005
773.011
773.017
773.031
773.045
773.236
772.923
772.979
773.005
773.034
773.052
773.058
773.063
773.081
773.177
773.419
773.549
773.569
773.551
773.449
773.276
773.159
773.09
773.051
773.028
773.014
773.005
772.998
772.993
772.99
772.989
772.989
772.99
772.992
772.995
772.998
773.002
773.007
773.012
773.018
773.025
773.031
773.039
773.046
773.054
773.062
773.069
773.077
773.084
773.09
773.096
773.1
773.104
773.107
773.108
773.108
773.107
773.105
773.101
773.096
773.091
773.085
773.078
773.071
773.064
773.056
773.049
773.043
773.036
773.031
773.026
773.021
773.018
773.014
773.012
773.01
773.009
773.008
773.007
773.007
773.007
773.007
773.008
773.008
773.008
773.009
773.009
773.009
773.01
773.01
773.01
773.011
773.011
773.011
773.011
773.011
773.011
773.011
773.011
773.011
773.011
773.011
773.01
773.01
773.01
773.01
773.01
773.009
773.009
773.009
773.009
773.009
773.008
773.008
773.008
773.008
773.008
773.008
773.008
773.007
773.007
773.007
773.007
773.007
773.008
773.008
773.008
773.008
773.009
773.01
773.011
773.012
773.014
773.016
773.018
773.021
773.024
773.028
773.032
773.037
773.043
773.049
773.055
773.062
773.069
773.077
773.085
773.092
773.1
773.108
773.115
773.121
773.127
773.131
773.135
773.137
773.138
773.138
773.136
773.133
773.129
773.123
773.116
773.109
773.101
773.091
773.082
773.071
773.061
773.051
773.04
773.03
773.02
773.011
773.002
772.993
772.985
772.977
772.971
772.964
772.959
772.954
772.951
772.948
772.946
772.945
772.944
772.945
772.947
772.949
772.952
772.956
772.96
772.965
772.97
772.976
772.981
772.988
772.993
773
773.005
773.011
773.017
773.031
773.046
773.242
773.162
773.211
773.234
773.234
773.2
773.011
772.881
772.901
773.209
774.228
775.082
775.435
775.481
775.352
774.791
774.121
773.661
773.369
773.196
773.099
773.045
773.017
773.002
772.995
772.992
772.991
772.992
772.993
772.996
772.999
773.003
773.008
773.013
773.019
773.026
773.032
773.04
773.047
773.055
773.063
773.07
773.078
773.085
773.091
773.097
773.101
773.105
773.108
773.109
773.109
773.108
773.105
773.102
773.097
773.092
773.086
773.079
773.072
773.065
773.057
773.05
773.043
773.037
773.032
773.027
773.022
773.018
773.015
773.013
773.011
773.01
773.009
773.008
773.008
773.008
773.008
773.009
773.009
773.009
773.01
773.01
773.01
773.011
773.011
773.011
773.012
773.012
773.012
773.012
773.012
773.012
773.012
773.012
773.012
773.012
773.012
773.011
773.011
773.011
773.011
773.011
773.01
773.01
773.01
773.01
773.01
773.009
773.009
773.009
773.009
773.009
773.009
773.008
773.008
773.008
773.008
773.008
773.008
773.008
773.009
773.009
773.009
773.01
773.011
773.012
773.013
773.015
773.017
773.019
773.022
773.025
773.029
773.033
773.038
773.044
773.049
773.056
773.063
773.07
773.078
773.086
773.093
773.101
773.109
773.116
773.122
773.128
773.132
773.136
773.138
773.139
773.139
773.137
773.134
773.13
773.124
773.117
773.11
773.101
773.092
773.082
773.072
773.062
773.052
773.041
773.031
773.021
773.012
773.003
772.994
772.986
772.978
772.972
772.965
772.96
772.955
772.952
772.949
772.947
772.945
772.945
772.946
772.947
772.95
772.953
772.957
772.961
772.966
772.971
772.977
772.982
772.989
772.994
773.001
773.006
773.012
773.018
773.031
773.048
773.216
772.59
772.52
772.445
772.412
772.391
772.385
772.393
772.402
772.417
772.442
772.464
772.502
772.532
772.579
772.618
772.665
772.716
772.778
772.855
772.94
772.636
772.59
772.544
772.51
772.489
772.468
772.454
772.44
772.434
772.427
772.427
772.429
772.438
772.452
772.471
772.493
772.522
772.564
772.622
772.697
772.74
772.696
772.653
772.628
772.615
772.607
772.605
772.606
772.613
772.626
772.643
772.665
772.691
772.722
772.753
772.793
772.823
772.88
772.926
772.978
772.894
772.884
772.882
772.885
772.886
772.88
772.878
772.868
772.859
772.842
772.828
772.808
772.791
772.77
772.755
772.741
772.737
772.742
772.76
772.776
773.008
773
772.986
772.975
772.967
772.963
772.964
772.966
772.972
772.98
772.991
773.004
773.022
773.039
773.058
773.076
773.097
773.112
773.13
773.136
773.109
773.126
773.142
773.153
773.161
773.167
773.168
773.166
773.161
773.156
773.148
773.139
773.129
773.116
773.104
773.089
773.076
773.061
773.05
773.04
773.164
773.176
773.184
773.187
773.189
773.191
773.193
773.195
773.197
773.201
773.206
773.211
773.216
773.221
773.224
773.227
773.221
773.215
773.196
773.171
773.213
773.236
773.256
773.264
773.266
773.268
773.269
773.27
773.271
773.272
773.273
773.273
773.273
773.269
773.263
773.256
773.239
773.226
773.198
773.162
773.214
773.236
773.255
773.259
773.261
773.262
773.262
773.263
773.263
773.264
773.265
773.265
773.265
773.265
773.257
773.257
773.242
773.231
773.216
773.161
773.213
773.25
773.278
773.287
773.293
773.296
773.298
773.3
773.303
773.306
773.308
773.309
773.312
773.307
773.306
773.302
773.29
773.281
773.253
773.208
773.197
773.244
773.259
773.259
773.234
773.069
772.909
772.909
773.122
774.038
775.054
775.54
775.65
775.58
775.145
774.405
773.863
773.509
773.293
773.167
773.097
773.058
773.036
773.025
773.018
773.014
773.012
773.01
773.009
773.009
773.008
773.008
773.008
773.008
773.008
773.007
773.007
773.007
773.007
773.007
773.007
773.007
773.007
773.007
773.007
773.007
773.007
773.007
773.007
773.007
773.007
773.007
773.007
773.007
773.007
773.008
773.008
773.008
773.008
773.008
773.008
773.007
773.007
773.007
773.007
773.007
773.007
773.007
773.007
773.007
773.007
773.007
773.007
773.007
773.007
773.007
773.007
773.007
773.007
773.007
773.007
773.007
773.006
773.006
773.006
773.006
773.006
773.006
773.006
773.006
773.006
773.006
773.006
773.006
773.006
773.006
773.004
772.985
773.007
772.356
772.951
773.008
773.032
773.058
773.075
773.08
773.082
773.086
773.123
773.303
773.502
773.563
773.559
773.503
773.344
773.212
773.133
773.089
773.064
773.049
773.038
773.03
773.023
773.018
773.015
773.012
773.01
773.009
773.008
773.008
773.007
773.007
773.007
773.007
773.007
773.006
773.006
773.006
773.006
773.006
773.006
773.006
773.006
773.006
773.006
773.006
773.006
773.006
773.006
773.006
773.007
773.007
773.007
773.007
773.007
773.007
773.007
773.007
773.007
773.007
773.007
773.007
773.007
773.006
773.006
773.006
773.006
773.006
773.006
773.006
773.006
773.006
773.006
773.006
773.006
773.006
773.006
773.006
773.006
773.006
773.006
773.006
773.006
773.006
773.006
773.006
773.006
773.005
773.005
773.005
773.005
773.005
773.005
773.005
773.005
773.005
773.003
772.985
772.997
772.444
773.15
773.189
773.206
773.211
773.212
773.215
773.245
773.325
773.354
773.351
773.301
773.122
772.953
772.872
772.851
772.856
772.894
772.952
772.99
773.01
773.018
773.02
773.02
773.017
773.014
773.012
773.01
773.009
773.008
773.008
773.007
773.007
773.007
773.007
773.007
773.006
773.006
773.006
773.006
773.006
773.006
773.006
773.006
773.006
773.006
773.006
773.006
773.006
773.006
773.006
773.007
773.007
773.007
773.007
773.007
773.007
773.007
773.007
773.007
773.007
773.007
773.007
773.007
773.006
773.006
773.006
773.006
773.006
773.006
773.006
773.006
773.006
773.006
773.006
773.006
773.006
773.006
773.006
773.006
773.006
773.006
773.006
773.006
773.006
773.006
773.006
773.006
773.005
773.005
773.005
773.005
773.005
773.005
773.005
773.005
773.005
773.003
772.987
772.987
772.572
772.86
772.894
772.904
772.91
772.915
772.921
772.94
772.983
773.016
773.026
773.02
772.969
772.85
772.784
772.769
772.779
772.834
772.912
772.964
772.993
773.007
773.012
773.013
773.013
773.012
773.01
773.009
773.008
773.008
773.008
773.007
773.007
773.007
773.007
773.007
773.006
773.006
773.006
773.006
773.006
773.006
773.006
773.006
773.006
773.006
773.006
773.006
773.006
773.006
773.006
773.007
773.007
773.007
773.007
773.007
773.007
773.007
773.007
773.007
773.007
773.007
773.007
773.007
773.006
773.006
773.006
773.006
773.006
773.006
773.006
773.006
773.006
773.006
773.006
773.006
773.006
773.006
773.006
773.006
773.006
773.006
773.006
773.006
773.006
773.006
773.006
773.006
773.006
773.005
773.005
773.005
773.005
773.005
773.005
773.005
773.005
773.003
772.996
772.984
772.814
773.157
773.171
773.181
773.184
773.183
773.181
773.176
773.165
773.131
773.057
772.976
772.914
772.883
772.875
772.879
772.901
772.943
772.974
772.995
773.006
773.011
773.013
773.013
773.012
773.011
773.01
773.009
773.008
773.008
773.007
773.007
773.007
773.007
773.007
773.007
773.006
773.006
773.006
773.006
773.006
773.006
773.006
773.006
773.006
773.006
773.006
773.006
773.006
773.006
773.006
773.007
773.007
773.007
773.007
773.007
773.007
773.007
773.007
773.007
773.007
773.007
773.007
773.007
773.006
773.006
773.006
773.006
773.006
773.006
773.006
773.006
773.006
773.006
773.006
773.006
773.006
773.006
773.006
773.006
773.006
773.006
773.006
773.006
773.006
773.006
773.006
773.006
773.006
773.005
773.005
773.005
773.005
773.006
773.006
773.005
773.005
773.005
773.003
772.997
772.974
773.015
773.005
772.997
772.997
773
773.007
773.008
772.993
772.917
772.821
772.775
772.769
772.791
772.872
772.946
772.984
772.998
773
773
772.999
772.999
773.001
773.003
773.004
773.006
773.006
773.007
773.007
773.007
773.007
773.007
773.007
773.007
773.007
773.007
773.006
773.006
773.006
773.006
773.006
773.006
773.006
773.006
773.006
773.006
773.006
773.006
773.006
773.006
773.006
773.007
773.007
773.007
773.007
773.007
773.007
773.007
773.007
773.007
773.007
773.007
773.007
773.007
773.006
773.006
773.006
773.006
773.006
773.006
773.006
773.006
773.006
773.006
773.006
773.006
773.006
773.006
773.006
773.006
773.006
773.006
773.006
773.006
773.006
773.006
773.006
773.006
773.006
773.005
773.005
773.005
773.005
773.006
773.006
773.006
773.006
773.007
773.01
773.013
773.098
773.099
773.067
773.063
773.064
773.061
773.038
772.92
772.635
772.429
772.353
772.357
772.461
772.764
773.008
773.128
773.163
773.16
773.12
773.059
773.023
773.007
773.001
773
773.001
773.003
773.005
773.006
773.006
773.007
773.007
773.007
773.007
773.007
773.007
773.007
773.006
773.006
773.006
773.006
773.006
773.006
773.006
773.006
773.006
773.006
773.006
773.006
773.006
773.006
773.006
773.007
773.007
773.007
773.007
773.007
773.007
773.007
773.007
773.007
773.007
773.007
773.007
773.007
773.006
773.006
773.006
773.006
773.006
773.006
773.006
773.006
773.006
773.006
773.006
773.006
773.006
773.006
773.006
773.006
773.006
773.006
773.006
773.006
773.006
773.006
773.006
773.006
773.006
773.005
773.005
773.005
773.005
773.006
773.006
773.006
773.006
773.008
773.014
773.025
773.154
773.051
773.011
773.006
772.999
772.971
772.851
772.519
772.206
772.047
772.013
772.049
772.302
772.902
773.349
773.56
773.606
773.576
773.414
773.212
773.091
773.03
773.005
772.998
772.997
772.998
773.002
773.004
773.005
773.006
773.007
773.007
773.007
773.007
773.007
773.007
773.006
773.006
773.006
773.006
773.006
773.006
773.006
773.006
773.006
773.006
773.006
773.006
773.006
773.006
773.006
773.007
773.007
773.007
773.007
773.007
773.007
773.007
773.007
773.007
773.007
773.007
773.007
773.007
773.006
773.006
773.006
773.006
773.006
773.006
773.006
773.006
773.006
773.006
773.006
773.006
773.006
773.006
773.006
773.006
773.006
773.006
773.006
773.006
773.006
773.006
773.006
773.006
773.006
773.005
773.005
773.005
773.005
773.006
773.006
773.006
773.006
773.008
773.016
773.028
773.207
773.063
773.016
772.95
772.889
772.854
772.844
772.859
772.992
773.334
773.6
773.75
773.815
773.829
773.825
773.802
773.722
773.498
773.269
773.12
773.039
773.004
772.992
772.991
772.992
772.997
773.001
773.004
773.005
773.006
773.006
773.007
773.007
773.007
773.007
773.007
773.006
773.006
773.006
773.006
773.006
773.006
773.006
773.006
773.006
773.006
773.006
773.006
773.006
773.006
773.006
773.007
773.007
773.007
773.007
773.007
773.007
773.007
773.007
773.007
773.007
773.007
773.007
773.007
773.006
773.006
773.006
773.006
773.006
773.006
773.006
773.006
773.006
773.006
773.006
773.006
773.006
773.006
773.006
773.006
773.006
773.006
773.006
773.006
773.006
773.006
773.006
773.006
773.006
773.005
773.005
773.005
773.005
773.006
773.006
773.006
773.006
773.008
773.016
773.028
773.213
773.063
773.033
773.039
773.062
773.172
773.794
776.491
780.456
782.436
782.745
781.983
778.484
774.343
771.913
770.848
770.61
770.727
771.352
772.089
772.534
772.775
772.896
772.954
772.981
772.994
773.001
773.004
773.006
773.007
773.007
773.008
773.008
773.008
773.008
773.007
773.007
773.007
773.007
773.007
773.007
773.007
773.007
773.007
773.007
773.007
773.007
773.007
773.007
773.007
773.007
773.007
773.007
773.007
773.007
773.007
773.008
773.008
773.008
773.008
773.008
773.008
773.007
773.007
773.007
773.007
773.007
773.007
773.007
773.007
773.007
773.007
773.007
773.007
773.007
773.007
773.007
773.007
773.007
773.007
773.007
773.007
773.007
773.006
773.006
773.006
773.006
773.006
773.006
773.006
773.006
773.006
773.006
773.006
773.007
773.007
773.007
773.009
773.016
773.03
773.186
772.562
772.491
772.415
772.38
772.359
772.351
772.358
772.366
772.381
772.404
772.426
772.463
772.493
772.539
772.578
772.625
772.675
772.736
772.812
772.897
772.606
772.561
772.513
772.478
772.455
772.433
772.419
772.404
772.396
772.388
772.387
772.389
772.398
772.411
772.429
772.452
772.479
772.522
772.578
772.652
772.709
772.665
772.62
772.594
772.58
772.571
772.568
772.568
772.575
772.586
772.604
772.625
772.651
772.682
772.712
772.753
772.782
772.839
772.884
772.938
772.863
772.852
772.848
772.85
772.85
772.845
772.84
772.83
772.82
772.804
772.789
772.768
772.751
772.731
772.716
772.701
772.698
772.703
772.721
772.737
772.979
772.969
772.955
772.942
772.933
772.928
772.928
772.93
772.934
772.942
772.954
772.968
772.984
773
773.019
773.037
773.058
773.072
773.09
773.095
773.08
773.096
773.111
773.122
773.129
773.134
773.135
773.132
773.129
773.123
773.114
773.103
773.091
773.077
773.063
773.047
773.032
773.017
773.005
772.995
773.134
773.146
773.154
773.155
773.157
773.159
773.161
773.163
773.166
773.169
773.172
773.176
773.179
773.182
773.184
773.186
773.179
773.172
773.151
773.128
773.183
773.207
773.226
773.232
773.235
773.237
773.239
773.241
773.241
773.239
773.239
773.235
773.233
773.227
773.221
773.213
773.199
773.187
773.159
773.122
773.185
773.208
773.224
773.228
773.231
773.232
773.233
773.233
773.233
773.231
773.231
773.227
773.225
773.223
773.215
773.215
773.201
773.192
773.178
773.123
773.184
773.221
773.249
773.257
773.263
773.267
773.269
773.271
773.272
773.272
773.273
773.271
773.271
773.267
773.266
773.262
773.251
773.243
773.216
773.17
773.157
773.204
773.214
773.211
773.167
772.966
772.848
772.878
773.234
774.329
775.191
775.535
775.571
775.418
774.802
774.113
773.644
773.348
773.173
773.074
773.021
772.992
772.978
772.97
772.966
772.966
772.966
772.968
772.971
772.974
772.979
772.983
772.989
772.995
773.002
773.009
773.016
773.024
773.032
773.04
773.048
773.056
773.063
773.07
773.076
773.081
773.085
773.087
773.088
773.088
773.086
773.083
773.078
773.072
773.064
773.056
773.047
773.037
773.027
773.016
773.005
772.994
772.983
772.972
772.962
772.952
772.943
772.934
772.926
772.918
772.912
772.906
772.901
772.896
772.894
772.891
772.889
772.888
772.888
772.889
772.891
772.894
772.897
772.901
772.905
772.91
772.915
772.921
772.927
772.933
772.939
772.945
772.951
772.956
772.962
772.967
772.972
772.976
772.98
772.984
772.987
772.99
772.993
772.995
772.997
772.999
773
773.002
773.003
773.004
773.004
773.005
773.005
773.006
773.006
773.006
773.006
773.006
773.006
773.006
773.006
773.006
773.006
773.006
773.006
773.006
773.006
773.005
773.005
773.005
773.005
773.005
773.005
773.005
773.005
773.005
773.005
773.005
773.004
773.004
773.004
773.004
773.004
773.004
773.005
773.005
773.005
773.005
773.005
773.005
773.005
773.005
773.004
773.004
773.003
773.003
773.002
773
772.999
772.997
772.994
772.991
772.988
772.984
772.98
772.975
772.97
772.965
772.959
772.954
772.948
772.942
772.937
772.932
772.927
772.923
772.919
772.916
772.914
772.912
772.912
772.912
772.913
772.915
772.918
772.922
772.926
772.93
772.936
772.941
772.947
772.953
772.958
772.964
772.97
772.976
772.982
772.996
773.013
773.181
772.91
772.965
772.993
773.015
773.024
773.024
773.024
773.032
773.11
773.353
773.504
773.531
773.511
773.403
773.232
773.12
773.056
773.021
773.001
772.988
772.979
772.973
772.968
772.965
772.964
772.964
772.965
772.967
772.97
772.973
772.978
772.983
772.988
772.994
773.001
773.008
773.015
773.023
773.031
773.039
773.047
773.055
773.062
773.069
773.075
773.08
773.084
773.086
773.087
773.087
773.085
773.082
773.077
773.071
773.064
773.055
773.046
773.036
773.026
773.015
773.004
772.993
772.982
772.971
772.961
772.951
772.942
772.933
772.925
772.917
772.911
772.905
772.9
772.896
772.893
772.89
772.888
772.887
772.887
772.888
772.89
772.893
772.896
772.9
772.904
772.909
772.914
772.92
772.926
772.932
772.938
772.944
772.95
772.955
772.961
772.966
772.971
772.975
772.979
772.983
772.986
772.989
772.992
772.994
772.996
772.998
772.999
773.001
773.002
773.003
773.003
773.004
773.004
773.005
773.005
773.005
773.005
773.005
773.005
773.005
773.005
773.005
773.005
773.005
773.005
773.005
773.005
773.004
773.004
773.004
773.004
773.004
773.004
773.004
773.004
773.004
773.004
773.004
773.004
773.003
773.003
773.003
773.003
773.004
773.004
773.004
773.004
773.004
773.004
773.004
773.004
773.004
773.003
773.003
773.002
773.002
773.001
772.999
772.998
772.996
772.993
772.99
772.987
772.983
772.979
772.974
772.969
772.964
772.958
772.953
772.947
772.941
772.936
772.931
772.926
772.922
772.918
772.915
772.913
772.911
772.911
772.911
772.912
772.914
772.917
772.921
772.925
772.93
772.935
772.94
772.946
772.952
772.958
772.964
772.969
772.975
772.981
772.996
773.011
773.208
773.112
773.149
773.162
773.163
773.162
773.166
773.209
773.274
773.284
773.27
773.175
772.974
772.847
772.798
772.792
772.809
772.867
772.916
772.945
772.96
772.966
772.967
772.967
772.965
772.964
772.964
772.965
772.967
772.97
772.973
772.978
772.983
772.988
772.994
773.001
773.008
773.015
773.023
773.031
773.039
773.047
773.055
773.062
773.069
773.075
773.08
773.084
773.086
773.087
773.087
773.085
773.082
773.077
773.071
773.064
773.055
773.046
773.036
773.026
773.015
773.004
772.993
772.982
772.971
772.961
772.951
772.942
772.933
772.925
772.917
772.911
772.905
772.9
772.896
772.893
772.89
772.888
772.887
772.887
772.888
772.89
772.893
772.896
772.9
772.904
772.909
772.914
772.92
772.926
772.932
772.938
772.944
772.95
772.955
772.961
772.966
772.971
772.975
772.979
772.983
772.986
772.989
772.992
772.994
772.996
772.998
772.999
773.001
773.002
773.003
773.003
773.004
773.004
773.005
773.005
773.005
773.005
773.005
773.005
773.005
773.005
773.005
773.005
773.005
773.005
773.005
773.005
773.004
773.004
773.004
773.004
773.004
773.004
773.004
773.004
773.004
773.004
773.004
773.004
773.003
773.003
773.003
773.003
773.004
773.004
773.004
773.004
773.004
773.004
773.004
773.004
773.004
773.003
773.003
773.002
773.002
773.001
772.999
772.998
772.996
772.993
772.99
772.987
772.983
772.979
772.974
772.969
772.964
772.958
772.953
772.947
772.941
772.936
772.931
772.926
772.922
772.918
772.915
772.913
772.911
772.911
772.911
772.912
772.914
772.917
772.921
772.925
772.93
772.935
772.94
772.946
772.952
772.958
772.964
772.969
772.975
772.981
772.996
773.011
773.202
772.821
772.849
772.855
772.86
772.863
772.871
772.897
772.94
772.964
772.967
772.95
772.862
772.756
772.714
772.712
772.739
772.818
772.884
772.924
772.946
772.956
772.96
772.961
772.962
772.962
772.963
772.964
772.967
772.97
772.973
772.978
772.982
772.988
772.994
773.001
773.008
773.015
773.023
773.031
773.039
773.047
773.055
773.062
773.069
773.075
773.08
773.084
773.086
773.087
773.087
773.085
773.082
773.077
773.071
773.064
773.055
773.046
773.036
773.026
773.015
773.004
772.993
772.982
772.971
772.961
772.951
772.942
772.933
772.925
772.917
772.911
772.905
772.9
772.896
772.893
772.89
772.888
772.887
772.887
772.888
772.89
772.893
772.896
772.9
772.904
772.909
772.914
772.92
772.926
772.932
772.938
772.944
772.95
772.955
772.961
772.966
772.971
772.975
772.979
772.983
772.986
772.989
772.992
772.994
772.996
772.998
772.999
773.001
773.002
773.003
773.003
773.004
773.004
773.005
773.005
773.005
773.005
773.005
773.005
773.005
773.005
773.005
773.005
773.005
773.005
773.005
773.005
773.004
773.004
773.004
773.004
773.004
773.004
773.004
773.004
773.004
773.004
773.004
773.004
773.003
773.003
773.003
773.003
773.004
773.004
773.004
773.004
773.004
773.004
773.004
773.004
773.004
773.003
773.003
773.002
773.002
773.001
772.999
772.998
772.996
772.993
772.99
772.987
772.983
772.979
772.974
772.969
772.964
772.958
772.953
772.947
772.941
772.936
772.931
772.926
772.922
772.918
772.915
772.913
772.911
772.911
772.911
772.912
772.914
772.917
772.921
772.925
772.93
772.935
772.94
772.946
772.952
772.958
772.964
772.969
772.975
772.981
772.994
773.008
773.148
773.114
773.125
773.133
773.133
773.132
773.128
773.121
773.106
773.063
772.977
772.895
772.841
772.82
772.818
772.827
772.863
772.902
772.929
772.945
772.954
772.958
772.96
772.96
772.961
772.961
772.962
772.964
772.967
772.97
772.973
772.978
772.982
772.988
772.994
773.001
773.008
773.015
773.023
773.031
773.039
773.047
773.055
773.062
773.069
773.075
773.08
773.084
773.086
773.087
773.087
773.085
773.082
773.077
773.071
773.064
773.055
773.046
773.036
773.026
773.015
773.004
772.993
772.982
772.971
772.961
772.951
772.942
772.933
772.925
772.917
772.911
772.905
772.9
772.896
772.893
772.89
772.888
772.887
772.887
772.888
772.89
772.893
772.896
772.9
772.904
772.909
772.914
772.92
772.926
772.932
772.938
772.944
772.95
772.955
772.961
772.966
772.971
772.975
772.979
772.983
772.986
772.989
772.992
772.994
772.996
772.998
772.999
773.001
773.002
773.003
773.003
773.004
773.004
773.005
773.005
773.005
773.005
773.005
773.005
773.005
773.005
773.005
773.005
773.005
773.005
773.005
773.005
773.004
773.004
773.004
773.004
773.004
773.004
773.004
773.004
773.004
773.004
773.004
773.004
773.003
773.003
773.003
773.003
773.004
773.004
773.004
773.004
773.004
773.004
773.004
773.004
773.004
773.003
773.003
773.002
773.002
773.001
772.999
772.998
772.996
772.993
772.99
772.987
772.983
772.979
772.974
772.969
772.964
772.958
772.953
772.947
772.941
772.936
772.931
772.926
772.922
772.918
772.915
772.913
772.911
772.911
772.911
772.912
772.914
772.917
772.921
772.925
772.93
772.935
772.94
772.946
772.952
772.958
772.963
772.969
772.975
772.98
772.99
772.997
773.091
772.969
772.959
772.95
772.948
772.951
772.955
772.954
772.927
772.832
772.748
772.717
772.718
772.759
772.846
772.904
772.931
772.94
772.942
772.942
772.943
772.946
772.949
772.952
772.955
772.957
772.96
772.963
772.966
772.969
772.973
772.977
772.982
772.988
772.994
773.001
773.008
773.015
773.023
773.031
773.039
773.047
773.055
773.062
773.069
773.075
773.08
773.084
773.086
773.087
773.087
773.085
773.082
773.077
773.071
773.064
773.055
773.046
773.036
773.026
773.015
773.004
772.993
772.982
772.971
772.961
772.951
772.942
772.933
772.925
772.917
772.911
772.905
772.9
772.896
772.893
772.89
772.888
772.887
772.887
772.888
772.89
772.893
772.896
772.9
772.904
772.909
772.914
772.92
772.926
772.932
772.938
772.944
772.95
772.955
772.961
772.966
772.971
772.975
772.979
772.983
772.986
772.989
772.992
772.994
772.996
772.998
772.999
773.001
773.002
773.003
773.003
773.004
773.004
773.005
773.005
773.005
773.005
773.005
773.005
773.005
773.005
773.005
773.005
773.005
773.005
773.005
773.005
773.004
773.004
773.004
773.004
773.004
773.004
773.004
773.004
773.004
773.004
773.004
773.004
773.003
773.003
773.003
773.003
773.004
773.004
773.004
773.004
773.004
773.004
773.004
773.004
773.004
773.003
773.003
773.002
773.002
773.001
772.999
772.998
772.996
772.993
772.99
772.987
772.983
772.979
772.974
772.969
772.964
772.958
772.953
772.947
772.941
772.936
772.931
772.926
772.922
772.918
772.915
772.913
772.911
772.911
772.911
772.912
772.914
772.917
772.921
772.925
772.93
772.935
772.94
772.946
772.952
772.958
772.963
772.969
772.975
772.98
772.983
772.981
772.964
773.054
773.022
773.018
773.018
773.012
772.974
772.803
772.516
772.349
772.305
772.331
772.51
772.824
773.015
773.093
773.107
773.09
773.031
772.982
772.958
772.949
772.947
772.949
772.952
772.955
772.959
772.962
772.965
772.969
772.973
772.977
772.982
772.988
772.994
773.001
773.008
773.015
773.023
773.031
773.039
773.047
773.055
773.062
773.069
773.075
773.08
773.084
773.086
773.087
773.087
773.085
773.082
773.077
773.071
773.064
773.055
773.046
773.036
773.026
773.015
773.004
772.993
772.982
772.971
772.961
772.951
772.942
772.933
772.925
772.917
772.911
772.905
772.9
772.896
772.893
772.89
772.888
772.887
772.887
772.888
772.89
772.893
772.896
772.9
772.904
772.909
772.914
772.92
772.926
772.932
772.938
772.944
772.95
772.955
772.961
772.966
772.971
772.975
772.979
772.983
772.986
772.989
772.992
772.994
772.996
772.998
772.999
773.001
773.002
773.003
773.003
773.004
773.004
773.005
773.005
773.005
773.005
773.005
773.005
773.005
773.005
773.005
773.005
773.005
773.005
773.005
773.005
773.004
773.004
773.004
773.004
773.004
773.004
773.004
773.004
773.004
773.004
773.004
773.004
773.003
773.003
773.003
773.003
773.004
773.004
773.004
773.004
773.004
773.004
773.004
773.004
773.004
773.003
773.003
773.002
773.002
773.001
772.999
772.998
772.996
772.993
772.99
772.987
772.983
772.979
772.974
772.969
772.964
772.958
772.953
772.947
772.941
772.936
772.931
772.926
772.922
772.918
772.915
772.913
772.911
772.911
772.911
772.912
772.914
772.917
772.921
772.925
772.93
772.935
772.94
772.946
772.952
772.958
772.963
772.969
772.975
772.978
772.976
772.968
772.8
773.007
772.968
772.963
772.953
772.913
772.749
772.379
772.102
771.985
771.975
772.059
772.474
773.07
773.421
773.548
773.552
773.468
773.25
773.089
773.001
772.961
772.947
772.945
772.947
772.952
772.957
772.961
772.965
772.969
772.973
772.977
772.982
772.988
772.994
773.001
773.008
773.015
773.023
773.031
773.039
773.047
773.055
773.062
773.069
773.075
773.08
773.084
773.086
773.087
773.087
773.085
773.082
773.077
773.071
773.064
773.055
773.046
773.036
773.026
773.015
773.004
772.993
772.982
772.971
772.961
772.951
772.942
772.933
772.925
772.917
772.911
772.905
772.9
772.896
772.893
772.89
772.888
772.887
772.887
772.888
772.89
772.893
772.896
772.9
772.904
772.909
772.914
772.92
772.926
772.932
772.938
772.944
772.95
772.955
772.961
772.966
772.971
772.975
772.979
772.983
772.986
772.989
772.992
772.994
772.996
772.998
772.999
773.001
773.002
773.003
773.003
773.004
773.004
773.005
773.005
773.005
773.005
773.005
773.005
773.005
773.005
773.005
773.005
773.005
773.005
773.005
773.005
773.004
773.004
773.004
773.004
773.004
773.004
773.004
773.004
773.004
773.004
773.004
773.004
773.003
773.003
773.003
773.003
773.004
773.004
773.004
773.004
773.004
773.004
773.004
773.004
773.004
773.003
773.003
773.002
773.002
773.001
772.999
772.998
772.996
772.993
772.99
772.987
772.983
772.979
772.974
772.969
772.964
772.958
772.953
772.947
772.941
772.936
772.931
772.926
772.922
772.918
772.915
772.913
772.911
772.911
772.911
772.912
772.914
772.917
772.921
772.925
772.93
772.935
772.94
772.946
772.952
772.958
772.963
772.969
772.974
772.978
772.967
772.975
772.553
773.021
772.969
772.901
772.839
772.804
772.796
772.822
773.002
773.346
773.578
773.701
773.745
773.749
773.737
773.687
773.516
773.272
773.099
773
772.954
772.939
772.937
772.939
772.945
772.951
772.956
772.96
772.964
772.968
772.973
772.977
772.982
772.988
772.994
773.001
773.008
773.015
773.023
773.031
773.039
773.047
773.055
773.062
773.069
773.075
773.08
773.084
773.086
773.087
773.087
773.085
773.082
773.077
773.071
773.064
773.055
773.046
773.036
773.026
773.015
773.004
772.993
772.982
772.971
772.961
772.951
772.942
772.933
772.925
772.917
772.911
772.905
772.9
772.896
772.893
772.89
772.888
772.887
772.887
772.888
772.89
772.893
772.896
772.9
772.904
772.909
772.914
772.92
772.926
772.932
772.938
772.944
772.95
772.955
772.961
772.966
772.971
772.975
772.979
772.983
772.986
772.989
772.992
772.994
772.996
772.998
772.999
773.001
773.002
773.003
773.003
773.004
773.004
773.005
773.005
773.005
773.005
773.005
773.005
773.005
773.005
773.005
773.005
773.005
773.005
773.005
773.005
773.004
773.004
773.004
773.004
773.004
773.004
773.004
773.004
773.004
773.004
773.004
773.004
773.003
773.003
773.003
773.003
773.004
773.004
773.004
773.004
773.004
773.004
773.004
773.004
773.004
773.003
773.003
773.002
773.002
773.001
772.999
772.998
772.996
772.993
772.99
772.987
772.983
772.979
772.974
772.969
772.964
772.958
772.953
772.947
772.941
772.936
772.931
772.926
772.922
772.918
772.915
772.913
772.911
772.911
772.911
772.912
772.914
772.917
772.921
772.925
772.93
772.935
772.94
772.946
772.952
772.958
772.963
772.969
772.974
772.979
772.965
772.985
772.423
773.02
772.988
772.993
773.019
773.176
774.088
777.467
781.02
782.422
782.423
780.992
776.696
773.185
771.353
770.707
770.663
770.972
771.757
772.322
772.641
772.804
772.883
772.921
772.939
772.95
772.956
772.961
772.965
772.969
772.974
772.978
772.983
772.989
772.995
773.002
773.009
773.016
773.024
773.032
773.04
773.048
773.056
773.063
773.07
773.076
773.081
773.085
773.087
773.088
773.088
773.086
773.083
773.078
773.072
773.064
773.056
773.047
773.037
773.027
773.016
773.005
772.994
772.983
772.972
772.962
772.952
772.943
772.934
772.926
772.918
772.912
772.906
772.901
772.896
772.894
772.891
772.889
772.888
772.888
772.889
772.891
772.894
772.897
772.901
772.905
772.91
772.915
772.921
772.927
772.933
772.939
772.945
772.951
772.956
772.962
772.967
772.972
772.976
772.98
772.984
772.987
772.99
772.993
772.995
772.997
772.999
773
773.002
773.003
773.004
773.004
773.005
773.005
773.006
773.006
773.006
773.006
773.006
773.006
773.006
773.006
773.006
773.006
773.006
773.006
773.006
773.006
773.005
773.005
773.005
773.005
773.005
773.005
773.005
773.005
773.005
773.005
773.005
773.004
773.004
773.004
773.004
773.004
773.004
773.005
773.005
773.005
773.005
773.005
773.005
773.005
773.005
773.004
773.004
773.003
773.003
773.002
773
772.999
772.997
772.994
772.991
772.988
772.984
772.98
772.975
772.97
772.965
772.959
772.954
772.948
772.942
772.937
772.932
772.927
772.923
772.919
772.916
772.914
772.912
772.912
772.912
772.913
772.915
772.918
772.922
772.926
772.93
772.936
772.941
772.947
772.953
772.958
772.964
772.97
772.975
772.98
772.965
772.996
772.329
773.179
773.216
773.243
773.252
773.259
773.263
773.267
773.269
773.272
773.273
773.275
773.275
773.276
773.272
773.272
773.266
773.257
773.247
773.223
773.177
773.18
773.202
773.219
773.224
773.227
773.229
773.23
773.231
773.232
773.231
773.232
773.23
773.23
773.229
773.221
773.221
773.207
773.198
773.184
773.131
773.178
773.202
773.221
773.227
773.231
773.235
773.237
773.239
773.24
773.24
773.24
773.238
773.237
773.233
773.229
773.218
773.209
773.189
773.17
773.129
773.129
773.141
773.148
773.151
773.153
773.156
773.159
773.162
773.165
773.169
773.173
773.178
773.183
773.187
773.191
773.19
773.189
773.181
773.163
773.141
773.074
773.091
773.107
773.118
773.127
773.132
773.135
773.131
773.129
773.124
773.116
773.106
773.095
773.082
773.068
773.054
773.039
773.026
773.015
773.006
772.973
772.964
772.951
772.939
772.931
772.927
772.927
772.93
772.935
772.943
772.955
772.97
772.987
773.004
773.024
773.043
773.064
773.08
773.099
773.106
772.857
772.846
772.844
772.847
772.847
772.842
772.839
772.829
772.82
772.804
772.789
772.77
772.753
772.733
772.718
772.704
772.7
772.704
772.72
772.735
772.701
772.657
772.613
772.588
772.575
772.567
772.565
772.566
772.573
772.585
772.603
772.624
772.65
772.68
772.711
772.751
772.78
772.837
772.879
772.933
772.597
772.551
772.505
772.471
772.449
772.428
772.414
772.4
772.393
772.385
772.386
772.388
772.395
772.409
772.427
772.449
772.474
772.516
772.567
772.638
772.551
772.481
772.405
772.372
772.352
772.345
772.353
772.362
772.376
772.4
772.425
772.459
772.492
772.535
772.577
772.62
772.672
772.729
772.804
772.883
773.011
772.998
773.037
773.463
775.867
779.632
781.039
780.883
778.643
774.456
772.16
771.389
771.352
771.705
772.319
772.668
772.838
772.915
772.948
772.963
772.97
772.974
772.975
772.976
772.977
772.977
772.977
772.977
772.977
772.977
772.977
772.977
772.977
772.977
772.977
772.977
772.977
772.977
772.977
772.977
772.977
772.977
772.977
772.977
772.977
772.977
772.977
772.977
772.977
772.977
772.977
772.977
772.977
772.977
772.977
772.977
772.977
772.977
772.977
772.977
772.977
772.977
772.977
772.977
772.977
772.977
772.977
772.977
772.977
772.977
772.977
772.977
772.977
772.977
772.977
772.977
772.977
772.977
772.977
772.977
772.977
772.977
772.977
772.977
772.977
772.977
772.977
772.977
772.977
772.977
772.976
772.976
772.976
772.976
772.976
772.976
772.976
772.975
772.975
772.975
772.975
772.975
772.975
772.975
772.974
772.974
772.974
772.974
772.974
772.974
772.975
772.975
772.975
772.975
772.976
772.976
772.976
772.976
772.976
772.976
772.976
772.975
772.974
772.972
772.97
772.966
772.962
772.957
772.952
772.946
772.939
772.931
772.924
772.916
772.909
772.902
772.895
772.89
772.886
772.883
772.882
772.882
772.883
772.886
772.89
772.895
772.901
772.908
772.915
772.922
772.93
772.937
772.945
772.952
772.958
772.964
772.97
772.974
772.979
772.983
772.986
772.989
772.991
772.993
772.995
772.996
772.997
772.998
772.999
772.999
773
773
773
773
773.001
773.001
773.001
773.001
773.001
773.001
773.001
773.001
773.001
773.001
773.001
773.001
773.001
773.001
773.001
773.001
773.001
773.001
773.001
773.001
773.001
773.001
773.001
773.001
773.001
773.001
773.001
773.001
773.001
773.001
773.001
773.001
773.001
773.001
773.001
773.001
773.001
773.001
773.001
773.001
773.001
773.001
773.001
773.001
773.001
773.001
773.001
773.001
773.001
773.001
773.001
773.001
773.001
773.001
773.001
773.001
773.001
773.001
773.001
773.001
773.001
773.001
773.001
773.001
773.001
773.001
773.001
773.001
773.001
773.001
773.001
773.001
773.001
773.001
773.001
773.001
773.001
773.001
773.001
773.001
773.001
773.001
773.001
773.001
773.001
773.001
773.001
773.001
773.001
773.001
773.001
773.001
773.001
773.001
773.001
773.001
773.001
773.001
773.001
773.001
773.001
773.001
773.001
773.001
773.001
773.001
773.001
773.001
773.001
773.001
773.001
773.001
773.001
773.001
773.001
773.001
773.001
773.001
773.001
773.001
773.001
773.001
773.001
773.001
773.001
773.001
773.001
773.001
773.001
773.001
773.001
773.001
773.001
773.001
773.001
773.001
773.001
773.001
773.001
773.001
773.001
773.001
773.001
773.001
773.001
773.001
773.001
773.001
773.001
773.001
773.001
773.001
773.001
773.001
773.001
773.001
773.001
773.001
773.001
773.001
773.001
773.001
773.001
773.001
773.001
773.001
773.001
773.001
773.001
773.001
773.001
773.001
773.001
773.001
773.001
773.001
773.001
773.001
773.001
773.001
773.001
773.001
773.001
773.001
773.001
773.001
773.001
773.001
773.001
773.001
773.001
773.001
773.001
773.001
773.001
773.001
773.001
773.001
773.001
773.001
773.001
773.001
773.001
773.001
773.001
773.001
773.001
773.001
773.001
773.001
773.001
773.001
773.001
773.001
773.001
773.001
773.001
773.001
773.001
773.001
773.001
773.001
773.001
773.001
773.001
773.001
773.001
773.001
773.001
773.001
773.001
773.001
773.001
773.001
773.001
773.001
773.001
773.001
773.001
773.001
773.001
773.001
773.001
773.001
773.001
773.001
773.001
773.001
773.001
773.001
773.001
773.001
773.001
773.001
773.001
773.001
773.001
773.001
773.001
773.001
773.001
773.001
773.001
773.001
773.001
773.001
773.001
773.001
773.001
773.001
773.001
773.001
773.001
773.001
773.001
773.001
773.001
773.001
773.001
773.001
773.001
773.001
773.001
773.001
773.001
773.001
773.001
773.001
773.001
773.001
773.001
773.001
773.001
773.001
773.001
773.001
773.001
773.001
773.001
773.002
773.002
773.002
773.002
773.003
773.003
773.004
773.004
773.005
773.006
773.007
773.008
773.009
773.011
773.012
773.014
773.016
773.018
773.021
773.023
773.026
773.029
773.032
773.036
773.039
773.043
773.047
773.052
773.056
773.061
773.066
773.071
773.077
773.082
773.088
773.094
773.101
773.107
773.114
773.121
773.129
773.136
773.144
773.152
773.16
773.169
773.178
773.187
773.196
773.205
773.215
773.225
773.235
773.245
773.256
773.267
773.278
773.289
773.301
773.313
773.325
773.337
773.349
773.362
773.375
773.388
773.402
773.416
773.43
773.444
773.458
773.473
773.488
773.503
773.518
773.534
773.55
773.566
773.582
773.599
773.616
773.633
773.65
773.668
773.685
773.703
773.722
773.74
773.759
773.778
773.797
773.816
773.836
773.856
773.876
773.896
773.917
773.938
773.959
773.98
774.001
774.023
774.045
774.067
774.09
774.112
774.135
774.158
774.181
774.205
774.229
774.253
774.277
774.301
774.326
774.351
774.376
774.401
774.427
774.452
774.479
774.504
774.531
774.557
774.585
774.61
774.64
773.02
772.945
772.859
772.818
772.825
772.949
773.311
773.589
773.712
773.733
773.699
773.528
773.271
773.102
773.012
772.973
772.961
772.959
772.961
772.967
772.971
772.973
772.975
772.975
772.976
772.976
772.976
772.976
772.976
772.976
772.976
772.976
772.976
772.976
772.976
772.976
772.976
772.976
772.976
772.976
772.976
772.976
772.976
772.976
772.976
772.976
772.976
772.976
772.976
772.976
772.976
772.976
772.976
772.976
772.976
772.976
772.976
772.976
772.976
772.976
772.976
772.976
772.976
772.976
772.976
772.976
772.976
772.976
772.976
772.976
772.976
772.976
772.976
772.976
772.976
772.976
772.976
772.976
772.976
772.976
772.976
772.976
772.976
772.976
772.976
772.976
772.976
772.976
772.976
772.976
772.976
772.975
772.975
772.975
772.975
772.975
772.975
772.974
772.974
772.974
772.974
772.974
772.974
772.974
772.973
772.973
772.973
772.973
772.973
772.973
772.974
772.974
772.974
772.974
772.975
772.975
772.975
772.975
772.976
772.975
772.975
772.974
772.973
772.971
772.969
772.965
772.961
772.956
772.951
772.945
772.938
772.93
772.923
772.915
772.908
772.901
772.895
772.889
772.885
772.882
772.881
772.881
772.882
772.885
772.889
772.894
772.9
772.907
772.914
772.921
772.929
772.937
772.944
772.951
772.957
772.963
772.969
772.974
772.978
772.982
772.985
772.988
772.99
772.992
772.994
772.995
772.996
772.997
772.998
772.998
772.999
772.999
772.999
772.999
773
773
773
773
773
773
773
773
773
773
773
773
773
773
773
773
773
773
773
773
773
773
773
773
773
773
773
773
773
773
773
773
773
773
773
773
773
773
773
773
773
773
773
773
773
773
773
773
773
773
773
773
773
773
773
773
773
773
773
773
773
773
773
773
773
773
773
773
773
773
773
773
773
773
773
773
773
773
773
773
773
773
773
773
773
773
773
773
773
773
773
773
773
773
773
773
773
773
773
773
773
773
773
773
773
773
773
773
773
773
773
773
773
773
773
773
773
773
773
773
773
773
773
773
773
773
773
773
773
773
773
773
773
773
773
773
773
773
773
773
773
773
773
773
773
773
773
773
773
773
773
773
773
773
773
773
773
773
773
773
773
773
773
773
773
773
773
773
773
773
773
773
773
773
773
773
773
773
773
773
773
773
773
773
773
773
773
773
773
773
773
773
773
773
773
773
773
773
773
773
773
773
773
773
773
773
773
773
773
773
773
773
773
773
773
773
773
773
773
773
773
773
773
773
773
773
773
773
773
773
773
773
773
773
773
773
773
773
773
773
773
773
773
773
773
773
773
773
773
773
773
773
773
773
773
773
773
773
773
773
773
773
773
773
773
773
773
773
773
773
773
773
773
773
773
773
773
773
773
773
773
773
773
773
773
773
773
773
773
773
773
773
773
773
773
773
773
773
773.001
773.001
773.001
773.001
773.001
773.002
773.002
773.003
773.003
773.004
773.005
773.006
773.007
773.008
773.01
773.011
773.013
773.015
773.017
773.02
773.022
773.025
773.028
773.031
773.035
773.038
773.042
773.046
773.051
773.055
773.06
773.065
773.07
773.076
773.081
773.087
773.093
773.1
773.106
773.113
773.12
773.128
773.135
773.143
773.151
773.159
773.168
773.177
773.186
773.195
773.204
773.214
773.224
773.234
773.244
773.255
773.266
773.277
773.288
773.3
773.312
773.324
773.336
773.349
773.361
773.374
773.388
773.401
773.415
773.429
773.443
773.457
773.472
773.487
773.502
773.517
773.533
773.549
773.565
773.581
773.598
773.615
773.632
773.649
773.667
773.684
773.702
773.721
773.739
773.758
773.777
773.796
773.815
773.835
773.855
773.875
773.895
773.916
773.937
773.958
773.979
774
774.022
774.044
774.066
774.089
774.111
774.134
774.157
774.18
774.204
774.228
774.252
774.276
774.3
774.325
774.35
774.375
774.4
774.426
774.451
774.478
774.503
774.53
774.556
774.584
774.609
774.639
773.004
772.999
772.985
772.883
772.534
772.229
772.131
772.152
772.398
772.995
773.355
773.457
773.442
773.308
773.126
773.028
772.985
772.97
772.967
772.968
772.971
772.973
772.975
772.975
772.976
772.976
772.976
772.976
772.976
772.976
772.976
772.976
772.976
772.976
772.976
772.976
772.976
772.976
772.976
772.976
772.976
772.976
772.976
772.976
772.976
772.976
772.976
772.976
772.976
772.976
772.976
772.976
772.976
772.976
772.976
772.976
772.976
772.976
772.976
772.976
772.976
772.976
772.976
772.976
772.976
772.976
772.976
772.976
772.976
772.976
772.976
772.976
772.976
772.976
772.976
772.976
772.976
772.976
772.976
772.976
772.976
772.976
772.976
772.976
772.976
772.976
772.976
772.976
772.976
772.976
772.976
772.975
772.975
772.975
772.975
772.975
772.975
772.974
772.974
772.974
772.974
772.974
772.974
772.974
772.973
772.973
772.973
772.973
772.973
772.973
772.974
772.974
772.974
772.974
772.975
772.975
772.975
772.975
772.976
772.975
772.975
772.974
772.973
772.971
772.969
772.965
772.961
772.956
772.951
772.945
772.938
772.93
772.923
772.915
772.908
772.901
772.895
772.889
772.885
772.882
772.881
772.881
772.882
772.885
772.889
772.894
772.9
772.907
772.914
772.921
772.929
772.937
772.944
772.951
772.957
772.963
772.969
772.974
772.978
772.982
772.985
772.988
772.99
772.992
772.994
772.995
772.996
772.997
772.998
772.998
772.999
772.999
772.999
772.999
773
773
773
773
773
773
773
773
773
773
773
773
773
773
773
773
773
773
773
773
773
773
773
773
773
773
773
773
773
773
773
773
773
773
773
773
773
773
773
773
773
773
773
773
773
773
773
773
773
773
773
773
773
773
773
773
773
773
773
773
773
773
773
773
773
773
773
773
773
773
773
773
773
773
773
773
773
773
773
773
773
773
773
773
773
773
773
773
773
773
773
773
773
773
773
773
773
773
773
773
773
773
773
773
773
773
773
773
773
773
773
773
773
773
773
773
773
773
773
773
773
773
773
773
773
773
773
773
773
773
773
773
773
773
773
773
773
773
773
773
773
773
773
773
773
773
773
773
773
773
773
773
773
773
773
773
773
773
773
773
773
773
773
773
773
773
773
773
773
773
773
773
773
773
773
773
773
773
773
773
773
773
773
773
773
773
773
773
773
773
773
773
773
773
773
773
773
773
773
773
773
773
773
773
773
773
773
773
773
773
773
773
773
773
773
773
773
773
773
773
773
773
773
773
773
773
773
773
773
773
773
773
773
773
773
773
773
773
773
773
773
773
773
773
773
773
773
773
773
773
773
773
773
773
773
773
773
773
773
773
773
773
773
773
773
773
773
773
773
773
773
773
773
773
773
773
773
773
773
773
773
773
773
773
773
773
773
773
773
773
773
773
773
773
773
773
773
773
773.001
773.001
773.001
773.001
773.001
773.002
773.002
773.003
773.003
773.004
773.005
773.006
773.007
773.008
773.01
773.011
773.013
773.015
773.017
773.02
773.022
773.025
773.028
773.031
773.035
773.038
773.042
773.046
773.051
773.055
773.06
773.065
773.07
773.076
773.081
773.087
773.093
773.1
773.106
773.113
773.12
773.128
773.135
773.143
773.151
773.159
773.168
773.177
773.186
773.195
773.204
773.214
773.224
773.234
773.244
773.255
773.266
773.277
773.288
773.3
773.312
773.324
773.336
773.349
773.361
773.374
773.388
773.401
773.415
773.429
773.443
773.457
773.472
773.487
773.502
773.517
773.533
773.549
773.565
773.581
773.598
773.615
773.632
773.649
773.667
773.684
773.702
773.721
773.739
773.758
773.777
773.796
773.815
773.835
773.855
773.875
773.895
773.916
773.937
773.958
773.979
774
774.022
774.044
774.066
774.089
774.111
774.134
774.157
774.18
774.204
774.228
774.252
774.276
774.3
774.325
774.35
774.375
774.4
774.426
774.451
774.478
774.503
774.53
774.556
774.584
774.609
774.639
773.05
773.044
773.045
773.024
772.887
772.6
772.453
772.435
772.51
772.783
772.996
773.074
773.082
773.059
773.01
772.983
772.972
772.97
772.97
772.972
772.974
772.975
772.976
772.976
772.976
772.976
772.976
772.976
772.976
772.976
772.976
772.976
772.976
772.976
772.976
772.976
772.976
772.976
772.976
772.976
772.976
772.976
772.976
772.976
772.976
772.976
772.976
772.976
772.976
772.976
772.976
772.976
772.976
772.976
772.976
772.976
772.976
772.976
772.976
772.976
772.976
772.976
772.976
772.976
772.976
772.976
772.976
772.976
772.976
772.976
772.976
772.976
772.976
772.976
772.976
772.976
772.976
772.976
772.976
772.976
772.976
772.976
772.976
772.976
772.976
772.976
772.976
772.976
772.976
772.976
772.976
772.975
772.975
772.975
772.975
772.975
772.975
772.974
772.974
772.974
772.974
772.974
772.974
772.974
772.973
772.973
772.973
772.973
772.973
772.973
772.974
772.974
772.974
772.974
772.975
772.975
772.975
772.975
772.976
772.975
772.975
772.974
772.973
772.971
772.969
772.965
772.961
772.956
772.951
772.945
772.938
772.93
772.923
772.915
772.908
772.901
772.895
772.889
772.885
772.882
772.881
772.881
772.882
772.885
772.889
772.894
772.9
772.907
772.914
772.921
772.929
772.937
772.944
772.951
772.957
772.963
772.969
772.974
772.978
772.982
772.985
772.988
772.99
772.992
772.994
772.995
772.996
772.997
772.998
772.998
772.999
772.999
772.999
772.999
773
773
773
773
773
773
773
773
773
773
773
773
773
773
773
773
773
773
773
773
773
773
773
773
773
773
773
773
773
773
773
773
773
773
773
773
773
773
773
773
773
773
773
773
773
773
773
773
773
773
773
773
773
773
773
773
773
773
773
773
773
773
773
773
773
773
773
773
773
773
773
773
773
773
773
773
773
773
773
773
773
773
773
773
773
773
773
773
773
773
773
773
773
773
773
773
773
773
773
773
773
773
773
773
773
773
773
773
773
773
773
773
773
773
773
773
773
773
773
773
773
773
773
773
773
773
773
773
773
773
773
773
773
773
773
773
773
773
773
773
773
773
773
773
773
773
773
773
773
773
773
773
773
773
773
773
773
773
773
773
773
773
773
773
773
773
773
773
773
773
773
773
773
773
773
773
773
773
773
773
773
773
773
773
773
773
773
773
773
773
773
773
773
773
773
773
773
773
773
773
773
773
773
773
773
773
773
773
773
773
773
773
773
773
773
773
773
773
773
773
773
773
773
773
773
773
773
773
773
773
773
773
773
773
773
773
773
773
773
773
773
773
773
773
773
773
773
773
773
773
773
773
773
773
773
773
773
773
773
773
773
773
773
773
773
773
773
773
773
773
773
773
773
773
773
773
773
773
773
773
773
773
773
773
773
773
773
773
773
773
773
773
773
773
773
773
773
773
773.001
773.001
773.001
773.001
773.001
773.002
773.002
773.003
773.003
773.004
773.005
773.006
773.007
773.008
773.01
773.011
773.013
773.015
773.017
773.02
773.022
773.025
773.028
773.031
773.035
773.038
773.042
773.046
773.051
773.055
773.06
773.065
773.07
773.076
773.081
773.087
773.093
773.1
773.106
773.113
773.12
773.128
773.135
773.143
773.151
773.159
773.168
773.177
773.186
773.195
773.204
773.214
773.224
773.234
773.244
773.255
773.266
773.277
773.288
773.3
773.312
773.324
773.336
773.349
773.361
773.374
773.388
773.401
773.415
773.429
773.443
773.457
773.472
773.487
773.502
773.517
773.533
773.549
773.565
773.581
773.598
773.615
773.632
773.649
773.667
773.684
773.702
773.721
773.739
773.758
773.777
773.796
773.815
773.835
773.855
773.875
773.895
773.916
773.937
773.958
773.979
774
774.022
774.044
774.066
774.089
774.111
774.134
774.157
774.18
774.204
774.228
774.252
774.276
774.3
774.325
774.35
774.375
774.4
774.426
774.451
774.478
774.503
774.53
774.556
774.584
774.609
774.639
772.975
772.968
772.968
772.971
772.973
772.95
772.858
772.787
772.772
772.792
772.866
772.924
772.95
772.959
772.963
772.966
772.968
772.971
772.973
772.974
772.975
772.976
772.976
772.976
772.976
772.976
772.976
772.976
772.976
772.976
772.976
772.976
772.976
772.976
772.976
772.976
772.976
772.976
772.976
772.976
772.976
772.976
772.976
772.976
772.976
772.976
772.976
772.976
772.976
772.976
772.976
772.976
772.976
772.976
772.976
772.976
772.976
772.976
772.976
772.976
772.976
772.976
772.976
772.976
772.976
772.976
772.976
772.976
772.976
772.976
772.976
772.976
772.976
772.976
772.976
772.976
772.976
772.976
772.976
772.976
772.976
772.976
772.976
772.976
772.976
772.976
772.976
772.976
772.976
772.976
772.976
772.975
772.975
772.975
772.975
772.975
772.975
772.974
772.974
772.974
772.974
772.974
772.974
772.974
772.973
772.973
772.973
772.973
772.973
772.973
772.974
772.974
772.974
772.974
772.975
772.975
772.975
772.975
772.976
772.975
772.975
772.974
772.973
772.971
772.969
772.965
772.961
772.956
772.951
772.945
772.938
772.93
772.923
772.915
772.908
772.901
772.895
772.889
772.885
772.882
772.881
772.881
772.882
772.885
772.889
772.894
772.9
772.907
772.914
772.921
772.929
772.937
772.944
772.951
772.957
772.963
772.969
772.974
772.978
772.982
772.985
772.988
772.99
772.992
772.994
772.995
772.996
772.997
772.998
772.998
772.999
772.999
772.999
772.999
773
773
773
773
773
773
773
773
773
773
773
773
773
773
773
773
773
773
773
773
773
773
773
773
773
773
773
773
773
773
773
773
773
773
773
773
773
773
773
773
773
773
773
773
773
773
773
773
773
773
773
773
773
773
773
773
773
773
773
773
773
773
773
773
773
773
773
773
773
773
773
773
773
773
773
773
773
773
773
773
773
773
773
773
773
773
773
773
773
773
773
773
773
773
773
773
773
773
773
773
773
773
773
773
773
773
773
773
773
773
773
773
773
773
773
773
773
773
773
773
773
773
773
773
773
773
773
773
773
773
773
773
773
773
773
773
773
773
773
773
773
773
773
773
773
773
773
773
773
773
773
773
773
773
773
773
773
773
773
773
773
773
773
773
773
773
773
773
773
773
773
773
773
773
773
773
773
773
773
773
773
773
773
773
773
773
773
773
773
773
773
773
773
773
773
773
773
773
773
773
773
773
773
773
773
773
773
773
773
773
773
773
773
773
773
773
773
773
773
773
773
773
773
773
773
773
773
773
773
773
773
773
773
773
773
773
773
773
773
773
773
773
773
773
773
773
773
773
773
773
773
773
773
773
773
773
773
773
773
773
773
773
773
773
773
773
773
773
773
773
773
773
773
773
773
773
773
773
773
773
773
773
773
773
773
773
773
773
773
773
773
773
773
773
773
773
773
773
773.001
773.001
773.001
773.001
773.001
773.002
773.002
773.003
773.003
773.004
773.005
773.006
773.007
773.008
773.01
773.011
773.013
773.015
773.017
773.02
773.022
773.025
773.028
773.031
773.035
773.038
773.042
773.046
773.051
773.055
773.06
773.065
773.07
773.076
773.081
773.087
773.093
773.1
773.106
773.113
773.12
773.128
773.135
773.143
773.151
773.159
773.168
773.177
773.186
773.195
773.204
773.214
773.224
773.234
773.244
773.255
773.266
773.277
773.288
773.3
773.312
773.324
773.336
773.349
773.361
773.374
773.388
773.401
773.415
773.429
773.443
773.457
773.472
773.487
773.502
773.517
773.533
773.549
773.565
773.581
773.598
773.615
773.632
773.649
773.667
773.684
773.702
773.721
773.739
773.758
773.777
773.796
773.815
773.835
773.855
773.875
773.895
773.916
773.937
773.958
773.979
774
774.022
774.044
774.066
774.089
774.111
774.134
774.157
774.18
774.204
774.228
774.252
774.276
774.3
774.325
774.35
774.375
774.4
774.426
774.451
774.478
774.503
774.53
774.556
774.584
774.609
774.639
773.132
773.145
773.148
773.148
773.146
773.136
773.088
772.977
772.895
772.858
772.853
772.861
772.897
772.938
772.962
772.974
772.979
772.98
772.98
772.979
772.978
772.977
772.977
772.977
772.976
772.976
772.976
772.976
772.976
772.976
772.976
772.976
772.976
772.976
772.976
772.976
772.976
772.976
772.976
772.976
772.976
772.976
772.976
772.976
772.976
772.976
772.976
772.976
772.976
772.976
772.976
772.976
772.976
772.976
772.976
772.976
772.976
772.976
772.976
772.976
772.976
772.976
772.976
772.976
772.976
772.976
772.976
772.976
772.976
772.976
772.976
772.976
772.976
772.976
772.976
772.976
772.976
772.976
772.976
772.976
772.976
772.976
772.976
772.976
772.976
772.976
772.976
772.976
772.976
772.976
772.976
772.975
772.975
772.975
772.975
772.975
772.975
772.974
772.974
772.974
772.974
772.974
772.974
772.974
772.973
772.973
772.973
772.973
772.973
772.973
772.974
772.974
772.974
772.974
772.975
772.975
772.975
772.975
772.976
772.975
772.975
772.974
772.973
772.971
772.969
772.965
772.961
772.956
772.951
772.945
772.938
772.93
772.923
772.915
772.908
772.901
772.895
772.889
772.885
772.882
772.881
772.881
772.882
772.885
772.889
772.894
772.9
772.907
772.914
772.921
772.929
772.937
772.944
772.951
772.957
772.963
772.969
772.974
772.978
772.982
772.985
772.988
772.99
772.992
772.994
772.995
772.996
772.997
772.998
772.998
772.999
772.999
772.999
772.999
773
773
773
773
773
773
773
773
773
773
773
773
773
773
773
773
773
773
773
773
773
773
773
773
773
773
773
773
773
773
773
773
773
773
773
773
773
773
773
773
773
773
773
773
773
773
773
773
773
773
773
773
773
773
773
773
773
773
773
773
773
773
773
773
773
773
773
773
773
773
773
773
773
773
773
773
773
773
773
773
773
773
773
773
773
773
773
773
773
773
773
773
773
773
773
773
773
773
773
773
773
773
773
773
773
773
773
773
773
773
773
773
773
773
773
773
773
773
773
773
773
773
773
773
773
773
773
773
773
773
773
773
773
773
773
773
773
773
773
773
773
773
773
773
773
773
773
773
773
773
773
773
773
773
773
773
773
773
773
773
773
773
773
773
773
773
773
773
773
773
773
773
773
773
773
773
773
773
773
773
773
773
773
773
773
773
773
773
773
773
773
773
773
773
773
773
773
773
773
773
773
773
773
773
773
773
773
773
773
773
773
773
773
773
773
773
773
773
773
773
773
773
773
773
773
773
773
773
773
773
773
773
773
773
773
773
773
773
773
773
773
773
773
773
773
773
773
773
773
773
773
773
773
773
773
773
773
773
773
773
773
773
773
773
773
773
773
773
773
773
773
773
773
773
773
773
773
773
773
773
773
773
773
773
773
773
773
773
773
773
773
773
773
773
773
773
773
773
773.001
773.001
773.001
773.001
773.001
773.002
773.002
773.003
773.003
773.004
773.005
773.006
773.007
773.008
773.01
773.011
773.013
773.015
773.017
773.02
773.022
773.025
773.028
773.031
773.035
773.038
773.042
773.046
773.051
773.055
773.06
773.065
773.07
773.076
773.081
773.087
773.093
773.1
773.106
773.113
773.12
773.128
773.135
773.143
773.151
773.159
773.168
773.177
773.186
773.195
773.204
773.214
773.224
773.234
773.244
773.255
773.266
773.277
773.288
773.3
773.312
773.324
773.336
773.349
773.361
773.374
773.388
773.401
773.415
773.429
773.443
773.457
773.472
773.487
773.502
773.517
773.533
773.549
773.565
773.581
773.598
773.615
773.632
773.649
773.667
773.684
773.702
773.721
773.739
773.758
773.777
773.796
773.815
773.835
773.855
773.875
773.895
773.916
773.937
773.958
773.979
774
774.022
774.044
774.066
774.089
774.111
774.134
774.157
774.18
774.204
774.228
774.252
774.276
774.3
774.325
774.35
774.375
774.4
774.426
774.451
774.478
774.503
774.53
774.556
774.584
774.609
774.639
772.841
772.862
772.866
772.876
772.909
772.953
772.969
772.963
772.904
772.794
772.75
772.75
772.786
772.871
772.93
772.961
772.975
772.979
772.98
772.98
772.979
772.978
772.977
772.977
772.977
772.976
772.976
772.976
772.976
772.976
772.976
772.976
772.976
772.976
772.976
772.976
772.976
772.976
772.976
772.976
772.976
772.976
772.976
772.976
772.976
772.976
772.976
772.976
772.976
772.976
772.976
772.976
772.976
772.976
772.976
772.976
772.976
772.976
772.976
772.976
772.976
772.976
772.976
772.976
772.976
772.976
772.976
772.976
772.976
772.976
772.976
772.976
772.976
772.976
772.976
772.976
772.976
772.976
772.976
772.976
772.976
772.976
772.976
772.976
772.976
772.976
772.976
772.976
772.976
772.976
772.976
772.975
772.975
772.975
772.975
772.975
772.975
772.974
772.974
772.974
772.974
772.974
772.974
772.974
772.973
772.973
772.973
772.973
772.973
772.973
772.974
772.974
772.974
772.974
772.975
772.975
772.975
772.975
772.976
772.975
772.975
772.974
772.973
772.971
772.969
772.965
772.961
772.956
772.951
772.945
772.938
772.93
772.923
772.915
772.908
772.901
772.895
772.889
772.885
772.882
772.881
772.881
772.882
772.885
772.889
772.894
772.9
772.907
772.914
772.921
772.929
772.937
772.944
772.951
772.957
772.963
772.969
772.974
772.978
772.982
772.985
772.988
772.99
772.992
772.994
772.995
772.996
772.997
772.998
772.998
772.999
772.999
772.999
772.999
773
773
773
773
773
773
773
773
773
773
773
773
773
773
773
773
773
773
773
773
773
773
773
773
773
773
773
773
773
773
773
773
773
773
773
773
773
773
773
773
773
773
773
773
773
773
773
773
773
773
773
773
773
773
773
773
773
773
773
773
773
773
773
773
773
773
773
773
773
773
773
773
773
773
773
773
773
773
773
773
773
773
773
773
773
773
773
773
773
773
773
773
773
773
773
773
773
773
773
773
773
773
773
773
773
773
773
773
773
773
773
773
773
773
773
773
773
773
773
773
773
773
773
773
773
773
773
773
773
773
773
773
773
773
773
773
773
773
773
773
773
773
773
773
773
773
773
773
773
773
773
773
773
773
773
773
773
773
773
773
773
773
773
773
773
773
773
773
773
773
773
773
773
773
773
773
773
773
773
773
773
773
773
773
773
773
773
773
773
773
773
773
773
773
773
773
773
773
773
773
773
773
773
773
773
773
773
773
773
773
773
773
773
773
773
773
773
773
773
773
773
773
773
773
773
773
773
773
773
773
773
773
773
773
773
773
773
773
773
773
773
773
773
773
773
773
773
773
773
773
773
773
773
773
773
773
773
773
773
773
773
773
773
773
773
773
773
773
773
773
773
773
773
773
773
773
773
773
773
773
773
773
773
773
773
773
773
773
773
773
773
773
773
773
773
773
773
773
773.001
773.001
773.001
773.001
773.001
773.002
773.002
773.003
773.003
773.004
773.005
773.006
773.007
773.008
773.01
773.011
773.013
773.015
773.017
773.02
773.022
773.025
773.028
773.031
773.035
773.038
773.042
773.046
773.051
773.055
773.06
773.065
773.07
773.076
773.081
773.087
773.093
773.1
773.106
773.113
773.12
773.128
773.135
773.143
773.151
773.159
773.168
773.177
773.186
773.195
773.204
773.214
773.224
773.234
773.244
773.255
773.266
773.277
773.288
773.3
773.312
773.324
773.336
773.349
773.361
773.374
773.388
773.401
773.415
773.429
773.443
773.457
773.472
773.487
773.502
773.517
773.533
773.549
773.565
773.581
773.598
773.615
773.632
773.649
773.667
773.684
773.702
773.721
773.739
773.758
773.777
773.796
773.815
773.835
773.855
773.875
773.895
773.916
773.937
773.958
773.979
774
774.022
774.044
774.066
774.089
774.111
774.134
774.157
774.18
774.204
774.228
774.252
774.276
774.3
774.325
774.35
774.375
774.4
774.426
774.451
774.478
774.503
774.53
774.556
774.584
774.609
774.639
773.136
773.168
773.17
773.174
773.206
773.266
773.272
773.231
773.061
772.9
772.836
772.828
772.848
772.91
772.955
772.977
772.985
772.987
772.986
772.983
772.98
772.979
772.978
772.977
772.977
772.976
772.976
772.976
772.976
772.976
772.976
772.976
772.976
772.976
772.976
772.976
772.976
772.976
772.976
772.976
772.976
772.976
772.976
772.976
772.976
772.976
772.976
772.976
772.976
772.976
772.976
772.976
772.976
772.976
772.976
772.976
772.976
772.976
772.976
772.976
772.976
772.976
772.976
772.976
772.976
772.976
772.976
772.976
772.976
772.976
772.976
772.976
772.976
772.976
772.976
772.976
772.976
772.976
772.976
772.976
772.976
772.976
772.976
772.976
772.976
772.976
772.976
772.976
772.976
772.976
772.976
772.975
772.975
772.975
772.975
772.975
772.975
772.974
772.974
772.974
772.974
772.974
772.974
772.974
772.973
772.973
772.973
772.973
772.973
772.973
772.974
772.974
772.974
772.974
772.975
772.975
772.975
772.975
772.976
772.975
772.975
772.974
772.973
772.971
772.969
772.965
772.961
772.956
772.951
772.945
772.938
772.93
772.923
772.915
772.908
772.901
772.895
772.889
772.885
772.882
772.881
772.881
772.882
772.885
772.889
772.894
772.9
772.907
772.914
772.921
772.929
772.937
772.944
772.951
772.957
772.963
772.969
772.974
772.978
772.982
772.985
772.988
772.99
772.992
772.994
772.995
772.996
772.997
772.998
772.998
772.999
772.999
772.999
772.999
773
773
773
773
773
773
773
773
773
773
773
773
773
773
773
773
773
773
773
773
773
773
773
773
773
773
773
773
773
773
773
773
773
773
773
773
773
773
773
773
773
773
773
773
773
773
773
773
773
773
773
773
773
773
773
773
773
773
773
773
773
773
773
773
773
773
773
773
773
773
773
773
773
773
773
773
773
773
773
773
773
773
773
773
773
773
773
773
773
773
773
773
773
773
773
773
773
773
773
773
773
773
773
773
773
773
773
773
773
773
773
773
773
773
773
773
773
773
773
773
773
773
773
773
773
773
773
773
773
773
773
773
773
773
773
773
773
773
773
773
773
773
773
773
773
773
773
773
773
773
773
773
773
773
773
773
773
773
773
773
773
773
773
773
773
773
773
773
773
773
773
773
773
773
773
773
773
773
773
773
773
773
773
773
773
773
773
773
773
773
773
773
773
773
773
773
773
773
773
773
773
773
773
773
773
773
773
773
773
773
773
773
773
773
773
773
773
773
773
773
773
773
773
773
773
773
773
773
773
773
773
773
773
773
773
773
773
773
773
773
773
773
773
773
773
773
773
773
773
773
773
773
773
773
773
773
773
773
773
773
773
773
773
773
773
773
773
773
773
773
773
773
773
773
773
773
773
773
773
773
773
773
773
773
773
773
773
773
773
773
773
773
773
773
773
773
773
773
773.001
773.001
773.001
773.001
773.001
773.002
773.002
773.003
773.003
773.004
773.005
773.006
773.007
773.008
773.01
773.011
773.013
773.015
773.017
773.02
773.022
773.025
773.028
773.031
773.035
773.038
773.042
773.046
773.051
773.055
773.06
773.065
773.07
773.076
773.081
773.087
773.093
773.1
773.106
773.113
773.12
773.128
773.135
773.143
773.151
773.159
773.168
773.177
773.186
773.195
773.204
773.214
773.224
773.234
773.244
773.255
773.266
773.277
773.288
773.3
773.312
773.324
773.336
773.349
773.361
773.374
773.388
773.401
773.415
773.429
773.443
773.457
773.472
773.487
773.502
773.517
773.533
773.549
773.565
773.581
773.598
773.615
773.632
773.649
773.667
773.684
773.702
773.721
773.739
773.758
773.777
773.796
773.815
773.835
773.855
773.875
773.895
773.916
773.937
773.958
773.979
774
774.022
774.044
774.066
774.089
774.111
774.134
774.157
774.18
774.204
774.228
774.252
774.276
774.3
774.325
774.35
774.375
774.4
774.426
774.451
774.478
774.503
774.53
774.556
774.584
774.609
774.639
772.926
772.994
773.018
773.02
773.017
773.027
773.127
773.355
773.445
773.446
773.395
773.253
773.142
773.078
773.041
773.018
773.004
772.994
772.988
772.983
772.98
772.979
772.978
772.977
772.977
772.976
772.976
772.976
772.976
772.976
772.976
772.976
772.976
772.976
772.976
772.976
772.976
772.976
772.976
772.976
772.976
772.976
772.976
772.976
772.976
772.976
772.976
772.976
772.976
772.976
772.976
772.976
772.976
772.976
772.976
772.976
772.976
772.976
772.976
772.976
772.976
772.976
772.976
772.976
772.976
772.976
772.976
772.976
772.976
772.976
772.976
772.976
772.976
772.976
772.976
772.976
772.976
772.976
772.976
772.976
772.976
772.976
772.976
772.976
772.976
772.976
772.976
772.976
772.976
772.976
772.976
772.975
772.975
772.975
772.975
772.975
772.975
772.974
772.974
772.974
772.974
772.974
772.974
772.974
772.973
772.973
772.973
772.973
772.973
772.973
772.974
772.974
772.974
772.974
772.975
772.975
772.975
772.975
772.976
772.975
772.975
772.974
772.973
772.971
772.969
772.965
772.961
772.956
772.951
772.945
772.938
772.93
772.923
772.915
772.908
772.901
772.895
772.889
772.885
772.882
772.881
772.881
772.882
772.885
772.889
772.894
772.9
772.907
772.914
772.921
772.929
772.937
772.944
772.951
772.957
772.963
772.969
772.974
772.978
772.982
772.985
772.988
772.99
772.992
772.994
772.995
772.996
772.997
772.998
772.998
772.999
772.999
772.999
772.999
773
773
773
773
773
773
773
773
773
773
773
773
773
773
773
773
773
773
773
773
773
773
773
773
773
773
773
773
773
773
773
773
773
773
773
773
773
773
773
773
773
773
773
773
773
773
773
773
773
773
773
773
773
773
773
773
773
773
773
773
773
773
773
773
773
773
773
773
773
773
773
773
773
773
773
773
773
773
773
773
773
773
773
773
773
773
773
773
773
773
773
773
773
773
773
773
773
773
773
773
773
773
773
773
773
773
773
773
773
773
773
773
773
773
773
773
773
773
773
773
773
773
773
773
773
773
773
773
773
773
773
773
773
773
773
773
773
773
773
773
773
773
773
773
773
773
773
773
773
773
773
773
773
773
773
773
773
773
773
773
773
773
773
773
773
773
773
773
773
773
773
773
773
773
773
773
773
773
773
773
773
773
773
773
773
773
773
773
773
773
773
773
773
773
773
773
773
773
773
773
773
773
773
773
773
773
773
773
773
773
773
773
773
773
773
773
773
773
773
773
773
773
773
773
773
773
773
773
773
773
773
773
773
773
773
773
773
773
773
773
773
773
773
773
773
773
773
773
773
773
773
773
773
773
773
773
773
773
773
773
773
773
773
773
773
773
773
773
773
773
773
773
773
773
773
773
773
773
773
773
773
773
773
773
773
773
773
773
773
773
773
773
773
773
773
773
773
773
773.001
773.001
773.001
773.001
773.001
773.002
773.002
773.003
773.003
773.004
773.005
773.006
773.007
773.008
773.01
773.011
773.013
773.015
773.017
773.02
773.022
773.025
773.028
773.031
773.035
773.038
773.042
773.046
773.051
773.055
773.06
773.065
773.07
773.076
773.081
773.087
773.093
773.1
773.106
773.113
773.12
773.128
773.135
773.143
773.151
773.159
773.168
773.177
773.186
773.195
773.204
773.214
773.224
773.234
773.244
773.255
773.266
773.277
773.288
773.3
773.312
773.324
773.336
773.349
773.361
773.374
773.388
773.401
773.415
773.429
773.443
773.457
773.472
773.487
773.502
773.517
773.533
773.549
773.565
773.581
773.598
773.615
773.632
773.649
773.667
773.684
773.702
773.721
773.739
773.758
773.777
773.796
773.815
773.835
773.855
773.875
773.895
773.916
773.937
773.958
773.979
774
774.022
774.044
774.066
774.089
774.111
774.134
774.157
774.18
774.204
774.228
774.252
774.276
774.3
774.325
774.35
774.375
774.4
774.426
774.451
774.478
774.503
774.53
774.556
774.584
774.609
774.639
773.182
773.213
773.207
773.138
773.06
773.092
773.457
774.495
775.173
775.363
775.321
774.935
774.191
773.665
773.344
773.164
773.07
773.023
773
772.989
772.983
772.98
772.979
772.978
772.978
772.977
772.977
772.977
772.977
772.977
772.977
772.977
772.977
772.977
772.977
772.977
772.977
772.977
772.977
772.977
772.977
772.977
772.977
772.977
772.977
772.977
772.977
772.977
772.977
772.977
772.977
772.977
772.977
772.977
772.977
772.977
772.977
772.977
772.977
772.977
772.977
772.977
772.977
772.977
772.977
772.977
772.977
772.977
772.977
772.977
772.977
772.977
772.977
772.977
772.977
772.977
772.977
772.977
772.977
772.977
772.977
772.977
772.977
772.977
772.977
772.977
772.977
772.977
772.977
772.977
772.976
772.976
772.976
772.976
772.976
772.976
772.976
772.975
772.975
772.975
772.975
772.975
772.975
772.975
772.974
772.974
772.974
772.974
772.974
772.974
772.975
772.975
772.975
772.975
772.976
772.976
772.976
772.976
772.976
772.976
772.976
772.975
772.974
772.972
772.97
772.966
772.962
772.957
772.952
772.946
772.939
772.931
772.924
772.916
772.909
772.902
772.895
772.89
772.886
772.883
772.882
772.882
772.883
772.886
772.89
772.895
772.901
772.908
772.915
772.922
772.93
772.937
772.945
772.952
772.958
772.964
772.97
772.974
772.979
772.983
772.986
772.989
772.991
772.993
772.995
772.996
772.997
772.998
772.999
772.999
773
773
773
773
773.001
773.001
773.001
773.001
773.001
773.001
773.001
773.001
773.001
773.001
773.001
773.001
773.001
773.001
773.001
773.001
773.001
773.001
773.001
773.001
773.001
773.001
773.001
773.001
773.001
773.001
773.001
773.001
773.001
773.001
773.001
773.001
773.001
773.001
773.001
773.001
773.001
773.001
773.001
773.001
773.001
773.001
773.001
773.001
773.001
773.001
773.001
773.001
773.001
773.001
773.001
773.001
773.001
773.001
773.001
773.001
773.001
773.001
773.001
773.001
773.001
773.001
773.001
773.001
773.001
773.001
773.001
773.001
773.001
773.001
773.001
773.001
773.001
773.001
773.001
773.001
773.001
773.001
773.001
773.001
773.001
773.001
773.001
773.001
773.001
773.001
773.001
773.001
773.001
773.001
773.001
773.001
773.001
773.001
773.001
773.001
773.001
773.001
773.001
773.001
773.001
773.001
773.001
773.001
773.001
773.001
773.001
773.001
773.001
773.001
773.001
773.001
773.001
773.001
773.001
773.001
773.001
773.001
773.001
773.001
773.001
773.001
773.001
773.001
773.001
773.001
773.001
773.001
773.001
773.001
773.001
773.001
773.001
773.001
773.001
773.001
773.001
773.001
773.001
773.001
773.001
773.001
773.001
773.001
773.001
773.001
773.001
773.001
773.001
773.001
773.001
773.001
773.001
773.001
773.001
773.001
773.001
773.001
773.001
773.001
773.001
773.001
773.001
773.001
773.001
773.001
773.001
773.001
773.001
773.001
773.001
773.001
773.001
773.001
773.001
773.001
773.001
773.001
773.001
773.001
773.001
773.001
773.001
773.001
773.001
773.001
773.001
773.001
773.001
773.001
773.001
773.001
773.001
773.001
773.001
773.001
773.001
773.001
773.001
773.001
773.001
773.001
773.001
773.001
773.001
773.001
773.001
773.001
773.001
773.001
773.001
773.001
773.001
773.001
773.001
773.001
773.001
773.001
773.001
773.001
773.001
773.001
773.001
773.001
773.001
773.001
773.001
773.001
773.001
773.001
773.001
773.001
773.001
773.001
773.001
773.001
773.001
773.001
773.001
773.001
773.001
773.001
773.001
773.001
773.001
773.001
773.001
773.001
773.001
773.001
773.001
773.001
773.001
773.001
773.001
773.001
773.001
773.001
773.001
773.001
773.001
773.001
773.001
773.001
773.001
773.001
773.001
773.001
773.001
773.001
773.001
773.001
773.001
773.001
773.001
773.001
773.001
773.001
773.001
773.001
773.001
773.001
773.001
773.001
773.001
773.001
773.001
773.001
773.001
773.001
773.001
773.001
773.001
773.001
773.001
773.001
773.001
773.001
773.001
773.002
773.002
773.002
773.002
773.003
773.003
773.004
773.004
773.005
773.006
773.007
773.008
773.009
773.011
773.012
773.014
773.016
773.018
773.021
773.023
773.026
773.029
773.032
773.036
773.039
773.043
773.047
773.052
773.056
773.061
773.066
773.071
773.077
773.082
773.088
773.094
773.101
773.107
773.114
773.121
773.129
773.136
773.144
773.152
773.16
773.169
773.178
773.187
773.196
773.205
773.215
773.225
773.235
773.245
773.256
773.267
773.278
773.289
773.301
773.313
773.325
773.337
773.349
773.362
773.375
773.388
773.402
773.416
773.43
773.444
773.458
773.473
773.488
773.503
773.518
773.534
773.55
773.566
773.582
773.599
773.616
773.633
773.65
773.668
773.685
773.703
773.722
773.74
773.759
773.778
773.797
773.816
773.836
773.856
773.876
773.896
773.917
773.938
773.959
773.98
774.001
774.023
774.045
774.067
774.09
774.112
774.135
774.158
774.181
774.205
774.229
774.253
774.277
774.301
774.326
774.351
774.376
774.401
774.427
774.452
774.479
774.504
774.531
774.557
774.585
774.61
774.64
)
;

boundaryField
{
    inlet
    {
        type            zeroGradient;
    }
    outlet
    {
        type            zeroGradient;
    }
    sides
    {
        type            empty;
    }
    walls
    {
        type            zeroGradient;
    }
}


// ************************************************************************* //
