/*--------------------------------*- C++ -*----------------------------------*\
| =========                 |                                                 |
| \\      /  F ield         | OpenFOAM: The Open Source CFD Toolbox           |
|  \\    /   O peration     | Version:  3.0.x                                 |
|   \\  /    A nd           | Web:      www.OpenFOAM.org                      |
|    \\/     M anipulation  |                                                 |
\*---------------------------------------------------------------------------*/
FoamFile
{
    version     2.0;
    format      ascii;
    class       volScalarField;
    location    "0.33";
    object      rho;
}
// * * * * * * * * * * * * * * * * * * * * * * * * * * * * * * * * * * * * * //

dimensions      [1 -3 0 0 0 0 0];

internalField   nonuniform List<scalar> 
6900
(
50.9111
50.9111
50.9111
50.9111
50.9111
50.9111
50.911
50.911
50.911
50.911
50.9109
50.9109
50.9109
50.911
50.9112
50.9114
50.9115
50.9117
50.9117
50.9118
50.9118
50.9118
50.9119
50.912
50.9122
50.9123
50.9126
50.9128
50.9131
50.9134
50.9137
50.914
50.9142
50.9144
50.9146
50.9147
50.9147
50.9148
50.9149
50.915
50.9152
50.9154
50.9155
50.9157
50.9158
50.9159
50.9159
50.916
50.916
50.916
50.9159
50.9159
50.9159
50.9159
50.9159
50.9159
50.9159
50.9159
50.9159
50.916
50.916
50.9161
50.9161
50.9162
50.9163
50.9164
50.9164
50.9165
50.9166
50.9167
50.9168
50.9169
50.9169
50.917
50.917
50.917
50.9171
50.9171
50.9171
50.9171
50.917
50.917
50.9169
50.9169
50.9168
50.9168
50.9167
50.9167
50.9166
50.9166
50.9165
50.9165
50.9165
50.9165
50.9165
50.9165
50.9165
50.9166
50.9167
50.9167
50.9168
50.9169
50.917
50.9171
50.9172
50.9173
50.9174
50.9175
50.9176
50.9176
50.9177
50.9177
50.9177
50.9177
50.9177
50.9176
50.9176
50.9175
50.9174
50.9173
50.9172
50.9171
50.917
50.9169
50.9168
50.9167
50.9166
50.9165
50.9165
50.9164
50.9164
50.9164
50.9165
50.9165
50.9166
50.9167
50.9168
50.9169
50.917
50.9172
50.9173
50.9174
50.9175
50.9176
50.9177
50.9178
50.9178
50.9178
50.9178
50.9177
50.9177
50.9176
50.9174
50.9173
50.9171
50.9169
50.9168
50.9166
50.9164
50.9162
50.916
50.9158
50.9157
50.9155
50.9154
50.9153
50.9152
50.9151
50.9151
50.9151
50.9151
50.9152
50.9152
50.9153
50.9154
50.9156
50.9157
50.9157
50.9158
50.9158
50.9158
50.9158
50.9156
50.9154
50.9152
50.9149
50.9146
50.9142
50.9138
50.9133
50.9129
50.9124
50.912
50.9115
50.911
50.9105
50.9101
50.9095
50.9094
50.906
50.9113
50.9113
50.9113
50.9113
50.9112
50.9112
50.9112
50.9112
50.9111
50.9111
50.9111
50.9111
50.9111
50.9112
50.9114
50.9115
50.9117
50.9118
50.9119
50.9119
50.9119
50.912
50.912
50.9121
50.9123
50.9125
50.9127
50.913
50.9133
50.9135
50.9138
50.9141
50.9144
50.9146
50.9147
50.9148
50.9148
50.9149
50.915
50.9151
50.9153
50.9155
50.9157
50.9158
50.9159
50.916
50.9161
50.9161
50.9161
50.9161
50.916
50.916
50.916
50.916
50.916
50.916
50.916
50.916
50.916
50.9161
50.9161
50.9162
50.9162
50.9163
50.9164
50.9165
50.9165
50.9166
50.9167
50.9168
50.9169
50.917
50.917
50.9171
50.9171
50.9171
50.9172
50.9172
50.9172
50.9172
50.9171
50.9171
50.917
50.917
50.9169
50.9169
50.9168
50.9168
50.9167
50.9167
50.9166
50.9166
50.9166
50.9166
50.9166
50.9166
50.9167
50.9167
50.9168
50.9168
50.9169
50.917
50.9171
50.9172
50.9173
50.9174
50.9175
50.9176
50.9177
50.9177
50.9178
50.9178
50.9178
50.9178
50.9178
50.9177
50.9177
50.9176
50.9175
50.9174
50.9173
50.9172
50.9171
50.917
50.9169
50.9168
50.9167
50.9166
50.9166
50.9165
50.9165
50.9165
50.9166
50.9166
50.9167
50.9168
50.9169
50.917
50.9171
50.9173
50.9174
50.9175
50.9176
50.9177
50.9178
50.9179
50.9179
50.9179
50.9179
50.9178
50.9178
50.9177
50.9175
50.9174
50.9172
50.917
50.9169
50.9167
50.9165
50.9163
50.9161
50.9159
50.9158
50.9156
50.9155
50.9154
50.9153
50.9152
50.9152
50.9152
50.9152
50.9153
50.9153
50.9154
50.9155
50.9157
50.9158
50.9158
50.9159
50.9159
50.9159
50.9158
50.9157
50.9155
50.9153
50.915
50.9147
50.9143
50.9139
50.9134
50.913
50.9125
50.9121
50.9116
50.9111
50.9106
50.9101
50.9096
50.9095
50.9064
50.9113
50.9113
50.9113
50.9112
50.9112
50.9112
50.9112
50.9112
50.9111
50.9111
50.9111
50.9111
50.9111
50.9112
50.9114
50.9115
50.9117
50.9118
50.9119
50.9119
50.9119
50.912
50.912
50.9121
50.9123
50.9125
50.9127
50.913
50.9132
50.9135
50.9138
50.9141
50.9144
50.9146
50.9147
50.9148
50.9148
50.9149
50.915
50.9151
50.9153
50.9155
50.9157
50.9158
50.9159
50.916
50.9161
50.9161
50.9161
50.9161
50.916
50.916
50.916
50.916
50.916
50.916
50.916
50.916
50.916
50.9161
50.9161
50.9162
50.9162
50.9163
50.9164
50.9165
50.9165
50.9166
50.9167
50.9168
50.9169
50.917
50.917
50.9171
50.9171
50.9171
50.9172
50.9172
50.9172
50.9172
50.9171
50.9171
50.917
50.917
50.9169
50.9169
50.9168
50.9168
50.9167
50.9167
50.9166
50.9166
50.9166
50.9166
50.9166
50.9166
50.9167
50.9167
50.9168
50.9168
50.9169
50.917
50.9171
50.9172
50.9173
50.9174
50.9175
50.9176
50.9177
50.9177
50.9178
50.9178
50.9178
50.9178
50.9178
50.9177
50.9177
50.9176
50.9175
50.9174
50.9173
50.9172
50.9171
50.917
50.9169
50.9168
50.9167
50.9166
50.9166
50.9165
50.9165
50.9165
50.9166
50.9166
50.9167
50.9168
50.9169
50.917
50.9171
50.9173
50.9174
50.9175
50.9176
50.9177
50.9178
50.9179
50.9179
50.9179
50.9179
50.9178
50.9178
50.9177
50.9175
50.9174
50.9172
50.917
50.9169
50.9167
50.9165
50.9163
50.9161
50.9159
50.9158
50.9156
50.9155
50.9154
50.9153
50.9152
50.9152
50.9152
50.9152
50.9153
50.9153
50.9154
50.9155
50.9157
50.9158
50.9158
50.9159
50.9159
50.9159
50.9158
50.9157
50.9155
50.9153
50.915
50.9147
50.9143
50.9139
50.9134
50.913
50.9125
50.9121
50.9116
50.9111
50.9106
50.9101
50.9096
50.9092
50.9086
50.9113
50.9113
50.9113
50.9113
50.9112
50.9112
50.9112
50.9112
50.9111
50.9111
50.9111
50.9111
50.9111
50.9112
50.9114
50.9115
50.9117
50.9118
50.9119
50.9119
50.9119
50.912
50.912
50.9121
50.9123
50.9125
50.9127
50.913
50.9133
50.9135
50.9138
50.9141
50.9144
50.9146
50.9147
50.9148
50.9148
50.9149
50.915
50.9151
50.9153
50.9155
50.9157
50.9158
50.9159
50.916
50.9161
50.9161
50.9161
50.9161
50.916
50.916
50.916
50.916
50.916
50.916
50.916
50.916
50.916
50.9161
50.9161
50.9162
50.9162
50.9163
50.9164
50.9165
50.9165
50.9166
50.9167
50.9168
50.9169
50.917
50.917
50.9171
50.9171
50.9171
50.9172
50.9172
50.9172
50.9172
50.9171
50.9171
50.917
50.917
50.9169
50.9169
50.9168
50.9168
50.9167
50.9167
50.9166
50.9166
50.9166
50.9166
50.9166
50.9166
50.9167
50.9167
50.9168
50.9168
50.9169
50.917
50.9171
50.9172
50.9173
50.9174
50.9175
50.9176
50.9177
50.9177
50.9178
50.9178
50.9178
50.9178
50.9178
50.9177
50.9177
50.9176
50.9175
50.9174
50.9173
50.9172
50.9171
50.917
50.9169
50.9168
50.9167
50.9166
50.9166
50.9165
50.9165
50.9165
50.9166
50.9166
50.9167
50.9168
50.9169
50.917
50.9171
50.9173
50.9174
50.9175
50.9176
50.9177
50.9178
50.9179
50.9179
50.9179
50.9179
50.9178
50.9178
50.9177
50.9175
50.9174
50.9172
50.917
50.9169
50.9167
50.9165
50.9163
50.9161
50.9159
50.9158
50.9156
50.9155
50.9154
50.9153
50.9152
50.9152
50.9152
50.9152
50.9153
50.9153
50.9154
50.9155
50.9157
50.9158
50.9158
50.9159
50.9159
50.9159
50.9159
50.9157
50.9155
50.9153
50.915
50.9147
50.9143
50.9139
50.9134
50.913
50.9125
50.9121
50.9116
50.9111
50.9106
50.9101
50.9097
50.9082
50.9142
50.9111
50.9111
50.9111
50.9111
50.9111
50.9111
50.911
50.911
50.911
50.911
50.9109
50.9109
50.9109
50.911
50.9112
50.9114
50.9115
50.9117
50.9117
50.9118
50.9118
50.9118
50.9119
50.912
50.9122
50.9123
50.9126
50.9128
50.9131
50.9134
50.9137
50.914
50.9142
50.9144
50.9146
50.9147
50.9147
50.9148
50.9149
50.915
50.9152
50.9154
50.9155
50.9157
50.9158
50.9159
50.9159
50.916
50.916
50.916
50.9159
50.9159
50.9159
50.9159
50.9159
50.9159
50.9159
50.9159
50.9159
50.916
50.916
50.9161
50.9161
50.9162
50.9163
50.9164
50.9164
50.9165
50.9166
50.9167
50.9168
50.9169
50.9169
50.917
50.917
50.917
50.9171
50.9171
50.9171
50.9171
50.917
50.917
50.9169
50.9169
50.9168
50.9168
50.9167
50.9167
50.9166
50.9166
50.9165
50.9165
50.9165
50.9165
50.9165
50.9165
50.9165
50.9166
50.9167
50.9167
50.9168
50.9169
50.917
50.9171
50.9172
50.9173
50.9174
50.9175
50.9176
50.9176
50.9177
50.9177
50.9177
50.9177
50.9177
50.9176
50.9176
50.9175
50.9174
50.9173
50.9172
50.9171
50.917
50.9169
50.9168
50.9167
50.9166
50.9165
50.9165
50.9164
50.9164
50.9164
50.9165
50.9165
50.9166
50.9167
50.9168
50.9169
50.917
50.9172
50.9173
50.9174
50.9175
50.9176
50.9177
50.9178
50.9178
50.9178
50.9178
50.9177
50.9177
50.9176
50.9174
50.9173
50.9171
50.9169
50.9168
50.9166
50.9164
50.9162
50.916
50.9158
50.9157
50.9155
50.9154
50.9153
50.9152
50.9151
50.9151
50.9151
50.9151
50.9152
50.9152
50.9153
50.9154
50.9156
50.9157
50.9157
50.9158
50.9158
50.9158
50.9158
50.9156
50.9154
50.9152
50.9149
50.9146
50.9142
50.9138
50.9133
50.9129
50.9124
50.912
50.9115
50.911
50.9105
50.91
50.9097
50.9076
50.9199
50.9247
50.9316
50.9322
50.9302
50.9284
50.9267
50.9254
50.9255
50.9245
50.9198
50.9109
50.9023
50.8957
50.8898
50.8869
50.8929
50.9039
50.9101
50.9058
50.8888
50.9211
50.9246
50.9243
50.9224
50.9206
50.919
50.9178
50.9182
50.9171
50.9116
50.9022
50.8941
50.8878
50.8823
50.8797
50.8863
50.8983
50.902
50.8942
50.8743
50.9092
50.909
50.9078
50.9055
50.9026
50.8989
50.8943
50.8888
50.8826
50.8762
50.8695
50.8617
50.8526
50.8425
50.8315
50.8191
50.8059
50.7937
50.7831
50.7741
50.8851
50.8819
50.8828
50.8843
50.8833
50.8796
50.8739
50.8665
50.8601
50.8523
50.8452
50.8381
50.8309
50.8245
50.819
50.8136
50.8089
50.8048
50.8016
50.799
50.8751
50.8624
50.8576
50.857
50.8548
50.8497
50.8429
50.8343
50.8264
50.8172
50.8086
50.7999
50.7919
50.784
50.7772
50.7705
50.7649
50.7597
50.7559
50.7539
50.7965
50.7807
50.7996
50.7966
50.7887
50.7868
50.7864
50.7861
50.7851
50.7844
50.7842
50.7837
50.7833
50.7828
50.7824
50.782
50.7816
50.7811
50.7807
50.7803
50.7799
50.7794
50.779
50.7786
50.7781
50.7777
50.7773
50.7769
50.7765
50.7761
50.7758
50.7755
50.7751
50.7748
50.7745
50.7743
50.774
50.7737
50.7735
50.7733
50.7732
50.7731
50.7731
50.773
50.7727
50.7723
50.772
50.7717
50.7715
50.7712
50.771
50.7707
50.7705
50.7701
50.7698
50.7694
50.7689
50.7684
50.7679
50.7674
50.7669
50.7665
50.7661
50.7657
50.7653
50.7649
50.7642
50.7636
50.7632
50.7628
50.7626
50.7623
50.7617
50.7597
50.7527
50.7447
50.7409
50.7402
50.7417
50.7492
50.7578
50.7628
50.7651
50.7657
50.7655
50.7651
50.7643
50.7637
50.7632
50.7628
50.7625
50.7623
50.7621
50.762
50.7619
50.7618
50.7618
50.7617
50.7616
50.7616
50.7615
50.7614
50.7613
50.7612
50.7611
50.7609
50.7608
50.7606
50.7604
50.7602
50.7599
50.7597
50.7594
50.7591
50.7588
50.7586
50.7583
50.7579
50.7576
50.7573
50.7571
50.7568
50.7565
50.7562
50.756
50.7558
50.7556
50.7554
50.7553
50.7552
50.7551
50.7551
50.7551
50.7551
50.7551
50.7552
50.7553
50.7555
50.7556
50.7558
50.756
50.7562
50.7565
50.7567
50.7569
50.7571
50.7573
50.7575
50.7577
50.7578
50.758
50.7581
50.7581
50.7582
50.7582
50.7582
50.7582
50.7582
50.7581
50.758
50.7579
50.7577
50.7575
50.7574
50.7572
50.7569
50.7567
50.7565
50.7562
50.756
50.7558
50.7555
50.7553
50.7552
50.755
50.7549
50.7548
50.7547
50.7546
50.7547
50.7547
50.7548
50.7549
50.755
50.7552
50.7554
50.7556
50.7558
50.7561
50.7563
50.7565
50.7567
50.7569
50.7571
50.7572
50.7573
50.7573
50.7575
50.7562
50.7652
50.7911
50.7809
50.7988
50.796
50.7881
50.7858
50.7853
50.7849
50.784
50.7834
50.783
50.7826
50.7821
50.7816
50.7813
50.7809
50.7805
50.7801
50.7797
50.7793
50.7788
50.7784
50.778
50.7776
50.7772
50.7767
50.7763
50.7759
50.7755
50.7751
50.7748
50.7744
50.7741
50.7738
50.7735
50.7732
50.7729
50.7726
50.7724
50.7722
50.772
50.7718
50.7717
50.7716
50.7713
50.771
50.7707
50.7705
50.7703
50.7702
50.7699
50.7696
50.7693
50.7689
50.7685
50.768
50.7674
50.7669
50.7664
50.7659
50.7654
50.765
50.7645
50.7639
50.7632
50.7626
50.762
50.7615
50.7612
50.761
50.7607
50.7601
50.7581
50.7524
50.7466
50.7436
50.743
50.7438
50.7489
50.7563
50.7611
50.7636
50.7647
50.7649
50.7647
50.7643
50.7638
50.7634
50.763
50.7627
50.7625
50.7623
50.7622
50.7621
50.762
50.7619
50.7618
50.7618
50.7617
50.7617
50.7616
50.7615
50.7614
50.7613
50.7612
50.761
50.7609
50.7607
50.7605
50.7603
50.76
50.7598
50.7595
50.7592
50.7589
50.7586
50.7583
50.758
50.7577
50.7574
50.7572
50.7569
50.7566
50.7563
50.7561
50.7559
50.7557
50.7555
50.7554
50.7553
50.7552
50.7552
50.7552
50.7552
50.7552
50.7553
50.7554
50.7556
50.7557
50.7559
50.7561
50.7563
50.7566
50.7568
50.757
50.7572
50.7574
50.7576
50.7578
50.7579
50.7581
50.7582
50.7582
50.7583
50.7583
50.7583
50.7583
50.7583
50.7582
50.7581
50.758
50.7578
50.7576
50.7575
50.7573
50.757
50.7568
50.7566
50.7563
50.7561
50.7559
50.7556
50.7554
50.7552
50.7551
50.7549
50.7548
50.7548
50.7547
50.7548
50.7548
50.7549
50.755
50.7551
50.7553
50.7555
50.7557
50.7559
50.7561
50.7564
50.7566
50.7568
50.757
50.7572
50.7573
50.7574
50.7574
50.7575
50.7567
50.7605
50.7514
50.7627
50.7694
50.7699
50.7688
50.768
50.7676
50.7672
50.7668
50.7665
50.7661
50.7658
50.7655
50.7652
50.7649
50.7646
50.7643
50.764
50.7637
50.7633
50.7629
50.7626
50.7621
50.7617
50.7612
50.7608
50.7603
50.7598
50.7594
50.759
50.7586
50.7583
50.758
50.7577
50.7575
50.7572
50.757
50.7567
50.7565
50.7562
50.7559
50.7556
50.7553
50.7549
50.7546
50.7542
50.7538
50.7533
50.7529
50.7525
50.7521
50.7518
50.7515
50.7513
50.7518
50.7541
50.7572
50.7599
50.7621
50.7637
50.7647
50.7652
50.7654
50.7654
50.7652
50.765
50.7647
50.7644
50.764
50.7637
50.7635
50.7633
50.7632
50.7634
50.7635
50.7638
50.7639
50.7641
50.7642
50.7641
50.764
50.7638
50.7636
50.7633
50.7631
50.7629
50.7627
50.7626
50.7624
50.7623
50.7622
50.7621
50.762
50.762
50.7619
50.7619
50.7618
50.7618
50.7617
50.7616
50.7616
50.7615
50.7614
50.7613
50.7612
50.761
50.7609
50.7607
50.7605
50.7603
50.76
50.7598
50.7595
50.7592
50.7589
50.7586
50.7583
50.758
50.7577
50.7574
50.7572
50.7569
50.7566
50.7563
50.7561
50.7559
50.7557
50.7555
50.7554
50.7553
50.7552
50.7552
50.7552
50.7552
50.7552
50.7553
50.7554
50.7556
50.7557
50.7559
50.7561
50.7563
50.7566
50.7568
50.757
50.7572
50.7574
50.7576
50.7578
50.7579
50.7581
50.7582
50.7582
50.7583
50.7583
50.7583
50.7583
50.7583
50.7582
50.7581
50.758
50.7578
50.7576
50.7575
50.7573
50.757
50.7568
50.7566
50.7563
50.7561
50.7559
50.7556
50.7554
50.7552
50.7551
50.7549
50.7548
50.7548
50.7547
50.7547
50.7548
50.7549
50.755
50.7551
50.7553
50.7555
50.7557
50.7559
50.7562
50.7564
50.7566
50.7568
50.757
50.7572
50.7573
50.7574
50.7575
50.7575
50.7575
50.7575
50.7927
50.7913
50.7897
50.7879
50.7867
50.7858
50.7852
50.7848
50.7843
50.784
50.7836
50.7831
50.7827
50.7823
50.7818
50.7814
50.781
50.7805
50.7801
50.7796
50.7792
50.7788
50.7783
50.7779
50.7775
50.777
50.7766
50.7762
50.7759
50.7755
50.7751
50.7748
50.7745
50.7743
50.774
50.7738
50.7736
50.7734
50.7732
50.773
50.7728
50.7726
50.7724
50.7722
50.7719
50.7717
50.7715
50.7713
50.7711
50.7708
50.7706
50.7703
50.77
50.7697
50.7693
50.769
50.7686
50.7682
50.7678
50.7673
50.7667
50.7662
50.7656
50.7649
50.7639
50.7628
50.762
50.7614
50.7608
50.7598
50.7573
50.7546
50.7528
50.7521
50.7519
50.7525
50.7555
50.7598
50.7627
50.7644
50.7651
50.7653
50.7651
50.7647
50.7643
50.7638
50.7634
50.7631
50.7628
50.7626
50.7624
50.7622
50.7621
50.762
50.762
50.7619
50.7618
50.7618
50.7617
50.7617
50.7616
50.7615
50.7614
50.7613
50.7612
50.761
50.7609
50.7607
50.7605
50.7603
50.76
50.7598
50.7595
50.7592
50.7589
50.7586
50.7583
50.758
50.7577
50.7574
50.7572
50.7569
50.7566
50.7563
50.7561
50.7559
50.7557
50.7555
50.7554
50.7553
50.7552
50.7552
50.7552
50.7552
50.7552
50.7553
50.7554
50.7556
50.7557
50.7559
50.7561
50.7563
50.7566
50.7568
50.757
50.7572
50.7574
50.7576
50.7578
50.7579
50.7581
50.7582
50.7582
50.7583
50.7583
50.7583
50.7583
50.7583
50.7582
50.7581
50.758
50.7578
50.7576
50.7575
50.7573
50.757
50.7568
50.7566
50.7563
50.7561
50.7559
50.7556
50.7554
50.7552
50.7551
50.7549
50.7548
50.7548
50.7547
50.7547
50.7548
50.7549
50.755
50.7551
50.7553
50.7555
50.7557
50.7559
50.7562
50.7564
50.7566
50.7568
50.757
50.7572
50.7573
50.7574
50.7575
50.7576
50.758
50.7567
50.7768
50.7816
50.7809
50.7793
50.7783
50.7774
50.7769
50.7765
50.7762
50.7758
50.7753
50.7749
50.7744
50.774
50.7736
50.7732
50.7727
50.7723
50.7719
50.7715
50.7711
50.7707
50.7703
50.7699
50.7695
50.7691
50.7687
50.7684
50.768
50.7677
50.7674
50.7671
50.7669
50.7666
50.7664
50.7662
50.766
50.7657
50.7655
50.7653
50.7651
50.7649
50.7647
50.7644
50.7642
50.764
50.7639
50.7637
50.7635
50.7633
50.763
50.7628
50.7625
50.7622
50.7619
50.7616
50.7612
50.7608
50.7603
50.7598
50.7593
50.7584
50.7576
50.7569
50.7565
50.7562
50.7559
50.7553
50.7528
50.7456
50.739
50.7359
50.7352
50.7359
50.7406
50.7479
50.7535
50.7573
50.7599
50.7615
50.7624
50.7628
50.763
50.763
50.7629
50.7628
50.7626
50.7625
50.7623
50.7622
50.7621
50.762
50.7619
50.7619
50.7618
50.7618
50.7617
50.7617
50.7616
50.7616
50.7615
50.7614
50.7613
50.7612
50.7611
50.7609
50.7608
50.7606
50.7604
50.7602
50.7599
50.7597
50.7594
50.7591
50.7588
50.7586
50.7583
50.7579
50.7576
50.7573
50.7571
50.7568
50.7565
50.7562
50.756
50.7558
50.7556
50.7554
50.7553
50.7552
50.7551
50.7551
50.7551
50.7551
50.7551
50.7552
50.7553
50.7555
50.7556
50.7558
50.756
50.7562
50.7565
50.7567
50.7569
50.7571
50.7573
50.7575
50.7577
50.7578
50.758
50.7581
50.7581
50.7582
50.7582
50.7582
50.7582
50.7582
50.7581
50.758
50.7579
50.7577
50.7575
50.7574
50.7572
50.7569
50.7567
50.7565
50.7562
50.756
50.7558
50.7555
50.7553
50.7551
50.755
50.7549
50.7548
50.7547
50.7547
50.7547
50.7547
50.7548
50.7549
50.755
50.7552
50.7554
50.7556
50.7558
50.7561
50.7563
50.7565
50.7567
50.7569
50.7571
50.7572
50.7573
50.7574
50.7575
50.7579
50.7565
50.7269
50.7136
50.7087
50.7078
50.7055
50.7004
50.6936
50.6862
50.6779
50.6697
50.6614
50.6529
50.645
50.637
50.6297
50.6225
50.6166
50.6114
50.6079
50.6061
50.7359
50.7325
50.7331
50.7344
50.7333
50.7295
50.7235
50.7178
50.7105
50.704
50.6968
50.6903
50.6831
50.6766
50.6704
50.6648
50.6596
50.6555
50.6526
50.6506
50.7583
50.7582
50.7572
50.7551
50.7522
50.7487
50.7445
50.7395
50.7341
50.7274
50.7198
50.711
50.7008
50.6904
50.6811
50.6732
50.6653
50.6554
50.6448
50.633
50.7692
50.7728
50.7728
50.7713
50.7699
50.7686
50.767
50.7633
50.758
50.7532
50.7496
50.748
50.7576
50.7635
50.7586
50.7417
50.7209
50.7076
50.6964
50.6858
50.7727
50.7797
50.7806
50.7789
50.7773
50.7761
50.7744
50.7708
50.7656
50.7605
50.7566
50.7551
50.7635
50.7701
50.7676
50.7543
50.7346
50.7195
50.707
50.6954
50.629
50.6322
50.6304
50.6295
50.6283
50.6275
50.6272
50.627
50.627
50.6268
50.6266
50.6265
50.6263
50.6262
50.6261
50.626
50.6259
50.6259
50.6258
50.6257
50.6257
50.6257
50.6256
50.6256
50.6256
50.6257
50.6257
50.6258
50.6259
50.626
50.6262
50.6264
50.6266
50.6268
50.627
50.6272
50.6273
50.6275
50.6277
50.6279
50.6281
50.6284
50.6286
50.6287
50.629
50.6292
50.6294
50.6296
50.6299
50.6301
50.6303
50.6305
50.6307
50.631
50.6312
50.6315
50.6318
50.632
50.6322
50.6324
50.6326
50.6328
50.6329
50.633
50.6332
50.6337
50.6343
50.635
50.6356
50.6349
50.6299
50.6238
50.6209
50.6209
50.6224
50.6269
50.6354
50.6428
50.6484
50.6526
50.6558
50.6584
50.6604
50.6621
50.6637
50.6651
50.6666
50.668
50.6693
50.6707
50.6721
50.6735
50.6749
50.6764
50.6777
50.6792
50.6804
50.6819
50.6822
50.6917
50.6448
50.6416
50.6393
50.6378
50.6366
50.6357
50.6353
50.6351
50.6351
50.6349
50.6347
50.6345
50.6343
50.6342
50.634
50.6339
50.6337
50.6337
50.6336
50.6335
50.6335
50.6334
50.6334
50.6334
50.6334
50.6334
50.6335
50.6335
50.6336
50.6337
50.6338
50.6339
50.6341
50.6342
50.6344
50.6346
50.6348
50.635
50.6352
50.6354
50.6356
50.6358
50.636
50.6362
50.6364
50.6366
50.6368
50.637
50.6372
50.6374
50.6377
50.6379
50.6381
50.6383
50.6385
50.6388
50.639
50.6393
50.6395
50.6398
50.6401
50.6402
50.6404
50.6407
50.6409
50.6409
50.6409
50.641
50.6414
50.642
50.6422
50.6413
50.6397
50.6388
50.639
50.64
50.6416
50.6449
50.6504
50.6552
50.6587
50.6611
50.6628
50.6642
50.6655
50.6666
50.6677
50.6688
50.67
50.6712
50.6725
50.6738
50.6752
50.6766
50.6779
50.6793
50.6806
50.682
50.6826
50.6873
50.5987
50.6097
50.6188
50.6205
50.6196
50.6188
50.6184
50.6185
50.6185
50.6183
50.6182
50.618
50.6179
50.6177
50.6176
50.6174
50.6173
50.6172
50.6172
50.6172
50.6173
50.6174
50.6174
50.6175
50.6176
50.6176
50.6177
50.6177
50.6178
50.6179
50.618
50.6181
50.6182
50.6183
50.6185
50.6186
50.6188
50.619
50.6191
50.6192
50.6193
50.6194
50.6195
50.6196
50.6197
50.6198
50.6199
50.6199
50.6199
50.6199
50.6199
50.62
50.6201
50.6203
50.6206
50.6214
50.6237
50.6273
50.6306
50.6335
50.6358
50.6376
50.6391
50.6402
50.6411
50.6418
50.6426
50.6433
50.644
50.6448
50.6456
50.6465
50.6475
50.6486
50.6499
50.6513
50.6528
50.6544
50.6559
50.6574
50.6588
50.6602
50.6615
50.6628
50.6641
50.6654
50.6667
50.668
50.6694
50.6708
50.6722
50.6736
50.675
50.6764
50.6778
50.6792
50.6807
50.682
50.6835
50.6848
50.6693
50.6546
50.6443
50.6391
50.6383
50.6375
50.6363
50.635
50.6348
50.6347
50.6343
50.634
50.6338
50.6337
50.6336
50.6334
50.6333
50.6331
50.633
50.6329
50.6329
50.6328
50.6328
50.6328
50.6328
50.6329
50.6329
50.633
50.6332
50.6333
50.6334
50.6336
50.6337
50.6339
50.634
50.6342
50.6344
50.6345
50.6347
50.6348
50.635
50.6351
50.6353
50.6355
50.6357
50.6359
50.6361
50.6363
50.6365
50.6367
50.6369
50.6371
50.6373
50.6375
50.6376
50.6377
50.6378
50.638
50.6382
50.6384
50.6387
50.639
50.6393
50.6395
50.6397
50.64
50.6404
50.6409
50.6416
50.6423
50.6432
50.6441
50.6448
50.6446
50.6411
50.6361
50.6336
50.6337
50.6354
50.6399
50.6487
50.6558
50.6605
50.6635
50.6654
50.6669
50.6682
50.6692
50.6703
50.6714
50.6727
50.6739
50.6753
50.6766
50.678
50.6793
50.6807
50.6821
50.684
50.6843
50.6709
50.655
50.6448
50.6398
50.639
50.6386
50.6373
50.636
50.6358
50.6358
50.6354
50.635
50.6348
50.6347
50.6346
50.6344
50.6343
50.6342
50.6341
50.634
50.6339
50.6339
50.6339
50.6339
50.6339
50.6339
50.634
50.6341
50.6342
50.6343
50.6344
50.6346
50.6347
50.6349
50.635
50.6352
50.6354
50.6356
50.6357
50.6359
50.636
50.6362
50.6364
50.6366
50.6368
50.637
50.6372
50.6374
50.6376
50.6378
50.638
50.6382
50.6384
50.6387
50.6389
50.6391
50.6392
50.6394
50.6396
50.6399
50.6402
50.6405
50.6409
50.6413
50.6417
50.6421
50.6425
50.6429
50.6435
50.6442
50.645
50.6459
50.6468
50.6476
50.6477
50.6443
50.6371
50.633
50.6326
50.6345
50.6403
50.6509
50.6587
50.6634
50.6661
50.6677
50.669
50.6698
50.6707
50.6717
50.6728
50.674
50.6753
50.6766
50.6779
50.6792
50.6807
50.682
50.6839
50.684
50.6579
50.6459
50.6416
50.641
50.639
50.6345
50.6282
50.6217
50.6142
50.6069
50.5994
50.5917
50.5845
50.5773
50.5706
50.5642
50.5589
50.5544
50.5513
50.5498
50.6664
50.6635
50.6644
50.6658
50.665
50.6617
50.6562
50.6513
50.6446
50.6389
50.6327
50.6266
50.62
50.6145
50.6088
50.6038
50.5992
50.5958
50.5933
50.5915
50.6864
50.6868
50.686
50.6844
50.6821
50.6791
50.6756
50.6712
50.6663
50.6602
50.653
50.6447
50.6358
50.6273
50.62
50.6132
50.6051
50.5955
50.5852
50.5738
50.6964
50.7002
50.7005
50.6995
50.6985
50.6977
50.6963
50.6928
50.6891
50.6863
50.6855
50.6899
50.6969
50.6961
50.6847
50.6658
50.6531
50.6445
50.6365
50.6315
50.6997
50.7067
50.7079
50.7066
50.7056
50.7048
50.7032
50.6999
50.6961
50.6931
50.6921
50.6962
50.7026
50.7037
50.6947
50.6784
50.6641
50.6547
50.6453
50.6396
50.5715
50.5754
50.5761
50.577
50.5779
50.579
50.5807
50.5828
50.5847
50.5867
50.5888
50.5909
50.593
50.5952
50.5975
50.5998
50.6022
50.6046
50.6071
50.6097
50.6123
50.6149
50.6177
50.6204
50.6232
50.626
50.6289
50.6317
50.6346
50.6375
50.6404
50.6434
50.6463
50.6493
50.6523
50.6553
50.6584
50.6615
50.6647
50.6678
50.671
50.6743
50.6776
50.6809
50.6842
50.6876
50.6911
50.6945
50.6981
50.7016
50.7052
50.7089
50.7126
50.7164
50.7202
50.724
50.7278
50.7317
50.7357
50.7395
50.7432
50.7469
50.7509
50.7553
50.7602
50.7649
50.7687
50.7686
50.7655
50.7652
50.7682
50.7737
50.7809
50.7924
50.8044
50.8145
50.8231
50.8304
50.8368
50.8427
50.8485
50.8539
50.8591
50.8643
50.8694
50.8746
50.8798
50.885
50.8902
50.8955
50.9007
50.9061
50.9114
50.9168
50.9222
50.9277
50.9331
50.9387
50.9442
50.9498
50.9554
50.961
50.9667
50.9724
50.9782
50.984
50.9898
50.9956
51.0015
51.0074
51.0134
51.0194
51.0255
51.0316
51.0377
51.0439
51.0502
51.0564
51.0628
51.0691
51.0756
51.082
51.0886
51.0951
51.1017
51.1084
51.1151
51.1218
51.1286
51.1354
51.1423
51.1492
51.1562
51.1632
51.1702
51.1773
51.1844
51.1915
51.1987
51.2059
51.2132
51.2205
51.2279
51.2353
51.2427
51.2502
51.2577
51.2653
51.2729
51.2805
51.2882
51.2959
51.3037
51.3114
51.3193
51.3272
51.3351
51.343
51.351
51.359
51.367
51.3751
51.3831
51.3913
51.3994
51.4076
51.4158
51.424
51.4323
51.4406
51.4489
51.4572
51.4656
51.474
51.4825
51.4909
51.4994
51.5079
51.5165
51.525
51.5336
51.5422
51.5509
51.5595
51.5683
51.5769
51.5857
51.5943
51.6033
51.6118
51.6208
51.6293
51.6385
51.6469
51.6562
51.6645
51.6739
51.6823
51.6915
51.7009
50.5859
50.5844
50.5843
50.585
50.5858
50.5868
50.5886
50.5907
50.5927
50.5946
50.5966
50.5987
50.6009
50.6031
50.6053
50.6076
50.61
50.6124
50.6149
50.6174
50.62
50.6226
50.6253
50.628
50.6308
50.6336
50.6364
50.6393
50.6421
50.645
50.6479
50.6509
50.6538
50.6568
50.6598
50.6629
50.6659
50.669
50.6721
50.6753
50.6785
50.6818
50.685
50.6884
50.6917
50.6951
50.6985
50.702
50.7055
50.7091
50.7127
50.7163
50.7201
50.7237
50.7274
50.7313
50.7353
50.7392
50.743
50.7468
50.7508
50.7549
50.7587
50.7623
50.766
50.7702
50.775
50.7793
50.7823
50.7844
50.7869
50.7906
50.7955
50.8013
50.808
50.817
50.8259
50.8332
50.8395
50.8454
50.8509
50.8558
50.8606
50.8654
50.8703
50.8752
50.8803
50.8853
50.8905
50.8957
50.9009
50.9062
50.9116
50.9169
50.9223
50.9278
50.9332
50.9388
50.9443
50.9499
50.9555
50.9611
50.9668
50.9725
50.9783
50.984
50.9899
50.9957
51.0016
51.0075
51.0135
51.0195
51.0256
51.0317
51.0378
51.044
51.0502
51.0565
51.0629
51.0692
51.0757
51.0821
51.0886
51.0952
51.1018
51.1085
51.1152
51.1219
51.1287
51.1355
51.1424
51.1493
51.1563
51.1633
51.1703
51.1774
51.1845
51.1916
51.1988
51.206
51.2133
51.2206
51.228
51.2354
51.2428
51.2503
51.2578
51.2654
51.2729
51.2806
51.2883
51.296
51.3037
51.3115
51.3194
51.3272
51.3351
51.3431
51.3511
51.3591
51.3671
51.3751
51.3832
51.3914
51.3995
51.4077
51.4159
51.4241
51.4324
51.4407
51.449
51.4573
51.4657
51.4741
51.4825
51.491
51.4995
51.508
51.5166
51.5251
51.5337
51.5423
51.551
51.5596
51.5684
51.577
51.5858
51.5944
51.6034
51.6119
51.6209
51.6294
51.6386
51.647
51.6563
51.6646
51.674
51.6823
51.6918
51.7002
50.5408
50.5549
50.5655
50.5685
50.5694
50.5705
50.5722
50.5742
50.5762
50.5782
50.5802
50.5823
50.5845
50.5868
50.5892
50.5916
50.5941
50.5966
50.5991
50.6016
50.6042
50.6068
50.6095
50.6121
50.6149
50.6176
50.6204
50.6232
50.6261
50.629
50.6319
50.6348
50.6378
50.6408
50.6438
50.6468
50.6499
50.653
50.6561
50.6592
50.6623
50.6655
50.6687
50.6719
50.675
50.6781
50.6813
50.6845
50.6877
50.6911
50.6945
50.6983
50.7024
50.707
50.7125
50.7196
50.7266
50.7331
50.7391
50.7444
50.7494
50.7543
50.7591
50.7636
50.7682
50.7727
50.7773
50.7819
50.7866
50.7915
50.7966
50.8017
50.807
50.8123
50.8177
50.8231
50.8285
50.8338
50.8389
50.8441
50.8492
50.8542
50.8593
50.8644
50.8695
50.8747
50.8798
50.885
50.8903
50.8955
50.9008
50.9061
50.9115
50.9169
50.9223
50.9278
50.9332
50.9387
50.9443
50.9499
50.9555
50.9611
50.9668
50.9725
50.9783
50.984
50.9899
50.9957
51.0016
51.0075
51.0135
51.0195
51.0256
51.0317
51.0378
51.044
51.0502
51.0565
51.0629
51.0692
51.0757
51.0821
51.0886
51.0952
51.1018
51.1085
51.1152
51.1219
51.1287
51.1355
51.1424
51.1493
51.1563
51.1633
51.1703
51.1774
51.1845
51.1916
51.1988
51.206
51.2133
51.2206
51.228
51.2354
51.2428
51.2503
51.2578
51.2654
51.2729
51.2806
51.2883
51.296
51.3037
51.3115
51.3194
51.3272
51.3351
51.3431
51.3511
51.3591
51.3671
51.3751
51.3832
51.3914
51.3995
51.4077
51.4159
51.4241
51.4324
51.4407
51.449
51.4573
51.4657
51.4741
51.4825
51.491
51.4995
51.508
51.5166
51.5251
51.5337
51.5423
51.551
51.5596
51.5683
51.577
51.5858
51.5945
51.6033
51.612
51.6208
51.6296
51.6384
51.6471
51.6562
51.6647
51.6738
51.6826
51.6914
51.7002
50.6194
50.5982
50.588
50.5864
50.5876
50.5887
50.589
50.5903
50.5924
50.5944
50.5961
50.5982
50.6003
50.6025
50.6048
50.6071
50.6095
50.6119
50.6144
50.617
50.6196
50.6223
50.6249
50.6277
50.6304
50.6332
50.636
50.6388
50.6416
50.6445
50.6474
50.6503
50.6532
50.6562
50.6592
50.6623
50.6653
50.6684
50.6715
50.6747
50.6779
50.6812
50.6844
50.6877
50.6911
50.6945
50.6979
50.7013
50.7048
50.7084
50.712
50.7155
50.7191
50.7228
50.7264
50.7301
50.7339
50.7379
50.7419
50.7459
50.7499
50.7538
50.7577
50.7617
50.7658
50.77
50.7745
50.7793
50.7844
50.7894
50.7933
50.7939
50.7925
50.7933
50.7969
50.8028
50.8107
50.823
50.8343
50.8428
50.8496
50.8556
50.8612
50.866
50.8707
50.8755
50.8805
50.8855
50.8906
50.8958
50.901
50.9063
50.9116
50.9169
50.9223
50.9278
50.9333
50.9388
50.9443
50.9499
50.9555
50.9611
50.9668
50.9725
50.9783
50.984
50.9899
50.9957
51.0016
51.0075
51.0135
51.0195
51.0256
51.0317
51.0378
51.044
51.0502
51.0565
51.0629
51.0692
51.0757
51.0821
51.0886
51.0952
51.1018
51.1085
51.1152
51.1219
51.1287
51.1355
51.1424
51.1493
51.1563
51.1633
51.1703
51.1774
51.1845
51.1916
51.1988
51.206
51.2133
51.2206
51.228
51.2354
51.2428
51.2503
51.2578
51.2654
51.2729
51.2806
51.2883
51.296
51.3037
51.3115
51.3194
51.3272
51.3351
51.3431
51.3511
51.3591
51.3671
51.3751
51.3832
51.3914
51.3995
51.4077
51.4159
51.4241
51.4324
51.4407
51.449
51.4573
51.4657
51.4741
51.4825
51.491
51.4995
51.508
51.5166
51.5251
51.5337
51.5424
51.551
51.5597
51.5683
51.5771
51.5857
51.5946
51.6031
51.6121
51.6207
51.6297
51.6382
51.6474
51.6558
51.6651
51.6734
51.6829
51.6907
51.7001
50.6209
50.599
50.5883
50.5871
50.5884
50.5898
50.59
50.5913
50.5933
50.5955
50.5972
50.5992
50.6014
50.6036
50.6058
50.6081
50.6105
50.613
50.6154
50.618
50.6206
50.6232
50.6259
50.6286
50.6314
50.6341
50.6369
50.6398
50.6426
50.6455
50.6484
50.6513
50.6543
50.6573
50.6603
50.6633
50.6664
50.6694
50.6726
50.6757
50.6789
50.6822
50.6855
50.6888
50.6921
50.6955
50.6989
50.7024
50.7059
50.7094
50.713
50.7166
50.7203
50.7239
50.7277
50.7314
50.7352
50.7391
50.7431
50.7472
50.7514
50.7556
50.7597
50.7639
50.7681
50.7723
50.7766
50.781
50.7858
50.791
50.796
50.8002
50.8008
50.797
50.7961
50.7994
50.8055
50.8149
50.8293
50.8411
50.8496
50.8561
50.862
50.867
50.8713
50.8759
50.8807
50.8856
50.8906
50.8958
50.901
50.9062
50.9115
50.9169
50.9223
50.9277
50.9332
50.9387
50.9442
50.9498
50.9554
50.961
50.9667
50.9724
50.9782
50.984
50.9898
50.9956
51.0015
51.0074
51.0134
51.0194
51.0255
51.0316
51.0377
51.0439
51.0502
51.0564
51.0628
51.0691
51.0756
51.082
51.0886
51.0951
51.1017
51.1084
51.1151
51.1218
51.1286
51.1354
51.1423
51.1492
51.1562
51.1632
51.1702
51.1773
51.1844
51.1915
51.1987
51.2059
51.2132
51.2205
51.2279
51.2353
51.2427
51.2502
51.2577
51.2653
51.2729
51.2805
51.2882
51.2959
51.3037
51.3114
51.3193
51.3272
51.3351
51.343
51.351
51.359
51.367
51.3751
51.3831
51.3913
51.3994
51.4076
51.4158
51.424
51.4323
51.4406
51.4489
51.4572
51.4656
51.474
51.4825
51.4909
51.4994
51.5079
51.5165
51.525
51.5336
51.5423
51.5509
51.5596
51.5682
51.577
51.5856
51.5945
51.603
51.6121
51.6205
51.6297
51.6381
51.6473
51.6557
51.6651
51.6733
51.6828
51.6903
51.7013
51.7103
51.7147
51.717
51.7187
51.7204
51.7224
51.725
51.7274
51.7282
51.7267
51.7256
51.7254
51.725
51.7261
51.7307
51.7399
51.7481
51.7517
51.7492
51.7422
51.709
51.7123
51.7146
51.7165
51.7182
51.7203
51.7229
51.7253
51.7258
51.7238
51.7228
51.7229
51.7228
51.7242
51.7289
51.7385
51.7456
51.7477
51.7435
51.735
51.706
51.7081
51.7099
51.7113
51.7124
51.7131
51.7134
51.7134
51.7134
51.7132
51.7127
51.7115
51.7097
51.7078
51.7054
51.7019
51.6988
51.6967
51.6954
51.6939
51.7017
51.7031
51.7052
51.7069
51.7079
51.7084
51.7084
51.7082
51.7079
51.7073
51.7069
51.7063
51.706
51.7061
51.7053
51.7054
51.7048
51.7044
51.7042
51.7045
51.6989
51.6968
51.697
51.6983
51.6989
51.6988
51.6983
51.6975
51.6967
51.6956
51.6946
51.6936
51.6928
51.6922
51.6911
51.6907
51.6898
51.6892
51.6888
51.6892
51.7029
51.7216
51.7388
51.7458
51.7544
51.7658
51.7776
51.7888
51.8
51.8116
51.8231
51.8344
51.8459
51.8575
51.8692
51.8808
51.8924
51.9042
51.916
51.9279
51.9397
51.9515
51.9634
51.9752
51.9871
51.999
52.0109
52.0226
52.0343
52.0462
52.058
52.0698
52.0816
52.0934
52.1052
52.1171
52.129
52.1416
52.1534
52.1643
52.1754
52.1872
52.1989
52.2107
52.2228
52.2349
52.2465
52.2575
52.2689
52.2815
52.2949
52.3074
52.3159
52.3153
52.3179
52.328
52.3426
52.3628
52.3853
52.4027
52.4169
52.4294
52.4395
52.4495
52.4599
52.4706
52.4815
52.4923
52.5032
52.514
52.5249
52.5357
52.5465
52.5573
52.568
52.5787
52.5893
52.6
52.6106
52.6211
52.6316
52.6421
52.6526
52.663
52.6734
52.6837
52.6941
52.7044
52.7146
52.7249
52.7351
52.7452
52.7554
52.7654
52.7755
52.7855
52.7955
52.8054
52.8153
52.8251
52.8348
52.8446
52.8542
52.8638
52.8734
52.8829
52.8923
52.9017
52.9111
52.9203
52.9296
52.9387
52.9478
52.9569
52.9659
52.9749
52.9838
52.9927
53.0015
53.0103
53.019
53.0277
53.0364
53.045
53.0536
53.0621
53.0706
53.0791
53.0875
53.0959
53.1043
53.1126
53.1209
53.1291
53.1374
53.1455
53.1537
53.1618
53.1698
53.1778
53.1857
53.1936
53.2014
53.2092
53.2169
53.2246
53.2322
53.2397
53.2471
53.2545
53.2618
53.2691
53.2762
53.2833
53.2904
53.2973
53.3042
53.311
53.3177
53.3244
53.331
53.3376
53.344
53.3504
53.3568
53.363
53.3693
53.3754
53.3815
53.3875
53.3935
53.3994
53.4053
53.4111
53.4169
53.4225
53.4282
53.4337
53.4392
53.4447
53.4501
53.4554
53.4606
53.4658
53.4709
53.4759
53.4809
53.4857
53.4905
53.4953
53.4999
53.5045
53.509
53.5134
53.5177
53.522
53.5262
53.5303
53.5343
53.5382
53.5421
53.5459
53.5496
53.5533
53.5569
53.5604
53.5638
53.5672
53.5705
53.5738
53.577
53.5801
53.5831
53.5861
53.5891
53.592
53.5948
53.5975
53.6002
53.6029
53.6054
53.6079
53.6104
53.6128
53.6151
53.6173
53.6195
53.6216
53.6237
53.6256
53.6276
53.6294
53.6312
53.6329
53.6345
53.6361
53.6376
53.6391
53.6404
53.6418
53.643
53.6442
53.6454
53.6465
53.6475
53.6485
53.6494
53.6503
53.6512
53.652
53.6528
53.6536
53.6543
53.655
53.6556
53.6563
53.6569
53.6575
53.6581
53.6586
53.6592
53.6597
53.6603
53.6608
53.6613
53.6618
53.6623
53.6628
53.6633
53.6638
53.6643
53.6648
53.6653
53.6657
53.6662
53.6667
53.6672
53.6677
53.6682
53.6687
53.6692
53.6697
53.6702
53.6707
53.6712
53.6717
53.6722
53.6727
53.6733
53.6738
53.6743
53.6749
53.6754
53.676
53.6765
53.6771
53.6777
53.6782
53.6788
53.6794
53.68
53.6805
53.6811
53.6817
53.6823
53.6828
53.6834
53.684
53.6845
53.6851
53.6856
53.6861
53.6867
53.6872
53.6877
53.6882
53.6887
53.6892
53.6897
53.6902
53.6906
53.6911
53.6915
53.692
53.6924
53.6928
53.6933
53.6937
53.6941
53.6945
53.6949
53.6953
53.6957
53.6961
53.6965
53.6969
53.6973
53.6977
53.6981
53.6985
53.6989
53.6993
53.6997
53.7001
53.7005
53.7008
53.7012
53.7016
53.7019
53.7023
53.7026
53.703
53.7033
53.7036
53.7039
53.7042
53.7045
53.7048
53.705
53.7053
53.7055
53.7057
53.7059
53.7061
53.7063
53.7065
53.7067
53.7069
53.707
53.7072
53.7073
53.7074
53.7075
53.7077
53.7078
53.7079
53.708
53.7081
53.7082
53.7083
53.7084
53.7085
53.7085
53.7086
53.7087
53.7088
53.7089
53.709
53.7091
53.7092
53.7092
53.7093
53.7094
53.7095
53.7096
53.7097
53.7098
53.7099
53.71
53.7101
53.7102
53.7104
53.7105
53.7106
53.7107
53.7109
53.711
53.7112
53.7113
53.7115
53.7117
53.7119
53.7121
53.7123
53.7125
53.7128
53.713
53.7133
53.7136
53.7139
53.7142
53.7145
53.7148
53.7152
53.7156
53.716
53.7164
53.7169
53.7173
53.7178
53.7183
53.7188
53.7193
53.7199
53.7204
53.721
53.7216
53.7222
53.7229
53.7235
53.7242
53.7249
53.7256
53.7263
53.727
53.7278
53.7285
53.7293
53.7301
53.7308
53.7316
53.7325
53.7333
53.7341
53.735
53.7358
53.7367
53.7375
53.7384
53.7393
53.7402
53.7411
53.742
53.7429
53.7438
53.7447
53.7457
53.7466
53.7475
53.7485
53.7494
53.7504
53.7513
53.7523
53.7532
53.7542
53.7551
53.7561
53.7571
53.7581
53.7591
53.76
53.761
53.762
53.763
53.7641
53.7651
53.7661
53.7672
53.7682
53.7693
53.7703
53.7714
53.7725
53.7736
53.7747
53.7758
53.7769
53.7781
53.7792
53.7804
53.7815
53.7827
53.7839
53.7851
53.7863
53.7876
53.7888
53.79
53.7913
53.7925
53.7938
53.795
53.7963
53.7975
53.7988
53.8001
53.8013
53.8026
53.8038
53.805
53.8063
53.8075
53.8087
53.8099
53.8111
53.8123
53.8134
53.8146
53.8157
53.8168
53.8179
53.819
53.82
53.8211
53.8221
53.8231
53.8241
53.825
53.826
53.8269
53.8278
53.8287
53.8295
53.8303
53.8312
53.832
53.8327
53.8335
53.8343
53.835
53.8357
53.8364
53.8371
53.8377
53.8384
53.839
53.8396
53.8402
53.8408
53.8414
53.842
53.8426
53.8431
53.8436
53.8442
53.8447
53.8452
53.8457
53.8462
53.8467
53.8471
53.8476
53.8481
53.8485
53.849
53.8494
53.8498
53.8503
53.8507
53.8511
53.8515
53.8519
53.8523
53.8527
53.8531
53.8535
53.8539
53.8542
53.8547
53.855
53.8554
53.8557
53.8562
53.8564
53.8569
53.8572
53.8577
53.8581
53.8589
51.7012
51.721
51.7374
51.7445
51.7527
51.7638
51.7756
51.7867
51.7979
51.8095
51.8211
51.8327
51.8443
51.856
51.8678
51.8795
51.8912
51.9031
51.915
51.9268
51.9386
51.9504
51.9623
51.9742
51.986
51.9979
52.0097
52.0215
52.0333
52.0451
52.0569
52.0687
52.0805
52.0922
52.1039
52.1155
52.1271
52.1393
52.1513
52.1625
52.1739
52.1858
52.1977
52.2097
52.2217
52.2333
52.2443
52.2555
52.2679
52.2812
52.294
52.304
52.3076
52.312
52.3212
52.3347
52.3505
52.3702
52.3878
52.4027
52.4162
52.428
52.4383
52.4489
52.4597
52.4705
52.4814
52.4923
52.5032
52.5141
52.525
52.5358
52.5466
52.5574
52.5681
52.5788
52.5894
52.6001
52.6106
52.6212
52.6317
52.6422
52.6527
52.6631
52.6735
52.6838
52.6942
52.7045
52.7147
52.725
52.7352
52.7453
52.7554
52.7655
52.7756
52.7856
52.7955
52.8055
52.8153
52.8252
52.8349
52.8446
52.8543
52.8639
52.8735
52.883
52.8924
52.9018
52.9111
52.9204
52.9296
52.9388
52.9479
52.957
52.966
52.975
52.9839
52.9928
53.0016
53.0104
53.0191
53.0278
53.0364
53.0451
53.0536
53.0622
53.0707
53.0792
53.0876
53.096
53.1044
53.1127
53.121
53.1292
53.1374
53.1456
53.1537
53.1618
53.1699
53.1779
53.1858
53.1937
53.2015
53.2093
53.217
53.2247
53.2322
53.2398
53.2472
53.2546
53.2619
53.2691
53.2763
53.2834
53.2904
53.2974
53.3043
53.3111
53.3178
53.3245
53.3311
53.3376
53.3441
53.3505
53.3568
53.3631
53.3693
53.3755
53.3816
53.3876
53.3936
53.3995
53.4054
53.4112
53.4169
53.4226
53.4282
53.4338
53.4393
53.4448
53.4501
53.4555
53.4607
53.4659
53.471
53.476
53.4809
53.4858
53.4906
53.4953
53.5
53.5046
53.5091
53.5135
53.5178
53.5221
53.5262
53.5303
53.5344
53.5383
53.5422
53.546
53.5497
53.5534
53.5569
53.5605
53.5639
53.5673
53.5706
53.5738
53.577
53.5802
53.5832
53.5862
53.5892
53.592
53.5948
53.5976
53.6003
53.6029
53.6055
53.608
53.6104
53.6128
53.6151
53.6174
53.6196
53.6217
53.6237
53.6257
53.6276
53.6295
53.6312
53.633
53.6346
53.6362
53.6377
53.6391
53.6405
53.6418
53.6431
53.6443
53.6454
53.6465
53.6476
53.6486
53.6495
53.6504
53.6513
53.6521
53.6529
53.6536
53.6544
53.655
53.6557
53.6563
53.657
53.6576
53.6581
53.6587
53.6593
53.6598
53.6603
53.6609
53.6614
53.6619
53.6624
53.6629
53.6634
53.6639
53.6644
53.6648
53.6653
53.6658
53.6663
53.6668
53.6673
53.6678
53.6682
53.6687
53.6692
53.6697
53.6702
53.6707
53.6712
53.6718
53.6723
53.6728
53.6733
53.6739
53.6744
53.6749
53.6755
53.676
53.6766
53.6772
53.6777
53.6783
53.6789
53.6795
53.68
53.6806
53.6812
53.6818
53.6823
53.6829
53.6835
53.684
53.6846
53.6851
53.6857
53.6862
53.6867
53.6873
53.6878
53.6883
53.6888
53.6893
53.6897
53.6902
53.6907
53.6911
53.6916
53.692
53.6925
53.6929
53.6933
53.6937
53.6942
53.6946
53.695
53.6954
53.6958
53.6962
53.6966
53.697
53.6974
53.6978
53.6982
53.6986
53.699
53.6994
53.6998
53.7001
53.7005
53.7009
53.7013
53.7016
53.702
53.7023
53.7027
53.703
53.7033
53.7037
53.704
53.7043
53.7045
53.7048
53.7051
53.7053
53.7056
53.7058
53.706
53.7062
53.7064
53.7066
53.7068
53.7069
53.7071
53.7072
53.7074
53.7075
53.7076
53.7077
53.7078
53.7079
53.708
53.7081
53.7082
53.7083
53.7084
53.7085
53.7086
53.7087
53.7088
53.7089
53.7089
53.709
53.7091
53.7092
53.7093
53.7094
53.7095
53.7096
53.7097
53.7098
53.7099
53.71
53.7101
53.7102
53.7103
53.7104
53.7105
53.7107
53.7108
53.7109
53.7111
53.7112
53.7114
53.7116
53.7117
53.7119
53.7121
53.7123
53.7126
53.7128
53.7131
53.7133
53.7136
53.7139
53.7142
53.7146
53.7149
53.7153
53.7156
53.716
53.7165
53.7169
53.7174
53.7178
53.7183
53.7188
53.7194
53.7199
53.7205
53.7211
53.7217
53.7223
53.7229
53.7236
53.7242
53.7249
53.7256
53.7263
53.7271
53.7278
53.7286
53.7293
53.7301
53.7309
53.7317
53.7325
53.7333
53.7342
53.735
53.7359
53.7367
53.7376
53.7385
53.7393
53.7402
53.7411
53.742
53.7429
53.7439
53.7448
53.7457
53.7466
53.7476
53.7485
53.7495
53.7504
53.7513
53.7523
53.7533
53.7542
53.7552
53.7562
53.7571
53.7581
53.7591
53.7601
53.7611
53.7621
53.7631
53.7641
53.7651
53.7662
53.7672
53.7682
53.7693
53.7704
53.7714
53.7725
53.7736
53.7747
53.7758
53.777
53.7781
53.7793
53.7804
53.7816
53.7828
53.784
53.7852
53.7864
53.7876
53.7888
53.7901
53.7913
53.7926
53.7938
53.7951
53.7963
53.7976
53.7988
53.8001
53.8013
53.8026
53.8038
53.8051
53.8063
53.8075
53.8087
53.8099
53.8111
53.8123
53.8135
53.8146
53.8157
53.8168
53.8179
53.819
53.8201
53.8211
53.8221
53.8231
53.8241
53.8251
53.826
53.8269
53.8278
53.8287
53.8295
53.8304
53.8312
53.832
53.8328
53.8335
53.8343
53.835
53.8357
53.8364
53.8371
53.8378
53.8384
53.839
53.8397
53.8403
53.8409
53.8415
53.842
53.8426
53.8431
53.8437
53.8442
53.8447
53.8452
53.8457
53.8462
53.8467
53.8472
53.8476
53.8481
53.8485
53.849
53.8494
53.8499
53.8503
53.8507
53.8511
53.8515
53.8519
53.8524
53.8527
53.8531
53.8535
53.8539
53.8542
53.8547
53.855
53.8555
53.8557
53.8562
53.8565
53.8569
53.8572
53.8577
53.8582
53.8589
51.6855
51.7059
51.7177
51.7272
51.7371
51.7476
51.7585
51.7699
51.7814
51.793
51.8046
51.8164
51.8282
51.8401
51.8519
51.8638
51.8757
51.8876
51.8994
51.9112
51.923
51.9347
51.9464
51.9583
51.97
51.9817
51.9935
52.0054
52.0173
52.029
52.0406
52.0521
52.0636
52.075
52.0863
52.0977
52.1095
52.122
52.1356
52.1499
52.1652
52.1801
52.1944
52.2084
52.222
52.2345
52.2466
52.2587
52.2707
52.2827
52.2947
52.3068
52.319
52.3312
52.3435
52.3557
52.3678
52.3797
52.3914
52.4029
52.4142
52.4255
52.4367
52.4479
52.459
52.4701
52.4811
52.4921
52.5031
52.514
52.5249
52.5358
52.5466
52.5573
52.5681
52.5788
52.5894
52.6001
52.6106
52.6212
52.6317
52.6422
52.6527
52.6631
52.6735
52.6838
52.6942
52.7045
52.7147
52.725
52.7352
52.7453
52.7554
52.7655
52.7756
52.7856
52.7955
52.8055
52.8153
52.8252
52.8349
52.8446
52.8543
52.8639
52.8735
52.883
52.8924
52.9018
52.9111
52.9204
52.9296
52.9388
52.9479
52.957
52.966
52.975
52.9839
52.9928
53.0016
53.0104
53.0191
53.0278
53.0364
53.0451
53.0536
53.0622
53.0707
53.0792
53.0876
53.096
53.1044
53.1127
53.121
53.1292
53.1374
53.1456
53.1537
53.1618
53.1699
53.1779
53.1858
53.1937
53.2015
53.2093
53.217
53.2247
53.2322
53.2398
53.2472
53.2546
53.2619
53.2691
53.2763
53.2834
53.2904
53.2974
53.3043
53.3111
53.3178
53.3245
53.3311
53.3376
53.3441
53.3505
53.3568
53.3631
53.3693
53.3755
53.3816
53.3876
53.3936
53.3995
53.4054
53.4112
53.4169
53.4226
53.4282
53.4338
53.4393
53.4448
53.4501
53.4555
53.4607
53.4659
53.471
53.476
53.4809
53.4858
53.4906
53.4953
53.5
53.5046
53.5091
53.5135
53.5178
53.5221
53.5262
53.5303
53.5344
53.5383
53.5422
53.546
53.5497
53.5534
53.5569
53.5605
53.5639
53.5673
53.5706
53.5738
53.577
53.5802
53.5832
53.5862
53.5892
53.592
53.5948
53.5976
53.6003
53.6029
53.6055
53.608
53.6104
53.6128
53.6151
53.6174
53.6196
53.6217
53.6237
53.6257
53.6276
53.6295
53.6312
53.633
53.6346
53.6362
53.6377
53.6391
53.6405
53.6418
53.6431
53.6443
53.6454
53.6465
53.6476
53.6486
53.6495
53.6504
53.6513
53.6521
53.6529
53.6536
53.6544
53.655
53.6557
53.6563
53.657
53.6576
53.6581
53.6587
53.6593
53.6598
53.6603
53.6609
53.6614
53.6619
53.6624
53.6629
53.6634
53.6639
53.6644
53.6648
53.6653
53.6658
53.6663
53.6668
53.6673
53.6678
53.6682
53.6687
53.6692
53.6697
53.6702
53.6707
53.6712
53.6718
53.6723
53.6728
53.6733
53.6739
53.6744
53.6749
53.6755
53.676
53.6766
53.6772
53.6777
53.6783
53.6789
53.6795
53.68
53.6806
53.6812
53.6818
53.6823
53.6829
53.6835
53.684
53.6846
53.6851
53.6857
53.6862
53.6867
53.6873
53.6878
53.6883
53.6888
53.6893
53.6897
53.6902
53.6907
53.6911
53.6916
53.692
53.6925
53.6929
53.6933
53.6937
53.6942
53.6946
53.695
53.6954
53.6958
53.6962
53.6966
53.697
53.6974
53.6978
53.6982
53.6986
53.699
53.6994
53.6998
53.7001
53.7005
53.7009
53.7013
53.7016
53.702
53.7023
53.7027
53.703
53.7033
53.7037
53.704
53.7043
53.7045
53.7048
53.7051
53.7053
53.7056
53.7058
53.706
53.7062
53.7064
53.7066
53.7068
53.7069
53.7071
53.7072
53.7074
53.7075
53.7076
53.7077
53.7078
53.7079
53.708
53.7081
53.7082
53.7083
53.7084
53.7085
53.7086
53.7087
53.7088
53.7089
53.7089
53.709
53.7091
53.7092
53.7093
53.7094
53.7095
53.7096
53.7097
53.7098
53.7099
53.71
53.7101
53.7102
53.7103
53.7104
53.7105
53.7107
53.7108
53.7109
53.7111
53.7112
53.7114
53.7116
53.7117
53.7119
53.7121
53.7123
53.7126
53.7128
53.7131
53.7133
53.7136
53.7139
53.7142
53.7146
53.7149
53.7153
53.7156
53.716
53.7165
53.7169
53.7174
53.7178
53.7183
53.7188
53.7194
53.7199
53.7205
53.7211
53.7217
53.7223
53.7229
53.7236
53.7242
53.7249
53.7256
53.7263
53.7271
53.7278
53.7286
53.7293
53.7301
53.7309
53.7317
53.7325
53.7333
53.7342
53.735
53.7359
53.7367
53.7376
53.7385
53.7393
53.7402
53.7411
53.742
53.7429
53.7439
53.7448
53.7457
53.7466
53.7476
53.7485
53.7495
53.7504
53.7513
53.7523
53.7533
53.7542
53.7552
53.7562
53.7571
53.7581
53.7591
53.7601
53.7611
53.7621
53.7631
53.7641
53.7651
53.7662
53.7672
53.7682
53.7693
53.7704
53.7714
53.7725
53.7736
53.7747
53.7758
53.777
53.7781
53.7793
53.7804
53.7816
53.7828
53.784
53.7852
53.7864
53.7876
53.7888
53.7901
53.7913
53.7926
53.7938
53.7951
53.7963
53.7976
53.7988
53.8001
53.8013
53.8026
53.8038
53.8051
53.8063
53.8075
53.8087
53.8099
53.8111
53.8123
53.8135
53.8146
53.8157
53.8168
53.8179
53.819
53.8201
53.8211
53.8221
53.8231
53.8241
53.8251
53.826
53.8269
53.8278
53.8287
53.8295
53.8304
53.8312
53.832
53.8328
53.8335
53.8343
53.835
53.8357
53.8364
53.8371
53.8378
53.8384
53.839
53.8397
53.8403
53.8409
53.8415
53.842
53.8426
53.8431
53.8437
53.8442
53.8447
53.8452
53.8457
53.8462
53.8467
53.8472
53.8476
53.8481
53.8485
53.849
53.8494
53.8499
53.8503
53.8507
53.8511
53.8515
53.8519
53.8524
53.8527
53.8531
53.8535
53.8539
53.8542
53.8547
53.855
53.8555
53.8557
53.8562
53.8565
53.8569
53.8572
53.8577
53.8582
53.8589
51.7042
51.7191
51.731
51.7415
51.7519
51.7628
51.774
51.7854
51.7968
51.8083
51.8199
51.8315
51.8432
51.855
51.8668
51.8787
51.8906
51.9025
51.9145
51.9265
51.9384
51.9504
51.9623
51.9743
51.9862
51.9981
52.01
52.0219
52.0337
52.0456
52.0575
52.0694
52.0812
52.093
52.1049
52.1168
52.1284
52.14
52.1517
52.1636
52.1753
52.1866
52.1983
52.2108
52.2225
52.233
52.2438
52.2561
52.2688
52.2797
52.2885
52.2968
52.3066
52.319
52.3331
52.348
52.3637
52.3784
52.3922
52.4051
52.4161
52.4268
52.4377
52.4486
52.4595
52.4704
52.4814
52.4923
52.5032
52.5141
52.5249
52.5358
52.5466
52.5573
52.5681
52.5788
52.5894
52.6001
52.6106
52.6212
52.6317
52.6422
52.6527
52.6631
52.6735
52.6838
52.6942
52.7045
52.7147
52.725
52.7352
52.7453
52.7554
52.7655
52.7756
52.7856
52.7955
52.8055
52.8153
52.8252
52.8349
52.8446
52.8543
52.8639
52.8735
52.883
52.8924
52.9018
52.9111
52.9204
52.9296
52.9388
52.9479
52.957
52.966
52.975
52.9839
52.9928
53.0016
53.0104
53.0191
53.0278
53.0364
53.0451
53.0536
53.0622
53.0707
53.0792
53.0876
53.096
53.1044
53.1127
53.121
53.1292
53.1374
53.1456
53.1537
53.1618
53.1699
53.1779
53.1858
53.1937
53.2015
53.2093
53.217
53.2247
53.2322
53.2398
53.2472
53.2546
53.2619
53.2691
53.2763
53.2834
53.2904
53.2974
53.3043
53.3111
53.3178
53.3245
53.3311
53.3376
53.3441
53.3505
53.3568
53.3631
53.3693
53.3755
53.3816
53.3876
53.3936
53.3995
53.4054
53.4112
53.4169
53.4226
53.4282
53.4338
53.4393
53.4448
53.4501
53.4555
53.4607
53.4659
53.471
53.476
53.4809
53.4858
53.4906
53.4953
53.5
53.5046
53.5091
53.5135
53.5178
53.5221
53.5262
53.5303
53.5344
53.5383
53.5422
53.546
53.5497
53.5534
53.5569
53.5605
53.5639
53.5673
53.5706
53.5738
53.577
53.5802
53.5832
53.5862
53.5892
53.592
53.5948
53.5976
53.6003
53.6029
53.6055
53.608
53.6104
53.6128
53.6151
53.6174
53.6196
53.6217
53.6237
53.6257
53.6276
53.6295
53.6312
53.633
53.6346
53.6362
53.6377
53.6391
53.6405
53.6418
53.6431
53.6443
53.6454
53.6465
53.6476
53.6486
53.6495
53.6504
53.6513
53.6521
53.6529
53.6536
53.6544
53.655
53.6557
53.6563
53.657
53.6576
53.6581
53.6587
53.6593
53.6598
53.6603
53.6609
53.6614
53.6619
53.6624
53.6629
53.6634
53.6639
53.6644
53.6648
53.6653
53.6658
53.6663
53.6668
53.6673
53.6678
53.6682
53.6687
53.6692
53.6697
53.6702
53.6707
53.6712
53.6718
53.6723
53.6728
53.6733
53.6739
53.6744
53.6749
53.6755
53.676
53.6766
53.6772
53.6777
53.6783
53.6789
53.6795
53.68
53.6806
53.6812
53.6818
53.6823
53.6829
53.6835
53.684
53.6846
53.6851
53.6857
53.6862
53.6867
53.6873
53.6878
53.6883
53.6888
53.6893
53.6897
53.6902
53.6907
53.6911
53.6916
53.692
53.6925
53.6929
53.6933
53.6937
53.6942
53.6946
53.695
53.6954
53.6958
53.6962
53.6966
53.697
53.6974
53.6978
53.6982
53.6986
53.699
53.6994
53.6998
53.7001
53.7005
53.7009
53.7013
53.7016
53.702
53.7023
53.7027
53.703
53.7033
53.7037
53.704
53.7043
53.7045
53.7048
53.7051
53.7053
53.7056
53.7058
53.706
53.7062
53.7064
53.7066
53.7068
53.7069
53.7071
53.7072
53.7074
53.7075
53.7076
53.7077
53.7078
53.7079
53.708
53.7081
53.7082
53.7083
53.7084
53.7085
53.7086
53.7087
53.7088
53.7089
53.7089
53.709
53.7091
53.7092
53.7093
53.7094
53.7095
53.7096
53.7097
53.7098
53.7099
53.71
53.7101
53.7102
53.7103
53.7104
53.7105
53.7107
53.7108
53.7109
53.7111
53.7112
53.7114
53.7116
53.7117
53.7119
53.7121
53.7123
53.7126
53.7128
53.7131
53.7133
53.7136
53.7139
53.7142
53.7146
53.7149
53.7153
53.7156
53.716
53.7165
53.7169
53.7174
53.7178
53.7183
53.7188
53.7194
53.7199
53.7205
53.7211
53.7217
53.7223
53.7229
53.7236
53.7242
53.7249
53.7256
53.7263
53.7271
53.7278
53.7286
53.7293
53.7301
53.7309
53.7317
53.7325
53.7333
53.7342
53.735
53.7359
53.7367
53.7376
53.7385
53.7393
53.7402
53.7411
53.742
53.7429
53.7439
53.7448
53.7457
53.7466
53.7476
53.7485
53.7495
53.7504
53.7513
53.7523
53.7533
53.7542
53.7552
53.7562
53.7571
53.7581
53.7591
53.7601
53.7611
53.7621
53.7631
53.7641
53.7651
53.7662
53.7672
53.7682
53.7693
53.7704
53.7714
53.7725
53.7736
53.7747
53.7758
53.777
53.7781
53.7793
53.7804
53.7816
53.7828
53.784
53.7852
53.7864
53.7876
53.7888
53.7901
53.7913
53.7926
53.7938
53.7951
53.7963
53.7976
53.7988
53.8001
53.8013
53.8026
53.8038
53.8051
53.8063
53.8075
53.8087
53.8099
53.8111
53.8123
53.8135
53.8146
53.8157
53.8168
53.8179
53.819
53.8201
53.8211
53.8221
53.8231
53.8241
53.8251
53.826
53.8269
53.8278
53.8287
53.8295
53.8304
53.8312
53.832
53.8328
53.8335
53.8343
53.835
53.8357
53.8364
53.8371
53.8378
53.8384
53.839
53.8397
53.8403
53.8409
53.8415
53.842
53.8426
53.8431
53.8437
53.8442
53.8447
53.8452
53.8457
53.8462
53.8467
53.8472
53.8476
53.8481
53.8485
53.849
53.8494
53.8499
53.8503
53.8507
53.8511
53.8515
53.8519
53.8524
53.8527
53.8531
53.8535
53.8539
53.8542
53.8547
53.855
53.8555
53.8557
53.8562
53.8565
53.8569
53.8572
53.8577
53.8582
53.8589
51.7015
51.7162
51.7278
51.7379
51.7479
51.7585
51.7694
51.7804
51.7915
51.8026
51.8138
51.8251
51.8366
51.8482
51.8599
51.8717
51.8836
51.8955
51.9074
51.9192
51.9312
51.9431
51.955
51.9669
51.9788
51.9906
52.0025
52.0145
52.0263
52.0382
52.05
52.0619
52.0737
52.0854
52.0972
52.109
52.1208
52.1324
52.1439
52.1555
52.1675
52.1796
52.1914
52.2025
52.2132
52.225
52.2381
52.2512
52.2623
52.2669
52.2695
52.2769
52.289
52.3036
52.3214
52.3417
52.3589
52.3739
52.3879
52.4014
52.4139
52.4253
52.4366
52.4478
52.459
52.47
52.4811
52.4921
52.503
52.5139
52.5248
52.5357
52.5465
52.5573
52.568
52.5787
52.5893
52.6
52.6106
52.6211
52.6316
52.6421
52.6526
52.663
52.6734
52.6837
52.6941
52.7044
52.7146
52.7249
52.7351
52.7452
52.7554
52.7654
52.7755
52.7855
52.7955
52.8054
52.8153
52.8251
52.8348
52.8446
52.8542
52.8638
52.8734
52.8829
52.8923
52.9017
52.9111
52.9203
52.9296
52.9387
52.9478
52.9569
52.9659
52.9749
52.9838
52.9927
53.0015
53.0103
53.019
53.0277
53.0364
53.045
53.0536
53.0621
53.0706
53.0791
53.0875
53.0959
53.1043
53.1126
53.1209
53.1291
53.1374
53.1455
53.1537
53.1618
53.1698
53.1778
53.1857
53.1936
53.2014
53.2092
53.2169
53.2246
53.2322
53.2397
53.2471
53.2545
53.2618
53.2691
53.2762
53.2833
53.2904
53.2973
53.3042
53.311
53.3177
53.3244
53.331
53.3376
53.344
53.3504
53.3568
53.363
53.3693
53.3754
53.3815
53.3875
53.3935
53.3994
53.4053
53.4111
53.4169
53.4225
53.4282
53.4337
53.4392
53.4447
53.4501
53.4554
53.4606
53.4658
53.4709
53.4759
53.4809
53.4857
53.4905
53.4953
53.4999
53.5045
53.509
53.5134
53.5177
53.522
53.5262
53.5303
53.5343
53.5382
53.5421
53.5459
53.5496
53.5533
53.5569
53.5604
53.5638
53.5672
53.5705
53.5738
53.577
53.5801
53.5831
53.5861
53.5891
53.592
53.5948
53.5975
53.6002
53.6029
53.6054
53.6079
53.6104
53.6128
53.6151
53.6173
53.6195
53.6216
53.6237
53.6256
53.6276
53.6294
53.6312
53.6329
53.6345
53.6361
53.6376
53.6391
53.6404
53.6418
53.643
53.6442
53.6454
53.6465
53.6475
53.6485
53.6494
53.6503
53.6512
53.652
53.6528
53.6536
53.6543
53.655
53.6556
53.6563
53.6569
53.6575
53.6581
53.6586
53.6592
53.6597
53.6603
53.6608
53.6613
53.6618
53.6623
53.6628
53.6633
53.6638
53.6643
53.6648
53.6653
53.6657
53.6662
53.6667
53.6672
53.6677
53.6682
53.6687
53.6692
53.6697
53.6702
53.6707
53.6712
53.6717
53.6722
53.6727
53.6733
53.6738
53.6743
53.6749
53.6754
53.676
53.6765
53.6771
53.6777
53.6782
53.6788
53.6794
53.68
53.6805
53.6811
53.6817
53.6823
53.6828
53.6834
53.684
53.6845
53.6851
53.6856
53.6861
53.6867
53.6872
53.6877
53.6882
53.6887
53.6892
53.6897
53.6902
53.6906
53.6911
53.6915
53.692
53.6924
53.6928
53.6933
53.6937
53.6941
53.6945
53.6949
53.6953
53.6957
53.6961
53.6965
53.6969
53.6973
53.6977
53.6981
53.6985
53.6989
53.6993
53.6997
53.7001
53.7005
53.7008
53.7012
53.7016
53.7019
53.7023
53.7026
53.703
53.7033
53.7036
53.7039
53.7042
53.7045
53.7048
53.705
53.7053
53.7055
53.7057
53.7059
53.7061
53.7063
53.7065
53.7067
53.7069
53.707
53.7072
53.7073
53.7074
53.7075
53.7077
53.7078
53.7079
53.708
53.7081
53.7082
53.7083
53.7084
53.7085
53.7085
53.7086
53.7087
53.7088
53.7089
53.709
53.7091
53.7092
53.7092
53.7093
53.7094
53.7095
53.7096
53.7097
53.7098
53.7099
53.71
53.7101
53.7102
53.7104
53.7105
53.7106
53.7107
53.7109
53.711
53.7112
53.7113
53.7115
53.7117
53.7119
53.7121
53.7123
53.7125
53.7128
53.713
53.7133
53.7136
53.7139
53.7142
53.7145
53.7148
53.7152
53.7156
53.716
53.7164
53.7169
53.7173
53.7178
53.7183
53.7188
53.7193
53.7199
53.7204
53.721
53.7216
53.7222
53.7229
53.7235
53.7242
53.7249
53.7256
53.7263
53.727
53.7278
53.7285
53.7293
53.7301
53.7308
53.7316
53.7325
53.7333
53.7341
53.735
53.7358
53.7367
53.7375
53.7384
53.7393
53.7402
53.7411
53.742
53.7429
53.7438
53.7447
53.7457
53.7466
53.7475
53.7485
53.7494
53.7504
53.7513
53.7523
53.7532
53.7542
53.7551
53.7561
53.7571
53.7581
53.7591
53.76
53.761
53.762
53.763
53.7641
53.7651
53.7661
53.7672
53.7682
53.7693
53.7703
53.7714
53.7725
53.7736
53.7747
53.7758
53.7769
53.7781
53.7792
53.7804
53.7815
53.7827
53.7839
53.7851
53.7863
53.7876
53.7888
53.79
53.7913
53.7925
53.7938
53.795
53.7963
53.7975
53.7988
53.8001
53.8013
53.8026
53.8038
53.805
53.8063
53.8075
53.8087
53.8099
53.8111
53.8123
53.8134
53.8146
53.8157
53.8168
53.8179
53.819
53.82
53.8211
53.8221
53.8231
53.8241
53.825
53.826
53.8269
53.8278
53.8287
53.8295
53.8303
53.8312
53.832
53.8327
53.8335
53.8343
53.835
53.8357
53.8364
53.8371
53.8377
53.8384
53.839
53.8396
53.8402
53.8408
53.8414
53.842
53.8426
53.8431
53.8436
53.8442
53.8447
53.8452
53.8457
53.8462
53.8467
53.8471
53.8476
53.8481
53.8485
53.849
53.8494
53.8498
53.8503
53.8507
53.8511
53.8515
53.8519
53.8523
53.8527
53.8531
53.8535
53.8539
53.8542
53.8547
53.855
53.8554
53.8557
53.8562
53.8564
53.8569
53.8572
53.8577
53.8581
53.8589
)
;

boundaryField
{
    inlet
    {
        type            calculated;
        value           nonuniform List<scalar> 5(50.9111 50.9113 50.9113 50.9113 50.9111);
    }
    outlet
    {
        type            calculated;
        value           nonuniform List<scalar> 5(53.8591 53.8591 53.8591 53.8591 53.8591);
    }
    sides
    {
        type            empty;
    }
    walls
    {
        type            calculated;
        value           nonuniform List<scalar> 
2760
(
50.9111
50.9111
50.9111
50.9111
50.9111
50.9111
50.911
50.911
50.911
50.911
50.9109
50.9109
50.9109
50.911
50.9112
50.9114
50.9115
50.9117
50.9117
50.9118
50.9118
50.9118
50.9119
50.912
50.9122
50.9123
50.9126
50.9128
50.9131
50.9134
50.9137
50.914
50.9142
50.9144
50.9146
50.9147
50.9147
50.9148
50.9149
50.915
50.9152
50.9154
50.9155
50.9157
50.9158
50.9159
50.9159
50.916
50.916
50.916
50.9159
50.9159
50.9159
50.9159
50.9159
50.9159
50.9159
50.9159
50.9159
50.916
50.916
50.9161
50.9161
50.9162
50.9163
50.9164
50.9164
50.9165
50.9166
50.9167
50.9168
50.9169
50.9169
50.917
50.917
50.917
50.9171
50.9171
50.9171
50.9171
50.917
50.917
50.9169
50.9169
50.9168
50.9168
50.9167
50.9167
50.9166
50.9166
50.9165
50.9165
50.9165
50.9165
50.9165
50.9165
50.9165
50.9166
50.9167
50.9167
50.9168
50.9169
50.917
50.9171
50.9172
50.9173
50.9174
50.9175
50.9176
50.9176
50.9177
50.9177
50.9177
50.9177
50.9177
50.9176
50.9176
50.9175
50.9174
50.9173
50.9172
50.9171
50.917
50.9169
50.9168
50.9167
50.9166
50.9165
50.9165
50.9164
50.9164
50.9164
50.9165
50.9165
50.9166
50.9167
50.9168
50.9169
50.917
50.9172
50.9173
50.9174
50.9175
50.9176
50.9177
50.9178
50.9178
50.9178
50.9178
50.9177
50.9177
50.9176
50.9174
50.9173
50.9171
50.9169
50.9168
50.9166
50.9164
50.9162
50.916
50.9158
50.9157
50.9155
50.9154
50.9153
50.9152
50.9151
50.9151
50.9151
50.9151
50.9152
50.9152
50.9153
50.9154
50.9156
50.9157
50.9157
50.9158
50.9158
50.9158
50.9158
50.9156
50.9154
50.9152
50.9149
50.9146
50.9142
50.9138
50.9133
50.9129
50.9124
50.912
50.9115
50.911
50.9105
50.9101
50.9095
50.9094
50.906
50.9111
50.9111
50.9111
50.9111
50.9111
50.9111
50.911
50.911
50.911
50.911
50.9109
50.9109
50.9109
50.911
50.9112
50.9114
50.9115
50.9117
50.9117
50.9118
50.9118
50.9118
50.9119
50.912
50.9122
50.9123
50.9126
50.9128
50.9131
50.9134
50.9137
50.914
50.9142
50.9144
50.9146
50.9147
50.9147
50.9148
50.9149
50.915
50.9152
50.9154
50.9155
50.9157
50.9158
50.9159
50.9159
50.916
50.916
50.916
50.9159
50.9159
50.9159
50.9159
50.9159
50.9159
50.9159
50.9159
50.9159
50.916
50.916
50.9161
50.9161
50.9162
50.9163
50.9164
50.9164
50.9165
50.9166
50.9167
50.9168
50.9169
50.9169
50.917
50.917
50.917
50.9171
50.9171
50.9171
50.9171
50.917
50.917
50.9169
50.9169
50.9168
50.9168
50.9167
50.9167
50.9166
50.9166
50.9165
50.9165
50.9165
50.9165
50.9165
50.9165
50.9165
50.9166
50.9167
50.9167
50.9168
50.9169
50.917
50.9171
50.9172
50.9173
50.9174
50.9175
50.9176
50.9176
50.9177
50.9177
50.9177
50.9177
50.9177
50.9176
50.9176
50.9175
50.9174
50.9173
50.9172
50.9171
50.917
50.9169
50.9168
50.9167
50.9166
50.9165
50.9165
50.9164
50.9164
50.9164
50.9165
50.9165
50.9166
50.9167
50.9168
50.9169
50.917
50.9172
50.9173
50.9174
50.9175
50.9176
50.9177
50.9178
50.9178
50.9178
50.9178
50.9177
50.9177
50.9176
50.9174
50.9173
50.9171
50.9169
50.9168
50.9166
50.9164
50.9162
50.916
50.9158
50.9157
50.9155
50.9154
50.9153
50.9152
50.9151
50.9151
50.9151
50.9151
50.9152
50.9152
50.9153
50.9154
50.9156
50.9157
50.9157
50.9158
50.9158
50.9158
50.9158
50.9156
50.9154
50.9152
50.9149
50.9146
50.9142
50.9138
50.9133
50.9129
50.9124
50.912
50.9115
50.911
50.9105
50.91
50.9097
50.9076
50.9199
50.9247
50.9316
50.9322
50.9302
50.9284
50.9267
50.9254
50.9255
50.9245
50.9198
50.9109
50.9023
50.8957
50.8898
50.8869
50.8929
50.9039
50.9101
50.9058
50.8888
50.8751
50.8624
50.8576
50.857
50.8548
50.8497
50.8429
50.8343
50.8264
50.8172
50.8086
50.7999
50.7919
50.784
50.7772
50.7705
50.7649
50.7597
50.7559
50.7539
50.7965
50.7807
50.7996
50.7966
50.7887
50.7868
50.7864
50.7861
50.7851
50.7844
50.7842
50.7837
50.7833
50.7828
50.7824
50.782
50.7816
50.7811
50.7807
50.7803
50.7799
50.7794
50.779
50.7786
50.7781
50.7777
50.7773
50.7769
50.7765
50.7761
50.7758
50.7755
50.7751
50.7748
50.7745
50.7743
50.774
50.7737
50.7735
50.7733
50.7732
50.7731
50.7731
50.773
50.7727
50.7723
50.772
50.7717
50.7715
50.7712
50.771
50.7707
50.7705
50.7701
50.7698
50.7694
50.7689
50.7684
50.7679
50.7674
50.7669
50.7665
50.7661
50.7657
50.7653
50.7649
50.7642
50.7636
50.7632
50.7628
50.7626
50.7623
50.7617
50.7597
50.7527
50.7447
50.7409
50.7402
50.7417
50.7492
50.7578
50.7628
50.7651
50.7657
50.7655
50.7651
50.7643
50.7637
50.7632
50.7628
50.7625
50.7623
50.7621
50.762
50.7619
50.7618
50.7618
50.7617
50.7616
50.7616
50.7615
50.7614
50.7613
50.7612
50.7611
50.7609
50.7608
50.7606
50.7604
50.7602
50.7599
50.7597
50.7594
50.7591
50.7588
50.7586
50.7583
50.7579
50.7576
50.7573
50.7571
50.7568
50.7565
50.7562
50.756
50.7558
50.7556
50.7554
50.7553
50.7552
50.7551
50.7551
50.7551
50.7551
50.7551
50.7552
50.7553
50.7555
50.7556
50.7558
50.756
50.7562
50.7565
50.7567
50.7569
50.7571
50.7573
50.7575
50.7577
50.7578
50.758
50.7581
50.7581
50.7582
50.7582
50.7582
50.7582
50.7582
50.7581
50.758
50.7579
50.7577
50.7575
50.7574
50.7572
50.7569
50.7567
50.7565
50.7562
50.756
50.7558
50.7555
50.7553
50.7552
50.755
50.7549
50.7548
50.7547
50.7546
50.7547
50.7547
50.7548
50.7549
50.755
50.7552
50.7554
50.7556
50.7558
50.7561
50.7563
50.7565
50.7567
50.7569
50.7571
50.7572
50.7573
50.7573
50.7575
50.7562
50.7652
50.7768
50.7816
50.7809
50.7793
50.7783
50.7774
50.7769
50.7765
50.7762
50.7758
50.7753
50.7749
50.7744
50.774
50.7736
50.7732
50.7727
50.7723
50.7719
50.7715
50.7711
50.7707
50.7703
50.7699
50.7695
50.7691
50.7687
50.7684
50.768
50.7677
50.7674
50.7671
50.7669
50.7666
50.7664
50.7662
50.766
50.7657
50.7655
50.7653
50.7651
50.7649
50.7647
50.7644
50.7642
50.764
50.7639
50.7637
50.7635
50.7633
50.763
50.7628
50.7625
50.7622
50.7619
50.7616
50.7612
50.7608
50.7603
50.7598
50.7593
50.7584
50.7576
50.7569
50.7565
50.7562
50.7559
50.7553
50.7528
50.7456
50.739
50.7359
50.7352
50.7359
50.7406
50.7479
50.7535
50.7573
50.7599
50.7615
50.7624
50.7628
50.763
50.763
50.7629
50.7628
50.7626
50.7625
50.7623
50.7622
50.7621
50.762
50.7619
50.7619
50.7618
50.7618
50.7617
50.7617
50.7616
50.7616
50.7615
50.7614
50.7613
50.7612
50.7611
50.7609
50.7608
50.7606
50.7604
50.7602
50.7599
50.7597
50.7594
50.7591
50.7588
50.7586
50.7583
50.7579
50.7576
50.7573
50.7571
50.7568
50.7565
50.7562
50.756
50.7558
50.7556
50.7554
50.7553
50.7552
50.7551
50.7551
50.7551
50.7551
50.7551
50.7552
50.7553
50.7555
50.7556
50.7558
50.756
50.7562
50.7565
50.7567
50.7569
50.7571
50.7573
50.7575
50.7577
50.7578
50.758
50.7581
50.7581
50.7582
50.7582
50.7582
50.7582
50.7582
50.7581
50.758
50.7579
50.7577
50.7575
50.7574
50.7572
50.7569
50.7567
50.7565
50.7562
50.756
50.7558
50.7555
50.7553
50.7551
50.755
50.7549
50.7548
50.7547
50.7547
50.7547
50.7547
50.7548
50.7549
50.755
50.7552
50.7554
50.7556
50.7558
50.7561
50.7563
50.7565
50.7567
50.7569
50.7571
50.7572
50.7573
50.7574
50.7575
50.7579
50.7565
50.7269
50.7136
50.7087
50.7078
50.7055
50.7004
50.6936
50.6862
50.6779
50.6697
50.6614
50.6529
50.645
50.637
50.6297
50.6225
50.6166
50.6114
50.6079
50.6061
50.7727
50.7797
50.7806
50.7789
50.7773
50.7761
50.7744
50.7708
50.7656
50.7605
50.7566
50.7551
50.7635
50.7701
50.7676
50.7543
50.7346
50.7195
50.707
50.6954
50.629
50.6322
50.6304
50.6295
50.6283
50.6275
50.6272
50.627
50.627
50.6268
50.6266
50.6265
50.6263
50.6262
50.6261
50.626
50.6259
50.6259
50.6258
50.6257
50.6257
50.6257
50.6256
50.6256
50.6256
50.6257
50.6257
50.6258
50.6259
50.626
50.6262
50.6264
50.6266
50.6268
50.627
50.6272
50.6273
50.6275
50.6277
50.6279
50.6281
50.6284
50.6286
50.6287
50.629
50.6292
50.6294
50.6296
50.6299
50.6301
50.6303
50.6305
50.6307
50.631
50.6312
50.6315
50.6318
50.632
50.6322
50.6324
50.6326
50.6328
50.6329
50.633
50.6332
50.6337
50.6343
50.635
50.6356
50.6349
50.6299
50.6238
50.6209
50.6209
50.6224
50.6269
50.6354
50.6428
50.6484
50.6526
50.6558
50.6584
50.6604
50.6621
50.6637
50.6651
50.6666
50.668
50.6693
50.6707
50.6721
50.6735
50.6749
50.6764
50.6777
50.6792
50.6804
50.6819
50.6822
50.6917
50.6709
50.655
50.6448
50.6398
50.639
50.6386
50.6373
50.636
50.6358
50.6358
50.6354
50.635
50.6348
50.6347
50.6346
50.6344
50.6343
50.6342
50.6341
50.634
50.6339
50.6339
50.6339
50.6339
50.6339
50.6339
50.634
50.6341
50.6342
50.6343
50.6344
50.6346
50.6347
50.6349
50.635
50.6352
50.6354
50.6356
50.6357
50.6359
50.636
50.6362
50.6364
50.6366
50.6368
50.637
50.6372
50.6374
50.6376
50.6378
50.638
50.6382
50.6384
50.6387
50.6389
50.6391
50.6392
50.6394
50.6396
50.6399
50.6402
50.6405
50.6409
50.6413
50.6417
50.6421
50.6425
50.6429
50.6435
50.6442
50.645
50.6459
50.6468
50.6476
50.6477
50.6443
50.6371
50.633
50.6326
50.6345
50.6403
50.6509
50.6587
50.6634
50.6661
50.6677
50.669
50.6698
50.6707
50.6717
50.6728
50.674
50.6753
50.6766
50.6779
50.6792
50.6807
50.682
50.6839
50.684
50.6579
50.6459
50.6416
50.641
50.639
50.6345
50.6282
50.6217
50.6142
50.6069
50.5994
50.5917
50.5845
50.5773
50.5706
50.5642
50.5589
50.5544
50.5513
50.5498
50.6997
50.7067
50.7079
50.7066
50.7056
50.7048
50.7032
50.6999
50.6961
50.6931
50.6921
50.6962
50.7026
50.7037
50.6947
50.6784
50.6641
50.6547
50.6453
50.6396
50.5715
50.5754
50.5761
50.577
50.5779
50.579
50.5807
50.5828
50.5847
50.5867
50.5888
50.5909
50.593
50.5952
50.5975
50.5998
50.6022
50.6046
50.6071
50.6097
50.6123
50.6149
50.6177
50.6204
50.6232
50.626
50.6289
50.6317
50.6346
50.6375
50.6404
50.6434
50.6463
50.6493
50.6523
50.6553
50.6584
50.6615
50.6647
50.6678
50.671
50.6743
50.6776
50.6809
50.6842
50.6876
50.6911
50.6945
50.6981
50.7016
50.7052
50.7089
50.7126
50.7164
50.7202
50.724
50.7278
50.7317
50.7357
50.7395
50.7432
50.7469
50.7509
50.7553
50.7602
50.7649
50.7687
50.7686
50.7655
50.7652
50.7682
50.7737
50.7809
50.7924
50.8044
50.8145
50.8231
50.8304
50.8368
50.8427
50.8485
50.8539
50.8591
50.8643
50.8694
50.8746
50.8798
50.885
50.8902
50.8955
50.9007
50.9061
50.9114
50.9168
50.9222
50.9277
50.9331
50.9387
50.9442
50.9498
50.9554
50.961
50.9667
50.9724
50.9782
50.984
50.9898
50.9956
51.0015
51.0074
51.0134
51.0194
51.0255
51.0316
51.0377
51.0439
51.0502
51.0564
51.0628
51.0691
51.0756
51.082
51.0886
51.0951
51.1017
51.1084
51.1151
51.1218
51.1286
51.1354
51.1423
51.1492
51.1562
51.1632
51.1702
51.1773
51.1844
51.1915
51.1987
51.2059
51.2132
51.2205
51.2279
51.2353
51.2427
51.2502
51.2577
51.2653
51.2729
51.2805
51.2882
51.2959
51.3037
51.3114
51.3193
51.3272
51.3351
51.343
51.351
51.359
51.367
51.3751
51.3831
51.3913
51.3994
51.4076
51.4158
51.424
51.4323
51.4406
51.4489
51.4572
51.4656
51.474
51.4825
51.4909
51.4994
51.5079
51.5165
51.525
51.5336
51.5422
51.5509
51.5595
51.5683
51.5769
51.5857
51.5943
51.6033
51.6118
51.6208
51.6293
51.6385
51.6469
51.6562
51.6645
51.6739
51.6823
51.6915
51.7009
50.6209
50.599
50.5883
50.5871
50.5884
50.5898
50.59
50.5913
50.5933
50.5955
50.5972
50.5992
50.6014
50.6036
50.6058
50.6081
50.6105
50.613
50.6154
50.618
50.6206
50.6232
50.6259
50.6286
50.6314
50.6341
50.6369
50.6398
50.6426
50.6455
50.6484
50.6513
50.6543
50.6573
50.6603
50.6633
50.6664
50.6694
50.6726
50.6757
50.6789
50.6822
50.6855
50.6888
50.6921
50.6955
50.6989
50.7024
50.7059
50.7094
50.713
50.7166
50.7203
50.7239
50.7277
50.7314
50.7352
50.7391
50.7431
50.7472
50.7514
50.7556
50.7597
50.7639
50.7681
50.7723
50.7766
50.781
50.7858
50.791
50.796
50.8002
50.8008
50.797
50.7961
50.7994
50.8055
50.8149
50.8293
50.8411
50.8496
50.8561
50.862
50.867
50.8713
50.8759
50.8807
50.8856
50.8906
50.8958
50.901
50.9062
50.9115
50.9169
50.9223
50.9277
50.9332
50.9387
50.9442
50.9498
50.9554
50.961
50.9667
50.9724
50.9782
50.984
50.9898
50.9956
51.0015
51.0074
51.0134
51.0194
51.0255
51.0316
51.0377
51.0439
51.0502
51.0564
51.0628
51.0691
51.0756
51.082
51.0886
51.0951
51.1017
51.1084
51.1151
51.1218
51.1286
51.1354
51.1423
51.1492
51.1562
51.1632
51.1702
51.1773
51.1844
51.1915
51.1987
51.2059
51.2132
51.2205
51.2279
51.2353
51.2427
51.2502
51.2577
51.2653
51.2729
51.2805
51.2882
51.2959
51.3037
51.3114
51.3193
51.3272
51.3351
51.343
51.351
51.359
51.367
51.3751
51.3831
51.3913
51.3994
51.4076
51.4158
51.424
51.4323
51.4406
51.4489
51.4572
51.4656
51.474
51.4825
51.4909
51.4994
51.5079
51.5165
51.525
51.5336
51.5423
51.5509
51.5596
51.5682
51.577
51.5856
51.5945
51.603
51.6121
51.6205
51.6297
51.6381
51.6473
51.6557
51.6651
51.6733
51.6828
51.6903
51.7013
51.7103
51.7147
51.717
51.7187
51.7204
51.7224
51.725
51.7274
51.7282
51.7267
51.7256
51.7254
51.725
51.7261
51.7307
51.7399
51.7481
51.7517
51.7492
51.7422
51.6989
51.6968
51.697
51.6983
51.6989
51.6988
51.6983
51.6975
51.6967
51.6956
51.6946
51.6936
51.6928
51.6922
51.6911
51.6907
51.6898
51.6892
51.6888
51.6892
51.7029
51.7216
51.7388
51.7458
51.7544
51.7658
51.7776
51.7888
51.8
51.8116
51.8231
51.8344
51.8459
51.8575
51.8692
51.8808
51.8924
51.9042
51.916
51.9279
51.9397
51.9515
51.9634
51.9752
51.9871
51.999
52.0109
52.0226
52.0343
52.0462
52.058
52.0698
52.0816
52.0934
52.1052
52.1171
52.129
52.1416
52.1534
52.1643
52.1754
52.1872
52.1989
52.2107
52.2228
52.2349
52.2465
52.2575
52.2689
52.2815
52.2949
52.3074
52.3159
52.3153
52.3179
52.328
52.3426
52.3628
52.3853
52.4027
52.4169
52.4294
52.4395
52.4495
52.4599
52.4706
52.4815
52.4923
52.5032
52.514
52.5249
52.5357
52.5465
52.5573
52.568
52.5787
52.5893
52.6
52.6106
52.6211
52.6316
52.6421
52.6526
52.663
52.6734
52.6837
52.6941
52.7044
52.7146
52.7249
52.7351
52.7452
52.7554
52.7654
52.7755
52.7855
52.7955
52.8054
52.8153
52.8251
52.8348
52.8446
52.8542
52.8638
52.8734
52.8829
52.8923
52.9017
52.9111
52.9203
52.9296
52.9387
52.9478
52.9569
52.9659
52.9749
52.9838
52.9927
53.0015
53.0103
53.019
53.0277
53.0364
53.045
53.0536
53.0621
53.0706
53.0791
53.0875
53.0959
53.1043
53.1126
53.1209
53.1291
53.1374
53.1455
53.1537
53.1618
53.1698
53.1778
53.1857
53.1936
53.2014
53.2092
53.2169
53.2246
53.2322
53.2397
53.2471
53.2545
53.2618
53.2691
53.2762
53.2833
53.2904
53.2973
53.3042
53.311
53.3177
53.3244
53.331
53.3376
53.344
53.3504
53.3568
53.363
53.3693
53.3754
53.3815
53.3875
53.3935
53.3994
53.4053
53.4111
53.4169
53.4225
53.4282
53.4337
53.4392
53.4447
53.4501
53.4554
53.4606
53.4658
53.4709
53.4759
53.4809
53.4857
53.4905
53.4953
53.4999
53.5045
53.509
53.5134
53.5177
53.522
53.5262
53.5303
53.5343
53.5382
53.5421
53.5459
53.5496
53.5533
53.5569
53.5604
53.5638
53.5672
53.5705
53.5738
53.577
53.5801
53.5831
53.5861
53.5891
53.592
53.5948
53.5975
53.6002
53.6029
53.6054
53.6079
53.6104
53.6128
53.6151
53.6173
53.6195
53.6216
53.6237
53.6256
53.6276
53.6294
53.6312
53.6329
53.6345
53.6361
53.6376
53.6391
53.6404
53.6418
53.643
53.6442
53.6454
53.6465
53.6475
53.6485
53.6494
53.6503
53.6512
53.652
53.6528
53.6536
53.6543
53.655
53.6556
53.6563
53.6569
53.6575
53.6581
53.6586
53.6592
53.6597
53.6603
53.6608
53.6613
53.6618
53.6623
53.6628
53.6633
53.6638
53.6643
53.6648
53.6653
53.6657
53.6662
53.6667
53.6672
53.6677
53.6682
53.6687
53.6692
53.6697
53.6702
53.6707
53.6712
53.6717
53.6722
53.6727
53.6733
53.6738
53.6743
53.6749
53.6754
53.676
53.6765
53.6771
53.6777
53.6782
53.6788
53.6794
53.68
53.6805
53.6811
53.6817
53.6823
53.6828
53.6834
53.684
53.6845
53.6851
53.6856
53.6861
53.6867
53.6872
53.6877
53.6882
53.6887
53.6892
53.6897
53.6902
53.6906
53.6911
53.6915
53.692
53.6924
53.6928
53.6933
53.6937
53.6941
53.6945
53.6949
53.6953
53.6957
53.6961
53.6965
53.6969
53.6973
53.6977
53.6981
53.6985
53.6989
53.6993
53.6997
53.7001
53.7005
53.7008
53.7012
53.7016
53.7019
53.7023
53.7026
53.703
53.7033
53.7036
53.7039
53.7042
53.7045
53.7048
53.705
53.7053
53.7055
53.7057
53.7059
53.7061
53.7063
53.7065
53.7067
53.7069
53.707
53.7072
53.7073
53.7074
53.7075
53.7077
53.7078
53.7079
53.708
53.7081
53.7082
53.7083
53.7084
53.7085
53.7085
53.7086
53.7087
53.7088
53.7089
53.709
53.7091
53.7092
53.7092
53.7093
53.7094
53.7095
53.7096
53.7097
53.7098
53.7099
53.71
53.7101
53.7102
53.7104
53.7105
53.7106
53.7107
53.7109
53.711
53.7112
53.7113
53.7115
53.7117
53.7119
53.7121
53.7123
53.7125
53.7128
53.713
53.7133
53.7136
53.7139
53.7142
53.7145
53.7148
53.7152
53.7156
53.716
53.7164
53.7169
53.7173
53.7178
53.7183
53.7188
53.7193
53.7199
53.7204
53.721
53.7216
53.7222
53.7229
53.7235
53.7242
53.7249
53.7256
53.7263
53.727
53.7278
53.7285
53.7293
53.7301
53.7308
53.7316
53.7325
53.7333
53.7341
53.735
53.7358
53.7367
53.7375
53.7384
53.7393
53.7402
53.7411
53.742
53.7429
53.7438
53.7447
53.7457
53.7466
53.7475
53.7485
53.7494
53.7504
53.7513
53.7523
53.7532
53.7542
53.7551
53.7561
53.7571
53.7581
53.7591
53.76
53.761
53.762
53.763
53.7641
53.7651
53.7661
53.7672
53.7682
53.7693
53.7703
53.7714
53.7725
53.7736
53.7747
53.7758
53.7769
53.7781
53.7792
53.7804
53.7815
53.7827
53.7839
53.7851
53.7863
53.7876
53.7888
53.79
53.7913
53.7925
53.7938
53.795
53.7963
53.7975
53.7988
53.8001
53.8013
53.8026
53.8038
53.805
53.8063
53.8075
53.8087
53.8099
53.8111
53.8123
53.8134
53.8146
53.8157
53.8168
53.8179
53.819
53.82
53.8211
53.8221
53.8231
53.8241
53.825
53.826
53.8269
53.8278
53.8287
53.8295
53.8303
53.8312
53.832
53.8327
53.8335
53.8343
53.835
53.8357
53.8364
53.8371
53.8377
53.8384
53.839
53.8396
53.8402
53.8408
53.8414
53.842
53.8426
53.8431
53.8436
53.8442
53.8447
53.8452
53.8457
53.8462
53.8467
53.8471
53.8476
53.8481
53.8485
53.849
53.8494
53.8498
53.8503
53.8507
53.8511
53.8515
53.8519
53.8523
53.8527
53.8531
53.8535
53.8539
53.8542
53.8547
53.855
53.8554
53.8557
53.8562
53.8564
53.8569
53.8572
53.8577
53.8581
53.8589
51.7015
51.7162
51.7278
51.7379
51.7479
51.7585
51.7694
51.7804
51.7915
51.8026
51.8138
51.8251
51.8366
51.8482
51.8599
51.8717
51.8836
51.8955
51.9074
51.9192
51.9312
51.9431
51.955
51.9669
51.9788
51.9906
52.0025
52.0145
52.0263
52.0382
52.05
52.0619
52.0737
52.0854
52.0972
52.109
52.1208
52.1324
52.1439
52.1555
52.1675
52.1796
52.1914
52.2025
52.2132
52.225
52.2381
52.2512
52.2623
52.2669
52.2695
52.2769
52.289
52.3036
52.3214
52.3417
52.3589
52.3739
52.3879
52.4014
52.4139
52.4253
52.4366
52.4478
52.459
52.47
52.4811
52.4921
52.503
52.5139
52.5248
52.5357
52.5465
52.5573
52.568
52.5787
52.5893
52.6
52.6106
52.6211
52.6316
52.6421
52.6526
52.663
52.6734
52.6837
52.6941
52.7044
52.7146
52.7249
52.7351
52.7452
52.7554
52.7654
52.7755
52.7855
52.7955
52.8054
52.8153
52.8251
52.8348
52.8446
52.8542
52.8638
52.8734
52.8829
52.8923
52.9017
52.9111
52.9203
52.9296
52.9387
52.9478
52.9569
52.9659
52.9749
52.9838
52.9927
53.0015
53.0103
53.019
53.0277
53.0364
53.045
53.0536
53.0621
53.0706
53.0791
53.0875
53.0959
53.1043
53.1126
53.1209
53.1291
53.1374
53.1455
53.1537
53.1618
53.1698
53.1778
53.1857
53.1936
53.2014
53.2092
53.2169
53.2246
53.2322
53.2397
53.2471
53.2545
53.2618
53.2691
53.2762
53.2833
53.2904
53.2973
53.3042
53.311
53.3177
53.3244
53.331
53.3376
53.344
53.3504
53.3568
53.363
53.3693
53.3754
53.3815
53.3875
53.3935
53.3994
53.4053
53.4111
53.4169
53.4225
53.4282
53.4337
53.4392
53.4447
53.4501
53.4554
53.4606
53.4658
53.4709
53.4759
53.4809
53.4857
53.4905
53.4953
53.4999
53.5045
53.509
53.5134
53.5177
53.522
53.5262
53.5303
53.5343
53.5382
53.5421
53.5459
53.5496
53.5533
53.5569
53.5604
53.5638
53.5672
53.5705
53.5738
53.577
53.5801
53.5831
53.5861
53.5891
53.592
53.5948
53.5975
53.6002
53.6029
53.6054
53.6079
53.6104
53.6128
53.6151
53.6173
53.6195
53.6216
53.6237
53.6256
53.6276
53.6294
53.6312
53.6329
53.6345
53.6361
53.6376
53.6391
53.6404
53.6418
53.643
53.6442
53.6454
53.6465
53.6475
53.6485
53.6494
53.6503
53.6512
53.652
53.6528
53.6536
53.6543
53.655
53.6556
53.6563
53.6569
53.6575
53.6581
53.6586
53.6592
53.6597
53.6603
53.6608
53.6613
53.6618
53.6623
53.6628
53.6633
53.6638
53.6643
53.6648
53.6653
53.6657
53.6662
53.6667
53.6672
53.6677
53.6682
53.6687
53.6692
53.6697
53.6702
53.6707
53.6712
53.6717
53.6722
53.6727
53.6733
53.6738
53.6743
53.6749
53.6754
53.676
53.6765
53.6771
53.6777
53.6782
53.6788
53.6794
53.68
53.6805
53.6811
53.6817
53.6823
53.6828
53.6834
53.684
53.6845
53.6851
53.6856
53.6861
53.6867
53.6872
53.6877
53.6882
53.6887
53.6892
53.6897
53.6902
53.6906
53.6911
53.6915
53.692
53.6924
53.6928
53.6933
53.6937
53.6941
53.6945
53.6949
53.6953
53.6957
53.6961
53.6965
53.6969
53.6973
53.6977
53.6981
53.6985
53.6989
53.6993
53.6997
53.7001
53.7005
53.7008
53.7012
53.7016
53.7019
53.7023
53.7026
53.703
53.7033
53.7036
53.7039
53.7042
53.7045
53.7048
53.705
53.7053
53.7055
53.7057
53.7059
53.7061
53.7063
53.7065
53.7067
53.7069
53.707
53.7072
53.7073
53.7074
53.7075
53.7077
53.7078
53.7079
53.708
53.7081
53.7082
53.7083
53.7084
53.7085
53.7085
53.7086
53.7087
53.7088
53.7089
53.709
53.7091
53.7092
53.7092
53.7093
53.7094
53.7095
53.7096
53.7097
53.7098
53.7099
53.71
53.7101
53.7102
53.7104
53.7105
53.7106
53.7107
53.7109
53.711
53.7112
53.7113
53.7115
53.7117
53.7119
53.7121
53.7123
53.7125
53.7128
53.713
53.7133
53.7136
53.7139
53.7142
53.7145
53.7148
53.7152
53.7156
53.716
53.7164
53.7169
53.7173
53.7178
53.7183
53.7188
53.7193
53.7199
53.7204
53.721
53.7216
53.7222
53.7229
53.7235
53.7242
53.7249
53.7256
53.7263
53.727
53.7278
53.7285
53.7293
53.7301
53.7308
53.7316
53.7325
53.7333
53.7341
53.735
53.7358
53.7367
53.7375
53.7384
53.7393
53.7402
53.7411
53.742
53.7429
53.7438
53.7447
53.7457
53.7466
53.7475
53.7485
53.7494
53.7504
53.7513
53.7523
53.7532
53.7542
53.7551
53.7561
53.7571
53.7581
53.7591
53.76
53.761
53.762
53.763
53.7641
53.7651
53.7661
53.7672
53.7682
53.7693
53.7703
53.7714
53.7725
53.7736
53.7747
53.7758
53.7769
53.7781
53.7792
53.7804
53.7815
53.7827
53.7839
53.7851
53.7863
53.7876
53.7888
53.79
53.7913
53.7925
53.7938
53.795
53.7963
53.7975
53.7988
53.8001
53.8013
53.8026
53.8038
53.805
53.8063
53.8075
53.8087
53.8099
53.8111
53.8123
53.8134
53.8146
53.8157
53.8168
53.8179
53.819
53.82
53.8211
53.8221
53.8231
53.8241
53.825
53.826
53.8269
53.8278
53.8287
53.8295
53.8303
53.8312
53.832
53.8327
53.8335
53.8343
53.835
53.8357
53.8364
53.8371
53.8377
53.8384
53.839
53.8396
53.8402
53.8408
53.8414
53.842
53.8426
53.8431
53.8436
53.8442
53.8447
53.8452
53.8457
53.8462
53.8467
53.8471
53.8476
53.8481
53.8485
53.849
53.8494
53.8498
53.8503
53.8507
53.8511
53.8515
53.8519
53.8523
53.8527
53.8531
53.8535
53.8539
53.8542
53.8547
53.855
53.8554
53.8557
53.8562
53.8564
53.8569
53.8572
53.8577
53.8581
53.8589
)
;
    }
}


// ************************************************************************* //
