/*--------------------------------*- C++ -*----------------------------------*\
| =========                 |                                                 |
| \\      /  F ield         | OpenFOAM: The Open Source CFD Toolbox           |
|  \\    /   O peration     | Version:  3.0.x                                 |
|   \\  /    A nd           | Web:      www.OpenFOAM.org                      |
|    \\/     M anipulation  |                                                 |
\*---------------------------------------------------------------------------*/
FoamFile
{
    version     2.0;
    format      ascii;
    class       volScalarField;
    location    "0.3";
    object      T;
}
// * * * * * * * * * * * * * * * * * * * * * * * * * * * * * * * * * * * * * //

dimensions      [0 0 0 1 0 0 0];

internalField   nonuniform List<scalar> 
6900
(
774.443
774.443
774.443
774.443
774.443
774.443
774.442
774.441
774.439
774.436
774.433
774.43
774.428
774.427
774.426
774.426
774.425
774.425
774.424
774.422
774.419
774.417
774.413
774.41
774.406
774.403
774.4
774.397
774.394
774.393
774.393
774.392
774.392
774.391
774.39
774.387
774.384
774.382
774.379
774.377
774.375
774.374
774.373
774.373
774.373
774.372
774.372
774.372
774.372
774.371
774.371
774.371
774.371
774.371
774.371
774.37
774.37
774.37
774.37
774.37
774.37
774.37
774.37
774.37
774.37
774.37
774.37
774.37
774.371
774.371
774.371
774.371
774.371
774.371
774.371
774.371
774.371
774.371
774.371
774.371
774.37
774.37
774.37
774.369
774.369
774.368
774.368
774.367
774.367
774.366
774.366
774.365
774.365
774.364
774.363
774.363
774.362
774.362
774.361
774.361
774.36
774.36
774.359
774.358
774.358
774.357
774.357
774.356
774.356
774.355
774.354
774.353
774.352
774.352
774.351
774.349
774.348
774.347
774.346
774.345
774.343
774.342
774.34
774.339
774.337
774.336
774.334
774.333
774.331
774.33
774.329
774.327
774.326
774.325
774.323
774.322
774.321
774.32
774.319
774.318
774.317
774.316
774.315
774.314
774.313
774.311
774.31
774.309
774.308
774.306
774.305
774.303
774.301
774.3
774.298
774.296
774.294
774.292
774.29
774.288
774.286
774.284
774.281
774.279
774.277
774.275
774.273
774.271
774.269
774.268
774.266
774.264
774.263
774.262
774.26
774.259
774.258
774.257
774.256
774.255
774.254
774.253
774.252
774.251
774.249
774.248
774.246
774.245
774.243
774.241
774.239
774.238
774.236
774.234
774.233
774.231
774.229
774.229
774.228
774.296
774.441
774.441
774.441
774.441
774.441
774.44
774.44
774.439
774.437
774.434
774.431
774.428
774.426
774.425
774.424
774.424
774.423
774.423
774.422
774.42
774.418
774.415
774.411
774.408
774.404
774.401
774.398
774.395
774.393
774.391
774.391
774.391
774.39
774.39
774.388
774.386
774.383
774.38
774.378
774.376
774.374
774.373
774.372
774.371
774.371
774.371
774.371
774.37
774.37
774.37
774.37
774.37
774.369
774.369
774.369
774.369
774.369
774.369
774.369
774.369
774.369
774.369
774.369
774.369
774.369
774.369
774.369
774.369
774.369
774.369
774.369
774.369
774.37
774.37
774.37
774.37
774.37
774.369
774.369
774.369
774.369
774.369
774.368
774.368
774.367
774.367
774.367
774.366
774.365
774.365
774.364
774.364
774.363
774.363
774.362
774.361
774.361
774.36
774.36
774.359
774.359
774.358
774.358
774.357
774.357
774.356
774.355
774.355
774.354
774.353
774.353
774.352
774.351
774.35
774.349
774.348
774.347
774.346
774.344
774.343
774.342
774.34
774.339
774.338
774.336
774.335
774.333
774.332
774.33
774.329
774.327
774.326
774.324
774.323
774.322
774.321
774.32
774.318
774.317
774.316
774.315
774.314
774.313
774.312
774.311
774.31
774.309
774.308
774.306
774.305
774.303
774.302
774.3
774.298
774.296
774.294
774.292
774.29
774.288
774.286
774.284
774.282
774.28
774.278
774.276
774.274
774.272
774.27
774.268
774.266
774.265
774.263
774.262
774.26
774.259
774.258
774.257
774.256
774.255
774.254
774.253
774.252
774.25
774.249
774.248
774.246
774.245
774.243
774.242
774.24
774.238
774.236
774.235
774.233
774.231
774.23
774.228
774.228
774.227
774.289
774.441
774.441
774.441
774.441
774.441
774.441
774.44
774.439
774.437
774.434
774.431
774.428
774.426
774.425
774.424
774.424
774.423
774.423
774.422
774.42
774.418
774.415
774.411
774.408
774.404
774.401
774.398
774.395
774.393
774.391
774.391
774.391
774.391
774.39
774.388
774.386
774.383
774.38
774.378
774.376
774.374
774.373
774.372
774.371
774.371
774.371
774.371
774.37
774.37
774.37
774.37
774.37
774.369
774.369
774.369
774.369
774.369
774.369
774.369
774.369
774.369
774.369
774.369
774.369
774.369
774.369
774.369
774.369
774.369
774.369
774.369
774.369
774.37
774.37
774.37
774.37
774.37
774.369
774.369
774.369
774.369
774.369
774.368
774.368
774.367
774.367
774.367
774.366
774.365
774.365
774.364
774.364
774.363
774.363
774.362
774.361
774.361
774.36
774.36
774.359
774.359
774.358
774.358
774.357
774.357
774.356
774.355
774.355
774.354
774.353
774.353
774.352
774.351
774.35
774.349
774.348
774.347
774.346
774.344
774.343
774.342
774.34
774.339
774.338
774.336
774.335
774.333
774.332
774.33
774.329
774.327
774.326
774.324
774.323
774.322
774.321
774.32
774.318
774.317
774.316
774.315
774.314
774.313
774.312
774.311
774.31
774.309
774.308
774.306
774.305
774.303
774.302
774.3
774.298
774.296
774.294
774.292
774.29
774.288
774.286
774.284
774.282
774.28
774.278
774.276
774.274
774.272
774.27
774.268
774.266
774.265
774.263
774.262
774.26
774.259
774.258
774.257
774.256
774.255
774.254
774.253
774.252
774.25
774.249
774.248
774.246
774.245
774.243
774.242
774.24
774.238
774.236
774.235
774.233
774.231
774.23
774.228
774.227
774.225
774.228
774.441
774.441
774.441
774.441
774.441
774.44
774.44
774.439
774.437
774.434
774.431
774.428
774.426
774.425
774.424
774.424
774.423
774.423
774.422
774.42
774.418
774.415
774.411
774.408
774.404
774.401
774.398
774.395
774.393
774.391
774.391
774.391
774.39
774.39
774.388
774.386
774.383
774.38
774.378
774.376
774.374
774.373
774.372
774.371
774.371
774.371
774.371
774.37
774.37
774.37
774.37
774.37
774.369
774.369
774.369
774.369
774.369
774.369
774.369
774.369
774.369
774.369
774.369
774.369
774.369
774.369
774.369
774.369
774.369
774.369
774.369
774.369
774.37
774.37
774.37
774.37
774.37
774.369
774.369
774.369
774.369
774.369
774.368
774.368
774.367
774.367
774.367
774.366
774.365
774.365
774.364
774.364
774.363
774.363
774.362
774.361
774.361
774.36
774.36
774.359
774.359
774.358
774.358
774.357
774.357
774.356
774.355
774.355
774.354
774.353
774.353
774.352
774.351
774.35
774.349
774.348
774.347
774.346
774.344
774.343
774.342
774.34
774.339
774.338
774.336
774.335
774.333
774.332
774.33
774.329
774.327
774.326
774.324
774.323
774.322
774.321
774.32
774.318
774.317
774.316
774.315
774.314
774.313
774.312
774.311
774.31
774.309
774.308
774.306
774.305
774.303
774.302
774.3
774.298
774.296
774.294
774.292
774.29
774.288
774.286
774.284
774.282
774.28
774.278
774.276
774.274
774.272
774.27
774.268
774.266
774.265
774.263
774.262
774.26
774.259
774.258
774.257
774.256
774.255
774.254
774.253
774.252
774.25
774.249
774.248
774.246
774.245
774.243
774.242
774.24
774.238
774.236
774.235
774.233
774.231
774.23
774.228
774.224
774.227
774.101
774.443
774.443
774.443
774.443
774.443
774.443
774.442
774.441
774.439
774.436
774.433
774.43
774.428
774.427
774.426
774.426
774.425
774.425
774.424
774.422
774.419
774.417
774.413
774.41
774.406
774.403
774.4
774.397
774.394
774.393
774.393
774.392
774.392
774.391
774.39
774.387
774.384
774.382
774.379
774.377
774.375
774.374
774.373
774.373
774.373
774.372
774.372
774.372
774.372
774.371
774.371
774.371
774.371
774.371
774.371
774.37
774.37
774.37
774.37
774.37
774.37
774.37
774.37
774.37
774.37
774.37
774.37
774.37
774.371
774.371
774.371
774.371
774.371
774.371
774.371
774.371
774.371
774.371
774.371
774.371
774.37
774.37
774.37
774.369
774.369
774.368
774.368
774.367
774.367
774.366
774.366
774.365
774.365
774.364
774.363
774.363
774.362
774.362
774.361
774.361
774.36
774.36
774.359
774.358
774.358
774.357
774.357
774.356
774.356
774.355
774.354
774.353
774.352
774.352
774.351
774.349
774.348
774.347
774.346
774.345
774.343
774.342
774.34
774.339
774.337
774.336
774.334
774.333
774.331
774.33
774.329
774.327
774.326
774.325
774.323
774.322
774.321
774.32
774.319
774.318
774.317
774.316
774.315
774.314
774.313
774.311
774.31
774.309
774.308
774.306
774.305
774.303
774.301
774.3
774.298
774.296
774.294
774.292
774.29
774.288
774.286
774.284
774.281
774.279
774.277
774.275
774.273
774.271
774.27
774.268
774.266
774.264
774.263
774.262
774.26
774.259
774.258
774.257
774.256
774.255
774.254
774.253
774.252
774.251
774.249
774.248
774.246
774.245
774.243
774.241
774.239
774.238
774.236
774.234
774.233
774.231
774.23
774.224
774.236
774.014
774.279
774.293
774.292
774.291
774.289
774.288
774.284
774.277
774.267
774.252
774.241
774.243
774.253
774.266
774.242
774.199
774.168
774.153
774.108
774.059
774.266
774.27
774.268
774.264
774.26
774.257
774.25
774.24
774.229
774.213
774.194
774.192
774.204
774.221
774.199
774.134
774.107
774.103
774.078
774.035
774.227
774.225
774.223
774.218
774.212
774.205
774.198
774.192
774.183
774.175
774.165
774.156
774.149
774.141
774.138
774.143
774.145
774.141
774.118
774.101
774.155
774.156
774.161
774.16
774.154
774.139
774.125
774.101
774.086
774.064
774.044
774.029
774.016
773.994
773.979
773.968
773.954
773.945
773.936
773.932
774.101
774.081
774.077
774.079
774.078
774.074
774.062
774.047
774.032
774.018
774
773.988
773.972
773.962
773.948
773.941
773.931
773.933
773.939
773.972
773.899
773.918
773.918
773.929
773.9
773.88
773.882
773.891
773.893
773.888
773.884
773.884
773.884
773.884
773.883
773.882
773.881
773.881
773.88
773.879
773.879
773.878
773.878
773.877
773.877
773.877
773.877
773.877
773.877
773.877
773.878
773.878
773.878
773.878
773.878
773.88
773.88
773.88
773.88
773.88
773.881
773.881
773.881
773.881
773.881
773.881
773.881
773.882
773.884
773.886
773.887
773.888
773.888
773.888
773.889
773.889
773.892
773.897
773.902
773.908
773.912
773.915
773.917
773.918
773.922
773.938
774.01
774.174
774.285
774.318
774.308
774.22
774.039
773.916
773.853
773.829
773.825
773.827
773.837
773.846
773.853
773.857
773.86
773.862
773.863
773.864
773.865
773.866
773.866
773.867
773.867
773.867
773.868
773.868
773.868
773.869
773.869
773.869
773.869
773.869
773.869
773.869
773.869
773.869
773.868
773.868
773.867
773.866
773.866
773.865
773.864
773.863
773.862
773.861
773.859
773.858
773.857
773.856
773.854
773.853
773.851
773.85
773.849
773.847
773.846
773.845
773.843
773.842
773.841
773.84
773.839
773.838
773.837
773.836
773.836
773.835
773.835
773.834
773.834
773.833
773.833
773.833
773.833
773.832
773.832
773.832
773.831
773.831
773.83
773.83
773.829
773.828
773.827
773.826
773.825
773.824
773.823
773.822
773.82
773.819
773.817
773.815
773.814
773.812
773.81
773.808
773.806
773.804
773.802
773.8
773.798
773.795
773.793
773.791
773.789
773.788
773.786
773.784
773.783
773.781
773.78
773.778
773.777
773.776
773.775
773.775
773.774
773.773
773.773
773.772
773.772
773.771
773.77
773.77
773.769
773.768
773.767
773.762
773.767
773.585
773.893
773.911
773.926
773.939
773.913
773.896
773.899
773.909
773.909
773.903
773.9
773.9
773.9
773.899
773.898
773.897
773.897
773.896
773.895
773.895
773.894
773.894
773.893
773.893
773.893
773.893
773.893
773.894
773.894
773.894
773.895
773.896
773.897
773.898
773.899
773.899
773.899
773.898
773.898
773.898
773.898
773.898
773.897
773.898
773.898
773.899
773.901
773.904
773.907
773.908
773.91
773.91
773.911
773.912
773.913
773.917
773.924
773.93
773.935
773.939
773.942
773.943
773.944
773.947
773.96
774.011
774.126
774.211
774.243
774.242
774.199
774.072
773.96
773.893
773.859
773.847
773.844
773.844
773.848
773.853
773.856
773.859
773.86
773.862
773.863
773.863
773.864
773.865
773.865
773.865
773.866
773.866
773.867
773.867
773.867
773.867
773.868
773.868
773.868
773.868
773.868
773.868
773.868
773.867
773.867
773.866
773.866
773.865
773.864
773.864
773.863
773.862
773.86
773.859
773.858
773.857
773.856
773.854
773.853
773.851
773.85
773.849
773.847
773.846
773.845
773.843
773.842
773.841
773.84
773.839
773.838
773.837
773.836
773.835
773.835
773.834
773.833
773.833
773.833
773.832
773.832
773.832
773.831
773.831
773.831
773.83
773.83
773.83
773.829
773.828
773.828
773.827
773.826
773.825
773.824
773.823
773.822
773.82
773.819
773.817
773.816
773.814
773.812
773.81
773.809
773.807
773.805
773.803
773.8
773.798
773.796
773.794
773.792
773.79
773.788
773.786
773.785
773.783
773.781
773.78
773.778
773.777
773.776
773.775
773.774
773.773
773.773
773.772
773.771
773.771
773.77
773.77
773.769
773.768
773.768
773.766
773.766
773.762
773.761
773.657
774.102
774.149
774.163
774.159
774.157
774.158
774.158
774.157
774.154
774.152
774.15
774.148
774.146
774.144
774.142
774.141
774.14
774.139
774.138
774.138
774.139
774.139
774.139
774.139
774.139
774.138
774.138
774.137
774.137
774.136
774.136
774.137
774.138
774.14
774.142
774.143
774.145
774.147
774.15
774.153
774.157
774.161
774.165
774.169
774.171
774.173
774.173
774.172
774.162
774.126
774.071
774.021
773.981
773.95
773.928
773.914
773.906
773.903
773.903
773.903
773.904
773.907
773.909
773.911
773.911
773.91
773.906
773.9
773.893
773.886
773.88
773.876
773.873
773.871
773.87
773.869
773.869
773.868
773.867
773.867
773.866
773.866
773.865
773.865
773.865
773.865
773.865
773.865
773.866
773.866
773.866
773.866
773.867
773.867
773.867
773.867
773.868
773.868
773.868
773.868
773.868
773.868
773.868
773.867
773.867
773.866
773.866
773.865
773.864
773.864
773.863
773.862
773.86
773.859
773.858
773.857
773.856
773.854
773.853
773.851
773.85
773.849
773.847
773.846
773.845
773.843
773.842
773.841
773.84
773.839
773.838
773.837
773.836
773.835
773.835
773.834
773.833
773.833
773.833
773.832
773.832
773.832
773.831
773.831
773.831
773.83
773.83
773.83
773.829
773.828
773.828
773.827
773.826
773.825
773.824
773.823
773.822
773.82
773.819
773.817
773.816
773.814
773.812
773.81
773.809
773.807
773.805
773.803
773.8
773.798
773.796
773.794
773.792
773.79
773.788
773.786
773.784
773.783
773.781
773.78
773.778
773.777
773.776
773.775
773.774
773.773
773.773
773.772
773.771
773.771
773.77
773.77
773.769
773.768
773.767
773.767
773.766
773.765
773.764
773.765
773.91
773.908
773.908
773.904
773.897
773.897
773.899
773.899
773.898
773.896
773.896
773.896
773.895
773.894
773.894
773.893
773.892
773.891
773.891
773.89
773.889
773.888
773.888
773.887
773.886
773.885
773.885
773.884
773.883
773.883
773.883
773.883
773.884
773.884
773.885
773.885
773.886
773.886
773.887
773.888
773.889
773.889
773.889
773.89
773.89
773.891
773.892
773.892
773.893
773.894
773.894
773.895
773.897
773.902
773.906
773.91
773.917
773.927
773.939
773.949
773.954
773.959
773.973
774.008
774.05
774.076
774.085
774.083
774.067
774.01
773.941
773.894
773.867
773.853
773.849
773.848
773.849
773.852
773.855
773.858
773.86
773.861
773.862
773.863
773.864
773.864
773.864
773.865
773.865
773.866
773.866
773.866
773.867
773.867
773.867
773.867
773.868
773.868
773.868
773.868
773.868
773.868
773.868
773.867
773.867
773.866
773.866
773.865
773.864
773.864
773.863
773.862
773.86
773.859
773.858
773.857
773.856
773.854
773.853
773.851
773.85
773.849
773.847
773.846
773.845
773.843
773.842
773.841
773.84
773.839
773.838
773.837
773.836
773.835
773.835
773.834
773.833
773.833
773.833
773.832
773.832
773.832
773.831
773.831
773.831
773.83
773.83
773.83
773.829
773.828
773.828
773.827
773.826
773.825
773.824
773.823
773.822
773.82
773.819
773.817
773.816
773.814
773.812
773.81
773.809
773.807
773.805
773.803
773.8
773.798
773.796
773.794
773.792
773.79
773.788
773.786
773.784
773.783
773.781
773.78
773.778
773.777
773.776
773.775
773.774
773.773
773.772
773.772
773.771
773.771
773.77
773.77
773.769
773.768
773.767
773.767
773.766
773.766
773.767
773.818
774.034
774.034
774.034
774.03
774.024
774.023
774.024
774.024
774.023
774.021
774.021
774.02
774.019
774.018
774.016
774.015
774.014
774.013
774.011
774.01
774.008
774.007
774.005
774.004
774.002
774.001
774
774
774
774
774
774
774.001
774.002
774.002
774.003
774.003
774.004
774.004
774.004
774.003
774.003
774.004
774.004
774.005
774.005
774.005
774.006
774.006
774.007
774.009
774.011
774.014
774.018
774.025
774.032
774.038
774.041
774.042
774.043
774.047
774.073
774.177
774.306
774.375
774.394
774.385
774.324
774.194
774.087
774.011
773.959
773.924
773.902
773.888
773.88
773.874
773.871
773.869
773.868
773.867
773.867
773.866
773.866
773.866
773.866
773.866
773.867
773.867
773.867
773.867
773.868
773.868
773.868
773.869
773.869
773.869
773.869
773.869
773.869
773.869
773.869
773.869
773.869
773.868
773.868
773.867
773.866
773.866
773.865
773.864
773.863
773.862
773.861
773.859
773.858
773.857
773.856
773.854
773.853
773.851
773.85
773.849
773.847
773.846
773.845
773.843
773.842
773.841
773.84
773.839
773.838
773.837
773.836
773.836
773.835
773.835
773.834
773.834
773.833
773.833
773.833
773.833
773.832
773.832
773.832
773.831
773.831
773.83
773.83
773.829
773.828
773.827
773.826
773.825
773.824
773.823
773.822
773.82
773.819
773.817
773.815
773.814
773.812
773.81
773.808
773.806
773.804
773.802
773.8
773.798
773.795
773.793
773.791
773.789
773.788
773.786
773.784
773.783
773.781
773.78
773.778
773.777
773.776
773.775
773.775
773.774
773.773
773.773
773.772
773.771
773.771
773.77
773.77
773.769
773.768
773.767
773.767
773.769
773.823
773.649
773.628
773.622
773.624
773.622
773.616
773.602
773.593
773.573
773.564
773.545
773.534
773.517
773.508
773.495
773.489
773.482
773.483
773.49
773.519
773.698
773.697
773.702
773.701
773.693
773.678
773.661
773.646
773.622
773.61
773.587
773.567
773.559
773.539
773.524
773.508
773.498
773.487
773.477
773.469
773.765
773.764
773.76
773.756
773.75
773.743
773.737
773.729
773.72
773.71
773.702
773.697
773.694
773.693
773.682
773.669
773.659
773.655
773.643
773.638
773.804
773.807
773.805
773.8
773.795
773.791
773.782
773.772
773.766
773.769
773.778
773.76
773.722
773.715
773.706
773.669
773.609
773.605
773.624
773.622
773.816
773.83
773.828
773.827
773.825
773.821
773.815
773.808
773.805
773.81
773.817
773.801
773.773
773.757
773.741
773.697
773.664
773.667
773.687
773.66
773.568
773.565
773.56
773.551
773.549
773.548
773.545
773.54
773.538
773.537
773.535
773.532
773.53
773.529
773.528
773.526
773.525
773.523
773.522
773.52
773.518
773.517
773.515
773.513
773.511
773.508
773.507
773.505
773.504
773.502
773.501
773.5
773.498
773.497
773.496
773.495
773.494
773.493
773.492
773.491
773.489
773.488
773.487
773.487
773.486
773.485
773.483
773.482
773.481
773.48
773.48
773.481
773.483
773.484
773.486
773.489
773.493
773.497
773.499
773.498
773.498
773.5
773.519
773.605
773.739
773.816
773.84
773.836
773.788
773.662
773.55
773.469
773.413
773.375
773.351
773.335
773.326
773.319
773.315
773.312
773.31
773.309
773.308
773.307
773.306
773.306
773.305
773.304
773.304
773.303
773.303
773.302
773.302
773.301
773.3
773.299
773.299
773.294
773.297
773.125
773.449
773.445
773.434
773.428
773.427
773.428
773.425
773.421
773.418
773.417
773.416
773.414
773.411
773.41
773.409
773.408
773.406
773.405
773.404
773.403
773.401
773.4
773.399
773.397
773.396
773.394
773.393
773.391
773.389
773.388
773.387
773.386
773.385
773.384
773.383
773.382
773.381
773.38
773.379
773.378
773.377
773.376
773.375
773.374
773.373
773.372
773.372
773.371
773.37
773.369
773.368
773.367
773.367
773.368
773.37
773.375
773.378
773.381
773.387
773.397
773.405
773.409
773.413
773.423
773.451
773.493
773.521
773.531
773.531
773.519
773.471
773.401
773.35
773.318
773.302
773.295
773.293
773.293
773.295
773.297
773.299
773.301
773.302
773.302
773.303
773.303
773.303
773.302
773.302
773.302
773.301
773.301
773.3
773.3
773.299
773.298
773.297
773.294
773.292
773.194
773.656
773.662
773.669
773.67
773.675
773.676
773.674
773.671
773.67
773.669
773.667
773.665
773.662
773.659
773.656
773.653
773.65
773.647
773.645
773.644
773.642
773.641
773.64
773.639
773.638
773.637
773.636
773.635
773.634
773.633
773.632
773.632
773.631
773.631
773.631
773.632
773.633
773.634
773.634
773.635
773.635
773.636
773.638
773.642
773.644
773.646
773.646
773.646
773.643
773.634
773.601
773.548
773.499
773.457
773.425
773.402
773.386
773.377
773.371
773.368
773.366
773.366
773.366
773.366
773.366
773.366
773.363
773.358
773.351
773.343
773.336
773.33
773.324
773.32
773.318
773.316
773.314
773.313
773.312
773.31
773.309
773.308
773.307
773.306
773.305
773.305
773.304
773.303
773.303
773.302
773.302
773.301
773.301
773.3
773.299
773.298
773.297
773.297
773.295
773.297
773.473
773.464
773.454
773.433
773.417
773.431
773.441
773.435
773.424
773.422
773.424
773.424
773.422
773.419
773.417
773.416
773.415
773.413
773.411
773.409
773.407
773.405
773.404
773.402
773.401
773.4
773.399
773.398
773.397
773.396
773.396
773.395
773.395
773.394
773.393
773.392
773.39
773.39
773.389
773.388
773.387
773.386
773.385
773.383
773.383
773.383
773.383
773.383
773.384
773.384
773.383
773.382
773.381
773.381
773.381
773.384
773.388
773.391
773.393
773.394
773.395
773.395
773.395
773.395
773.396
773.405
773.446
773.555
773.646
773.686
773.689
773.661
773.551
773.429
773.352
773.311
773.293
773.288
773.288
773.29
773.294
773.297
773.299
773.3
773.301
773.302
773.302
773.302
773.302
773.302
773.301
773.301
773.3
773.3
773.299
773.298
773.297
773.298
773.299
773.347
773.498
773.461
773.446
773.422
773.406
773.413
773.427
773.421
773.409
773.405
773.407
773.407
773.406
773.402
773.4
773.399
773.398
773.396
773.395
773.393
773.392
773.39
773.389
773.387
773.386
773.384
773.383
773.382
773.381
773.38
773.379
773.378
773.378
773.377
773.376
773.375
773.374
773.373
773.372
773.371
773.37
773.37
773.369
773.367
773.365
773.364
773.363
773.363
773.363
773.362
773.362
773.361
773.358
773.357
773.356
773.356
773.357
773.36
773.363
773.365
773.366
773.367
773.368
773.368
773.369
773.37
773.379
773.426
773.57
773.7
773.752
773.753
773.701
773.538
773.394
773.315
773.28
773.27
773.27
773.277
773.286
773.293
773.297
773.299
773.301
773.302
773.303
773.303
773.303
773.303
773.302
773.302
773.302
773.301
773.3
773.3
773.299
773.299
773.3
773.352
773.184
773.164
773.157
773.159
773.157
773.151
773.137
773.128
773.109
773.1
773.081
773.07
773.053
773.045
773.032
773.027
773.019
773.02
773.026
773.053
773.231
773.231
773.235
773.234
773.226
773.212
773.194
773.18
773.157
773.145
773.12
773.105
773.095
773.074
773.06
773.045
773.035
773.023
773.014
773.006
773.296
773.295
773.292
773.288
773.282
773.275
773.269
773.261
773.252
773.243
773.235
773.231
773.229
773.226
773.214
773.203
773.194
773.189
773.179
773.176
773.335
773.337
773.336
773.331
773.326
773.322
773.313
773.304
773.299
773.303
773.31
773.283
773.255
773.252
773.236
773.186
773.146
773.152
773.171
773.165
773.346
773.36
773.358
773.357
773.355
773.351
773.346
773.339
773.338
773.343
773.348
773.326
773.303
773.291
773.269
773.22
773.204
773.212
773.233
773.194
773.1
773.099
773.094
773.086
773.086
773.086
773.084
773.081
773.081
773.08
773.08
773.078
773.077
773.077
773.076
773.075
773.074
773.073
773.072
773.072
773.072
773.072
773.072
773.072
773.072
773.073
773.073
773.074
773.074
773.075
773.076
773.076
773.077
773.078
773.078
773.079
773.08
773.081
773.082
773.083
773.084
773.085
773.087
773.088
773.089
773.09
773.091
773.093
773.094
773.098
773.102
773.106
773.111
773.118
773.127
773.136
773.142
773.146
773.148
773.155
773.182
773.283
773.418
773.497
773.522
773.517
773.467
773.343
773.239
773.165
773.117
773.087
773.07
773.061
773.058
773.058
773.06
773.063
773.067
773.072
773.077
773.083
773.088
773.094
773.1
773.105
773.111
773.117
773.124
773.13
773.136
773.142
773.149
773.155
773.161
773.168
773.175
773.181
773.188
773.195
773.201
773.208
773.215
773.222
773.23
773.237
773.244
773.251
773.259
773.267
773.274
773.282
773.29
773.298
773.306
773.315
773.323
773.332
773.341
773.35
773.359
773.368
773.378
773.387
773.397
773.407
773.417
773.427
773.437
773.448
773.458
773.469
773.48
773.491
773.502
773.513
773.525
773.536
773.547
773.559
773.571
773.582
773.594
773.606
773.617
773.629
773.641
773.653
773.665
773.677
773.689
773.701
773.713
773.725
773.737
773.749
773.762
773.774
773.786
773.799
773.812
773.824
773.837
773.85
773.863
773.877
773.89
773.904
773.917
773.931
773.945
773.959
773.973
773.987
774.002
774.017
774.031
774.047
774.062
774.077
774.093
774.108
774.124
774.14
774.156
774.173
774.189
774.206
774.222
774.24
774.255
774.275
774.289
774.31
774.323
774.345
774.358
774.381
774.395
774.442
772.985
772.98
772.971
772.967
772.967
772.967
772.965
772.962
772.961
772.961
772.961
772.96
772.959
772.959
772.959
772.958
772.958
772.957
772.957
772.957
772.957
772.957
772.957
772.958
772.958
772.958
772.959
772.96
772.96
772.961
772.961
772.962
772.963
772.963
772.964
772.965
772.966
772.967
772.968
772.969
772.97
772.971
772.973
772.974
772.976
772.978
772.979
772.981
772.983
772.986
772.987
772.991
772.997
773.005
773.011
773.018
773.03
773.044
773.056
773.063
773.07
773.087
773.126
773.172
773.202
773.215
773.216
773.204
773.154
773.091
773.05
773.028
773.022
773.022
773.025
773.032
773.041
773.05
773.057
773.065
773.072
773.078
773.085
773.091
773.097
773.103
773.11
773.116
773.122
773.128
773.135
773.141
773.147
773.154
773.16
773.167
773.173
773.18
773.187
773.193
773.2
773.207
773.214
773.221
773.228
773.235
773.243
773.25
773.258
773.265
773.273
773.281
773.289
773.297
773.305
773.313
773.322
773.331
773.339
773.348
773.358
773.367
773.376
773.386
773.396
773.405
773.415
773.426
773.436
773.446
773.457
773.468
773.479
773.49
773.501
773.512
773.523
773.535
773.546
773.558
773.569
773.581
773.593
773.604
773.616
773.628
773.64
773.652
773.663
773.675
773.687
773.699
773.711
773.723
773.736
773.748
773.76
773.773
773.785
773.798
773.81
773.823
773.836
773.849
773.862
773.875
773.889
773.902
773.916
773.93
773.944
773.958
773.972
773.986
774.001
774.015
774.03
774.045
774.06
774.076
774.091
774.107
774.123
774.139
774.155
774.171
774.188
774.205
774.221
774.239
774.254
774.274
774.288
774.309
774.322
774.344
774.356
774.38
774.393
774.44
773.191
773.196
773.205
773.209
773.215
773.215
773.212
773.209
773.208
773.206
773.204
773.202
773.201
773.2
773.2
773.2
773.2
773.201
773.201
773.201
773.202
773.202
773.202
773.203
773.203
773.203
773.204
773.204
773.205
773.205
773.205
773.206
773.207
773.208
773.21
773.213
773.215
773.217
773.22
773.225
773.231
773.236
773.242
773.246
773.25
773.252
773.252
773.249
773.231
773.184
773.134
773.093
773.062
773.04
773.025
773.018
773.015
773.016
773.017
773.02
773.025
773.03
773.035
773.038
773.04
773.04
773.038
773.036
773.034
773.033
773.034
773.036
773.039
773.043
773.047
773.052
773.057
773.061
773.066
773.071
773.076
773.082
773.087
773.093
773.098
773.104
773.11
773.116
773.122
773.128
773.135
773.141
773.147
773.154
773.16
773.167
773.173
773.18
773.187
773.193
773.2
773.207
773.214
773.221
773.228
773.235
773.243
773.25
773.258
773.265
773.273
773.281
773.289
773.297
773.305
773.313
773.322
773.331
773.339
773.348
773.358
773.367
773.376
773.386
773.396
773.405
773.415
773.426
773.436
773.446
773.457
773.468
773.479
773.49
773.501
773.512
773.523
773.535
773.546
773.558
773.569
773.581
773.593
773.604
773.616
773.628
773.64
773.652
773.663
773.675
773.687
773.699
773.711
773.723
773.736
773.748
773.76
773.773
773.785
773.798
773.81
773.823
773.836
773.849
773.862
773.875
773.889
773.902
773.916
773.93
773.944
773.958
773.972
773.986
774.001
774.015
774.03
774.045
774.06
774.076
774.091
774.107
774.123
774.139
774.155
774.171
774.188
774.205
774.221
774.238
774.255
774.273
774.289
774.307
774.324
774.341
774.359
774.378
774.391
774.415
773.01
773.003
772.994
772.969
772.962
772.977
772.983
772.974
772.966
772.965
772.967
772.967
772.965
772.964
772.964
772.964
772.964
772.964
772.964
772.964
772.965
772.966
772.966
772.967
772.968
772.968
772.969
772.969
772.97
772.97
772.971
772.972
772.972
772.973
772.973
772.974
772.975
772.976
772.977
772.978
772.979
772.98
772.981
772.983
772.985
772.988
772.991
772.994
772.996
772.998
773
773.001
773.004
773.009
773.018
773.028
773.036
773.044
773.05
773.055
773.059
773.062
773.068
773.084
773.142
773.259
773.345
773.38
773.38
773.342
773.223
773.118
773.058
773.032
773.026
773.026
773.032
773.043
773.053
773.062
773.069
773.077
773.084
773.09
773.097
773.103
773.109
773.116
773.122
773.128
773.134
773.141
773.147
773.154
773.16
773.167
773.173
773.18
773.187
773.193
773.2
773.207
773.214
773.221
773.228
773.235
773.243
773.25
773.258
773.265
773.273
773.281
773.289
773.297
773.305
773.313
773.322
773.331
773.339
773.348
773.358
773.367
773.376
773.386
773.396
773.405
773.415
773.426
773.436
773.446
773.457
773.468
773.479
773.49
773.501
773.512
773.523
773.535
773.546
773.558
773.569
773.581
773.593
773.604
773.616
773.628
773.64
773.652
773.663
773.675
773.687
773.699
773.711
773.723
773.736
773.748
773.76
773.773
773.785
773.798
773.81
773.823
773.836
773.849
773.862
773.875
773.889
773.902
773.916
773.93
773.944
773.958
773.972
773.986
774.001
774.015
774.03
774.045
774.06
774.076
774.091
774.107
774.123
774.139
774.155
774.171
774.188
774.204
774.222
774.237
774.257
774.271
774.291
774.305
774.326
774.339
774.361
774.372
774.4
774.361
773.035
772.999
772.986
772.958
772.948
772.959
772.967
772.959
772.95
772.949
772.951
772.952
772.951
772.949
772.949
772.949
772.949
772.949
772.949
772.949
772.949
772.95
772.95
772.951
772.952
772.952
772.953
772.953
772.953
772.954
772.955
772.956
772.956
772.957
772.958
772.958
772.959
772.96
772.961
772.962
772.963
772.964
772.966
772.967
772.968
772.97
772.972
772.974
772.977
772.979
772.98
772.982
772.983
772.985
772.988
772.995
773.003
773.011
773.019
773.026
773.032
773.036
773.04
773.047
773.066
773.14
773.304
773.417
773.456
773.449
773.37
773.199
773.083
773.027
773.009
773.009
773.015
773.032
773.047
773.058
773.068
773.076
773.084
773.091
773.098
773.104
773.11
773.117
773.123
773.129
773.136
773.142
773.148
773.155
773.161
773.168
773.175
773.181
773.188
773.195
773.201
773.208
773.215
773.222
773.23
773.237
773.244
773.251
773.259
773.267
773.274
773.282
773.29
773.298
773.306
773.315
773.323
773.332
773.341
773.35
773.359
773.368
773.378
773.387
773.397
773.407
773.417
773.427
773.437
773.448
773.458
773.469
773.48
773.491
773.502
773.513
773.525
773.536
773.547
773.559
773.571
773.582
773.594
773.606
773.617
773.629
773.641
773.653
773.665
773.677
773.689
773.701
773.713
773.725
773.737
773.749
773.762
773.774
773.786
773.799
773.812
773.824
773.837
773.85
773.863
773.877
773.89
773.904
773.917
773.931
773.945
773.959
773.973
773.987
774.002
774.017
774.031
774.046
774.062
774.077
774.093
774.108
774.124
774.14
774.156
774.172
774.189
774.205
774.223
774.238
774.258
774.272
774.293
774.306
774.328
774.34
774.363
774.374
774.405
774.314
774.46
774.479
774.484
774.488
774.491
774.494
774.497
774.502
774.514
774.522
774.511
774.495
774.488
774.486
774.467
774.462
774.469
774.486
774.508
774.427
774.453
774.463
774.466
774.47
774.471
774.472
774.474
774.477
774.485
774.494
774.479
774.46
774.457
774.457
774.436
774.418
774.426
774.442
774.462
774.417
774.425
774.428
774.431
774.432
774.432
774.431
774.432
774.43
774.428
774.428
774.43
774.432
774.435
774.435
774.436
774.437
774.439
774.444
774.447
774.456
774.378
774.383
774.389
774.389
774.387
774.382
774.371
774.362
774.354
774.344
774.333
774.329
774.32
774.311
774.307
774.3
774.294
774.29
774.289
774.282
774.346
774.334
774.335
774.338
774.339
774.338
774.331
774.325
774.318
774.312
774.304
774.3
774.292
774.288
774.284
774.282
774.281
774.282
774.287
774.302
774.349
774.348
774.351
774.371
774.405
774.421
774.436
774.461
774.486
774.509
774.532
774.557
774.583
774.609
774.635
774.661
774.687
774.714
774.741
774.768
774.795
774.822
774.849
774.877
774.905
774.933
774.96
774.987
775.016
775.044
775.072
775.101
775.131
775.16
775.189
775.218
775.246
775.275
775.305
775.336
775.365
775.396
775.43
775.472
775.513
775.546
775.565
775.588
775.641
775.809
776.033
776.157
776.184
776.151
776.007
775.888
775.847
775.844
775.862
775.915
775.965
776.009
776.049
776.086
776.122
776.158
776.193
776.228
776.263
776.297
776.332
776.366
776.401
776.435
776.47
776.504
776.539
776.574
776.608
776.643
776.678
776.713
776.747
776.782
776.817
776.852
776.888
776.923
776.958
776.994
777.029
777.065
777.1
777.136
777.172
777.208
777.244
777.28
777.316
777.352
777.388
777.424
777.46
777.497
777.533
777.569
777.605
777.641
777.678
777.714
777.75
777.786
777.822
777.858
777.893
777.929
777.965
778
778.036
778.072
778.107
778.142
778.178
778.213
778.248
778.283
778.319
778.354
778.389
778.424
778.459
778.494
778.529
778.564
778.599
778.634
778.669
778.704
778.739
778.773
778.808
778.843
778.877
778.912
778.947
778.981
779.015
779.05
779.084
779.118
779.152
779.185
779.219
779.253
779.286
779.319
779.353
779.386
779.418
779.451
779.484
779.516
779.548
779.581
779.613
779.645
779.676
779.708
779.74
779.771
779.802
779.834
779.865
779.896
779.927
779.957
779.988
780.019
780.049
780.079
780.11
780.14
780.17
780.199
780.229
780.259
780.288
780.317
780.346
780.375
780.404
780.433
780.461
780.489
780.517
780.545
780.573
780.6
780.628
780.655
780.682
780.709
780.735
780.761
780.788
780.814
780.839
780.865
780.891
780.916
780.941
780.966
780.991
781.015
781.04
781.064
781.088
781.112
781.136
781.159
781.183
781.206
781.229
781.252
781.275
781.297
781.32
781.342
781.364
781.386
781.407
781.429
781.45
781.471
781.492
781.512
781.532
781.553
781.573
781.592
781.612
781.631
781.65
781.669
781.688
781.706
781.724
781.742
781.76
781.778
781.795
781.812
781.829
781.846
781.863
781.879
781.895
781.911
781.927
781.943
781.958
781.974
781.989
782.003
782.018
782.033
782.047
782.061
782.075
782.089
782.102
782.115
782.128
782.141
782.154
782.166
782.178
782.19
782.202
782.214
782.225
782.236
782.247
782.258
782.268
782.279
782.289
782.299
782.308
782.318
782.327
782.336
782.345
782.354
782.362
782.37
782.378
782.386
782.394
782.402
782.409
782.416
782.423
782.43
782.436
782.443
782.449
782.455
782.461
782.466
782.472
782.477
782.482
782.487
782.492
782.497
782.501
782.505
782.509
782.513
782.517
782.52
782.524
782.527
782.53
782.533
782.535
782.538
782.54
782.543
782.545
782.547
782.549
782.551
782.553
782.555
782.556
782.558
782.559
782.561
782.562
782.564
782.565
782.567
782.568
782.57
782.571
782.573
782.574
782.576
782.577
782.579
782.58
782.582
782.584
782.585
782.587
782.589
782.591
782.593
782.595
782.597
782.599
782.601
782.603
782.605
782.607
782.61
782.612
782.614
782.617
782.619
782.622
782.624
782.627
782.629
782.632
782.634
782.637
782.64
782.642
782.645
782.648
782.65
782.653
782.656
782.658
782.661
782.664
782.667
782.669
782.672
782.675
782.678
782.68
782.683
782.686
782.688
782.691
782.694
782.696
782.699
782.702
782.704
782.707
782.709
782.712
782.715
782.717
782.72
782.722
782.725
782.728
782.73
782.733
782.735
782.738
782.741
782.743
782.746
782.748
782.751
782.754
782.756
782.759
782.762
782.764
782.767
782.77
782.772
782.775
782.777
782.78
782.782
782.785
782.787
782.79
782.792
782.795
782.797
782.799
782.802
782.804
782.806
782.808
782.81
782.812
782.814
782.816
782.818
782.819
782.821
782.823
782.824
782.826
782.827
782.829
782.83
782.831
782.833
782.834
782.835
782.836
782.837
782.838
782.839
782.84
782.841
782.842
782.843
782.843
782.844
782.845
782.846
782.846
782.847
782.848
782.848
782.849
782.849
782.85
782.851
782.851
782.852
782.852
782.853
782.853
782.854
782.855
782.855
782.856
782.856
782.857
782.858
782.859
782.859
782.86
782.861
782.862
782.863
782.863
782.864
782.865
782.867
782.868
782.869
782.87
782.871
782.873
782.874
782.876
782.877
782.879
782.88
782.882
782.884
782.886
782.887
782.889
782.891
782.893
782.896
782.898
782.9
782.902
782.905
782.907
782.909
782.912
782.914
782.917
782.919
782.922
782.924
782.927
782.93
782.932
782.935
782.938
782.941
782.943
782.946
782.949
782.952
782.954
782.957
782.96
782.963
782.966
782.969
782.971
782.974
782.977
782.98
782.983
782.986
782.989
782.992
782.995
782.998
783.001
783.004
783.007
783.01
783.013
783.016
783.019
783.022
783.025
783.029
783.032
783.035
783.039
783.042
783.046
783.049
783.053
783.056
783.06
783.064
783.068
783.071
783.075
783.079
783.084
783.087
783.092
783.094
783.1
783.102
783.109
783.111
783.118
783.119
783.126
783.128
783.135
783.136
783.142
783.139
774.35
774.358
774.365
774.394
774.425
774.44
774.455
774.48
774.503
774.526
774.549
774.573
774.599
774.624
774.65
774.676
774.703
774.73
774.757
774.783
774.81
774.837
774.865
774.893
774.921
774.949
774.977
775.005
775.033
775.062
775.093
775.125
775.157
775.186
775.212
775.239
775.266
775.293
775.322
775.352
775.383
775.417
775.456
775.499
775.535
775.558
775.577
775.615
775.719
775.883
776.003
776.053
776.054
776.01
775.915
775.869
775.859
775.863
775.888
775.933
775.975
776.013
776.051
776.087
776.122
776.157
776.192
776.227
776.262
776.296
776.331
776.365
776.399
776.434
776.469
776.503
776.538
776.572
776.607
776.642
776.676
776.711
776.746
776.781
776.816
776.851
776.886
776.922
776.957
776.992
777.028
777.063
777.099
777.135
777.171
777.206
777.242
777.278
777.314
777.351
777.387
777.423
777.459
777.495
777.532
777.568
777.604
777.64
777.676
777.713
777.749
777.785
777.821
777.856
777.892
777.928
777.964
777.999
778.035
778.07
778.106
778.141
778.176
778.212
778.247
778.282
778.317
778.353
778.388
778.423
778.458
778.493
778.528
778.563
778.598
778.633
778.668
778.702
778.737
778.772
778.807
778.842
778.876
778.911
778.945
778.98
779.014
779.048
779.083
779.117
779.15
779.184
779.218
779.252
779.285
779.318
779.351
779.384
779.417
779.45
779.483
779.515
779.547
779.579
779.612
779.643
779.675
779.707
779.739
779.77
779.801
779.832
779.864
779.895
779.925
779.956
779.987
780.017
780.048
780.078
780.108
780.139
780.168
780.198
780.228
780.258
780.287
780.316
780.345
780.374
780.403
780.432
780.46
780.488
780.516
780.544
780.572
780.599
780.627
780.654
780.681
780.707
780.734
780.76
780.787
780.813
780.838
780.864
780.889
780.915
780.94
780.965
780.989
781.014
781.039
781.063
781.087
781.111
781.135
781.158
781.182
781.205
781.228
781.251
781.274
781.296
781.319
781.341
781.363
781.385
781.406
781.428
781.449
781.47
781.491
781.511
781.531
781.552
781.572
781.591
781.611
781.63
781.649
781.668
781.687
781.705
781.723
781.741
781.759
781.777
781.794
781.811
781.828
781.845
781.862
781.878
781.894
781.91
781.926
781.942
781.957
781.973
781.988
782.002
782.017
782.032
782.046
782.06
782.074
782.088
782.101
782.114
782.127
782.14
782.153
782.165
782.177
782.19
782.201
782.213
782.224
782.235
782.246
782.257
782.268
782.278
782.288
782.298
782.307
782.317
782.326
782.335
782.344
782.353
782.361
782.369
782.377
782.385
782.393
782.401
782.408
782.415
782.422
782.429
782.435
782.442
782.448
782.454
782.46
782.466
782.471
782.476
782.481
782.486
782.491
782.496
782.5
782.504
782.508
782.512
782.516
782.519
782.523
782.526
782.529
782.532
782.534
782.537
782.54
782.542
782.544
782.546
782.548
782.55
782.552
782.554
782.555
782.557
782.559
782.56
782.562
782.563
782.565
782.566
782.567
782.569
782.57
782.572
782.573
782.575
782.576
782.578
782.579
782.581
782.583
782.585
782.586
782.588
782.59
782.592
782.594
782.596
782.598
782.6
782.602
782.604
782.607
782.609
782.611
782.614
782.616
782.618
782.621
782.623
782.626
782.628
782.631
782.634
782.636
782.639
782.641
782.644
782.647
782.65
782.652
782.655
782.658
782.66
782.663
782.666
782.669
782.671
782.674
782.677
782.679
782.682
782.685
782.688
782.69
782.693
782.696
782.698
782.701
782.703
782.706
782.709
782.711
782.714
782.716
782.719
782.722
782.724
782.727
782.729
782.732
782.735
782.737
782.74
782.743
782.745
782.748
782.75
782.753
782.756
782.758
782.761
782.764
782.766
782.769
782.771
782.774
782.777
782.779
782.782
782.784
782.787
782.789
782.792
782.794
782.796
782.799
782.801
782.803
782.805
782.807
782.809
782.811
782.813
782.815
782.817
782.819
782.82
782.822
782.824
782.825
782.827
782.828
782.829
782.831
782.832
782.833
782.834
782.835
782.837
782.838
782.838
782.839
782.84
782.841
782.842
782.843
782.844
782.844
782.845
782.846
782.846
782.847
782.848
782.848
782.849
782.849
782.85
782.851
782.851
782.852
782.852
782.853
782.853
782.854
782.855
782.855
782.856
782.857
782.857
782.858
782.859
782.859
782.86
782.861
782.862
782.863
782.864
782.865
782.866
782.867
782.868
782.869
782.871
782.872
782.873
782.875
782.876
782.878
782.88
782.881
782.883
782.885
782.887
782.889
782.891
782.893
782.895
782.897
782.899
782.902
782.904
782.906
782.909
782.911
782.914
782.916
782.919
782.921
782.924
782.927
782.929
782.932
782.935
782.937
782.94
782.943
782.946
782.948
782.951
782.954
782.957
782.96
782.962
782.965
782.968
782.971
782.974
782.977
782.979
782.982
782.985
782.988
782.991
782.994
782.997
783
783.003
783.006
783.009
783.012
783.015
783.019
783.022
783.025
783.028
783.032
783.035
783.038
783.042
783.045
783.049
783.052
783.056
783.06
783.063
783.067
783.071
783.075
783.078
783.083
783.086
783.091
783.094
783.1
783.102
783.109
783.11
783.117
783.119
783.126
783.127
783.134
783.136
783.142
783.139
774.497
774.527
774.576
774.612
774.637
774.659
774.684
774.708
774.732
774.756
774.78
774.804
774.83
774.855
774.881
774.907
774.934
774.961
774.99
775.019
775.047
775.075
775.103
775.132
775.16
775.187
775.215
775.244
775.277
775.309
775.343
775.377
775.411
775.443
775.466
775.479
775.481
775.471
775.442
775.429
775.429
775.432
775.443
775.468
775.498
775.529
775.562
775.595
775.627
775.656
775.683
775.71
775.737
775.765
775.795
775.826
775.859
775.892
775.925
775.958
775.991
776.025
776.058
776.092
776.126
776.16
776.194
776.228
776.262
776.296
776.331
776.365
776.4
776.434
776.469
776.503
776.538
776.572
776.607
776.642
776.676
776.711
776.746
776.781
776.816
776.851
776.886
776.922
776.957
776.992
777.028
777.063
777.099
777.135
777.171
777.206
777.242
777.278
777.314
777.351
777.387
777.423
777.459
777.495
777.532
777.568
777.604
777.64
777.676
777.713
777.749
777.785
777.82
777.856
777.892
777.928
777.964
777.999
778.035
778.07
778.106
778.141
778.176
778.212
778.247
778.282
778.317
778.353
778.388
778.423
778.458
778.493
778.528
778.563
778.598
778.633
778.668
778.702
778.737
778.772
778.807
778.842
778.876
778.911
778.945
778.98
779.014
779.048
779.083
779.117
779.15
779.184
779.218
779.252
779.285
779.318
779.351
779.384
779.417
779.45
779.483
779.515
779.547
779.579
779.612
779.643
779.675
779.707
779.739
779.77
779.801
779.832
779.864
779.895
779.925
779.956
779.987
780.017
780.048
780.078
780.108
780.139
780.168
780.198
780.228
780.258
780.287
780.316
780.345
780.374
780.403
780.432
780.46
780.488
780.516
780.544
780.572
780.599
780.627
780.654
780.681
780.707
780.734
780.76
780.787
780.813
780.838
780.864
780.889
780.915
780.94
780.965
780.989
781.014
781.039
781.063
781.087
781.111
781.135
781.158
781.182
781.205
781.228
781.251
781.274
781.296
781.319
781.341
781.363
781.385
781.406
781.428
781.449
781.47
781.491
781.511
781.531
781.552
781.572
781.591
781.611
781.63
781.649
781.668
781.687
781.705
781.723
781.741
781.759
781.777
781.794
781.811
781.828
781.845
781.862
781.878
781.894
781.91
781.926
781.942
781.957
781.973
781.988
782.002
782.017
782.032
782.046
782.06
782.074
782.088
782.101
782.114
782.127
782.14
782.153
782.165
782.177
782.189
782.201
782.213
782.224
782.235
782.246
782.257
782.268
782.278
782.288
782.298
782.307
782.317
782.326
782.335
782.344
782.353
782.361
782.369
782.377
782.385
782.393
782.401
782.408
782.415
782.422
782.429
782.435
782.442
782.448
782.454
782.46
782.466
782.471
782.476
782.481
782.486
782.491
782.496
782.5
782.504
782.508
782.512
782.516
782.519
782.523
782.526
782.529
782.532
782.534
782.537
782.54
782.542
782.544
782.546
782.548
782.55
782.552
782.554
782.555
782.557
782.559
782.56
782.562
782.563
782.565
782.566
782.567
782.569
782.57
782.572
782.573
782.575
782.576
782.578
782.579
782.581
782.583
782.585
782.586
782.588
782.59
782.592
782.594
782.596
782.598
782.6
782.602
782.604
782.607
782.609
782.611
782.614
782.616
782.618
782.621
782.623
782.626
782.628
782.631
782.634
782.636
782.639
782.641
782.644
782.647
782.65
782.652
782.655
782.658
782.66
782.663
782.666
782.669
782.671
782.674
782.677
782.679
782.682
782.685
782.688
782.69
782.693
782.696
782.698
782.701
782.703
782.706
782.709
782.711
782.714
782.716
782.719
782.722
782.724
782.727
782.729
782.732
782.735
782.737
782.74
782.743
782.745
782.748
782.75
782.753
782.756
782.758
782.761
782.764
782.766
782.769
782.771
782.774
782.777
782.779
782.782
782.784
782.787
782.789
782.792
782.794
782.796
782.799
782.801
782.803
782.805
782.807
782.809
782.811
782.813
782.815
782.817
782.819
782.82
782.822
782.824
782.825
782.827
782.828
782.829
782.831
782.832
782.833
782.834
782.835
782.837
782.838
782.838
782.839
782.84
782.841
782.842
782.843
782.844
782.844
782.845
782.846
782.846
782.847
782.848
782.848
782.849
782.849
782.85
782.851
782.851
782.852
782.852
782.853
782.853
782.854
782.855
782.855
782.856
782.857
782.857
782.858
782.859
782.859
782.86
782.861
782.862
782.863
782.864
782.865
782.866
782.867
782.868
782.869
782.871
782.872
782.873
782.875
782.876
782.878
782.88
782.881
782.883
782.885
782.887
782.889
782.891
782.893
782.895
782.897
782.899
782.902
782.904
782.906
782.909
782.911
782.914
782.916
782.919
782.921
782.924
782.927
782.929
782.932
782.935
782.937
782.94
782.943
782.946
782.948
782.951
782.954
782.957
782.96
782.962
782.965
782.968
782.971
782.974
782.977
782.979
782.982
782.985
782.988
782.991
782.994
782.997
783
783.003
783.006
783.009
783.012
783.015
783.019
783.022
783.025
783.028
783.032
783.035
783.038
783.042
783.045
783.049
783.052
783.056
783.06
783.063
783.067
783.071
783.075
783.078
783.083
783.086
783.091
783.094
783.1
783.102
783.109
783.11
783.117
783.119
783.126
783.127
783.134
783.136
783.142
783.139
774.292
774.305
774.334
774.36
774.386
774.411
774.438
774.465
774.491
774.517
774.543
774.569
774.594
774.619
774.645
774.671
774.697
774.723
774.75
774.776
774.803
774.83
774.857
774.884
774.911
774.939
774.967
774.993
775.022
775.051
775.079
775.107
775.137
775.168
775.197
775.224
775.253
775.287
775.323
775.353
775.38
775.418
775.469
775.514
775.54
775.567
775.622
775.701
775.78
775.837
775.862
775.863
775.849
775.823
775.816
775.817
775.829
775.863
775.904
775.942
775.98
776.017
776.053
776.088
776.123
776.158
776.193
776.227
776.262
776.296
776.331
776.365
776.4
776.434
776.469
776.503
776.538
776.572
776.607
776.642
776.676
776.711
776.746
776.781
776.816
776.851
776.886
776.922
776.957
776.992
777.028
777.063
777.099
777.135
777.171
777.206
777.242
777.278
777.314
777.351
777.387
777.423
777.459
777.495
777.532
777.568
777.604
777.64
777.676
777.713
777.749
777.785
777.821
777.856
777.892
777.928
777.964
777.999
778.035
778.07
778.106
778.141
778.176
778.212
778.247
778.282
778.317
778.353
778.388
778.423
778.458
778.493
778.528
778.563
778.598
778.633
778.668
778.702
778.737
778.772
778.807
778.842
778.876
778.911
778.945
778.98
779.014
779.048
779.083
779.117
779.15
779.184
779.218
779.252
779.285
779.318
779.351
779.384
779.417
779.45
779.483
779.515
779.547
779.579
779.612
779.643
779.675
779.707
779.739
779.77
779.801
779.832
779.864
779.895
779.925
779.956
779.987
780.017
780.048
780.078
780.108
780.139
780.168
780.198
780.228
780.258
780.287
780.316
780.345
780.374
780.403
780.432
780.46
780.488
780.516
780.544
780.572
780.599
780.627
780.654
780.681
780.707
780.734
780.76
780.787
780.813
780.838
780.864
780.889
780.915
780.94
780.965
780.989
781.014
781.039
781.063
781.087
781.111
781.135
781.158
781.182
781.205
781.228
781.251
781.274
781.296
781.319
781.341
781.363
781.385
781.406
781.428
781.449
781.47
781.491
781.511
781.531
781.552
781.572
781.591
781.611
781.63
781.649
781.668
781.687
781.705
781.723
781.741
781.759
781.777
781.794
781.811
781.828
781.845
781.862
781.878
781.894
781.91
781.926
781.942
781.957
781.973
781.988
782.002
782.017
782.032
782.046
782.06
782.074
782.088
782.101
782.114
782.127
782.14
782.153
782.165
782.177
782.19
782.201
782.213
782.224
782.235
782.246
782.257
782.268
782.278
782.288
782.298
782.307
782.317
782.326
782.335
782.344
782.353
782.361
782.369
782.377
782.385
782.393
782.401
782.408
782.415
782.422
782.429
782.435
782.442
782.448
782.454
782.46
782.466
782.471
782.476
782.481
782.486
782.491
782.496
782.5
782.504
782.508
782.512
782.516
782.519
782.523
782.526
782.529
782.532
782.534
782.537
782.54
782.542
782.544
782.546
782.548
782.55
782.552
782.554
782.555
782.557
782.559
782.56
782.562
782.563
782.565
782.566
782.567
782.569
782.57
782.572
782.573
782.575
782.576
782.578
782.579
782.581
782.583
782.585
782.586
782.588
782.59
782.592
782.594
782.596
782.598
782.6
782.602
782.604
782.607
782.609
782.611
782.614
782.616
782.618
782.621
782.623
782.626
782.628
782.631
782.634
782.636
782.639
782.641
782.644
782.647
782.65
782.652
782.655
782.658
782.66
782.663
782.666
782.669
782.671
782.674
782.677
782.679
782.682
782.685
782.688
782.69
782.693
782.696
782.698
782.701
782.703
782.706
782.709
782.711
782.714
782.716
782.719
782.722
782.724
782.727
782.729
782.732
782.735
782.737
782.74
782.743
782.745
782.748
782.75
782.753
782.756
782.758
782.761
782.764
782.766
782.769
782.771
782.774
782.777
782.779
782.782
782.784
782.787
782.789
782.792
782.794
782.796
782.799
782.801
782.803
782.805
782.807
782.809
782.811
782.813
782.815
782.817
782.819
782.82
782.822
782.824
782.825
782.827
782.828
782.829
782.831
782.832
782.833
782.834
782.835
782.837
782.838
782.838
782.839
782.84
782.841
782.842
782.843
782.844
782.844
782.845
782.846
782.846
782.847
782.848
782.848
782.849
782.849
782.85
782.851
782.851
782.852
782.852
782.853
782.853
782.854
782.855
782.855
782.856
782.857
782.857
782.858
782.859
782.859
782.86
782.861
782.862
782.863
782.864
782.865
782.866
782.867
782.868
782.869
782.871
782.872
782.873
782.875
782.876
782.878
782.88
782.881
782.883
782.885
782.887
782.889
782.891
782.893
782.895
782.897
782.899
782.902
782.904
782.906
782.909
782.911
782.914
782.916
782.919
782.921
782.924
782.927
782.929
782.932
782.935
782.937
782.94
782.943
782.946
782.948
782.951
782.954
782.957
782.96
782.962
782.965
782.968
782.971
782.974
782.977
782.979
782.982
782.985
782.988
782.991
782.994
782.997
783
783.003
783.006
783.009
783.012
783.015
783.019
783.022
783.025
783.028
783.032
783.035
783.038
783.042
783.045
783.049
783.052
783.056
783.06
783.063
783.067
783.071
783.075
783.078
783.083
783.086
783.091
783.094
783.1
783.102
783.109
783.11
783.117
783.119
783.126
783.127
783.134
783.136
783.142
783.139
774.352
774.383
774.423
774.451
774.483
774.51
774.542
774.572
774.6
774.627
774.653
774.679
774.704
774.73
774.757
774.783
774.809
774.835
774.862
774.889
774.916
774.943
774.969
774.996
775.023
775.05
775.078
775.106
775.134
775.164
775.194
775.223
775.252
775.281
775.311
775.342
775.372
775.4
775.429
775.464
775.506
775.549
775.583
775.603
775.622
775.666
775.796
775.971
776.086
776.134
776.137
776.105
776.005
775.93
775.898
775.893
775.895
775.905
775.93
775.961
775.993
776.025
776.059
776.093
776.127
776.161
776.195
776.229
776.263
776.298
776.332
776.366
776.401
776.435
776.47
776.504
776.539
776.574
776.608
776.643
776.678
776.713
776.747
776.782
776.817
776.852
776.888
776.923
776.958
776.994
777.029
777.065
777.1
777.136
777.172
777.208
777.244
777.28
777.316
777.352
777.388
777.424
777.46
777.497
777.533
777.569
777.605
777.641
777.678
777.714
777.75
777.786
777.822
777.858
777.893
777.929
777.965
778
778.036
778.072
778.107
778.142
778.178
778.213
778.248
778.283
778.319
778.354
778.389
778.424
778.459
778.494
778.529
778.564
778.599
778.634
778.669
778.704
778.739
778.773
778.808
778.843
778.877
778.912
778.947
778.981
779.015
779.05
779.084
779.118
779.152
779.185
779.219
779.253
779.286
779.319
779.353
779.386
779.418
779.451
779.484
779.516
779.548
779.581
779.613
779.645
779.676
779.708
779.74
779.771
779.802
779.834
779.865
779.896
779.927
779.957
779.988
780.019
780.049
780.079
780.11
780.14
780.17
780.199
780.229
780.259
780.288
780.317
780.346
780.375
780.404
780.433
780.461
780.489
780.517
780.545
780.573
780.6
780.628
780.655
780.682
780.709
780.735
780.761
780.788
780.814
780.839
780.865
780.891
780.916
780.941
780.966
780.991
781.015
781.04
781.064
781.088
781.112
781.136
781.159
781.183
781.206
781.229
781.252
781.275
781.297
781.32
781.342
781.364
781.386
781.407
781.429
781.45
781.471
781.492
781.512
781.532
781.553
781.573
781.592
781.612
781.631
781.65
781.669
781.688
781.706
781.724
781.742
781.76
781.778
781.795
781.812
781.829
781.846
781.863
781.879
781.895
781.911
781.927
781.943
781.958
781.974
781.989
782.003
782.018
782.033
782.047
782.061
782.075
782.089
782.102
782.115
782.128
782.141
782.154
782.166
782.178
782.19
782.202
782.214
782.225
782.236
782.247
782.258
782.268
782.279
782.289
782.299
782.308
782.318
782.327
782.336
782.345
782.354
782.362
782.37
782.378
782.386
782.394
782.402
782.409
782.416
782.423
782.43
782.436
782.443
782.449
782.455
782.461
782.466
782.472
782.477
782.482
782.487
782.492
782.497
782.501
782.505
782.509
782.513
782.517
782.52
782.524
782.527
782.53
782.533
782.535
782.538
782.54
782.543
782.545
782.547
782.549
782.551
782.553
782.555
782.556
782.558
782.559
782.561
782.562
782.564
782.565
782.567
782.568
782.57
782.571
782.573
782.574
782.576
782.577
782.579
782.58
782.582
782.584
782.585
782.587
782.589
782.591
782.593
782.595
782.597
782.599
782.601
782.603
782.605
782.607
782.61
782.612
782.614
782.617
782.619
782.622
782.624
782.627
782.629
782.632
782.634
782.637
782.64
782.642
782.645
782.648
782.65
782.653
782.656
782.658
782.661
782.664
782.667
782.669
782.672
782.675
782.678
782.68
782.683
782.686
782.688
782.691
782.694
782.696
782.699
782.702
782.704
782.707
782.709
782.712
782.715
782.717
782.72
782.722
782.725
782.728
782.73
782.733
782.735
782.738
782.741
782.743
782.746
782.748
782.751
782.754
782.756
782.759
782.762
782.764
782.767
782.77
782.772
782.775
782.777
782.78
782.782
782.785
782.787
782.79
782.792
782.795
782.797
782.799
782.802
782.804
782.806
782.808
782.81
782.812
782.814
782.816
782.818
782.819
782.821
782.823
782.824
782.826
782.827
782.829
782.83
782.831
782.833
782.834
782.835
782.836
782.837
782.838
782.839
782.84
782.841
782.842
782.843
782.843
782.844
782.845
782.846
782.846
782.847
782.848
782.848
782.849
782.849
782.85
782.851
782.851
782.852
782.852
782.853
782.853
782.854
782.855
782.855
782.856
782.856
782.857
782.858
782.859
782.859
782.86
782.861
782.862
782.863
782.863
782.864
782.865
782.867
782.868
782.869
782.87
782.871
782.873
782.874
782.876
782.877
782.879
782.88
782.882
782.884
782.886
782.887
782.889
782.891
782.893
782.896
782.898
782.9
782.902
782.905
782.907
782.909
782.912
782.914
782.917
782.919
782.922
782.924
782.927
782.93
782.932
782.935
782.938
782.941
782.943
782.946
782.949
782.952
782.954
782.957
782.96
782.963
782.966
782.969
782.971
782.974
782.977
782.98
782.983
782.986
782.989
782.992
782.995
782.998
783.001
783.004
783.007
783.01
783.013
783.016
783.019
783.022
783.025
783.029
783.032
783.035
783.039
783.042
783.046
783.049
783.053
783.056
783.06
783.064
783.068
783.071
783.075
783.079
783.084
783.087
783.092
783.094
783.1
783.102
783.109
783.111
783.118
783.119
783.126
783.128
783.135
783.136
783.142
783.139
)
;

boundaryField
{
    inlet
    {
        type            zeroGradient;
    }
    outlet
    {
        type            zeroGradient;
    }
    sides
    {
        type            empty;
    }
    walls
    {
        type            zeroGradient;
    }
}


// ************************************************************************* //
