/*--------------------------------*- C++ -*----------------------------------*\
| =========                 |                                                 |
| \\      /  F ield         | OpenFOAM: The Open Source CFD Toolbox           |
|  \\    /   O peration     | Version:  3.0.x                                 |
|   \\  /    A nd           | Web:      www.OpenFOAM.org                      |
|    \\/     M anipulation  |                                                 |
\*---------------------------------------------------------------------------*/
FoamFile
{
    version     2.0;
    format      ascii;
    class       volScalarField;
    location    "0.4";
    object      rho;
}
// * * * * * * * * * * * * * * * * * * * * * * * * * * * * * * * * * * * * * //

dimensions      [1 -3 0 0 0 0 0];

internalField   nonuniform List<scalar> 
6900
(
50.9154
50.9154
50.9155
50.9155
50.9155
50.9155
50.9155
50.9156
50.9156
50.9156
50.9156
50.9156
50.9157
50.9157
50.9157
50.9157
50.9157
50.9157
50.9157
50.9157
50.9157
50.9157
50.9157
50.9158
50.9158
50.916
50.9162
50.9165
50.9166
50.9168
50.9169
50.917
50.9171
50.9172
50.9173
50.9175
50.9177
50.9179
50.9182
50.9185
50.9188
50.9191
50.9194
50.9197
50.9199
50.92
50.9201
50.9202
50.9202
50.9203
50.9204
50.9206
50.9207
50.9209
50.921
50.9212
50.9213
50.9214
50.9215
50.9215
50.9216
50.9216
50.9217
50.9217
50.9218
50.9218
50.9219
50.922
50.9221
50.9222
50.9223
50.9224
50.9225
50.9226
50.9228
50.9229
50.923
50.923
50.9231
50.9232
50.9232
50.9233
50.9233
50.9233
50.9232
50.9232
50.9232
50.9231
50.923
50.9229
50.9229
50.9228
50.9227
50.9226
50.9225
50.9225
50.9224
50.9224
50.9224
50.9224
50.9224
50.9225
50.9225
50.9226
50.9227
50.9228
50.923
50.9231
50.9233
50.9234
50.9235
50.9237
50.9238
50.9239
50.924
50.9241
50.9241
50.9241
50.9241
50.9241
50.924
50.924
50.9239
50.9237
50.9236
50.9235
50.9233
50.9232
50.923
50.9229
50.9227
50.9226
50.9225
50.9225
50.9224
50.9224
50.9224
50.9225
50.9225
50.9226
50.9228
50.9229
50.9231
50.9233
50.9235
50.9237
50.9239
50.9241
50.9243
50.9244
50.9246
50.9246
50.9247
50.9247
50.9247
50.9247
50.9246
50.9245
50.9243
50.9242
50.924
50.9238
50.9236
50.9234
50.9232
50.923
50.9228
50.9227
50.9226
50.9225
50.9224
50.9224
50.9224
50.9225
50.9227
50.9228
50.9231
50.9234
50.9237
50.924
50.9244
50.9247
50.9251
50.9254
50.9257
50.926
50.9262
50.9264
50.9265
50.9265
50.9265
50.9265
50.9265
50.9264
50.9263
50.9262
50.9262
50.926
50.9264
50.9234
50.9156
50.9156
50.9156
50.9157
50.9157
50.9157
50.9157
50.9157
50.9158
50.9158
50.9158
50.9158
50.9158
50.9158
50.9159
50.9159
50.9159
50.9159
50.9159
50.9159
50.9159
50.9159
50.9159
50.9159
50.916
50.9162
50.9164
50.9166
50.9168
50.917
50.9171
50.9172
50.9173
50.9174
50.9175
50.9176
50.9178
50.9181
50.9183
50.9186
50.9189
50.9192
50.9195
50.9198
50.92
50.9202
50.9203
50.9203
50.9204
50.9205
50.9206
50.9207
50.9208
50.921
50.9212
50.9213
50.9214
50.9215
50.9216
50.9216
50.9217
50.9217
50.9218
50.9218
50.9219
50.922
50.922
50.9221
50.9222
50.9223
50.9224
50.9225
50.9227
50.9228
50.9229
50.923
50.9231
50.9232
50.9232
50.9233
50.9234
50.9234
50.9234
50.9234
50.9234
50.9233
50.9233
50.9232
50.9231
50.9231
50.923
50.9229
50.9228
50.9227
50.9227
50.9226
50.9226
50.9225
50.9225
50.9225
50.9226
50.9226
50.9227
50.9228
50.9229
50.923
50.9231
50.9232
50.9234
50.9235
50.9237
50.9238
50.9239
50.924
50.9241
50.9242
50.9242
50.9243
50.9242
50.9242
50.9242
50.9241
50.924
50.9239
50.9237
50.9236
50.9234
50.9233
50.9231
50.923
50.9229
50.9227
50.9227
50.9226
50.9225
50.9225
50.9225
50.9226
50.9227
50.9228
50.9229
50.923
50.9232
50.9234
50.9236
50.9238
50.924
50.9242
50.9244
50.9246
50.9247
50.9248
50.9248
50.9248
50.9248
50.9248
50.9247
50.9246
50.9244
50.9243
50.9241
50.9239
50.9237
50.9235
50.9233
50.9231
50.923
50.9228
50.9227
50.9226
50.9225
50.9225
50.9226
50.9227
50.9228
50.923
50.9232
50.9235
50.9238
50.9241
50.9245
50.9248
50.9252
50.9255
50.9258
50.9261
50.9263
50.9265
50.9266
50.9266
50.9267
50.9266
50.9266
50.9265
50.9264
50.9263
50.9263
50.9262
50.9265
50.9238
50.9156
50.9156
50.9156
50.9157
50.9157
50.9157
50.9157
50.9157
50.9158
50.9158
50.9158
50.9158
50.9158
50.9158
50.9159
50.9159
50.9159
50.9159
50.9159
50.9159
50.9159
50.9159
50.9159
50.9159
50.916
50.9162
50.9164
50.9166
50.9168
50.917
50.9171
50.9172
50.9173
50.9174
50.9175
50.9176
50.9178
50.9181
50.9183
50.9186
50.9189
50.9192
50.9195
50.9198
50.92
50.9202
50.9203
50.9203
50.9204
50.9205
50.9206
50.9207
50.9208
50.921
50.9212
50.9213
50.9214
50.9215
50.9216
50.9216
50.9217
50.9217
50.9218
50.9218
50.9219
50.922
50.922
50.9221
50.9222
50.9223
50.9224
50.9225
50.9227
50.9228
50.9229
50.923
50.9231
50.9232
50.9232
50.9233
50.9234
50.9234
50.9234
50.9234
50.9234
50.9233
50.9233
50.9232
50.9231
50.9231
50.923
50.9229
50.9228
50.9227
50.9227
50.9226
50.9226
50.9225
50.9225
50.9225
50.9226
50.9226
50.9227
50.9228
50.9229
50.923
50.9231
50.9232
50.9234
50.9235
50.9237
50.9238
50.9239
50.924
50.9241
50.9242
50.9242
50.9243
50.9242
50.9242
50.9242
50.9241
50.924
50.9239
50.9237
50.9236
50.9234
50.9233
50.9231
50.923
50.9229
50.9227
50.9227
50.9226
50.9225
50.9225
50.9225
50.9226
50.9227
50.9228
50.9229
50.923
50.9232
50.9234
50.9236
50.9238
50.924
50.9242
50.9244
50.9246
50.9247
50.9248
50.9248
50.9248
50.9248
50.9248
50.9247
50.9246
50.9244
50.9243
50.9241
50.9239
50.9237
50.9235
50.9233
50.9231
50.923
50.9228
50.9227
50.9226
50.9225
50.9225
50.9226
50.9227
50.9228
50.923
50.9232
50.9235
50.9238
50.9241
50.9245
50.9248
50.9252
50.9255
50.9258
50.9261
50.9263
50.9265
50.9266
50.9266
50.9267
50.9266
50.9266
50.9265
50.9264
50.9264
50.9263
50.9262
50.9261
50.926
50.9156
50.9156
50.9156
50.9157
50.9157
50.9157
50.9157
50.9157
50.9158
50.9158
50.9158
50.9158
50.9158
50.9158
50.9159
50.9159
50.9159
50.9159
50.9159
50.9159
50.9159
50.9159
50.9159
50.9159
50.916
50.9162
50.9164
50.9166
50.9168
50.917
50.9171
50.9172
50.9173
50.9174
50.9175
50.9176
50.9178
50.9181
50.9183
50.9186
50.9189
50.9192
50.9195
50.9198
50.92
50.9202
50.9203
50.9203
50.9204
50.9205
50.9206
50.9207
50.9208
50.921
50.9212
50.9213
50.9214
50.9215
50.9216
50.9216
50.9217
50.9217
50.9218
50.9218
50.9219
50.922
50.922
50.9221
50.9222
50.9223
50.9224
50.9225
50.9227
50.9228
50.9229
50.923
50.9231
50.9232
50.9232
50.9233
50.9234
50.9234
50.9234
50.9234
50.9234
50.9233
50.9233
50.9232
50.9231
50.9231
50.923
50.9229
50.9228
50.9227
50.9227
50.9226
50.9226
50.9225
50.9225
50.9225
50.9226
50.9226
50.9227
50.9228
50.9229
50.923
50.9231
50.9232
50.9234
50.9235
50.9237
50.9238
50.9239
50.924
50.9241
50.9242
50.9242
50.9243
50.9242
50.9242
50.9242
50.9241
50.924
50.9239
50.9237
50.9236
50.9234
50.9233
50.9231
50.923
50.9229
50.9227
50.9227
50.9226
50.9225
50.9225
50.9225
50.9226
50.9227
50.9228
50.9229
50.923
50.9232
50.9234
50.9236
50.9238
50.924
50.9242
50.9244
50.9246
50.9247
50.9248
50.9248
50.9248
50.9248
50.9248
50.9247
50.9246
50.9244
50.9243
50.9241
50.9239
50.9237
50.9235
50.9233
50.9231
50.923
50.9228
50.9227
50.9226
50.9225
50.9225
50.9226
50.9227
50.9228
50.923
50.9232
50.9235
50.9238
50.9241
50.9245
50.9248
50.9252
50.9255
50.9258
50.9261
50.9263
50.9265
50.9266
50.9267
50.9267
50.9266
50.9266
50.9265
50.9264
50.9264
50.9262
50.9262
50.9252
50.9316
50.9154
50.9154
50.9155
50.9155
50.9155
50.9155
50.9155
50.9156
50.9156
50.9156
50.9156
50.9156
50.9157
50.9157
50.9157
50.9157
50.9157
50.9157
50.9157
50.9157
50.9157
50.9157
50.9157
50.9158
50.9158
50.916
50.9162
50.9165
50.9166
50.9168
50.9169
50.917
50.9171
50.9172
50.9173
50.9175
50.9177
50.9179
50.9182
50.9185
50.9188
50.9191
50.9194
50.9197
50.9199
50.92
50.9201
50.9202
50.9202
50.9203
50.9204
50.9206
50.9207
50.9209
50.921
50.9212
50.9213
50.9214
50.9215
50.9215
50.9216
50.9216
50.9217
50.9217
50.9218
50.9218
50.9219
50.922
50.9221
50.9222
50.9223
50.9224
50.9225
50.9226
50.9228
50.9229
50.923
50.923
50.9231
50.9232
50.9232
50.9233
50.9233
50.9233
50.9232
50.9232
50.9232
50.9231
50.923
50.9229
50.9229
50.9228
50.9227
50.9226
50.9225
50.9225
50.9224
50.9224
50.9224
50.9224
50.9224
50.9225
50.9225
50.9226
50.9227
50.9228
50.923
50.9231
50.9233
50.9234
50.9235
50.9237
50.9238
50.9239
50.924
50.9241
50.9241
50.9241
50.9241
50.9241
50.924
50.924
50.9239
50.9237
50.9236
50.9235
50.9233
50.9232
50.923
50.9229
50.9227
50.9226
50.9225
50.9225
50.9224
50.9224
50.9224
50.9225
50.9225
50.9226
50.9228
50.9229
50.9231
50.9233
50.9235
50.9237
50.9239
50.9241
50.9243
50.9244
50.9246
50.9246
50.9247
50.9247
50.9247
50.9247
50.9246
50.9245
50.9243
50.9242
50.924
50.9238
50.9236
50.9234
50.9232
50.923
50.9228
50.9227
50.9226
50.9225
50.9224
50.9224
50.9224
50.9225
50.9227
50.9228
50.9231
50.9234
50.9237
50.924
50.9244
50.9247
50.9251
50.9254
50.9257
50.926
50.9262
50.9264
50.9265
50.9265
50.9265
50.9265
50.9265
50.9264
50.9263
50.9262
50.9261
50.9262
50.9246
50.9374
50.9423
50.9493
50.95
50.9482
50.9465
50.9453
50.9446
50.9436
50.9401
50.9331
50.9257
50.9195
50.9144
50.9126
50.9207
50.9314
50.9354
50.9269
50.9095
50.8868
50.9388
50.9423
50.9421
50.9403
50.9388
50.9376
50.9371
50.9363
50.9324
50.9247
50.9177
50.9119
50.907
50.9053
50.9144
50.9252
50.9265
50.9145
50.8931
50.8711
50.9268
50.9267
50.9255
50.9233
50.9204
50.9167
50.9122
50.907
50.9011
50.895
50.8879
50.8795
50.87
50.8596
50.8477
50.8352
50.8239
50.8142
50.8057
50.796
50.9028
50.8996
50.9005
50.9021
50.9012
50.8974
50.8917
50.8844
50.878
50.8703
50.8632
50.8557
50.8489
50.8429
50.8368
50.8312
50.8261
50.8215
50.818
50.8157
50.8927
50.8801
50.8754
50.8747
50.8726
50.8676
50.8608
50.8522
50.8443
50.8351
50.8267
50.818
50.8099
50.8021
50.795
50.788
50.782
50.7764
50.7725
50.7705
50.814
50.8062
50.8187
50.8121
50.807
50.8064
50.8067
50.8063
50.8059
50.806
50.8063
50.8065
50.8067
50.8069
50.8072
50.8075
50.8078
50.8082
50.8085
50.809
50.8094
50.8098
50.8103
50.8108
50.8114
50.8119
50.8125
50.8131
50.8138
50.8144
50.8151
50.8158
50.8165
50.8173
50.818
50.8188
50.8197
50.8205
50.8214
50.8222
50.8231
50.824
50.8249
50.8259
50.8268
50.8277
50.8287
50.8296
50.8306
50.8316
50.8326
50.8336
50.8347
50.8357
50.8368
50.8379
50.839
50.8402
50.8415
50.8427
50.844
50.8454
50.8469
50.8483
50.85
50.8515
50.8528
50.854
50.8553
50.8569
50.8586
50.8603
50.862
50.8638
50.8656
50.8674
50.8692
50.8711
50.8731
50.8751
50.8773
50.8796
50.8819
50.8842
50.8864
50.8885
50.8907
50.8931
50.8957
50.8983
50.9002
50.8996
50.8971
50.8963
50.8979
50.9012
50.9063
50.9153
50.9233
50.929
50.9332
50.9365
50.9396
50.9422
50.9445
50.9471
50.9497
50.9525
50.9553
50.9582
50.9612
50.9642
50.9673
50.9704
50.9736
50.9768
50.98
50.9833
50.9866
50.9899
50.9933
50.9967
51.0002
51.0036
51.0072
51.0107
51.0143
51.0179
51.0216
51.0253
51.0291
51.0329
51.0367
51.0406
51.0446
51.0485
51.0526
51.0566
51.0607
51.0649
51.0691
51.0734
51.0777
51.0821
51.0865
51.091
51.0955
51.1001
51.1047
51.1093
51.114
51.1188
51.1236
51.1284
51.1332
51.1381
51.143
51.148
51.1529
51.158
51.163
51.168
51.1731
51.1783
51.1834
51.1886
51.1938
51.1991
51.2044
51.2097
51.215
51.2204
51.2259
51.2313
51.2368
51.2424
51.2479
51.2536
51.2592
51.2649
51.2706
51.2763
51.2821
51.288
51.2938
51.2997
51.3056
51.3117
51.3177
51.3239
51.3299
51.3363
51.3423
51.3489
51.3549
51.3617
51.3678
51.3746
51.3796
51.3923
50.8097
50.8066
50.8183
50.8115
50.8062
50.8053
50.8055
50.8052
50.8047
50.8048
50.8051
50.8053
50.8055
50.8058
50.806
50.8064
50.8067
50.8071
50.8075
50.8079
50.8083
50.8088
50.8093
50.8098
50.8103
50.8109
50.8115
50.8121
50.8127
50.8133
50.814
50.8147
50.8154
50.8162
50.817
50.8178
50.8186
50.8195
50.8204
50.8213
50.8222
50.8231
50.824
50.8249
50.8258
50.8268
50.8277
50.8287
50.8296
50.8306
50.8316
50.8326
50.8336
50.8347
50.8357
50.8368
50.8379
50.8391
50.8403
50.8416
50.8428
50.8441
50.8453
50.8466
50.8482
50.8498
50.8512
50.8526
50.8541
50.8557
50.8574
50.8591
50.8608
50.8625
50.8642
50.8659
50.8676
50.8695
50.8715
50.8737
50.8758
50.8778
50.8799
50.8819
50.884
50.8862
50.8888
50.8914
50.8937
50.8949
50.8936
50.8924
50.8929
50.8951
50.8984
50.9035
50.912
50.9196
50.9253
50.9296
50.933
50.9362
50.9391
50.9416
50.9442
50.9469
50.9496
50.9524
50.9553
50.9583
50.9613
50.9643
50.9674
50.9705
50.9737
50.9769
50.9801
50.9834
50.9867
50.99
50.9934
50.9968
51.0003
51.0038
51.0073
51.0108
51.0144
51.0181
51.0217
51.0255
51.0292
51.033
51.0369
51.0407
51.0447
51.0486
51.0527
51.0567
51.0609
51.065
51.0693
51.0735
51.0778
51.0822
51.0866
51.0911
51.0956
51.1002
51.1048
51.1095
51.1142
51.1189
51.1237
51.1285
51.1333
51.1382
51.1431
51.1481
51.1531
51.1581
51.1631
51.1682
51.1733
51.1784
51.1835
51.1887
51.1939
51.1992
51.2045
51.2098
51.2152
51.2206
51.226
51.2314
51.237
51.2425
51.2481
51.2537
51.2593
51.265
51.2707
51.2765
51.2822
51.2881
51.2939
51.2999
51.3058
51.3118
51.3178
51.324
51.33
51.3364
51.3424
51.349
51.3551
51.3618
51.3679
51.3748
51.3801
51.389
50.7687
50.779
50.7866
50.7879
50.7872
50.7868
50.7868
50.787
50.7872
50.7875
50.7877
50.788
50.7883
50.7887
50.7891
50.7895
50.7899
50.7903
50.7907
50.7911
50.7915
50.792
50.7924
50.7929
50.7935
50.7942
50.7948
50.7956
50.7963
50.7971
50.7979
50.7988
50.7996
50.8005
50.8013
50.8022
50.803
50.8039
50.8047
50.8055
50.8063
50.8071
50.808
50.8088
50.8097
50.8106
50.8116
50.8125
50.8135
50.8145
50.8155
50.8165
50.8175
50.8184
50.8195
50.8205
50.8216
50.8226
50.8236
50.8246
50.8256
50.8267
50.8279
50.8291
50.8304
50.8318
50.8334
50.8354
50.838
50.8423
50.8472
50.8517
50.8558
50.8595
50.8628
50.8657
50.8682
50.8705
50.8729
50.8752
50.8774
50.8795
50.8817
50.884
50.8864
50.8888
50.8913
50.894
50.8968
50.8996
50.9025
50.9055
50.9085
50.9116
50.9146
50.9176
50.9206
50.9234
50.9263
50.9291
50.9319
50.9347
50.9375
50.9404
50.9432
50.9462
50.9491
50.9521
50.955
50.9581
50.9611
50.9642
50.9673
50.9705
50.9737
50.9769
50.9801
50.9834
50.9867
50.99
50.9934
50.9968
51.0003
51.0038
51.0073
51.0108
51.0144
51.0181
51.0217
51.0255
51.0292
51.033
51.0369
51.0407
51.0447
51.0486
51.0527
51.0567
51.0609
51.065
51.0693
51.0735
51.0778
51.0822
51.0866
51.0911
51.0956
51.1002
51.1048
51.1095
51.1142
51.1189
51.1237
51.1285
51.1333
51.1382
51.1431
51.1481
51.1531
51.1581
51.1631
51.1682
51.1733
51.1784
51.1835
51.1887
51.1939
51.1992
51.2045
51.2098
51.2152
51.2206
51.226
51.2314
51.237
51.2425
51.2481
51.2537
51.2593
51.265
51.2707
51.2765
51.2822
51.2881
51.2939
51.2998
51.3058
51.3118
51.3179
51.3239
51.3301
51.3363
51.3426
51.3489
51.3552
51.3617
51.3681
51.3745
51.3813
51.3876
50.8107
50.8096
50.8079
50.8065
50.8056
50.8051
50.8049
50.805
50.8052
50.8055
50.8057
50.8059
50.8061
50.8064
50.8067
50.807
50.8073
50.8076
50.808
50.8084
50.8088
50.8093
50.8097
50.8103
50.8108
50.8114
50.812
50.8126
50.8133
50.814
50.8147
50.8154
50.8161
50.8168
50.8176
50.8184
50.8192
50.82
50.8208
50.8217
50.8225
50.8234
50.8243
50.8252
50.8261
50.827
50.828
50.8289
50.8299
50.8309
50.8319
50.833
50.8341
50.8352
50.8363
50.8375
50.8387
50.8399
50.8412
50.8425
50.8438
50.8452
50.8465
50.8478
50.8491
50.8505
50.852
50.8535
50.8551
50.8567
50.8584
50.86
50.8617
50.8635
50.8653
50.867
50.8686
50.8705
50.8725
50.8744
50.8761
50.8776
50.8792
50.8813
50.8836
50.8853
50.886
50.8865
50.8873
50.889
50.8916
50.8947
50.8985
50.9045
50.9112
50.9168
50.9211
50.9246
50.9278
50.9308
50.9335
50.936
50.9385
50.9411
50.9438
50.9466
50.9494
50.9523
50.9552
50.9582
50.9612
50.9643
50.9674
50.9705
50.9737
50.9769
50.9801
50.9834
50.9867
50.99
50.9934
50.9968
51.0003
51.0038
51.0073
51.0108
51.0144
51.0181
51.0217
51.0255
51.0292
51.033
51.0369
51.0407
51.0447
51.0486
51.0527
51.0567
51.0609
51.065
51.0693
51.0735
51.0778
51.0822
51.0866
51.0911
51.0956
51.1002
51.1048
51.1095
51.1142
51.1189
51.1237
51.1285
51.1333
51.1382
51.1431
51.1481
51.1531
51.1581
51.1631
51.1682
51.1733
51.1784
51.1835
51.1887
51.1939
51.1992
51.2045
51.2098
51.2152
51.2206
51.226
51.2314
51.237
51.2425
51.2481
51.2537
51.2593
51.265
51.2707
51.2765
51.2823
51.2881
51.2939
51.2998
51.3058
51.3118
51.3179
51.3239
51.3302
51.3362
51.3427
51.3487
51.3554
51.3614
51.3683
51.3744
51.3817
51.3875
50.7946
50.7999
50.799
50.7978
50.797
50.7966
50.7964
50.7965
50.7968
50.797
50.7972
50.7974
50.7976
50.7979
50.7982
50.7984
50.7988
50.7991
50.7995
50.7999
50.8004
50.8008
50.8014
50.8019
50.8025
50.8031
50.8037
50.8043
50.805
50.8057
50.8064
50.8071
50.8078
50.8085
50.8093
50.8101
50.8109
50.8118
50.8127
50.8135
50.8144
50.8153
50.8163
50.8172
50.8181
50.8191
50.8201
50.8211
50.8221
50.8232
50.8242
50.8253
50.8264
50.8276
50.8287
50.8299
50.8311
50.8323
50.8335
50.8347
50.836
50.8373
50.8386
50.84
50.8414
50.8429
50.8444
50.8459
50.8475
50.8492
50.8508
50.8525
50.8542
50.8559
50.8578
50.8597
50.8615
50.8632
50.8648
50.8665
50.8686
50.871
50.8734
50.8753
50.8754
50.8728
50.8716
50.8726
50.8752
50.8791
50.886
50.8943
50.9013
50.907
50.9118
50.9159
50.9195
50.9227
50.9258
50.9288
50.9317
50.9346
50.9374
50.9403
50.9432
50.9461
50.949
50.952
50.955
50.958
50.961
50.9641
50.9672
50.9704
50.9735
50.9768
50.98
50.9833
50.9866
50.9899
50.9933
50.9967
51.0002
51.0036
51.0072
51.0107
51.0143
51.0179
51.0216
51.0253
51.0291
51.0329
51.0367
51.0406
51.0446
51.0485
51.0526
51.0566
51.0607
51.0649
51.0691
51.0734
51.0777
51.0821
51.0865
51.091
51.0955
51.1001
51.1047
51.1093
51.114
51.1188
51.1236
51.1284
51.1332
51.1381
51.143
51.148
51.1529
51.158
51.163
51.168
51.1731
51.1783
51.1834
51.1886
51.1938
51.1991
51.2044
51.2097
51.215
51.2204
51.2259
51.2313
51.2368
51.2424
51.2479
51.2536
51.2592
51.2649
51.2706
51.2763
51.2821
51.2879
51.2938
51.2997
51.3057
51.3116
51.3178
51.3238
51.33
51.3361
51.3425
51.3486
51.3553
51.3613
51.3682
51.3743
51.3815
51.3875
51.3734
51.3661
51.3641
51.3648
51.3644
51.3624
51.3584
51.3544
51.3501
51.3458
51.341
51.3368
51.3323
51.3281
51.3243
51.321
51.3183
51.3162
51.3148
51.3146
51.3801
51.3795
51.3814
51.3835
51.3839
51.3826
51.3794
51.3764
51.3732
51.3699
51.3659
51.363
51.3593
51.3561
51.3532
51.3505
51.3486
51.3472
51.3461
51.3458
51.3924
51.394
51.3948
51.3949
51.3944
51.3934
51.3921
51.3898
51.3867
51.3827
51.3788
51.375
51.3714
51.3669
51.3614
51.3551
51.3483
51.3407
51.3316
51.3227
51.3993
51.4033
51.405
51.4054
51.4058
51.406
51.4059
51.4063
51.4091
51.4144
51.4166
51.4119
51.402
51.395
51.3907
51.3865
51.3833
51.3837
51.3932
51.4066
51.402
51.4083
51.4105
51.4108
51.4112
51.4114
51.4111
51.4112
51.4138
51.4187
51.4214
51.4177
51.4091
51.4016
51.3969
51.3923
51.3884
51.3881
51.3971
51.4124
51.3318
51.3394
51.3456
51.3514
51.3569
51.3628
51.3694
51.3761
51.3827
51.3893
51.396
51.4029
51.4098
51.4168
51.4239
51.431
51.4381
51.4452
51.4524
51.4597
51.4669
51.4742
51.4815
51.4888
51.4962
51.5036
51.5109
51.5183
51.5258
51.5332
51.5407
51.5482
51.5558
51.5634
51.571
51.5786
51.5862
51.5938
51.6015
51.6091
51.6168
51.6245
51.6323
51.64
51.6478
51.6556
51.6635
51.6714
51.6793
51.6873
51.6952
51.7032
51.7113
51.7193
51.7274
51.7355
51.7436
51.7518
51.7599
51.7681
51.7764
51.7846
51.7929
51.8013
51.8097
51.8181
51.8264
51.8349
51.8434
51.8519
51.8604
51.8689
51.8775
51.886
51.8946
51.9033
51.9119
51.92
51.9281
51.9365
51.9459
51.9557
51.965
51.9718
51.9746
51.9784
51.985
51.9944
52.0052
52.018
52.0332
52.0468
52.0586
52.0696
52.0802
52.0905
52.0997
52.1093
52.117
52.1279
51.3415
51.3461
51.3522
51.3577
51.3636
51.3699
51.3764
51.3831
51.39
51.3968
51.4037
51.4107
51.4177
51.4248
51.4319
51.4391
51.4463
51.4535
51.4607
51.4679
51.4752
51.4825
51.4898
51.4971
51.5045
51.5118
51.5192
51.5266
51.534
51.5414
51.5489
51.5563
51.5638
51.5714
51.5789
51.5865
51.5941
51.6018
51.6094
51.6171
51.6248
51.6325
51.6402
51.648
51.6557
51.6635
51.6713
51.6792
51.6871
51.695
51.7029
51.7109
51.7189
51.7269
51.735
51.7431
51.7512
51.7594
51.7676
51.7758
51.7841
51.7923
51.8006
51.8089
51.8173
51.8256
51.834
51.8425
51.8509
51.8594
51.8679
51.8764
51.8848
51.8935
51.9022
51.9105
51.9189
51.9276
51.9364
51.9448
51.9528
51.9609
51.9695
51.9785
51.9869
51.9946
52.0014
52.008
52.0152
52.0237
52.0337
52.0445
52.0561
52.0687
52.0803
52.0912
52.1017
52.1116
52.1194
52.128
51.3069
51.3229
51.3348
51.3411
51.3463
51.3523
51.359
51.3659
51.3726
51.3794
51.3864
51.3935
51.4006
51.4077
51.4149
51.4222
51.4295
51.4368
51.4441
51.4514
51.4587
51.466
51.4733
51.4806
51.488
51.4953
51.5026
51.51
51.5174
51.5248
51.5323
51.5398
51.5474
51.555
51.5627
51.5703
51.578
51.5856
51.5933
51.601
51.6086
51.6163
51.6241
51.6318
51.6396
51.6474
51.6552
51.663
51.6709
51.6788
51.6867
51.6946
51.7024
51.7103
51.7183
51.7263
51.7343
51.7423
51.7503
51.7583
51.7664
51.7744
51.7825
51.7904
51.7985
51.8069
51.8159
51.8254
51.8355
51.8462
51.8579
51.8691
51.8796
51.8898
51.8999
51.9095
51.9186
51.9276
51.9365
51.9453
51.9541
51.9629
51.9718
51.9807
51.9897
51.9987
52.0079
52.017
52.0263
52.0356
52.0449
52.0542
52.0637
52.0728
52.0823
52.0911
52.1004
52.1094
52.1182
52.1272
51.3726
51.3479
51.3539
51.3652
51.369
51.3712
51.3766
51.3841
51.391
51.3976
51.4043
51.4109
51.4179
51.4252
51.4323
51.4392
51.4462
51.4534
51.4606
51.4678
51.4751
51.4823
51.4896
51.4969
51.5042
51.5115
51.5189
51.5262
51.5336
51.541
51.5485
51.5559
51.5634
51.571
51.5785
51.5861
51.5936
51.6012
51.6089
51.6165
51.6242
51.6319
51.6396
51.6474
51.6551
51.663
51.6709
51.6788
51.6867
51.6946
51.7026
51.7105
51.7186
51.7266
51.7346
51.7427
51.7507
51.7588
51.767
51.7751
51.7834
51.7916
51.7999
51.8081
51.8164
51.8248
51.8332
51.8416
51.85
51.8585
51.8669
51.8754
51.8838
51.8922
51.9007
51.9093
51.918
51.9266
51.9352
51.9439
51.9526
51.9614
51.9699
51.9783
51.9869
51.9963
52.0062
52.0157
52.0236
52.0281
52.0321
52.0378
52.0459
52.0562
52.0677
52.0819
52.0957
52.1076
52.1185
52.1291
51.3764
51.3488
51.3547
51.3668
51.3706
51.3724
51.3778
51.3855
51.393
51.3992
51.4056
51.4124
51.4194
51.4266
51.4337
51.4405
51.4475
51.4546
51.4617
51.4689
51.4761
51.4834
51.4906
51.4979
51.5052
51.5125
51.5199
51.5272
51.5346
51.542
51.5495
51.557
51.5645
51.572
51.5795
51.5871
51.5947
51.6023
51.6099
51.6176
51.6252
51.6329
51.6406
51.6484
51.6562
51.664
51.6718
51.6797
51.6876
51.6956
51.7035
51.7115
51.7195
51.7276
51.7356
51.7437
51.7518
51.7599
51.768
51.7762
51.7844
51.7927
51.8009
51.8092
51.8176
51.8259
51.8343
51.8426
51.8511
51.8595
51.8681
51.8766
51.8851
51.8936
51.9022
51.9107
51.9193
51.928
51.9368
51.9456
51.9544
51.9633
51.9722
51.9811
51.9896
51.998
52.0067
52.0162
52.0261
52.0354
52.042
52.0445
52.0482
52.0551
52.065
52.0765
52.0909
52.1055
52.1172
52.1286
52.1241
52.1218
52.122
52.1234
52.1242
52.1246
52.1244
52.1239
52.1233
52.1227
52.122
52.1213
52.1205
52.1199
52.1189
52.1183
52.118
52.118
52.1183
52.1193
52.1279
52.129
52.1311
52.1328
52.1339
52.1346
52.1347
52.1347
52.1344
52.1343
52.134
52.1337
52.1333
52.1333
52.1324
52.1323
52.1323
52.1326
52.1331
52.134
52.133
52.1352
52.1369
52.1383
52.1395
52.1404
52.1409
52.1412
52.141
52.1405
52.1394
52.1378
52.136
52.1348
52.1342
52.1334
52.1314
52.1292
52.1271
52.1247
52.1378
52.1408
52.1425
52.1438
52.1451
52.1463
52.1473
52.1483
52.1492
52.1499
52.1523
52.1593
52.1648
52.1643
52.158
52.1517
52.1501
52.1491
52.147
52.1475
52.1399
52.1451
52.1472
52.1483
52.149
52.1498
52.1506
52.1513
52.1518
52.1524
52.155
52.1614
52.1672
52.1678
52.1629
52.1568
52.1546
52.1529
52.1495
52.1501
52.131
52.1402
52.1489
52.1568
52.1646
52.1728
52.1813
52.1898
52.1984
52.207
52.2157
52.2245
52.2334
52.2422
52.2511
52.2602
52.2693
52.2786
52.2879
52.2973
52.3067
52.3161
52.3255
52.335
52.3444
52.3538
52.3632
52.3726
52.382
52.3913
52.4007
52.4101
52.4194
52.4287
52.4381
52.4474
52.4567
52.466
52.4753
52.4846
52.4939
52.5032
52.5124
52.5217
52.5308
52.54
52.5492
52.5584
52.5675
52.5767
52.5858
52.5949
52.604
52.6131
52.6223
52.6314
52.6404
52.6495
52.6586
52.6678
52.6768
52.6859
52.695
52.7041
52.7132
52.7223
52.7313
52.7403
52.7494
52.7587
52.7679
52.7764
52.7844
52.793
52.8028
52.8131
52.8226
52.8285
52.8295
52.8331
52.8409
52.8514
52.8636
52.8793
52.894
52.9066
52.9179
52.9287
52.9391
52.9486
52.9575
52.9662
52.9748
52.9834
52.9919
53.0003
53.0087
53.0171
53.0254
53.0337
53.042
53.0502
53.0584
53.0666
53.0747
53.0828
53.0909
53.0989
53.1069
53.1148
53.1227
53.1306
53.1384
53.1461
53.1539
53.1616
53.1692
53.1768
53.1844
53.1919
53.1994
53.2068
53.2142
53.2215
53.2288
53.2361
53.2433
53.2504
53.2575
53.2646
53.2716
53.2786
53.2855
53.2924
53.2993
53.3061
53.3129
53.3196
53.3263
53.3329
53.3395
53.3461
53.3526
53.3591
53.3656
53.372
53.3783
53.3846
53.3909
53.3972
53.4034
53.4095
53.4157
53.4217
53.4278
53.4338
53.4397
53.4456
53.4515
53.4573
53.463
53.4687
53.4744
53.48
53.4856
53.491
53.4965
53.5019
53.5072
53.5125
53.5177
53.5229
53.528
53.533
53.538
53.543
53.5479
53.5527
53.5575
53.5622
53.5669
53.5714
53.5761
53.5804
53.5852
53.5893
53.594
53.5979
53.6026
53.6064
53.611
53.6147
53.6192
53.6229
53.627
53.6311
53.6346
53.6389
53.6425
53.6461
52.1346
52.1431
52.1519
52.1599
52.1678
52.1763
52.1852
52.1942
52.2031
52.2119
52.2209
52.2301
52.2393
52.2485
52.2577
52.267
52.2764
52.2857
52.2951
52.3046
52.3141
52.3236
52.3331
52.3426
52.352
52.3615
52.371
52.3805
52.3899
52.3993
52.4087
52.4181
52.4275
52.4368
52.4461
52.4554
52.4647
52.4739
52.4832
52.4925
52.5017
52.511
52.5202
52.5294
52.5387
52.5478
52.557
52.5662
52.5754
52.5845
52.5936
52.6027
52.6118
52.6209
52.6301
52.6392
52.6482
52.6573
52.6664
52.6755
52.6846
52.6936
52.7027
52.7118
52.721
52.7299
52.7388
52.7479
52.7572
52.7661
52.7746
52.7836
52.793
52.8019
52.81
52.8181
52.827
52.8362
52.8448
52.8521
52.8585
52.8647
52.8721
52.8816
52.8923
52.9037
52.9164
52.9286
52.9398
52.9503
52.96
52.9682
52.9763
52.9845
52.9927
53.001
53.0092
53.0175
53.0257
53.034
53.0422
53.0504
53.0586
53.0667
53.0748
53.0829
53.091
53.099
53.107
53.1149
53.1228
53.1307
53.1385
53.1463
53.154
53.1617
53.1693
53.1769
53.1845
53.192
53.1995
53.2069
53.2143
53.2216
53.2289
53.2362
53.2434
53.2505
53.2576
53.2647
53.2717
53.2787
53.2857
53.2925
53.2994
53.3062
53.313
53.3197
53.3264
53.333
53.3396
53.3462
53.3527
53.3592
53.3657
53.3721
53.3784
53.3847
53.391
53.3973
53.4035
53.4096
53.4158
53.4218
53.4279
53.4339
53.4398
53.4457
53.4516
53.4574
53.4631
53.4688
53.4745
53.4801
53.4857
53.4912
53.4966
53.502
53.5073
53.5126
53.5178
53.523
53.5281
53.5331
53.5381
53.5431
53.548
53.5528
53.5576
53.5623
53.567
53.5715
53.5762
53.5805
53.5853
53.5894
53.5941
53.598
53.6027
53.6065
53.6111
53.6148
53.6193
53.6229
53.6273
53.6308
53.6351
53.6387
53.6427
53.6463
52.1123
52.1273
52.1379
52.1455
52.1527
52.1604
52.1687
52.1775
52.1863
52.1951
52.2042
52.2136
52.223
52.2323
52.2417
52.2511
52.2606
52.2701
52.2796
52.289
52.2984
52.3079
52.3173
52.3268
52.3363
52.3457
52.3551
52.3646
52.3739
52.3833
52.3926
52.4019
52.4112
52.4204
52.4297
52.439
52.4482
52.4575
52.4668
52.476
52.4852
52.4944
52.5036
52.5129
52.5221
52.5313
52.5404
52.5495
52.5586
52.5677
52.5767
52.5857
52.5946
52.6035
52.6124
52.6212
52.63
52.6387
52.6475
52.6564
52.6658
52.6758
52.6867
52.6978
52.7099
52.7217
52.733
52.744
52.7547
52.7649
52.7743
52.7837
52.7929
52.802
52.811
52.82
52.8292
52.8383
52.8475
52.8567
52.866
52.8752
52.8845
52.8939
52.9032
52.9125
52.9218
52.931
52.9401
52.949
52.9577
52.9664
52.975
52.9835
52.992
53.0004
53.0088
53.0172
53.0255
53.0338
53.0421
53.0503
53.0585
53.0667
53.0748
53.0829
53.091
53.099
53.107
53.1149
53.1228
53.1307
53.1385
53.1462
53.154
53.1617
53.1693
53.1769
53.1845
53.192
53.1995
53.2069
53.2143
53.2216
53.2289
53.2362
53.2434
53.2505
53.2576
53.2647
53.2717
53.2787
53.2857
53.2925
53.2994
53.3062
53.313
53.3197
53.3264
53.333
53.3396
53.3462
53.3527
53.3592
53.3657
53.3721
53.3784
53.3847
53.391
53.3973
53.4035
53.4096
53.4158
53.4218
53.4279
53.4339
53.4398
53.4457
53.4516
53.4574
53.4631
53.4688
53.4745
53.4801
53.4857
53.4911
53.4966
53.502
53.5073
53.5126
53.5178
53.523
53.5281
53.5331
53.5381
53.5431
53.548
53.5528
53.5576
53.5623
53.567
53.5716
53.5762
53.5806
53.5851
53.5895
53.5939
53.5982
53.6025
53.6066
53.611
53.6149
53.6191
53.6231
53.627
53.6311
53.635
53.6387
53.6426
53.6463
52.1562
52.154
52.1532
52.1608
52.1711
52.1797
52.1867
52.1949
52.2046
52.2143
52.2231
52.2313
52.2401
52.2499
52.2598
52.2692
52.2782
52.2871
52.2962
52.3056
52.315
52.3244
52.3338
52.3432
52.3526
52.3619
52.3712
52.3805
52.3898
52.3991
52.4084
52.4177
52.427
52.4364
52.4457
52.455
52.4643
52.4736
52.4829
52.4921
52.5014
52.5106
52.5198
52.529
52.5381
52.5473
52.5564
52.5656
52.5747
52.5838
52.5932
52.6023
52.6112
52.6202
52.6293
52.6386
52.6477
52.6566
52.6657
52.6747
52.6838
52.6928
52.7019
52.7109
52.72
52.729
52.7379
52.7467
52.7556
52.7647
52.7738
52.7829
52.7919
52.8009
52.81
52.819
52.8274
52.8357
52.8445
52.8543
52.8645
52.874
52.8807
52.8835
52.8872
52.894
52.9036
52.9149
52.9291
52.9437
52.9561
52.967
52.977
52.9856
52.9934
53.0014
53.0095
53.0176
53.0258
53.0341
53.0422
53.0504
53.0586
53.0667
53.0748
53.0829
53.091
53.099
53.107
53.1149
53.1228
53.1307
53.1385
53.1463
53.154
53.1617
53.1693
53.1769
53.1845
53.192
53.1995
53.2069
53.2143
53.2216
53.2289
53.2362
53.2434
53.2505
53.2576
53.2647
53.2717
53.2787
53.2857
53.2925
53.2994
53.3062
53.313
53.3197
53.3264
53.333
53.3396
53.3462
53.3527
53.3592
53.3657
53.3721
53.3784
53.3847
53.391
53.3973
53.4035
53.4096
53.4158
53.4218
53.4279
53.4339
53.4398
53.4457
53.4516
53.4574
53.4631
53.4688
53.4745
53.4801
53.4857
53.4912
53.4966
53.502
53.5073
53.5126
53.5178
53.523
53.5281
53.5332
53.5381
53.5431
53.5479
53.5528
53.5575
53.5624
53.5669
53.5717
53.576
53.5808
53.585
53.5897
53.5937
53.5984
53.6023
53.6069
53.6107
53.6152
53.6189
53.6233
53.6269
53.6312
53.6348
53.6388
53.6429
53.6462
52.1578
52.1553
52.1537
52.1621
52.174
52.1825
52.1886
52.1967
52.2072
52.2174
52.2257
52.2332
52.2422
52.2523
52.2622
52.2713
52.2801
52.2888
52.2977
52.3069
52.3162
52.3256
52.3349
52.3443
52.3536
52.363
52.3723
52.3816
52.3909
52.4002
52.4095
52.4188
52.4281
52.4374
52.4467
52.456
52.4653
52.4746
52.4838
52.4931
52.5023
52.5116
52.5208
52.53
52.5392
52.5483
52.5575
52.5666
52.5758
52.585
52.5945
52.6035
52.6123
52.6214
52.6305
52.6397
52.6488
52.6578
52.6668
52.6758
52.6849
52.6939
52.7029
52.712
52.721
52.73
52.7391
52.7481
52.7571
52.766
52.775
52.7841
52.7932
52.8023
52.8115
52.8208
52.8301
52.8391
52.8474
52.8556
52.8646
52.8746
52.8847
52.8935
52.8974
52.8983
52.903
52.9121
52.9233
52.9381
52.9534
52.9659
52.9767
52.9863
52.9942
53.0018
53.0097
53.0177
53.0259
53.034
53.0422
53.0504
53.0585
53.0667
53.0748
53.0828
53.0909
53.0989
53.1069
53.1148
53.1227
53.1306
53.1384
53.1461
53.1539
53.1616
53.1692
53.1768
53.1844
53.1919
53.1994
53.2068
53.2142
53.2215
53.2288
53.2361
53.2433
53.2504
53.2575
53.2646
53.2716
53.2786
53.2855
53.2924
53.2993
53.3061
53.3129
53.3196
53.3263
53.3329
53.3395
53.3461
53.3526
53.3591
53.3656
53.372
53.3783
53.3846
53.3909
53.3972
53.4034
53.4095
53.4157
53.4217
53.4278
53.4338
53.4397
53.4456
53.4515
53.4573
53.463
53.4687
53.4744
53.48
53.4856
53.4911
53.4965
53.5019
53.5072
53.5125
53.5177
53.5229
53.528
53.5331
53.538
53.543
53.5478
53.5527
53.5574
53.5623
53.5668
53.5716
53.5759
53.5807
53.5849
53.5896
53.5936
53.5983
53.6022
53.6068
53.6106
53.6151
53.6188
53.6232
53.6268
53.6311
53.6347
53.6386
53.643
53.6461
53.6484
53.6494
53.6503
53.6513
53.6522
53.6529
53.6537
53.6544
53.6553
53.6565
53.6584
53.6601
53.6611
53.6611
53.6607
53.6608
53.6601
53.6607
53.6619
53.6642
53.6484
53.6495
53.6505
53.6514
53.6522
53.653
53.6538
53.6544
53.6552
53.6566
53.6585
53.6601
53.661
53.6605
53.6601
53.6608
53.6611
53.6615
53.6626
53.6641
53.6487
53.6496
53.6505
53.6514
53.6522
53.653
53.6538
53.6545
53.6552
53.6559
53.6563
53.6569
53.6575
53.6579
53.6581
53.6586
53.6591
53.6598
53.6598
53.6601
53.649
53.6498
53.6506
53.6514
53.6521
53.653
53.6538
53.6546
53.6555
53.6563
53.6571
53.6578
53.6585
53.6592
53.66
53.6606
53.6611
53.6617
53.6623
53.6628
53.6486
53.6493
53.65
53.6508
53.6516
53.6524
53.6533
53.6541
53.6549
53.6558
53.6566
53.6574
53.6581
53.6589
53.6597
53.6605
53.6612
53.662
53.6627
53.6634
53.6679
53.6719
53.6721
53.6765
53.6832
53.6871
53.6869
53.6909
53.6962
53.6988
53.7074
53.7092
53.7087
53.7123
53.7207
53.7253
53.7219
53.7242
53.7284
53.7395
53.7363
53.7352
53.7377
53.7404
53.7429
53.7453
53.7477
53.7499
53.7522
53.7546
53.7581
53.7589
53.7603
53.7622
53.764
53.7658
53.7676
53.7692
53.7709
53.7725
53.7744
53.7767
53.7801
53.7902
53.7837
53.7806
53.7818
53.7829
53.7845
53.7864
53.7882
53.7892
53.789
53.7904
53.7924
53.7944
53.7943
53.785
53.7761
53.776
53.7823
53.7958
53.8033
53.806
53.8059
53.8048
53.8043
53.8041
53.804
53.804
53.804
53.804
53.804
53.8039
53.8039
53.8038
53.8038
53.8037
53.8037
53.8036
53.8035
53.8034
53.8033
53.8032
53.8031
53.803
53.8029
53.8028
53.8027
53.8026
53.8025
53.8023
53.8022
53.8021
53.8019
53.8018
53.8016
53.8015
53.8013
53.8011
53.8009
53.8008
53.8006
53.8004
53.8002
53.8
53.7998
53.7996
53.7994
53.7993
53.7991
53.7989
53.7988
53.7986
53.7985
53.7983
53.7982
53.7981
53.798
53.7979
53.7978
53.7977
53.7976
53.7975
53.7974
53.7974
53.7973
53.7973
53.7972
53.7972
53.7971
53.7971
53.7971
53.797
53.797
53.797
53.797
53.7969
53.7969
53.7969
53.7969
53.7969
53.7969
53.7969
53.7969
53.7969
53.7969
53.7969
53.797
53.797
53.797
53.7971
53.7971
53.7972
53.7972
53.7973
53.7974
53.7975
53.7976
53.7976
53.7977
53.7978
53.7979
53.798
53.7981
53.7982
53.7983
53.7984
53.7985
53.7986
53.7986
53.7987
53.7988
53.7988
53.7988
53.7988
53.7988
53.7988
53.7988
53.7988
53.7987
53.7986
53.7985
53.7984
53.7983
53.7982
53.798
53.7979
53.7977
53.7975
53.7973
53.7971
53.7969
53.7967
53.7964
53.7962
53.7959
53.7957
53.7954
53.7951
53.7949
53.7946
53.7943
53.794
53.7937
53.7934
53.7931
53.7928
53.7925
53.7922
53.7919
53.7916
53.7913
53.791
53.7907
53.7904
53.7901
53.7897
53.7894
53.7891
53.7888
53.7885
53.7881
53.7878
53.7875
53.7872
53.7869
53.7865
53.7862
53.7859
53.7856
53.7853
53.785
53.7846
53.7843
53.784
53.7837
53.7834
53.7831
53.7828
53.7825
53.7822
53.7819
53.7816
53.7813
53.781
53.7807
53.7804
53.7801
53.7798
53.7796
53.7793
53.779
53.7787
53.7785
53.7782
53.7779
53.7777
53.7774
53.7772
53.7769
53.7767
53.7765
53.7762
53.776
53.7758
53.7756
53.7754
53.7752
53.775
53.7748
53.7746
53.7744
53.7742
53.774
53.7738
53.7737
53.7735
53.7733
53.7732
53.773
53.7728
53.7727
53.7725
53.7724
53.7722
53.7721
53.772
53.7718
53.7717
53.7716
53.7715
53.7714
53.7712
53.7712
53.7711
53.771
53.7709
53.7709
53.7708
53.7708
53.7708
53.7708
53.7708
53.7708
53.7709
53.771
53.7711
53.7712
53.7713
53.7715
53.7716
53.7718
53.7721
53.7723
53.7726
53.7728
53.7731
53.7735
53.7738
53.7742
53.7745
53.7749
53.7753
53.7758
53.7762
53.7766
53.7771
53.7776
53.778
53.7785
53.779
53.7795
53.78
53.7805
53.781
53.7815
53.782
53.7826
53.7831
53.7836
53.7841
53.7846
53.7851
53.7856
53.7861
53.7866
53.7872
53.7877
53.7882
53.7887
53.7892
53.7897
53.7902
53.7907
53.7912
53.7917
53.7922
53.7927
53.7932
53.7936
53.7941
53.7946
53.7951
53.7956
53.7961
53.7965
53.797
53.7975
53.7979
53.7984
53.7988
53.7993
53.7997
53.8001
53.8006
53.801
53.8014
53.8018
53.8022
53.8026
53.8029
53.8033
53.8037
53.804
53.8044
53.8047
53.8051
53.8054
53.8057
53.8061
53.8064
53.8067
53.807
53.8073
53.8076
53.8079
53.8082
53.8085
53.8087
53.809
53.8093
53.8095
53.8098
53.81
53.8102
53.8105
53.8107
53.8109
53.8111
53.8113
53.8115
53.8117
53.8119
53.8121
53.8122
53.8124
53.8125
53.8126
53.8128
53.8129
53.813
53.8131
53.8132
53.8133
53.8134
53.8134
53.8135
53.8136
53.8136
53.8137
53.8138
53.8138
53.8139
53.8139
53.814
53.814
53.8141
53.8141
53.8142
53.8142
53.8143
53.8143
53.8144
53.8145
53.8145
53.8146
53.8147
53.8148
53.8148
53.8149
53.815
53.8151
53.8152
53.8154
53.8155
53.8156
53.8157
53.8159
53.816
53.8162
53.8163
53.8165
53.8167
53.8168
53.817
53.8172
53.8174
53.8177
53.8179
53.8181
53.8184
53.8186
53.8189
53.8192
53.8194
53.8197
53.82
53.8204
53.8207
53.821
53.8214
53.8217
53.8221
53.8225
53.8229
53.8233
53.8237
53.8241
53.8245
53.8249
53.8254
53.8258
53.8262
53.8267
53.8271
53.8276
53.8281
53.8285
53.829
53.8295
53.8299
53.8304
53.8309
53.8313
53.8318
53.8323
53.8327
53.8332
53.8336
53.8341
53.8346
53.835
53.8355
53.8359
53.8364
53.8368
53.8373
53.8377
53.8381
53.8386
53.839
53.8394
53.8399
53.8403
53.8407
53.8411
53.8416
53.842
53.8424
53.8428
53.8432
53.8436
53.844
53.8444
53.8448
53.8452
53.8456
53.846
53.8463
53.8467
53.8471
53.8474
53.8478
53.8482
53.8485
53.8488
53.8492
53.8495
53.8498
53.8502
53.8505
53.8508
53.8511
53.8514
53.8517
53.852
53.8522
53.8525
53.8528
53.853
53.8533
53.8535
53.8537
53.854
53.8542
53.8544
53.8546
53.8548
53.855
53.8552
53.8554
53.8556
53.8558
53.8559
53.8561
53.8562
53.8564
53.8565
53.8567
53.8568
53.8569
53.857
53.8572
53.8572
53.8574
53.8574
53.8576
53.8576
53.8578
53.8578
53.8579
53.858
53.8581
53.8581
53.8582
53.8584
53.8586
53.8589
53.8592
53.6658
53.6697
53.6707
53.6733
53.678
53.6822
53.6837
53.6874
53.6911
53.6941
53.701
53.7035
53.7047
53.7091
53.7147
53.7191
53.7178
53.7213
53.7245
53.7338
53.7322
53.7332
53.7362
53.7392
53.7417
53.7442
53.7465
53.7488
53.7513
53.7533
53.7563
53.7574
53.7591
53.761
53.7628
53.7647
53.7665
53.768
53.7696
53.7716
53.7735
53.7746
53.7757
53.7853
53.7798
53.7783
53.7799
53.7818
53.7837
53.7853
53.7858
53.7861
53.7879
53.7901
53.792
53.7915
53.7838
53.7776
53.7776
53.7814
53.7916
53.7997
53.8038
53.8052
53.8048
53.8043
53.8041
53.8041
53.8041
53.8041
53.8041
53.8041
53.804
53.804
53.804
53.8039
53.8039
53.8038
53.8037
53.8037
53.8036
53.8035
53.8034
53.8033
53.8032
53.8031
53.803
53.8029
53.8028
53.8027
53.8025
53.8024
53.8023
53.8022
53.802
53.8019
53.8017
53.8015
53.8014
53.8012
53.801
53.8008
53.8007
53.8005
53.8003
53.8001
53.7999
53.7997
53.7995
53.7994
53.7992
53.799
53.7989
53.7987
53.7985
53.7984
53.7983
53.7982
53.798
53.7979
53.7978
53.7978
53.7977
53.7976
53.7975
53.7975
53.7974
53.7973
53.7973
53.7973
53.7972
53.7972
53.7971
53.7971
53.7971
53.7971
53.797
53.797
53.797
53.797
53.797
53.797
53.797
53.797
53.797
53.797
53.797
53.797
53.797
53.7971
53.7971
53.7972
53.7972
53.7973
53.7973
53.7974
53.7975
53.7975
53.7976
53.7977
53.7978
53.7979
53.798
53.7981
53.7982
53.7983
53.7984
53.7985
53.7986
53.7987
53.7987
53.7988
53.7988
53.7989
53.7989
53.7989
53.7989
53.7989
53.7989
53.7988
53.7988
53.7987
53.7986
53.7985
53.7984
53.7982
53.7981
53.7979
53.7978
53.7976
53.7974
53.7972
53.797
53.7967
53.7965
53.7963
53.796
53.7957
53.7955
53.7952
53.7949
53.7947
53.7944
53.7941
53.7938
53.7935
53.7932
53.7929
53.7926
53.7923
53.792
53.7917
53.7914
53.7911
53.7908
53.7904
53.7901
53.7898
53.7895
53.7892
53.7889
53.7885
53.7882
53.7879
53.7876
53.7873
53.7869
53.7866
53.7863
53.786
53.7857
53.7854
53.785
53.7847
53.7844
53.7841
53.7838
53.7835
53.7832
53.7829
53.7826
53.7823
53.7819
53.7817
53.7814
53.7811
53.7808
53.7805
53.7802
53.7799
53.7796
53.7794
53.7791
53.7788
53.7785
53.7783
53.778
53.7778
53.7775
53.7773
53.777
53.7768
53.7765
53.7763
53.7761
53.7759
53.7756
53.7754
53.7752
53.775
53.7748
53.7746
53.7744
53.7743
53.7741
53.7739
53.7737
53.7736
53.7734
53.7732
53.7731
53.7729
53.7727
53.7726
53.7724
53.7723
53.7722
53.772
53.7719
53.7718
53.7716
53.7715
53.7714
53.7713
53.7712
53.7711
53.7711
53.771
53.7709
53.7709
53.7709
53.7709
53.7709
53.7709
53.7709
53.771
53.771
53.7711
53.7712
53.7714
53.7715
53.7717
53.7719
53.7721
53.7724
53.7726
53.7729
53.7732
53.7735
53.7739
53.7742
53.7746
53.775
53.7754
53.7758
53.7763
53.7767
53.7772
53.7776
53.7781
53.7786
53.7791
53.7796
53.7801
53.7806
53.7811
53.7816
53.7821
53.7826
53.7831
53.7836
53.7842
53.7847
53.7852
53.7857
53.7862
53.7867
53.7872
53.7877
53.7882
53.7887
53.7892
53.7897
53.7902
53.7907
53.7912
53.7917
53.7922
53.7927
53.7932
53.7937
53.7942
53.7947
53.7952
53.7956
53.7961
53.7966
53.7971
53.7975
53.798
53.7984
53.7989
53.7993
53.7998
53.8002
53.8006
53.801
53.8014
53.8018
53.8022
53.8026
53.803
53.8034
53.8037
53.8041
53.8044
53.8048
53.8051
53.8055
53.8058
53.8061
53.8064
53.8067
53.8071
53.8074
53.8077
53.8079
53.8082
53.8085
53.8088
53.809
53.8093
53.8096
53.8098
53.8101
53.8103
53.8105
53.8108
53.811
53.8112
53.8114
53.8116
53.8118
53.8119
53.8121
53.8123
53.8124
53.8126
53.8127
53.8128
53.8129
53.813
53.8131
53.8132
53.8133
53.8134
53.8135
53.8136
53.8136
53.8137
53.8138
53.8138
53.8139
53.8139
53.814
53.814
53.8141
53.8141
53.8142
53.8142
53.8143
53.8143
53.8144
53.8144
53.8145
53.8146
53.8147
53.8147
53.8148
53.8149
53.815
53.8151
53.8152
53.8153
53.8154
53.8155
53.8156
53.8158
53.8159
53.8161
53.8162
53.8164
53.8165
53.8167
53.8169
53.8171
53.8173
53.8175
53.8177
53.8179
53.8182
53.8184
53.8187
53.8189
53.8192
53.8195
53.8198
53.8201
53.8204
53.8207
53.8211
53.8214
53.8218
53.8221
53.8225
53.8229
53.8233
53.8237
53.8241
53.8245
53.825
53.8254
53.8258
53.8263
53.8267
53.8272
53.8276
53.8281
53.8286
53.829
53.8295
53.83
53.8304
53.8309
53.8314
53.8318
53.8323
53.8328
53.8332
53.8337
53.8341
53.8346
53.8351
53.8355
53.836
53.8364
53.8369
53.8373
53.8377
53.8382
53.8386
53.839
53.8395
53.8399
53.8403
53.8408
53.8412
53.8416
53.842
53.8424
53.8428
53.8432
53.8436
53.844
53.8444
53.8448
53.8452
53.8456
53.846
53.8464
53.8467
53.8471
53.8475
53.8478
53.8482
53.8485
53.8489
53.8492
53.8495
53.8499
53.8502
53.8505
53.8508
53.8511
53.8514
53.8517
53.852
53.8523
53.8525
53.8528
53.853
53.8533
53.8535
53.8538
53.854
53.8542
53.8545
53.8547
53.8549
53.8551
53.8553
53.8554
53.8556
53.8558
53.856
53.8561
53.8563
53.8564
53.8566
53.8567
53.8568
53.857
53.8571
53.8572
53.8573
53.8574
53.8575
53.8576
53.8577
53.8578
53.8578
53.8579
53.858
53.8581
53.8581
53.8583
53.8584
53.8587
53.859
53.8592
53.6576
53.6588
53.6607
53.6628
53.6641
53.665
53.668
53.6707
53.6738
53.6776
53.6801
53.684
53.6881
53.692
53.6945
53.6979
53.702
53.7053
53.7081
53.7099
53.7135
53.7167
53.7194
53.7221
53.7247
53.7272
53.7294
53.7317
53.734
53.7361
53.7379
53.7399
53.7418
53.7434
53.7449
53.7462
53.7476
53.7495
53.7522
53.7559
53.76
53.7651
53.7692
53.7721
53.7764
53.7796
53.7817
53.7833
53.7847
53.7861
53.7875
53.7889
53.7903
53.7917
53.793
53.7944
53.7958
53.7972
53.7986
53.8
53.8011
53.8019
53.8024
53.8028
53.8031
53.8033
53.8035
53.8037
53.8038
53.8039
53.804
53.804
53.804
53.804
53.804
53.8039
53.8039
53.8038
53.8037
53.8037
53.8036
53.8035
53.8034
53.8033
53.8032
53.8031
53.803
53.8029
53.8028
53.8027
53.8025
53.8024
53.8023
53.8022
53.802
53.8019
53.8017
53.8015
53.8014
53.8012
53.801
53.8008
53.8007
53.8005
53.8003
53.8001
53.7999
53.7997
53.7995
53.7994
53.7992
53.799
53.7989
53.7987
53.7985
53.7984
53.7983
53.7982
53.798
53.7979
53.7978
53.7978
53.7977
53.7976
53.7975
53.7975
53.7974
53.7973
53.7973
53.7973
53.7972
53.7972
53.7971
53.7971
53.7971
53.7971
53.797
53.797
53.797
53.797
53.797
53.797
53.797
53.797
53.797
53.797
53.797
53.797
53.797
53.7971
53.7971
53.7972
53.7972
53.7973
53.7973
53.7974
53.7975
53.7975
53.7976
53.7977
53.7978
53.7979
53.798
53.7981
53.7982
53.7983
53.7984
53.7985
53.7986
53.7987
53.7987
53.7988
53.7988
53.7989
53.7989
53.7989
53.7989
53.7989
53.7989
53.7988
53.7988
53.7987
53.7986
53.7985
53.7984
53.7982
53.7981
53.7979
53.7978
53.7976
53.7974
53.7972
53.797
53.7967
53.7965
53.7963
53.796
53.7957
53.7955
53.7952
53.7949
53.7947
53.7944
53.7941
53.7938
53.7935
53.7932
53.7929
53.7926
53.7923
53.792
53.7917
53.7914
53.7911
53.7908
53.7904
53.7901
53.7898
53.7895
53.7892
53.7889
53.7885
53.7882
53.7879
53.7876
53.7873
53.7869
53.7866
53.7863
53.786
53.7857
53.7854
53.785
53.7847
53.7844
53.7841
53.7838
53.7835
53.7832
53.7829
53.7826
53.7823
53.7819
53.7817
53.7814
53.7811
53.7808
53.7805
53.7802
53.7799
53.7796
53.7794
53.7791
53.7788
53.7785
53.7783
53.778
53.7778
53.7775
53.7773
53.777
53.7768
53.7765
53.7763
53.7761
53.7759
53.7756
53.7754
53.7752
53.775
53.7748
53.7746
53.7744
53.7743
53.7741
53.7739
53.7737
53.7736
53.7734
53.7732
53.7731
53.7729
53.7727
53.7726
53.7724
53.7723
53.7722
53.772
53.7719
53.7718
53.7716
53.7715
53.7714
53.7713
53.7712
53.7711
53.7711
53.771
53.7709
53.7709
53.7709
53.7709
53.7709
53.7709
53.7709
53.771
53.771
53.7711
53.7712
53.7714
53.7715
53.7717
53.7719
53.7721
53.7724
53.7726
53.7729
53.7732
53.7735
53.7739
53.7742
53.7746
53.775
53.7754
53.7758
53.7763
53.7767
53.7772
53.7776
53.7781
53.7786
53.7791
53.7796
53.7801
53.7806
53.7811
53.7816
53.7821
53.7826
53.7831
53.7836
53.7842
53.7847
53.7852
53.7857
53.7862
53.7867
53.7872
53.7877
53.7882
53.7887
53.7892
53.7897
53.7902
53.7907
53.7912
53.7917
53.7922
53.7927
53.7932
53.7937
53.7942
53.7947
53.7952
53.7956
53.7961
53.7966
53.7971
53.7975
53.798
53.7984
53.7989
53.7993
53.7998
53.8002
53.8006
53.801
53.8014
53.8018
53.8022
53.8026
53.803
53.8034
53.8037
53.8041
53.8044
53.8048
53.8051
53.8055
53.8058
53.8061
53.8064
53.8067
53.8071
53.8074
53.8077
53.8079
53.8082
53.8085
53.8088
53.809
53.8093
53.8096
53.8098
53.8101
53.8103
53.8105
53.8108
53.811
53.8112
53.8114
53.8116
53.8118
53.8119
53.8121
53.8123
53.8124
53.8126
53.8127
53.8128
53.8129
53.813
53.8131
53.8132
53.8133
53.8134
53.8135
53.8136
53.8136
53.8137
53.8138
53.8138
53.8139
53.8139
53.814
53.814
53.8141
53.8141
53.8142
53.8142
53.8143
53.8143
53.8144
53.8144
53.8145
53.8146
53.8147
53.8147
53.8148
53.8149
53.815
53.8151
53.8152
53.8153
53.8154
53.8155
53.8156
53.8158
53.8159
53.8161
53.8162
53.8164
53.8165
53.8167
53.8169
53.8171
53.8173
53.8175
53.8177
53.8179
53.8182
53.8184
53.8187
53.8189
53.8192
53.8195
53.8198
53.8201
53.8204
53.8207
53.8211
53.8214
53.8218
53.8221
53.8225
53.8229
53.8233
53.8237
53.8241
53.8245
53.825
53.8254
53.8258
53.8263
53.8267
53.8272
53.8276
53.8281
53.8286
53.829
53.8295
53.83
53.8304
53.8309
53.8314
53.8318
53.8323
53.8328
53.8332
53.8337
53.8341
53.8346
53.8351
53.8355
53.836
53.8364
53.8369
53.8373
53.8377
53.8382
53.8386
53.839
53.8395
53.8399
53.8403
53.8408
53.8412
53.8416
53.842
53.8424
53.8428
53.8432
53.8436
53.844
53.8444
53.8448
53.8452
53.8456
53.846
53.8464
53.8467
53.8471
53.8475
53.8478
53.8482
53.8485
53.8489
53.8492
53.8495
53.8499
53.8502
53.8505
53.8508
53.8511
53.8514
53.8517
53.852
53.8523
53.8525
53.8528
53.853
53.8533
53.8535
53.8538
53.854
53.8542
53.8545
53.8547
53.8549
53.8551
53.8553
53.8554
53.8556
53.8558
53.856
53.8561
53.8563
53.8564
53.8566
53.8567
53.8568
53.857
53.8571
53.8572
53.8573
53.8574
53.8575
53.8576
53.8577
53.8578
53.8578
53.8579
53.858
53.8581
53.8581
53.8583
53.8584
53.8587
53.859
53.8592
53.6641
53.6668
53.6697
53.6732
53.6766
53.6793
53.6824
53.6857
53.6893
53.6927
53.6962
53.6996
53.7034
53.7069
53.71
53.713
53.7165
53.7198
53.7226
53.7252
53.728
53.7311
53.734
53.7369
53.7397
53.7423
53.745
53.7476
53.75
53.7522
53.7544
53.7566
53.7587
53.7608
53.7629
53.765
53.767
53.7688
53.7706
53.7728
53.775
53.7762
53.7771
53.7781
53.7784
53.7794
53.7808
53.7826
53.7842
53.7845
53.7847
53.786
53.7869
53.7864
53.7827
53.7812
53.7827
53.7857
53.7916
53.7974
53.8015
53.8038
53.8044
53.8041
53.8039
53.8039
53.8039
53.804
53.804
53.804
53.804
53.804
53.804
53.804
53.804
53.8039
53.8039
53.8038
53.8037
53.8037
53.8036
53.8035
53.8034
53.8033
53.8032
53.8031
53.803
53.8029
53.8028
53.8027
53.8025
53.8024
53.8023
53.8022
53.802
53.8019
53.8017
53.8015
53.8014
53.8012
53.801
53.8008
53.8007
53.8005
53.8003
53.8001
53.7999
53.7997
53.7995
53.7994
53.7992
53.799
53.7989
53.7987
53.7985
53.7984
53.7983
53.7982
53.798
53.7979
53.7978
53.7978
53.7977
53.7976
53.7975
53.7975
53.7974
53.7973
53.7973
53.7973
53.7972
53.7972
53.7971
53.7971
53.7971
53.7971
53.797
53.797
53.797
53.797
53.797
53.797
53.797
53.797
53.797
53.797
53.797
53.797
53.797
53.7971
53.7971
53.7972
53.7972
53.7973
53.7973
53.7974
53.7975
53.7975
53.7976
53.7977
53.7978
53.7979
53.798
53.7981
53.7982
53.7983
53.7984
53.7985
53.7986
53.7987
53.7987
53.7988
53.7988
53.7989
53.7989
53.7989
53.7989
53.7989
53.7989
53.7988
53.7988
53.7987
53.7986
53.7985
53.7984
53.7982
53.7981
53.7979
53.7978
53.7976
53.7974
53.7972
53.797
53.7967
53.7965
53.7963
53.796
53.7957
53.7955
53.7952
53.7949
53.7947
53.7944
53.7941
53.7938
53.7935
53.7932
53.7929
53.7926
53.7923
53.792
53.7917
53.7914
53.7911
53.7908
53.7904
53.7901
53.7898
53.7895
53.7892
53.7889
53.7885
53.7882
53.7879
53.7876
53.7873
53.7869
53.7866
53.7863
53.786
53.7857
53.7854
53.785
53.7847
53.7844
53.7841
53.7838
53.7835
53.7832
53.7829
53.7826
53.7823
53.7819
53.7817
53.7814
53.7811
53.7808
53.7805
53.7802
53.7799
53.7796
53.7794
53.7791
53.7788
53.7785
53.7783
53.778
53.7778
53.7775
53.7773
53.777
53.7768
53.7765
53.7763
53.7761
53.7759
53.7756
53.7754
53.7752
53.775
53.7748
53.7746
53.7744
53.7743
53.7741
53.7739
53.7737
53.7736
53.7734
53.7732
53.7731
53.7729
53.7727
53.7726
53.7724
53.7723
53.7722
53.772
53.7719
53.7718
53.7716
53.7715
53.7714
53.7713
53.7712
53.7711
53.7711
53.771
53.7709
53.7709
53.7709
53.7709
53.7709
53.7709
53.7709
53.771
53.771
53.7711
53.7712
53.7714
53.7715
53.7717
53.7719
53.7721
53.7724
53.7726
53.7729
53.7732
53.7735
53.7739
53.7742
53.7746
53.775
53.7754
53.7758
53.7763
53.7767
53.7772
53.7776
53.7781
53.7786
53.7791
53.7796
53.7801
53.7806
53.7811
53.7816
53.7821
53.7826
53.7831
53.7836
53.7842
53.7847
53.7852
53.7857
53.7862
53.7867
53.7872
53.7877
53.7882
53.7887
53.7892
53.7897
53.7902
53.7907
53.7912
53.7917
53.7922
53.7927
53.7932
53.7937
53.7942
53.7947
53.7952
53.7956
53.7961
53.7966
53.7971
53.7975
53.798
53.7984
53.7989
53.7993
53.7998
53.8002
53.8006
53.801
53.8014
53.8018
53.8022
53.8026
53.803
53.8034
53.8037
53.8041
53.8044
53.8048
53.8051
53.8055
53.8058
53.8061
53.8064
53.8067
53.8071
53.8074
53.8077
53.8079
53.8082
53.8085
53.8088
53.809
53.8093
53.8096
53.8098
53.8101
53.8103
53.8105
53.8108
53.811
53.8112
53.8114
53.8116
53.8118
53.8119
53.8121
53.8123
53.8124
53.8126
53.8127
53.8128
53.8129
53.813
53.8131
53.8132
53.8133
53.8134
53.8135
53.8136
53.8136
53.8137
53.8138
53.8138
53.8139
53.8139
53.814
53.814
53.8141
53.8141
53.8142
53.8142
53.8143
53.8143
53.8144
53.8144
53.8145
53.8146
53.8147
53.8147
53.8148
53.8149
53.815
53.8151
53.8152
53.8153
53.8154
53.8155
53.8156
53.8158
53.8159
53.8161
53.8162
53.8164
53.8165
53.8167
53.8169
53.8171
53.8173
53.8175
53.8177
53.8179
53.8182
53.8184
53.8187
53.8189
53.8192
53.8195
53.8198
53.8201
53.8204
53.8207
53.8211
53.8214
53.8218
53.8221
53.8225
53.8229
53.8233
53.8237
53.8241
53.8245
53.825
53.8254
53.8258
53.8263
53.8267
53.8272
53.8276
53.8281
53.8286
53.829
53.8295
53.83
53.8304
53.8309
53.8314
53.8318
53.8323
53.8328
53.8332
53.8337
53.8341
53.8346
53.8351
53.8355
53.836
53.8364
53.8369
53.8373
53.8377
53.8382
53.8386
53.839
53.8395
53.8399
53.8403
53.8408
53.8412
53.8416
53.842
53.8424
53.8428
53.8432
53.8436
53.844
53.8444
53.8448
53.8452
53.8456
53.846
53.8464
53.8467
53.8471
53.8475
53.8478
53.8482
53.8485
53.8489
53.8492
53.8495
53.8499
53.8502
53.8505
53.8508
53.8511
53.8514
53.8517
53.852
53.8523
53.8525
53.8528
53.853
53.8533
53.8535
53.8538
53.854
53.8542
53.8545
53.8547
53.8549
53.8551
53.8553
53.8554
53.8556
53.8558
53.856
53.8561
53.8563
53.8564
53.8566
53.8567
53.8568
53.857
53.8571
53.8572
53.8573
53.8574
53.8575
53.8576
53.8577
53.8578
53.8578
53.8579
53.858
53.8581
53.8581
53.8583
53.8584
53.8587
53.859
53.8592
53.6663
53.6703
53.6736
53.677
53.6798
53.682
53.6847
53.6876
53.6905
53.6933
53.6961
53.6987
53.7018
53.7049
53.7075
53.7097
53.7124
53.7154
53.718
53.7201
53.7226
53.7253
53.7282
53.7309
53.7335
53.736
53.7385
53.7409
53.7432
53.7454
53.7474
53.7495
53.7515
53.7536
53.7556
53.7576
53.7594
53.7612
53.7629
53.7648
53.7669
53.7686
53.7694
53.7699
53.7705
53.7726
53.7742
53.7741
53.775
53.7772
53.7798
53.7793
53.7694
53.7628
53.7642
53.7691
53.7793
53.7874
53.7926
53.7964
53.7993
53.8014
53.8023
53.8027
53.803
53.8033
53.8035
53.8036
53.8037
53.8038
53.8039
53.8039
53.8039
53.8039
53.8039
53.8038
53.8038
53.8037
53.8037
53.8036
53.8035
53.8034
53.8033
53.8032
53.8031
53.803
53.8029
53.8028
53.8027
53.8026
53.8025
53.8023
53.8022
53.8021
53.8019
53.8018
53.8016
53.8015
53.8013
53.8011
53.8009
53.8008
53.8006
53.8004
53.8002
53.8
53.7998
53.7996
53.7994
53.7993
53.7991
53.7989
53.7988
53.7986
53.7985
53.7983
53.7982
53.7981
53.798
53.7979
53.7978
53.7977
53.7976
53.7975
53.7974
53.7974
53.7973
53.7973
53.7972
53.7972
53.7971
53.7971
53.7971
53.797
53.797
53.797
53.797
53.7969
53.7969
53.7969
53.7969
53.7969
53.7969
53.7969
53.7969
53.7969
53.7969
53.7969
53.797
53.797
53.797
53.7971
53.7971
53.7972
53.7972
53.7973
53.7974
53.7975
53.7976
53.7976
53.7977
53.7978
53.7979
53.798
53.7981
53.7982
53.7983
53.7984
53.7985
53.7986
53.7986
53.7987
53.7988
53.7988
53.7988
53.7988
53.7988
53.7988
53.7988
53.7988
53.7987
53.7986
53.7985
53.7984
53.7983
53.7982
53.798
53.7979
53.7977
53.7975
53.7973
53.7971
53.7969
53.7967
53.7964
53.7962
53.7959
53.7957
53.7954
53.7951
53.7949
53.7946
53.7943
53.794
53.7937
53.7934
53.7931
53.7928
53.7925
53.7922
53.7919
53.7916
53.7913
53.791
53.7907
53.7904
53.7901
53.7897
53.7894
53.7891
53.7888
53.7885
53.7881
53.7878
53.7875
53.7872
53.7869
53.7865
53.7862
53.7859
53.7856
53.7853
53.785
53.7846
53.7843
53.784
53.7837
53.7834
53.7831
53.7828
53.7825
53.7822
53.7819
53.7816
53.7813
53.781
53.7807
53.7804
53.7801
53.7798
53.7796
53.7793
53.779
53.7787
53.7785
53.7782
53.7779
53.7777
53.7774
53.7772
53.7769
53.7767
53.7765
53.7762
53.776
53.7758
53.7756
53.7754
53.7752
53.775
53.7748
53.7746
53.7744
53.7742
53.774
53.7738
53.7737
53.7735
53.7733
53.7732
53.773
53.7728
53.7727
53.7725
53.7724
53.7722
53.7721
53.772
53.7718
53.7717
53.7716
53.7715
53.7714
53.7712
53.7712
53.7711
53.771
53.7709
53.7709
53.7708
53.7708
53.7708
53.7708
53.7708
53.7708
53.7709
53.771
53.7711
53.7712
53.7713
53.7715
53.7716
53.7718
53.7721
53.7723
53.7726
53.7728
53.7731
53.7735
53.7738
53.7742
53.7745
53.7749
53.7753
53.7758
53.7762
53.7766
53.7771
53.7776
53.778
53.7785
53.779
53.7795
53.78
53.7805
53.781
53.7815
53.782
53.7826
53.7831
53.7836
53.7841
53.7846
53.7851
53.7856
53.7861
53.7866
53.7872
53.7877
53.7882
53.7887
53.7892
53.7897
53.7902
53.7907
53.7912
53.7917
53.7922
53.7927
53.7932
53.7936
53.7941
53.7946
53.7951
53.7956
53.7961
53.7965
53.797
53.7975
53.7979
53.7984
53.7988
53.7993
53.7997
53.8001
53.8006
53.801
53.8014
53.8018
53.8022
53.8026
53.8029
53.8033
53.8037
53.804
53.8044
53.8047
53.8051
53.8054
53.8057
53.8061
53.8064
53.8067
53.807
53.8073
53.8076
53.8079
53.8082
53.8085
53.8087
53.809
53.8093
53.8095
53.8098
53.81
53.8102
53.8105
53.8107
53.8109
53.8111
53.8113
53.8115
53.8117
53.8119
53.8121
53.8122
53.8124
53.8125
53.8126
53.8128
53.8129
53.813
53.8131
53.8132
53.8133
53.8134
53.8134
53.8135
53.8136
53.8136
53.8137
53.8138
53.8138
53.8139
53.8139
53.814
53.814
53.8141
53.8141
53.8142
53.8142
53.8143
53.8143
53.8144
53.8145
53.8145
53.8146
53.8147
53.8148
53.8148
53.8149
53.815
53.8151
53.8152
53.8154
53.8155
53.8156
53.8157
53.8159
53.816
53.8162
53.8163
53.8165
53.8167
53.8168
53.817
53.8172
53.8174
53.8177
53.8179
53.8181
53.8184
53.8186
53.8189
53.8192
53.8194
53.8197
53.82
53.8204
53.8207
53.821
53.8214
53.8217
53.8221
53.8225
53.8229
53.8233
53.8237
53.8241
53.8245
53.8249
53.8254
53.8258
53.8262
53.8267
53.8271
53.8276
53.8281
53.8285
53.829
53.8295
53.8299
53.8304
53.8309
53.8313
53.8318
53.8323
53.8327
53.8332
53.8336
53.8341
53.8346
53.835
53.8355
53.8359
53.8364
53.8368
53.8373
53.8377
53.8381
53.8386
53.839
53.8394
53.8399
53.8403
53.8407
53.8411
53.8416
53.842
53.8424
53.8428
53.8432
53.8436
53.844
53.8444
53.8448
53.8452
53.8456
53.846
53.8463
53.8467
53.8471
53.8474
53.8478
53.8482
53.8485
53.8488
53.8492
53.8495
53.8498
53.8502
53.8505
53.8508
53.8511
53.8514
53.8517
53.852
53.8522
53.8525
53.8528
53.853
53.8533
53.8535
53.8537
53.854
53.8542
53.8544
53.8546
53.8548
53.855
53.8552
53.8554
53.8556
53.8558
53.8559
53.8561
53.8562
53.8564
53.8565
53.8567
53.8568
53.8569
53.857
53.8572
53.8572
53.8574
53.8574
53.8576
53.8576
53.8578
53.8578
53.8579
53.858
53.8581
53.8581
53.8582
53.8584
53.8586
53.8589
53.8592
)
;

boundaryField
{
    inlet
    {
        type            calculated;
        value           nonuniform List<scalar> 5(50.9154 50.9156 50.9156 50.9156 50.9154);
    }
    outlet
    {
        type            calculated;
        value           nonuniform List<scalar> 5(53.8592 53.8593 53.8593 53.8593 53.8592);
    }
    sides
    {
        type            empty;
    }
    walls
    {
        type            calculated;
        value           nonuniform List<scalar> 
2760
(
50.9154
50.9154
50.9155
50.9155
50.9155
50.9155
50.9155
50.9156
50.9156
50.9156
50.9156
50.9156
50.9157
50.9157
50.9157
50.9157
50.9157
50.9157
50.9157
50.9157
50.9157
50.9157
50.9157
50.9158
50.9158
50.916
50.9162
50.9165
50.9166
50.9168
50.9169
50.917
50.9171
50.9172
50.9173
50.9175
50.9177
50.9179
50.9182
50.9185
50.9188
50.9191
50.9194
50.9197
50.9199
50.92
50.9201
50.9202
50.9202
50.9203
50.9204
50.9206
50.9207
50.9209
50.921
50.9212
50.9213
50.9214
50.9215
50.9215
50.9216
50.9216
50.9217
50.9217
50.9218
50.9218
50.9219
50.922
50.9221
50.9222
50.9223
50.9224
50.9225
50.9226
50.9228
50.9229
50.923
50.923
50.9231
50.9232
50.9232
50.9233
50.9233
50.9233
50.9232
50.9232
50.9232
50.9231
50.923
50.9229
50.9229
50.9228
50.9227
50.9226
50.9225
50.9225
50.9224
50.9224
50.9224
50.9224
50.9224
50.9225
50.9225
50.9226
50.9227
50.9228
50.923
50.9231
50.9233
50.9234
50.9235
50.9237
50.9238
50.9239
50.924
50.9241
50.9241
50.9241
50.9241
50.9241
50.924
50.924
50.9239
50.9237
50.9236
50.9235
50.9233
50.9232
50.923
50.9229
50.9227
50.9226
50.9225
50.9225
50.9224
50.9224
50.9224
50.9225
50.9225
50.9226
50.9228
50.9229
50.9231
50.9233
50.9235
50.9237
50.9239
50.9241
50.9243
50.9244
50.9246
50.9246
50.9247
50.9247
50.9247
50.9247
50.9246
50.9245
50.9243
50.9242
50.924
50.9238
50.9236
50.9234
50.9232
50.923
50.9228
50.9227
50.9226
50.9225
50.9224
50.9224
50.9224
50.9225
50.9227
50.9228
50.9231
50.9234
50.9237
50.924
50.9244
50.9247
50.9251
50.9254
50.9257
50.926
50.9262
50.9264
50.9265
50.9265
50.9265
50.9265
50.9265
50.9264
50.9263
50.9262
50.9262
50.926
50.9264
50.9234
50.9154
50.9154
50.9155
50.9155
50.9155
50.9155
50.9155
50.9156
50.9156
50.9156
50.9156
50.9156
50.9157
50.9157
50.9157
50.9157
50.9157
50.9157
50.9157
50.9157
50.9157
50.9157
50.9157
50.9158
50.9158
50.916
50.9162
50.9165
50.9166
50.9168
50.9169
50.917
50.9171
50.9172
50.9173
50.9175
50.9177
50.9179
50.9182
50.9185
50.9188
50.9191
50.9194
50.9197
50.9199
50.92
50.9201
50.9202
50.9202
50.9203
50.9204
50.9206
50.9207
50.9209
50.921
50.9212
50.9213
50.9214
50.9215
50.9215
50.9216
50.9216
50.9217
50.9217
50.9218
50.9218
50.9219
50.922
50.9221
50.9222
50.9223
50.9224
50.9225
50.9226
50.9228
50.9229
50.923
50.923
50.9231
50.9232
50.9232
50.9233
50.9233
50.9233
50.9232
50.9232
50.9232
50.9231
50.923
50.9229
50.9229
50.9228
50.9227
50.9226
50.9225
50.9225
50.9224
50.9224
50.9224
50.9224
50.9224
50.9225
50.9225
50.9226
50.9227
50.9228
50.923
50.9231
50.9233
50.9234
50.9235
50.9237
50.9238
50.9239
50.924
50.9241
50.9241
50.9241
50.9241
50.9241
50.924
50.924
50.9239
50.9237
50.9236
50.9235
50.9233
50.9232
50.923
50.9229
50.9227
50.9226
50.9225
50.9225
50.9224
50.9224
50.9224
50.9225
50.9225
50.9226
50.9228
50.9229
50.9231
50.9233
50.9235
50.9237
50.9239
50.9241
50.9243
50.9244
50.9246
50.9246
50.9247
50.9247
50.9247
50.9247
50.9246
50.9245
50.9243
50.9242
50.924
50.9238
50.9236
50.9234
50.9232
50.923
50.9228
50.9227
50.9226
50.9225
50.9224
50.9224
50.9224
50.9225
50.9227
50.9228
50.9231
50.9234
50.9237
50.924
50.9244
50.9247
50.9251
50.9254
50.9257
50.926
50.9262
50.9264
50.9265
50.9265
50.9265
50.9265
50.9265
50.9264
50.9263
50.9262
50.9261
50.9262
50.9246
50.9374
50.9423
50.9493
50.95
50.9482
50.9465
50.9453
50.9446
50.9436
50.9401
50.9331
50.9257
50.9195
50.9144
50.9126
50.9207
50.9314
50.9354
50.9269
50.9095
50.8868
50.8927
50.8801
50.8754
50.8747
50.8726
50.8676
50.8608
50.8522
50.8443
50.8351
50.8267
50.818
50.8099
50.8021
50.795
50.788
50.782
50.7764
50.7725
50.7705
50.814
50.8062
50.8187
50.8121
50.807
50.8064
50.8067
50.8063
50.8059
50.806
50.8063
50.8065
50.8067
50.8069
50.8072
50.8075
50.8078
50.8082
50.8085
50.809
50.8094
50.8098
50.8103
50.8108
50.8114
50.8119
50.8125
50.8131
50.8138
50.8144
50.8151
50.8158
50.8165
50.8173
50.818
50.8188
50.8197
50.8205
50.8214
50.8222
50.8231
50.824
50.8249
50.8259
50.8268
50.8277
50.8287
50.8296
50.8306
50.8316
50.8326
50.8336
50.8347
50.8357
50.8368
50.8379
50.839
50.8402
50.8415
50.8427
50.844
50.8454
50.8469
50.8483
50.85
50.8515
50.8528
50.854
50.8553
50.8569
50.8586
50.8603
50.862
50.8638
50.8656
50.8674
50.8692
50.8711
50.8731
50.8751
50.8773
50.8796
50.8819
50.8842
50.8864
50.8885
50.8907
50.8931
50.8957
50.8983
50.9002
50.8996
50.8971
50.8963
50.8979
50.9012
50.9063
50.9153
50.9233
50.929
50.9332
50.9365
50.9396
50.9422
50.9445
50.9471
50.9497
50.9525
50.9553
50.9582
50.9612
50.9642
50.9673
50.9704
50.9736
50.9768
50.98
50.9833
50.9866
50.9899
50.9933
50.9967
51.0002
51.0036
51.0072
51.0107
51.0143
51.0179
51.0216
51.0253
51.0291
51.0329
51.0367
51.0406
51.0446
51.0485
51.0526
51.0566
51.0607
51.0649
51.0691
51.0734
51.0777
51.0821
51.0865
51.091
51.0955
51.1001
51.1047
51.1093
51.114
51.1188
51.1236
51.1284
51.1332
51.1381
51.143
51.148
51.1529
51.158
51.163
51.168
51.1731
51.1783
51.1834
51.1886
51.1938
51.1991
51.2044
51.2097
51.215
51.2204
51.2259
51.2313
51.2368
51.2424
51.2479
51.2536
51.2592
51.2649
51.2706
51.2763
51.2821
51.288
51.2938
51.2997
51.3056
51.3117
51.3177
51.3239
51.3299
51.3363
51.3423
51.3489
51.3549
51.3617
51.3678
51.3746
51.3796
51.3923
50.7946
50.7999
50.799
50.7978
50.797
50.7966
50.7964
50.7965
50.7968
50.797
50.7972
50.7974
50.7976
50.7979
50.7982
50.7984
50.7988
50.7991
50.7995
50.7999
50.8004
50.8008
50.8014
50.8019
50.8025
50.8031
50.8037
50.8043
50.805
50.8057
50.8064
50.8071
50.8078
50.8085
50.8093
50.8101
50.8109
50.8118
50.8127
50.8135
50.8144
50.8153
50.8163
50.8172
50.8181
50.8191
50.8201
50.8211
50.8221
50.8232
50.8242
50.8253
50.8264
50.8276
50.8287
50.8299
50.8311
50.8323
50.8335
50.8347
50.836
50.8373
50.8386
50.84
50.8414
50.8429
50.8444
50.8459
50.8475
50.8492
50.8508
50.8525
50.8542
50.8559
50.8578
50.8597
50.8615
50.8632
50.8648
50.8665
50.8686
50.871
50.8734
50.8753
50.8754
50.8728
50.8716
50.8726
50.8752
50.8791
50.886
50.8943
50.9013
50.907
50.9118
50.9159
50.9195
50.9227
50.9258
50.9288
50.9317
50.9346
50.9374
50.9403
50.9432
50.9461
50.949
50.952
50.955
50.958
50.961
50.9641
50.9672
50.9704
50.9735
50.9768
50.98
50.9833
50.9866
50.9899
50.9933
50.9967
51.0002
51.0036
51.0072
51.0107
51.0143
51.0179
51.0216
51.0253
51.0291
51.0329
51.0367
51.0406
51.0446
51.0485
51.0526
51.0566
51.0607
51.0649
51.0691
51.0734
51.0777
51.0821
51.0865
51.091
51.0955
51.1001
51.1047
51.1093
51.114
51.1188
51.1236
51.1284
51.1332
51.1381
51.143
51.148
51.1529
51.158
51.163
51.168
51.1731
51.1783
51.1834
51.1886
51.1938
51.1991
51.2044
51.2097
51.215
51.2204
51.2259
51.2313
51.2368
51.2424
51.2479
51.2536
51.2592
51.2649
51.2706
51.2763
51.2821
51.2879
51.2938
51.2997
51.3057
51.3116
51.3178
51.3238
51.33
51.3361
51.3425
51.3486
51.3553
51.3613
51.3682
51.3743
51.3815
51.3875
51.3734
51.3661
51.3641
51.3648
51.3644
51.3624
51.3584
51.3544
51.3501
51.3458
51.341
51.3368
51.3323
51.3281
51.3243
51.321
51.3183
51.3162
51.3148
51.3146
51.402
51.4083
51.4105
51.4108
51.4112
51.4114
51.4111
51.4112
51.4138
51.4187
51.4214
51.4177
51.4091
51.4016
51.3969
51.3923
51.3884
51.3881
51.3971
51.4124
51.3318
51.3394
51.3456
51.3514
51.3569
51.3628
51.3694
51.3761
51.3827
51.3893
51.396
51.4029
51.4098
51.4168
51.4239
51.431
51.4381
51.4452
51.4524
51.4597
51.4669
51.4742
51.4815
51.4888
51.4962
51.5036
51.5109
51.5183
51.5258
51.5332
51.5407
51.5482
51.5558
51.5634
51.571
51.5786
51.5862
51.5938
51.6015
51.6091
51.6168
51.6245
51.6323
51.64
51.6478
51.6556
51.6635
51.6714
51.6793
51.6873
51.6952
51.7032
51.7113
51.7193
51.7274
51.7355
51.7436
51.7518
51.7599
51.7681
51.7764
51.7846
51.7929
51.8013
51.8097
51.8181
51.8264
51.8349
51.8434
51.8519
51.8604
51.8689
51.8775
51.886
51.8946
51.9033
51.9119
51.92
51.9281
51.9365
51.9459
51.9557
51.965
51.9718
51.9746
51.9784
51.985
51.9944
52.0052
52.018
52.0332
52.0468
52.0586
52.0696
52.0802
52.0905
52.0997
52.1093
52.117
52.1279
51.3764
51.3488
51.3547
51.3668
51.3706
51.3724
51.3778
51.3855
51.393
51.3992
51.4056
51.4124
51.4194
51.4266
51.4337
51.4405
51.4475
51.4546
51.4617
51.4689
51.4761
51.4834
51.4906
51.4979
51.5052
51.5125
51.5199
51.5272
51.5346
51.542
51.5495
51.557
51.5645
51.572
51.5795
51.5871
51.5947
51.6023
51.6099
51.6176
51.6252
51.6329
51.6406
51.6484
51.6562
51.664
51.6718
51.6797
51.6876
51.6956
51.7035
51.7115
51.7195
51.7276
51.7356
51.7437
51.7518
51.7599
51.768
51.7762
51.7844
51.7927
51.8009
51.8092
51.8176
51.8259
51.8343
51.8426
51.8511
51.8595
51.8681
51.8766
51.8851
51.8936
51.9022
51.9107
51.9193
51.928
51.9368
51.9456
51.9544
51.9633
51.9722
51.9811
51.9896
51.998
52.0067
52.0162
52.0261
52.0354
52.042
52.0445
52.0482
52.0551
52.065
52.0765
52.0909
52.1055
52.1172
52.1286
52.1241
52.1218
52.122
52.1234
52.1242
52.1246
52.1244
52.1239
52.1233
52.1227
52.122
52.1213
52.1205
52.1199
52.1189
52.1183
52.118
52.118
52.1183
52.1193
52.1399
52.1451
52.1472
52.1483
52.149
52.1498
52.1506
52.1513
52.1518
52.1524
52.155
52.1614
52.1672
52.1678
52.1629
52.1568
52.1546
52.1529
52.1495
52.1501
52.131
52.1402
52.1489
52.1568
52.1646
52.1728
52.1813
52.1898
52.1984
52.207
52.2157
52.2245
52.2334
52.2422
52.2511
52.2602
52.2693
52.2786
52.2879
52.2973
52.3067
52.3161
52.3255
52.335
52.3444
52.3538
52.3632
52.3726
52.382
52.3913
52.4007
52.4101
52.4194
52.4287
52.4381
52.4474
52.4567
52.466
52.4753
52.4846
52.4939
52.5032
52.5124
52.5217
52.5308
52.54
52.5492
52.5584
52.5675
52.5767
52.5858
52.5949
52.604
52.6131
52.6223
52.6314
52.6404
52.6495
52.6586
52.6678
52.6768
52.6859
52.695
52.7041
52.7132
52.7223
52.7313
52.7403
52.7494
52.7587
52.7679
52.7764
52.7844
52.793
52.8028
52.8131
52.8226
52.8285
52.8295
52.8331
52.8409
52.8514
52.8636
52.8793
52.894
52.9066
52.9179
52.9287
52.9391
52.9486
52.9575
52.9662
52.9748
52.9834
52.9919
53.0003
53.0087
53.0171
53.0254
53.0337
53.042
53.0502
53.0584
53.0666
53.0747
53.0828
53.0909
53.0989
53.1069
53.1148
53.1227
53.1306
53.1384
53.1461
53.1539
53.1616
53.1692
53.1768
53.1844
53.1919
53.1994
53.2068
53.2142
53.2215
53.2288
53.2361
53.2433
53.2504
53.2575
53.2646
53.2716
53.2786
53.2855
53.2924
53.2993
53.3061
53.3129
53.3196
53.3263
53.3329
53.3395
53.3461
53.3526
53.3591
53.3656
53.372
53.3783
53.3846
53.3909
53.3972
53.4034
53.4095
53.4157
53.4217
53.4278
53.4338
53.4397
53.4456
53.4515
53.4573
53.463
53.4687
53.4744
53.48
53.4856
53.491
53.4965
53.5019
53.5072
53.5125
53.5177
53.5229
53.528
53.533
53.538
53.543
53.5479
53.5527
53.5575
53.5622
53.5669
53.5714
53.5761
53.5804
53.5852
53.5893
53.594
53.5979
53.6026
53.6064
53.611
53.6147
53.6192
53.6229
53.627
53.6311
53.6346
53.6389
53.6425
53.6461
52.1578
52.1553
52.1537
52.1621
52.174
52.1825
52.1886
52.1967
52.2072
52.2174
52.2257
52.2332
52.2422
52.2523
52.2622
52.2713
52.2801
52.2888
52.2977
52.3069
52.3162
52.3256
52.3349
52.3443
52.3536
52.363
52.3723
52.3816
52.3909
52.4002
52.4095
52.4188
52.4281
52.4374
52.4467
52.456
52.4653
52.4746
52.4838
52.4931
52.5023
52.5116
52.5208
52.53
52.5392
52.5483
52.5575
52.5666
52.5758
52.585
52.5945
52.6035
52.6123
52.6214
52.6305
52.6397
52.6488
52.6578
52.6668
52.6758
52.6849
52.6939
52.7029
52.712
52.721
52.73
52.7391
52.7481
52.7571
52.766
52.775
52.7841
52.7932
52.8023
52.8115
52.8208
52.8301
52.8391
52.8474
52.8556
52.8646
52.8746
52.8847
52.8935
52.8974
52.8983
52.903
52.9121
52.9233
52.9381
52.9534
52.9659
52.9767
52.9863
52.9942
53.0018
53.0097
53.0177
53.0259
53.034
53.0422
53.0504
53.0585
53.0667
53.0748
53.0828
53.0909
53.0989
53.1069
53.1148
53.1227
53.1306
53.1384
53.1461
53.1539
53.1616
53.1692
53.1768
53.1844
53.1919
53.1994
53.2068
53.2142
53.2215
53.2288
53.2361
53.2433
53.2504
53.2575
53.2646
53.2716
53.2786
53.2855
53.2924
53.2993
53.3061
53.3129
53.3196
53.3263
53.3329
53.3395
53.3461
53.3526
53.3591
53.3656
53.372
53.3783
53.3846
53.3909
53.3972
53.4034
53.4095
53.4157
53.4217
53.4278
53.4338
53.4397
53.4456
53.4515
53.4573
53.463
53.4687
53.4744
53.48
53.4856
53.4911
53.4965
53.5019
53.5072
53.5125
53.5177
53.5229
53.528
53.5331
53.538
53.543
53.5478
53.5527
53.5574
53.5623
53.5668
53.5716
53.5759
53.5807
53.5849
53.5896
53.5936
53.5983
53.6022
53.6068
53.6106
53.6151
53.6188
53.6232
53.6268
53.6311
53.6347
53.6386
53.643
53.6461
53.6484
53.6494
53.6503
53.6513
53.6522
53.6529
53.6537
53.6544
53.6553
53.6565
53.6584
53.6601
53.6611
53.6611
53.6607
53.6608
53.6601
53.6607
53.6619
53.6642
53.6486
53.6493
53.65
53.6508
53.6516
53.6524
53.6533
53.6541
53.6549
53.6558
53.6566
53.6574
53.6581
53.6589
53.6597
53.6605
53.6612
53.662
53.6627
53.6634
53.6679
53.6719
53.6721
53.6765
53.6832
53.6871
53.6869
53.6909
53.6962
53.6988
53.7074
53.7092
53.7087
53.7123
53.7207
53.7253
53.7219
53.7242
53.7284
53.7395
53.7363
53.7352
53.7377
53.7404
53.7429
53.7453
53.7477
53.7499
53.7522
53.7546
53.7581
53.7589
53.7603
53.7622
53.764
53.7658
53.7676
53.7692
53.7709
53.7725
53.7744
53.7767
53.7801
53.7902
53.7837
53.7806
53.7818
53.7829
53.7845
53.7864
53.7882
53.7892
53.789
53.7904
53.7924
53.7944
53.7943
53.785
53.7761
53.776
53.7823
53.7958
53.8033
53.806
53.8059
53.8048
53.8043
53.8041
53.804
53.804
53.804
53.804
53.804
53.8039
53.8039
53.8038
53.8038
53.8037
53.8037
53.8036
53.8035
53.8034
53.8033
53.8032
53.8031
53.803
53.8029
53.8028
53.8027
53.8026
53.8025
53.8023
53.8022
53.8021
53.8019
53.8018
53.8016
53.8015
53.8013
53.8011
53.8009
53.8008
53.8006
53.8004
53.8002
53.8
53.7998
53.7996
53.7994
53.7993
53.7991
53.7989
53.7988
53.7986
53.7985
53.7983
53.7982
53.7981
53.798
53.7979
53.7978
53.7977
53.7976
53.7975
53.7974
53.7974
53.7973
53.7973
53.7972
53.7972
53.7971
53.7971
53.7971
53.797
53.797
53.797
53.797
53.7969
53.7969
53.7969
53.7969
53.7969
53.7969
53.7969
53.7969
53.7969
53.7969
53.7969
53.797
53.797
53.797
53.7971
53.7971
53.7972
53.7972
53.7973
53.7974
53.7975
53.7976
53.7976
53.7977
53.7978
53.7979
53.798
53.7981
53.7982
53.7983
53.7984
53.7985
53.7986
53.7986
53.7987
53.7988
53.7988
53.7988
53.7988
53.7988
53.7988
53.7988
53.7988
53.7987
53.7986
53.7985
53.7984
53.7983
53.7982
53.798
53.7979
53.7977
53.7975
53.7973
53.7971
53.7969
53.7967
53.7964
53.7962
53.7959
53.7957
53.7954
53.7951
53.7949
53.7946
53.7943
53.794
53.7937
53.7934
53.7931
53.7928
53.7925
53.7922
53.7919
53.7916
53.7913
53.791
53.7907
53.7904
53.7901
53.7897
53.7894
53.7891
53.7888
53.7885
53.7881
53.7878
53.7875
53.7872
53.7869
53.7865
53.7862
53.7859
53.7856
53.7853
53.785
53.7846
53.7843
53.784
53.7837
53.7834
53.7831
53.7828
53.7825
53.7822
53.7819
53.7816
53.7813
53.781
53.7807
53.7804
53.7801
53.7798
53.7796
53.7793
53.779
53.7787
53.7785
53.7782
53.7779
53.7777
53.7774
53.7772
53.7769
53.7767
53.7765
53.7762
53.776
53.7758
53.7756
53.7754
53.7752
53.775
53.7748
53.7746
53.7744
53.7742
53.774
53.7738
53.7737
53.7735
53.7733
53.7732
53.773
53.7728
53.7727
53.7725
53.7724
53.7722
53.7721
53.772
53.7718
53.7717
53.7716
53.7715
53.7714
53.7712
53.7712
53.7711
53.771
53.7709
53.7709
53.7708
53.7708
53.7708
53.7708
53.7708
53.7708
53.7709
53.771
53.7711
53.7712
53.7713
53.7715
53.7716
53.7718
53.7721
53.7723
53.7726
53.7728
53.7731
53.7735
53.7738
53.7742
53.7745
53.7749
53.7753
53.7758
53.7762
53.7766
53.7771
53.7776
53.778
53.7785
53.779
53.7795
53.78
53.7805
53.781
53.7815
53.782
53.7826
53.7831
53.7836
53.7841
53.7846
53.7851
53.7856
53.7861
53.7866
53.7872
53.7877
53.7882
53.7887
53.7892
53.7897
53.7902
53.7907
53.7912
53.7917
53.7922
53.7927
53.7932
53.7936
53.7941
53.7946
53.7951
53.7956
53.7961
53.7965
53.797
53.7975
53.7979
53.7984
53.7988
53.7993
53.7997
53.8001
53.8006
53.801
53.8014
53.8018
53.8022
53.8026
53.8029
53.8033
53.8037
53.804
53.8044
53.8047
53.8051
53.8054
53.8057
53.8061
53.8064
53.8067
53.807
53.8073
53.8076
53.8079
53.8082
53.8085
53.8087
53.809
53.8093
53.8095
53.8098
53.81
53.8102
53.8105
53.8107
53.8109
53.8111
53.8113
53.8115
53.8117
53.8119
53.8121
53.8122
53.8124
53.8125
53.8126
53.8128
53.8129
53.813
53.8131
53.8132
53.8133
53.8134
53.8134
53.8135
53.8136
53.8136
53.8137
53.8138
53.8138
53.8139
53.8139
53.814
53.814
53.8141
53.8141
53.8142
53.8142
53.8143
53.8143
53.8144
53.8145
53.8145
53.8146
53.8147
53.8148
53.8148
53.8149
53.815
53.8151
53.8152
53.8154
53.8155
53.8156
53.8157
53.8159
53.816
53.8162
53.8163
53.8165
53.8167
53.8168
53.817
53.8172
53.8174
53.8177
53.8179
53.8181
53.8184
53.8186
53.8189
53.8192
53.8194
53.8197
53.82
53.8204
53.8207
53.821
53.8214
53.8217
53.8221
53.8225
53.8229
53.8233
53.8237
53.8241
53.8245
53.8249
53.8254
53.8258
53.8262
53.8267
53.8271
53.8276
53.8281
53.8285
53.829
53.8295
53.8299
53.8304
53.8309
53.8313
53.8318
53.8323
53.8327
53.8332
53.8336
53.8341
53.8346
53.835
53.8355
53.8359
53.8364
53.8368
53.8373
53.8377
53.8381
53.8386
53.839
53.8394
53.8399
53.8403
53.8407
53.8411
53.8416
53.842
53.8424
53.8428
53.8432
53.8436
53.844
53.8444
53.8448
53.8452
53.8456
53.846
53.8463
53.8467
53.8471
53.8474
53.8478
53.8482
53.8485
53.8488
53.8492
53.8495
53.8498
53.8502
53.8505
53.8508
53.8511
53.8514
53.8517
53.852
53.8522
53.8525
53.8528
53.853
53.8533
53.8535
53.8537
53.854
53.8542
53.8544
53.8546
53.8548
53.855
53.8552
53.8554
53.8556
53.8558
53.8559
53.8561
53.8562
53.8564
53.8565
53.8567
53.8568
53.8569
53.857
53.8572
53.8572
53.8574
53.8574
53.8576
53.8576
53.8578
53.8578
53.8579
53.858
53.8581
53.8581
53.8582
53.8584
53.8586
53.8589
53.8592
53.6663
53.6703
53.6736
53.677
53.6798
53.682
53.6847
53.6876
53.6905
53.6933
53.6961
53.6987
53.7018
53.7049
53.7075
53.7097
53.7124
53.7154
53.718
53.7201
53.7226
53.7253
53.7282
53.7309
53.7335
53.736
53.7385
53.7409
53.7432
53.7454
53.7474
53.7495
53.7515
53.7536
53.7556
53.7576
53.7594
53.7612
53.7629
53.7648
53.7669
53.7686
53.7694
53.7699
53.7705
53.7726
53.7742
53.7741
53.775
53.7772
53.7798
53.7793
53.7694
53.7628
53.7642
53.7691
53.7793
53.7874
53.7926
53.7964
53.7993
53.8014
53.8023
53.8027
53.803
53.8033
53.8035
53.8036
53.8037
53.8038
53.8039
53.8039
53.8039
53.8039
53.8039
53.8038
53.8038
53.8037
53.8037
53.8036
53.8035
53.8034
53.8033
53.8032
53.8031
53.803
53.8029
53.8028
53.8027
53.8026
53.8025
53.8023
53.8022
53.8021
53.8019
53.8018
53.8016
53.8015
53.8013
53.8011
53.8009
53.8008
53.8006
53.8004
53.8002
53.8
53.7998
53.7996
53.7994
53.7993
53.7991
53.7989
53.7988
53.7986
53.7985
53.7983
53.7982
53.7981
53.798
53.7979
53.7978
53.7977
53.7976
53.7975
53.7974
53.7974
53.7973
53.7973
53.7972
53.7972
53.7971
53.7971
53.7971
53.797
53.797
53.797
53.797
53.7969
53.7969
53.7969
53.7969
53.7969
53.7969
53.7969
53.7969
53.7969
53.7969
53.7969
53.797
53.797
53.797
53.7971
53.7971
53.7972
53.7972
53.7973
53.7974
53.7975
53.7976
53.7976
53.7977
53.7978
53.7979
53.798
53.7981
53.7982
53.7983
53.7984
53.7985
53.7986
53.7986
53.7987
53.7988
53.7988
53.7988
53.7988
53.7988
53.7988
53.7988
53.7988
53.7987
53.7986
53.7985
53.7984
53.7983
53.7982
53.798
53.7979
53.7977
53.7975
53.7973
53.7971
53.7969
53.7967
53.7964
53.7962
53.7959
53.7957
53.7954
53.7951
53.7949
53.7946
53.7943
53.794
53.7937
53.7934
53.7931
53.7928
53.7925
53.7922
53.7919
53.7916
53.7913
53.791
53.7907
53.7904
53.7901
53.7897
53.7894
53.7891
53.7888
53.7885
53.7881
53.7878
53.7875
53.7872
53.7869
53.7865
53.7862
53.7859
53.7856
53.7853
53.785
53.7846
53.7843
53.784
53.7837
53.7834
53.7831
53.7828
53.7825
53.7822
53.7819
53.7816
53.7813
53.781
53.7807
53.7804
53.7801
53.7798
53.7796
53.7793
53.779
53.7787
53.7785
53.7782
53.7779
53.7777
53.7774
53.7772
53.7769
53.7767
53.7765
53.7762
53.776
53.7758
53.7756
53.7754
53.7752
53.775
53.7748
53.7746
53.7744
53.7742
53.774
53.7738
53.7737
53.7735
53.7733
53.7732
53.773
53.7728
53.7727
53.7725
53.7724
53.7722
53.7721
53.772
53.7718
53.7717
53.7716
53.7715
53.7714
53.7712
53.7712
53.7711
53.771
53.7709
53.7709
53.7708
53.7708
53.7708
53.7708
53.7708
53.7708
53.7709
53.771
53.7711
53.7712
53.7713
53.7715
53.7716
53.7718
53.7721
53.7723
53.7726
53.7728
53.7731
53.7735
53.7738
53.7742
53.7745
53.7749
53.7753
53.7758
53.7762
53.7766
53.7771
53.7776
53.778
53.7785
53.779
53.7795
53.78
53.7805
53.781
53.7815
53.782
53.7826
53.7831
53.7836
53.7841
53.7846
53.7851
53.7856
53.7861
53.7866
53.7872
53.7877
53.7882
53.7887
53.7892
53.7897
53.7902
53.7907
53.7912
53.7917
53.7922
53.7927
53.7932
53.7936
53.7941
53.7946
53.7951
53.7956
53.7961
53.7965
53.797
53.7975
53.7979
53.7984
53.7988
53.7993
53.7997
53.8001
53.8006
53.801
53.8014
53.8018
53.8022
53.8026
53.8029
53.8033
53.8037
53.804
53.8044
53.8047
53.8051
53.8054
53.8057
53.8061
53.8064
53.8067
53.807
53.8073
53.8076
53.8079
53.8082
53.8085
53.8087
53.809
53.8093
53.8095
53.8098
53.81
53.8102
53.8105
53.8107
53.8109
53.8111
53.8113
53.8115
53.8117
53.8119
53.8121
53.8122
53.8124
53.8125
53.8126
53.8128
53.8129
53.813
53.8131
53.8132
53.8133
53.8134
53.8134
53.8135
53.8136
53.8136
53.8137
53.8138
53.8138
53.8139
53.8139
53.814
53.814
53.8141
53.8141
53.8142
53.8142
53.8143
53.8143
53.8144
53.8145
53.8145
53.8146
53.8147
53.8148
53.8148
53.8149
53.815
53.8151
53.8152
53.8154
53.8155
53.8156
53.8157
53.8159
53.816
53.8162
53.8163
53.8165
53.8167
53.8168
53.817
53.8172
53.8174
53.8177
53.8179
53.8181
53.8184
53.8186
53.8189
53.8192
53.8194
53.8197
53.82
53.8204
53.8207
53.821
53.8214
53.8217
53.8221
53.8225
53.8229
53.8233
53.8237
53.8241
53.8245
53.8249
53.8254
53.8258
53.8262
53.8267
53.8271
53.8276
53.8281
53.8285
53.829
53.8295
53.8299
53.8304
53.8309
53.8313
53.8318
53.8323
53.8327
53.8332
53.8336
53.8341
53.8346
53.835
53.8355
53.8359
53.8364
53.8368
53.8373
53.8377
53.8381
53.8386
53.839
53.8394
53.8399
53.8403
53.8407
53.8411
53.8416
53.842
53.8424
53.8428
53.8432
53.8436
53.844
53.8444
53.8448
53.8452
53.8456
53.846
53.8463
53.8467
53.8471
53.8474
53.8478
53.8482
53.8485
53.8488
53.8492
53.8495
53.8498
53.8502
53.8505
53.8508
53.8511
53.8514
53.8517
53.852
53.8522
53.8525
53.8528
53.853
53.8533
53.8535
53.8537
53.854
53.8542
53.8544
53.8546
53.8548
53.855
53.8552
53.8554
53.8556
53.8558
53.8559
53.8561
53.8562
53.8564
53.8565
53.8567
53.8568
53.8569
53.857
53.8572
53.8572
53.8574
53.8574
53.8576
53.8576
53.8578
53.8578
53.8579
53.858
53.8581
53.8581
53.8582
53.8584
53.8586
53.8589
53.8592
)
;
    }
}


// ************************************************************************* //
