/*--------------------------------*- C++ -*----------------------------------*\
| =========                 |                                                 |
| \\      /  F ield         | OpenFOAM: The Open Source CFD Toolbox           |
|  \\    /   O peration     | Version:  3.0.x                                 |
|   \\  /    A nd           | Web:      www.OpenFOAM.org                      |
|    \\/     M anipulation  |                                                 |
\*---------------------------------------------------------------------------*/
FoamFile
{
    version     2.0;
    format      ascii;
    class       volScalarField;
    location    "0.005";
    object      rho;
}
// * * * * * * * * * * * * * * * * * * * * * * * * * * * * * * * * * * * * * //

dimensions      [1 -3 0 0 0 0 0];

internalField   nonuniform List<scalar> 
1000
(
50.4677
50.4677
50.4677
50.4677
50.4677
50.4677
50.4677
50.4677
50.4677
50.4677
50.4677
50.4677
50.4677
50.4677
50.4677
50.4677
50.4677
50.4677
50.4677
50.4677
50.4677
50.4677
50.4677
50.4677
50.4677
50.4677
50.4677
50.4677
50.4677
50.4677
50.4677
50.4677
50.4677
50.4677
50.4677
50.4677
50.4677
50.4677
50.4677
50.4677
50.4677
50.4677
50.4677
50.4677
50.4677
50.4677
50.4677
50.4677
50.4677
50.4677
50.4677
50.4677
50.4677
50.4677
50.4677
50.4677
50.4677
50.4677
50.4677
50.4677
50.4677
50.4677
50.4677
50.4677
50.4677
50.4677
50.4677
50.4677
50.4677
50.4677
50.4677
50.4677
50.4677
50.4677
50.4677
50.4677
50.4677
50.4677
50.4677
50.4677
50.4677
50.4677
50.4677
50.4677
50.4677
50.4677
50.4677
50.4677
50.4677
50.4677
50.4677
50.4677
50.4677
50.4677
50.4677
50.4677
50.4677
50.4677
50.4677
50.4677
50.4677
50.4677
50.4677
50.4677
50.4677
50.4677
50.4677
50.4677
50.4677
50.4677
50.4677
50.4677
50.4677
50.4677
50.4677
50.4677
50.4677
50.4677
50.4677
50.4677
50.4677
50.4677
50.4677
50.4677
50.4677
50.4677
50.4677
50.4677
50.4677
50.4677
50.4677
50.4677
50.4677
50.4677
50.4677
50.4677
50.4677
50.4677
50.4677
50.4677
50.4677
50.4677
50.4677
50.4677
50.4677
50.4677
50.4677
50.4677
50.4677
50.4677
50.4677
50.4677
50.4677
50.4677
50.4677
50.4677
50.4677
50.4677
50.4677
50.4677
50.4677
50.4677
50.4677
50.4677
50.4677
50.4677
50.4677
50.4677
50.4677
50.4677
50.4677
50.4677
50.4677
50.4677
50.4677
50.4677
50.4677
50.4677
50.4677
50.4677
50.4677
50.4677
50.4677
50.4677
50.4677
50.4677
50.4677
50.4677
50.4677
50.4677
50.4677
50.4677
50.4677
50.4677
50.4677
50.4677
50.4677
50.4677
50.4677
50.4677
50.4677
50.4677
50.4677
50.4677
50.4677
50.4677
50.4677
50.4677
50.4677
50.4677
50.4677
50.4677
50.4677
50.4677
50.4677
50.4677
50.4677
50.4677
50.4677
50.4677
50.4677
50.4677
50.4677
50.4677
50.4677
50.4677
50.4677
50.4677
50.4677
50.4677
50.4677
50.4677
50.4677
50.4677
50.4677
50.4677
50.4677
50.4677
50.4677
50.4677
50.4677
50.4677
50.4677
50.4677
50.4677
50.4677
50.4677
50.4677
50.4677
50.4677
50.4677
50.4677
50.4677
50.4677
50.4677
50.4677
50.4677
50.4677
50.4677
50.4677
50.4677
50.4677
50.4677
50.4677
50.4677
50.4677
50.4677
50.4677
50.4677
50.4677
50.4677
50.4677
50.4677
50.4677
50.4677
50.4677
50.4677
50.4677
50.4677
50.4677
50.4677
50.4677
50.4677
50.4677
50.4677
50.4677
50.4677
50.4677
50.4677
50.4677
50.4677
50.4677
50.4677
50.4677
50.4677
50.4677
50.4677
50.4677
50.4677
50.4677
50.4677
50.4677
50.4677
50.4677
50.4677
50.4677
50.4677
50.4677
50.4677
50.4677
50.4677
50.4677
50.4677
50.4677
50.4677
50.4677
50.4677
50.4677
50.4677
50.4677
50.4677
50.4677
50.4677
50.4677
50.4677
50.4677
50.4677
50.4677
50.4677
50.4677
50.4677
50.4677
50.4677
50.4677
50.4677
50.4677
50.4677
50.4677
50.4677
50.4677
50.4677
50.4677
50.4677
50.4677
50.4677
50.4677
50.4677
50.4677
50.4677
50.4677
50.4677
50.4677
50.4677
50.4677
50.4677
50.4677
50.4677
50.4677
50.4677
50.4677
50.4677
50.4677
50.4677
50.4677
50.4677
50.4677
50.4677
50.4677
50.4677
50.4677
50.4677
50.4677
50.4677
50.4677
50.4677
50.4677
50.4677
50.4677
50.4677
50.4677
50.4677
50.4677
50.4677
50.4677
50.4677
50.4677
50.4677
50.4677
50.4677
50.4677
50.4677
50.4677
50.4677
50.4677
50.4677
50.4677
50.4677
50.4677
50.4677
50.4677
50.4677
50.4677
50.4677
50.4677
50.4677
50.4677
50.4677
50.4677
50.4677
50.4677
50.4677
50.4677
50.4677
50.4677
50.4677
50.4677
50.4677
50.4677
50.4677
50.4677
50.4677
50.4677
50.4677
50.4677
50.4677
50.4677
50.4677
50.4677
50.4677
50.4677
50.4677
50.4677
50.4677
50.4677
50.4677
50.4677
50.4677
50.4677
50.4677
50.4677
50.4677
50.4677
50.4677
50.4677
50.4677
50.4677
50.4677
50.4677
50.4677
50.4677
50.4677
50.4677
50.4677
50.4677
50.4677
50.4677
50.4677
50.4677
50.4677
50.4677
50.4677
50.4677
50.4677
50.4677
50.4677
50.4677
50.4677
50.4677
50.4677
50.4677
50.4677
50.4677
50.4677
50.4677
50.4677
50.4677
50.4677
50.4677
50.4677
50.4677
50.4677
50.4677
50.4677
50.4677
50.4677
50.4677
50.4677
50.4677
50.4677
50.4677
50.4677
50.4677
50.4677
50.4677
50.4677
50.4677
50.4677
50.4677
50.4677
50.4677
50.4677
50.4677
50.4677
50.4677
50.4677
50.4677
50.4677
50.4677
50.4677
50.4677
50.4677
50.4677
50.4677
50.4677
50.4677
50.4677
50.4677
50.4677
50.4677
50.4677
50.4677
50.4677
50.4677
50.4677
50.4677
50.4677
50.4677
50.4677
50.4677
50.4677
50.4677
50.4677
50.4677
50.4677
50.4677
50.4677
50.4677
50.4677
50.4677
50.4677
50.4677
50.4677
50.4677
50.4677
50.4677
50.4677
50.4677
50.4677
50.4677
50.4677
50.4677
50.4677
50.4677
50.4677
50.4677
50.4677
50.4677
50.4677
50.4677
50.4677
50.4677
50.4677
50.4677
50.4677
50.4677
50.4677
50.4677
50.4677
50.4677
50.4677
50.4677
50.4677
50.4677
50.4677
50.4677
50.4677
50.4677
50.4677
50.4677
50.4677
50.4677
50.4677
50.4677
50.4677
50.4677
50.4677
50.4677
50.4677
50.4677
50.4677
50.4677
50.4677
50.4677
50.4677
50.4677
50.4677
50.4677
50.4677
50.4677
50.4677
50.4677
50.4677
50.4677
50.4677
50.4677
50.4677
50.4677
50.4677
50.4677
50.4677
50.4677
50.4677
50.4677
50.4677
50.4677
50.4677
50.4677
50.4677
50.4677
50.4677
50.4677
50.4677
50.4677
50.4677
50.4677
50.4677
50.4677
50.4677
50.4677
50.4677
50.4677
50.4677
50.4677
50.4677
50.4677
50.4677
50.4677
50.4677
50.4677
50.4677
50.4677
50.4677
50.4677
50.4677
50.4677
50.4678
50.4678
50.4678
50.4679
50.468
50.4681
50.4682
50.4684
50.4686
50.4689
50.4693
50.4699
50.4705
50.4714
50.4726
50.4741
50.476
50.4786
50.4818
50.4859
50.4912
50.4979
50.5064
50.5172
50.5308
50.5481
50.5697
50.5967
50.6305
50.6724
50.7243
50.7881
50.8662
50.9611
51.0755
51.2123
51.3741
51.5633
51.7814
52.0292
52.3058
52.6087
52.9335
53.2743
53.6234
53.9725
54.3134
54.6382
54.9406
55.2162
55.4621
55.6774
55.8629
56.0203
56.152
56.2609
56.3501
56.4224
56.4805
56.5268
56.5634
56.5919
56.6138
56.6302
56.642
56.6499
56.6545
56.6563
56.6564
56.6561
56.6557
56.6553
56.6548
56.6545
56.6543
56.6541
56.6539
56.6538
56.6538
56.6537
56.6537
56.6537
56.6537
56.6537
56.6537
56.6537
56.6537
56.6538
56.6538
56.6538
56.6538
56.6538
56.6539
56.6539
56.6539
56.6539
56.6539
56.6539
56.654
56.654
56.654
56.654
56.654
56.654
56.6541
56.6541
56.6541
56.6541
56.6541
56.6541
56.6541
56.6541
56.6541
56.6542
56.6542
56.6542
56.6542
56.6542
56.6542
56.6542
56.6542
56.6542
56.6542
56.6542
56.6542
56.6543
56.6543
56.6543
56.6543
56.6543
56.6543
56.6543
56.6543
56.6543
56.6543
56.6543
56.6543
56.6543
56.6543
56.6543
56.6543
56.6543
56.6543
56.6543
56.6543
56.6544
56.6544
56.6544
56.6544
56.6544
56.6544
56.6544
56.6544
56.6544
56.6544
56.6544
56.6544
56.6544
56.6544
56.6544
56.6544
56.6544
56.6544
56.6544
56.6544
56.6544
56.6544
56.6544
56.6544
56.6544
56.6544
56.6544
56.6544
56.6544
56.6544
56.6544
56.6544
56.6544
56.6544
56.6544
56.6544
56.6544
56.6544
56.6544
56.6544
56.6544
56.6544
56.6544
56.6544
56.6544
56.6544
56.6544
56.6544
56.6544
56.6543
56.6543
56.6543
56.6543
56.6543
56.6543
56.6543
56.6543
56.6543
56.6543
56.6543
56.6543
56.6543
56.6543
56.6543
56.6543
56.6543
56.6543
56.6543
56.6543
56.6543
56.6543
56.6543
56.6543
56.6542
56.6542
56.6542
56.6542
56.6542
56.6542
56.6542
56.6542
56.6542
56.6542
56.6542
56.6542
56.6542
56.6542
56.6542
56.6541
56.6541
56.6541
56.6541
56.6541
56.6541
56.6541
56.6541
56.6541
56.6541
56.6541
56.654
56.654
56.654
56.654
56.654
56.654
56.654
56.654
56.654
56.6539
56.6539
56.6539
56.6539
56.6539
56.6539
56.6539
56.6539
56.6538
56.6538
56.6538
56.6538
56.6538
56.6538
56.6538
56.6537
56.6537
56.6537
56.6537
56.6537
56.6537
56.6536
56.6536
56.6536
56.6536
56.6536
56.6535
56.6535
56.6535
56.6535
56.6535
56.6534
56.6534
56.6534
56.6534
56.6533
56.6533
56.6533
56.6532
56.6532
56.6532
56.6532
56.6531
56.6531
56.6531
56.653
56.653
56.653
56.6529
56.6529
56.6528
56.6529
56.6527
56.6528
56.6526
56.6528
56.6524
56.6527
56.6523
56.6527
56.6521
56.6527
56.6519
56.6527
56.6517
56.6527
56.6514
56.6527
56.6511
56.6527
56.6508
56.6527
56.6504
56.6527
56.65
56.6527
56.6496
56.6527
56.6492
56.6527
56.6487
56.6525
56.6483
56.6523
56.6478
56.652
56.6474
56.6515
56.6469
56.6508
56.6464
56.6499
56.6457
56.6487
56.6447
56.6468
56.6429
56.644
56.6391
56.6343
56.6117
56.6028
)
;

boundaryField
{
    inlet
    {
        type            calculated;
        value           uniform 50.4677;
    }
    backWall
    {
        type            calculated;
        value           uniform 56.6028;
    }
    sides
    {
        type            empty;
    }
}


// ************************************************************************* //
