/*--------------------------------*- C++ -*----------------------------------*\
| =========                 |                                                 |
| \\      /  F ield         | OpenFOAM: The Open Source CFD Toolbox           |
|  \\    /   O peration     | Version:  3.0.x                                 |
|   \\  /    A nd           | Web:      www.OpenFOAM.org                      |
|    \\/     M anipulation  |                                                 |
\*---------------------------------------------------------------------------*/
FoamFile
{
    version     2.0;
    format      ascii;
    class       volScalarField;
    location    "0.015";
    object      rho;
}
// * * * * * * * * * * * * * * * * * * * * * * * * * * * * * * * * * * * * * //

dimensions      [1 -3 0 0 0 0 0];

internalField   nonuniform List<scalar> 
1000
(
50.4809
50.4814
50.482
50.483
50.4842
50.4857
50.4876
50.4899
50.4926
50.4958
50.4995
50.5038
50.5087
50.5144
50.5209
50.5284
50.5368
50.5465
50.5574
50.5698
50.5838
50.5995
50.6173
50.6372
50.6596
50.6846
50.7126
50.7436
50.7781
50.8164
50.8585
50.9049
50.9557
51.0113
51.0716
51.1369
51.2073
51.2827
51.3631
51.4483
51.538
51.632
51.7296
51.8305
51.9338
52.0391
52.1454
52.252
52.358
52.4628
52.5655
52.6654
52.7619
52.8545
52.9427
53.0263
53.1048
53.1783
53.2467
53.3099
53.3681
53.4214
53.47
53.5142
53.5542
53.5902
53.6226
53.6517
53.6777
53.7008
53.7214
53.7396
53.7558
53.7701
53.7826
53.7937
53.8034
53.8118
53.8192
53.8257
53.8313
53.8361
53.8403
53.8438
53.8469
53.8494
53.8515
53.8532
53.8546
53.8557
53.8566
53.8572
53.8576
53.8578
53.858
53.858
53.858
53.858
53.8579
53.8579
53.8579
53.8579
53.8578
53.8578
53.8578
53.8578
53.8578
53.8577
53.8577
53.8577
53.8577
53.8577
53.8577
53.8577
53.8577
53.8577
53.8577
53.8577
53.8577
53.8577
53.8577
53.8577
53.8577
53.8577
53.8577
53.8577
53.8577
53.8577
53.8577
53.8577
53.8577
53.8577
53.8577
53.8577
53.8577
53.8577
53.8577
53.8577
53.8577
53.8577
53.8577
53.8577
53.8577
53.8577
53.8577
53.8577
53.8577
53.8577
53.8577
53.8578
53.8578
53.8578
53.8578
53.8578
53.8578
53.8578
53.8578
53.8578
53.8578
53.8578
53.8578
53.8578
53.8578
53.8578
53.8578
53.8578
53.8578
53.8578
53.8578
53.8578
53.8578
53.8578
53.8578
53.8578
53.8578
53.8578
53.8578
53.8578
53.8578
53.8578
53.8578
53.8578
53.8578
53.8578
53.8578
53.8578
53.8578
53.8578
53.8578
53.8578
53.8578
53.8578
53.8578
53.8578
53.8578
53.8578
53.8578
53.8578
53.8578
53.8578
53.8578
53.8578
53.8578
53.8578
53.8578
53.8578
53.8578
53.8578
53.8578
53.8578
53.8578
53.8578
53.8578
53.8578
53.8578
53.8578
53.8578
53.8578
53.8578
53.8578
53.8578
53.8578
53.8578
53.8578
53.8578
53.8578
53.8578
53.8578
53.8578
53.8578
53.8578
53.8578
53.8578
53.8578
53.8578
53.8578
53.8578
53.8578
53.8578
53.8578
53.8579
53.8579
53.8579
53.8579
53.8579
53.8579
53.8579
53.8579
53.8579
53.8579
53.8579
53.8579
53.8579
53.8579
53.8579
53.8579
53.8579
53.8579
53.8579
53.8579
53.8579
53.8579
53.8579
53.8579
53.8579
53.8579
53.8579
53.8579
53.8579
53.8579
53.8579
53.8579
53.8579
53.8579
53.8579
53.8579
53.8579
53.8579
53.8579
53.8579
53.8579
53.8579
53.8579
53.8579
53.8579
53.8579
53.8579
53.8579
53.8579
53.8579
53.8579
53.8579
53.8579
53.8579
53.8579
53.8579
53.8579
53.8579
53.8579
53.8579
53.8579
53.8579
53.8579
53.8579
53.8579
53.8579
53.8579
53.8579
53.8579
53.8579
53.8579
53.8579
53.8579
53.8579
53.8579
53.8579
53.8579
53.8579
53.8579
53.8579
53.8579
53.8579
53.8579
53.8579
53.8579
53.8579
53.8579
53.8579
53.8579
53.8579
53.8579
53.8579
53.8579
53.8579
53.8579
53.8579
53.8579
53.8579
53.8579
53.8579
53.8579
53.8579
53.8579
53.8579
53.8579
53.8579
53.8579
53.8579
53.8579
53.8579
53.8579
53.8579
53.8579
53.8579
53.8579
53.8579
53.8579
53.8579
53.8579
53.8579
53.8579
53.8579
53.8579
53.8579
53.8579
53.8579
53.8579
53.8579
53.8579
53.8579
53.8579
53.8579
53.8579
53.8579
53.8579
53.8579
53.8579
53.8579
53.8579
53.8579
53.8579
53.8579
53.8579
53.8579
53.8579
53.8579
53.8579
53.8579
53.8579
53.8579
53.8579
53.8579
53.8579
53.8579
53.8579
53.8579
53.8579
53.8579
53.8579
53.8579
53.8579
53.8579
53.8579
53.8579
53.8579
53.8579
53.8579
53.8579
53.8579
53.8579
53.8579
53.8579
53.8579
53.8579
53.8579
53.8579
53.8579
53.8579
53.8579
53.8579
53.8579
53.8579
53.8579
53.8579
53.8579
53.8579
53.8579
53.8579
53.8579
53.8579
53.8579
53.8579
53.8579
53.8579
53.8579
53.8579
53.8579
53.8579
53.8579
53.8579
53.8579
53.8579
53.8579
53.8579
53.8579
53.8579
53.8579
53.8579
53.8579
53.8579
53.8579
53.8579
53.8579
53.8579
53.8579
53.8579
53.8579
53.8579
53.8579
53.8579
53.8579
53.8579
53.8579
53.8579
53.8579
53.8579
53.8579
53.8579
53.8579
53.8579
53.8579
53.8579
53.8579
53.8579
53.8579
53.8579
53.8579
53.8579
53.8579
53.8579
53.8579
53.8579
53.8579
53.8579
53.8579
53.8579
53.8579
53.8579
53.8579
53.8579
53.8579
53.8579
53.8579
53.8579
53.8579
53.8579
53.8579
53.8579
53.8579
53.8579
53.8579
53.8579
53.8579
53.8579
53.8579
53.8579
53.8579
53.8579
53.8579
53.8579
53.8579
53.8579
53.8579
53.8579
53.8579
53.8579
53.8579
53.8579
53.8579
53.8579
53.8579
53.8579
53.8579
53.8579
53.8579
53.8579
53.8579
53.8579
53.8579
53.8579
53.8579
53.8579
53.8579
53.8579
53.8579
53.8579
53.8579
53.8579
53.8579
53.8579
53.8579
53.8579
53.8579
53.8579
53.8579
53.8579
53.8579
53.8579
53.8579
53.8579
53.8579
53.8579
53.8579
53.8579
53.8579
53.8579
53.8579
53.8579
53.8579
53.8579
53.8579
53.8579
53.8579
53.8579
53.8579
53.8579
53.8579
53.8579
53.8579
53.8579
53.8579
53.8579
53.8579
53.8579
53.8579
53.8579
53.8579
53.8579
53.8579
53.8579
53.8579
53.8579
53.8579
53.8579
53.8579
53.8579
53.8579
53.8579
53.8579
53.8579
53.8579
53.8579
53.8579
53.8579
53.8579
53.8579
53.8579
53.8579
53.8579
53.8579
53.8579
53.8579
53.8579
53.8579
53.8579
53.8579
53.8579
53.8579
53.8579
53.8579
53.8579
53.8579
53.8579
53.8579
53.8579
53.8579
53.8579
53.8579
53.8579
53.8579
53.8579
53.8579
53.8579
53.8579
53.8579
53.8579
53.8579
53.8579
53.8579
53.8579
53.8579
53.8579
53.8579
53.8579
53.8579
53.8579
53.8579
53.8579
53.8579
53.8579
53.8579
53.8579
53.8579
53.8579
53.8579
53.8579
53.8579
53.8578
53.8578
53.8578
53.8578
53.8578
53.8578
53.8578
53.8578
53.8578
53.8578
53.8578
53.8578
53.8578
53.8578
53.8578
53.8578
53.8578
53.8578
53.8578
53.8578
53.8578
53.8578
53.8578
53.8578
53.8578
53.8578
53.8578
53.8578
53.8578
53.8578
53.8578
53.8578
53.8578
53.8578
53.8578
53.8578
53.8578
53.8578
53.8578
53.8578
53.8578
53.8578
53.8578
53.8578
53.8578
53.8578
53.8578
53.8578
53.8578
53.8578
53.8578
53.8578
53.8578
53.8578
53.8578
53.8578
53.8578
53.8578
53.8578
53.8578
53.8578
53.8578
53.8578
53.8578
53.8578
53.8578
53.8578
53.8578
53.8578
53.8578
53.8578
53.8578
53.8578
53.8578
53.8578
53.8578
53.8578
53.8578
53.8578
53.8578
53.8578
53.8578
53.8578
53.8578
53.8578
53.8578
53.8578
53.8578
53.8578
53.8578
53.8578
53.8578
53.8578
53.8578
53.8578
53.8578
53.8578
53.8578
53.8578
53.8578
53.8578
53.8578
53.8578
53.8578
53.8578
53.8578
53.8578
53.8578
53.8578
53.8578
53.8578
53.8578
53.8578
53.8578
53.8578
53.8578
53.8578
53.8578
53.8578
53.8578
53.8577
53.8577
53.8577
53.8577
53.8577
53.8577
53.8577
53.8577
53.8577
53.8577
53.8577
53.8577
53.8577
53.8577
53.8577
53.8577
53.8577
53.8577
53.8577
53.8577
53.8577
53.8577
53.8577
53.8577
53.8577
53.8577
53.8577
53.8577
53.8577
53.8577
53.8577
53.8577
53.8577
53.8577
53.8577
53.8577
53.8577
53.8577
53.8577
53.8577
53.8577
53.8577
53.8577
53.8577
53.8577
53.8577
53.8577
53.8577
53.8577
53.8577
53.8577
53.8577
53.8577
53.8577
53.8577
53.8577
53.8577
53.8577
53.8577
53.8577
53.8577
53.8577
53.8577
53.8576
53.8576
53.8576
53.8576
53.8576
53.8576
53.8576
53.8576
53.8576
53.8576
53.8576
53.8576
53.8576
53.8576
53.8576
53.8576
53.8576
53.8576
53.8576
53.8576
53.8576
53.8576
53.8576
53.8576
53.8576
53.8576
53.8576
53.8576
53.8576
53.8576
53.8576
53.8576
53.8576
53.8576
53.8576
53.8576
53.8576
53.8576
53.8576
53.8575
53.8575
53.8575
53.8575
53.8575
53.8575
53.8575
53.8575
53.8575
53.8575
53.8575
53.8575
53.8575
53.8575
53.8575
53.8575
53.8575
53.8575
53.8575
53.8575
53.8575
53.8575
53.8575
53.8575
53.8575
53.8575
53.8575
53.8574
53.8574
53.8574
53.8574
53.8574
53.8574
53.8574
53.8574
53.8574
53.8574
53.8574
53.8574
53.8574
53.8574
53.8574
53.8574
53.8574
53.8574
53.8573
53.8574
53.8573
53.8574
53.8573
53.8573
53.8573
53.8573
53.8573
53.8573
53.8572
53.8573
53.8572
53.8573
53.8572
53.8573
53.8572
53.8573
53.8571
53.8573
53.8571
53.8573
53.8571
53.8573
53.8571
53.8573
53.857
53.8573
53.857
53.8573
53.8569
53.8573
53.8569
53.8573
53.8568
53.8573
53.8568
53.8573
53.8567
53.8573
53.8567
53.8572
53.8566
53.8572
53.8566
53.8572
53.8565
53.8572
53.8565
53.8572
53.8564
53.8571
53.8564
53.8571
53.8563
53.8571
53.8562
53.857
53.8562
53.8569
53.8561
53.8569
53.856
53.8568
53.856
53.8567
53.8559
53.8566
53.8558
53.8564
53.8557
53.8562
53.8555
53.856
53.8554
53.8557
53.8551
53.8554
53.8548
53.8549
53.8541
53.854
53.8526
53.8499
53.8379
53.8487
)
;

boundaryField
{
    inlet
    {
        type            calculated;
        value           uniform 50.4809;
    }
    backWall
    {
        type            calculated;
        value           uniform 53.8487;
    }
    sides
    {
        type            empty;
    }
}


// ************************************************************************* //
