/*--------------------------------*- C++ -*----------------------------------*\
| =========                 |                                                 |
| \\      /  F ield         | OpenFOAM: The Open Source CFD Toolbox           |
|  \\    /   O peration     | Version:  3.0.x                                 |
|   \\  /    A nd           | Web:      www.OpenFOAM.org                      |
|    \\/     M anipulation  |                                                 |
\*---------------------------------------------------------------------------*/
FoamFile
{
    version     2.0;
    format      ascii;
    class       volScalarField;
    location    "0.014";
    object      p;
}
// * * * * * * * * * * * * * * * * * * * * * * * * * * * * * * * * * * * * * //

dimensions      [1 -1 -2 0 0 0 0];

internalField   nonuniform List<scalar> 
1000
(
1.8e+07
1.8e+07
1.8e+07
1.8e+07
1.8e+07
1.8e+07
1.8e+07
1.8e+07
1.8e+07
1.8e+07
1.8e+07
1.8e+07
1.8e+07
1.8e+07
1.8e+07
1.8e+07
1.8e+07
1.8e+07
1.8e+07
1.8e+07
1.8e+07
1.8e+07
1.8e+07
1.8e+07
1.8e+07
1.8e+07
1.8e+07
1.8e+07
1.8e+07
1.8e+07
1.8e+07
1.8e+07
1.8e+07
1.8e+07
1.8e+07
1.8e+07
1.8e+07
1.8e+07
1.8e+07
1.8e+07
1.8e+07
1.8e+07
1.8e+07
1.8e+07
1.8e+07
1.8e+07
1.8e+07
1.8e+07
1.8e+07
1.8e+07
1.8e+07
1.8e+07
1.8e+07
1.8e+07
1.8e+07
1.8e+07
1.8e+07
1.8e+07
1.80001e+07
1.80001e+07
1.80001e+07
1.80001e+07
1.80001e+07
1.80002e+07
1.80002e+07
1.80002e+07
1.80003e+07
1.80003e+07
1.80004e+07
1.80005e+07
1.80006e+07
1.80007e+07
1.80008e+07
1.8001e+07
1.80012e+07
1.80014e+07
1.80017e+07
1.8002e+07
1.80024e+07
1.80028e+07
1.80033e+07
1.8004e+07
1.80047e+07
1.80056e+07
1.80067e+07
1.80079e+07
1.80094e+07
1.80111e+07
1.80132e+07
1.80156e+07
1.80184e+07
1.80217e+07
1.80256e+07
1.80302e+07
1.80356e+07
1.80418e+07
1.80491e+07
1.80576e+07
1.80676e+07
1.80791e+07
1.80925e+07
1.81079e+07
1.81257e+07
1.81462e+07
1.81697e+07
1.81964e+07
1.82269e+07
1.82613e+07
1.83e+07
1.83433e+07
1.83913e+07
1.84442e+07
1.85021e+07
1.85647e+07
1.86319e+07
1.87032e+07
1.87781e+07
1.88558e+07
1.89354e+07
1.90161e+07
1.90968e+07
1.91765e+07
1.92542e+07
1.93291e+07
1.94004e+07
1.94675e+07
1.953e+07
1.95876e+07
1.96402e+07
1.96878e+07
1.97306e+07
1.97687e+07
1.98025e+07
1.98322e+07
1.98583e+07
1.9881e+07
1.99008e+07
1.99178e+07
1.99326e+07
1.99452e+07
1.9956e+07
1.99653e+07
1.99732e+07
1.99798e+07
1.99855e+07
1.99902e+07
1.99941e+07
1.99974e+07
2.00001e+07
2.00022e+07
2.00039e+07
2.00052e+07
2.00061e+07
2.00068e+07
2.00072e+07
2.00074e+07
2.00074e+07
2.00074e+07
2.00074e+07
2.00073e+07
2.00073e+07
2.00072e+07
2.00072e+07
2.00072e+07
2.00072e+07
2.00072e+07
2.00071e+07
2.00071e+07
2.00071e+07
2.00071e+07
2.00071e+07
2.00071e+07
2.00071e+07
2.00071e+07
2.00071e+07
2.00071e+07
2.00071e+07
2.00071e+07
2.00071e+07
2.00071e+07
2.00071e+07
2.00071e+07
2.00071e+07
2.00071e+07
2.00071e+07
2.00071e+07
2.00071e+07
2.00071e+07
2.00071e+07
2.00071e+07
2.00071e+07
2.00071e+07
2.00071e+07
2.00071e+07
2.00071e+07
2.00071e+07
2.00071e+07
2.00071e+07
2.00071e+07
2.00071e+07
2.00071e+07
2.00071e+07
2.00072e+07
2.00072e+07
2.00072e+07
2.00072e+07
2.00072e+07
2.00072e+07
2.00072e+07
2.00072e+07
2.00072e+07
2.00072e+07
2.00072e+07
2.00072e+07
2.00072e+07
2.00072e+07
2.00072e+07
2.00072e+07
2.00072e+07
2.00072e+07
2.00072e+07
2.00072e+07
2.00072e+07
2.00072e+07
2.00072e+07
2.00072e+07
2.00072e+07
2.00072e+07
2.00072e+07
2.00072e+07
2.00072e+07
2.00072e+07
2.00072e+07
2.00072e+07
2.00072e+07
2.00072e+07
2.00072e+07
2.00072e+07
2.00072e+07
2.00072e+07
2.00072e+07
2.00072e+07
2.00072e+07
2.00072e+07
2.00072e+07
2.00072e+07
2.00072e+07
2.00072e+07
2.00072e+07
2.00072e+07
2.00072e+07
2.00072e+07
2.00072e+07
2.00072e+07
2.00072e+07
2.00072e+07
2.00072e+07
2.00072e+07
2.00072e+07
2.00072e+07
2.00072e+07
2.00072e+07
2.00072e+07
2.00072e+07
2.00072e+07
2.00072e+07
2.00072e+07
2.00072e+07
2.00072e+07
2.00072e+07
2.00072e+07
2.00072e+07
2.00072e+07
2.00072e+07
2.00072e+07
2.00072e+07
2.00072e+07
2.00072e+07
2.00072e+07
2.00072e+07
2.00072e+07
2.00072e+07
2.00072e+07
2.00072e+07
2.00072e+07
2.00072e+07
2.00072e+07
2.00072e+07
2.00072e+07
2.00072e+07
2.00072e+07
2.00073e+07
2.00073e+07
2.00073e+07
2.00073e+07
2.00073e+07
2.00073e+07
2.00073e+07
2.00073e+07
2.00073e+07
2.00073e+07
2.00073e+07
2.00073e+07
2.00073e+07
2.00073e+07
2.00073e+07
2.00073e+07
2.00073e+07
2.00073e+07
2.00073e+07
2.00073e+07
2.00073e+07
2.00073e+07
2.00073e+07
2.00073e+07
2.00073e+07
2.00073e+07
2.00073e+07
2.00073e+07
2.00073e+07
2.00073e+07
2.00073e+07
2.00073e+07
2.00073e+07
2.00073e+07
2.00073e+07
2.00073e+07
2.00073e+07
2.00073e+07
2.00073e+07
2.00073e+07
2.00073e+07
2.00073e+07
2.00073e+07
2.00073e+07
2.00073e+07
2.00073e+07
2.00073e+07
2.00073e+07
2.00073e+07
2.00073e+07
2.00073e+07
2.00073e+07
2.00073e+07
2.00073e+07
2.00073e+07
2.00073e+07
2.00073e+07
2.00073e+07
2.00073e+07
2.00073e+07
2.00073e+07
2.00073e+07
2.00073e+07
2.00073e+07
2.00073e+07
2.00073e+07
2.00073e+07
2.00073e+07
2.00073e+07
2.00073e+07
2.00073e+07
2.00073e+07
2.00073e+07
2.00073e+07
2.00073e+07
2.00073e+07
2.00073e+07
2.00073e+07
2.00073e+07
2.00073e+07
2.00073e+07
2.00073e+07
2.00073e+07
2.00073e+07
2.00073e+07
2.00073e+07
2.00073e+07
2.00073e+07
2.00073e+07
2.00073e+07
2.00073e+07
2.00073e+07
2.00073e+07
2.00073e+07
2.00073e+07
2.00073e+07
2.00073e+07
2.00073e+07
2.00073e+07
2.00073e+07
2.00073e+07
2.00073e+07
2.00073e+07
2.00073e+07
2.00073e+07
2.00073e+07
2.00073e+07
2.00073e+07
2.00073e+07
2.00073e+07
2.00073e+07
2.00073e+07
2.00073e+07
2.00073e+07
2.00073e+07
2.00073e+07
2.00073e+07
2.00073e+07
2.00073e+07
2.00073e+07
2.00073e+07
2.00073e+07
2.00073e+07
2.00073e+07
2.00073e+07
2.00073e+07
2.00073e+07
2.00073e+07
2.00073e+07
2.00073e+07
2.00073e+07
2.00073e+07
2.00073e+07
2.00073e+07
2.00073e+07
2.00073e+07
2.00073e+07
2.00073e+07
2.00073e+07
2.00073e+07
2.00073e+07
2.00073e+07
2.00073e+07
2.00073e+07
2.00073e+07
2.00073e+07
2.00073e+07
2.00073e+07
2.00073e+07
2.00073e+07
2.00073e+07
2.00073e+07
2.00073e+07
2.00073e+07
2.00073e+07
2.00073e+07
2.00073e+07
2.00073e+07
2.00073e+07
2.00073e+07
2.00073e+07
2.00073e+07
2.00073e+07
2.00073e+07
2.00073e+07
2.00073e+07
2.00073e+07
2.00073e+07
2.00073e+07
2.00073e+07
2.00073e+07
2.00073e+07
2.00073e+07
2.00073e+07
2.00073e+07
2.00073e+07
2.00073e+07
2.00073e+07
2.00073e+07
2.00073e+07
2.00073e+07
2.00073e+07
2.00073e+07
2.00073e+07
2.00073e+07
2.00073e+07
2.00073e+07
2.00073e+07
2.00073e+07
2.00073e+07
2.00073e+07
2.00073e+07
2.00073e+07
2.00073e+07
2.00073e+07
2.00073e+07
2.00073e+07
2.00073e+07
2.00073e+07
2.00073e+07
2.00073e+07
2.00073e+07
2.00073e+07
2.00073e+07
2.00073e+07
2.00073e+07
2.00073e+07
2.00073e+07
2.00073e+07
2.00073e+07
2.00073e+07
2.00073e+07
2.00073e+07
2.00073e+07
2.00073e+07
2.00073e+07
2.00073e+07
2.00073e+07
2.00073e+07
2.00073e+07
2.00073e+07
2.00073e+07
2.00073e+07
2.00073e+07
2.00073e+07
2.00073e+07
2.00073e+07
2.00073e+07
2.00073e+07
2.00073e+07
2.00073e+07
2.00073e+07
2.00073e+07
2.00073e+07
2.00073e+07
2.00073e+07
2.00073e+07
2.00073e+07
2.00073e+07
2.00073e+07
2.00073e+07
2.00073e+07
2.00073e+07
2.00073e+07
2.00073e+07
2.00073e+07
2.00073e+07
2.00073e+07
2.00073e+07
2.00073e+07
2.00073e+07
2.00073e+07
2.00073e+07
2.00073e+07
2.00073e+07
2.00073e+07
2.00073e+07
2.00073e+07
2.00073e+07
2.00073e+07
2.00073e+07
2.00073e+07
2.00073e+07
2.00073e+07
2.00073e+07
2.00073e+07
2.00073e+07
2.00073e+07
2.00073e+07
2.00073e+07
2.00073e+07
2.00073e+07
2.00073e+07
2.00073e+07
2.00073e+07
2.00073e+07
2.00073e+07
2.00073e+07
2.00073e+07
2.00073e+07
2.00073e+07
2.00073e+07
2.00073e+07
2.00073e+07
2.00073e+07
2.00073e+07
2.00073e+07
2.00073e+07
2.00073e+07
2.00073e+07
2.00073e+07
2.00073e+07
2.00073e+07
2.00073e+07
2.00074e+07
2.00074e+07
2.00074e+07
2.00074e+07
2.00074e+07
2.00074e+07
2.00074e+07
2.00074e+07
2.00074e+07
2.00074e+07
2.00074e+07
2.00074e+07
2.00074e+07
2.00074e+07
2.00074e+07
2.00074e+07
2.00074e+07
2.00074e+07
2.00074e+07
2.00074e+07
2.00074e+07
2.00074e+07
2.00074e+07
2.00074e+07
2.00074e+07
2.00074e+07
2.00074e+07
2.00074e+07
2.00074e+07
2.00074e+07
2.00074e+07
2.00074e+07
2.00074e+07
2.00074e+07
2.00074e+07
2.00074e+07
2.00074e+07
2.00074e+07
2.00074e+07
2.00074e+07
2.00074e+07
2.00074e+07
2.00074e+07
2.00074e+07
2.00074e+07
2.00074e+07
2.00074e+07
2.00074e+07
2.00074e+07
2.00074e+07
2.00074e+07
2.00074e+07
2.00074e+07
2.00074e+07
2.00074e+07
2.00074e+07
2.00074e+07
2.00074e+07
2.00074e+07
2.00074e+07
2.00074e+07
2.00074e+07
2.00074e+07
2.00074e+07
2.00074e+07
2.00074e+07
2.00074e+07
2.00074e+07
2.00074e+07
2.00074e+07
2.00074e+07
2.00074e+07
2.00074e+07
2.00074e+07
2.00074e+07
2.00074e+07
2.00074e+07
2.00074e+07
2.00074e+07
2.00074e+07
2.00074e+07
2.00074e+07
2.00074e+07
2.00074e+07
2.00074e+07
2.00074e+07
2.00074e+07
2.00074e+07
2.00074e+07
2.00074e+07
2.00074e+07
2.00074e+07
2.00074e+07
2.00074e+07
2.00074e+07
2.00074e+07
2.00074e+07
2.00074e+07
2.00074e+07
2.00074e+07
2.00074e+07
2.00074e+07
2.00074e+07
2.00074e+07
2.00074e+07
2.00074e+07
2.00074e+07
2.00074e+07
2.00074e+07
2.00074e+07
2.00074e+07
2.00074e+07
2.00074e+07
2.00074e+07
2.00074e+07
2.00074e+07
2.00074e+07
2.00074e+07
2.00074e+07
2.00074e+07
2.00074e+07
2.00074e+07
2.00074e+07
2.00074e+07
2.00074e+07
2.00074e+07
2.00074e+07
2.00074e+07
2.00074e+07
2.00074e+07
2.00074e+07
2.00074e+07
2.00074e+07
2.00074e+07
2.00074e+07
2.00074e+07
2.00074e+07
2.00074e+07
2.00074e+07
2.00074e+07
2.00074e+07
2.00074e+07
2.00074e+07
2.00074e+07
2.00074e+07
2.00074e+07
2.00074e+07
2.00074e+07
2.00074e+07
2.00074e+07
2.00074e+07
2.00074e+07
2.00074e+07
2.00074e+07
2.00074e+07
2.00074e+07
2.00074e+07
2.00074e+07
2.00074e+07
2.00074e+07
2.00074e+07
2.00074e+07
2.00074e+07
2.00074e+07
2.00074e+07
2.00074e+07
2.00074e+07
2.00074e+07
2.00074e+07
2.00074e+07
2.00074e+07
2.00074e+07
2.00074e+07
2.00074e+07
2.00074e+07
2.00074e+07
2.00074e+07
2.00074e+07
2.00074e+07
2.00074e+07
2.00074e+07
2.00074e+07
2.00074e+07
2.00074e+07
2.00074e+07
2.00074e+07
2.00074e+07
2.00074e+07
2.00074e+07
2.00074e+07
2.00074e+07
2.00074e+07
2.00074e+07
2.00074e+07
2.00074e+07
2.00074e+07
2.00074e+07
2.00074e+07
2.00074e+07
2.00074e+07
2.00074e+07
2.00074e+07
2.00074e+07
2.00074e+07
2.00074e+07
2.00074e+07
2.00074e+07
2.00074e+07
2.00074e+07
2.00074e+07
2.00074e+07
2.00074e+07
2.00074e+07
2.00074e+07
2.00074e+07
2.00074e+07
2.00074e+07
2.00074e+07
2.00074e+07
2.00074e+07
2.00074e+07
2.00074e+07
2.00074e+07
2.00074e+07
2.00074e+07
2.00074e+07
2.00074e+07
2.00074e+07
2.00074e+07
2.00074e+07
2.00074e+07
2.00074e+07
2.00074e+07
2.00074e+07
2.00074e+07
2.00074e+07
2.00074e+07
2.00074e+07
2.00074e+07
2.00074e+07
2.00074e+07
2.00074e+07
2.00074e+07
2.00074e+07
2.00074e+07
2.00074e+07
2.00074e+07
2.00074e+07
2.00074e+07
2.00074e+07
2.00074e+07
2.00074e+07
2.00074e+07
2.00074e+07
2.00074e+07
2.00074e+07
2.00074e+07
2.00074e+07
2.00074e+07
2.00074e+07
2.00074e+07
2.00074e+07
2.00074e+07
2.00074e+07
2.00074e+07
2.00074e+07
2.00074e+07
2.00074e+07
2.00074e+07
2.00074e+07
2.00074e+07
2.00074e+07
2.00074e+07
2.00074e+07
2.00074e+07
2.00074e+07
2.00074e+07
2.00074e+07
2.00074e+07
2.00074e+07
2.00074e+07
2.00074e+07
2.00074e+07
2.00074e+07
2.00074e+07
2.00074e+07
2.00074e+07
2.00074e+07
2.00074e+07
2.00074e+07
2.00074e+07
2.00074e+07
2.00074e+07
2.00074e+07
2.00074e+07
2.00074e+07
2.00074e+07
2.00074e+07
2.00074e+07
2.00074e+07
2.00074e+07
2.00074e+07
2.00074e+07
2.00074e+07
2.00074e+07
2.00074e+07
2.00074e+07
2.00074e+07
2.00074e+07
2.00074e+07
2.00074e+07
2.00074e+07
2.00074e+07
2.00074e+07
2.00074e+07
2.00074e+07
2.00074e+07
2.00074e+07
2.00074e+07
2.00074e+07
2.00074e+07
2.00074e+07
2.00074e+07
2.00074e+07
2.00074e+07
2.00074e+07
2.00074e+07
2.00074e+07
2.00074e+07
2.00074e+07
2.00074e+07
2.00074e+07
2.00074e+07
2.00074e+07
2.00074e+07
2.00074e+07
2.00074e+07
2.00074e+07
2.00074e+07
2.00074e+07
2.00074e+07
2.00074e+07
2.00074e+07
2.00073e+07
2.00074e+07
2.00073e+07
2.00074e+07
2.00073e+07
2.00074e+07
2.00073e+07
2.00074e+07
2.00073e+07
2.00074e+07
2.00073e+07
2.00074e+07
2.00073e+07
2.00075e+07
2.00073e+07
2.00075e+07
2.00073e+07
2.00075e+07
2.00073e+07
2.00075e+07
2.00073e+07
2.00075e+07
2.00072e+07
2.00075e+07
2.00072e+07
2.00075e+07
2.00072e+07
2.00075e+07
2.00072e+07
2.00076e+07
2.00072e+07
2.00076e+07
2.00072e+07
2.00076e+07
2.00072e+07
2.00076e+07
2.00071e+07
2.00076e+07
2.00071e+07
2.00076e+07
2.00071e+07
2.00076e+07
2.00071e+07
2.00076e+07
2.00071e+07
2.00076e+07
2.00071e+07
2.00076e+07
2.00071e+07
2.00076e+07
2.00071e+07
2.00076e+07
2.00071e+07
2.00076e+07
2.00072e+07
2.00076e+07
2.00072e+07
2.00076e+07
2.00072e+07
2.00076e+07
2.00072e+07
2.00075e+07
2.00072e+07
2.00075e+07
2.00073e+07
2.00075e+07
2.00073e+07
2.00074e+07
2.00073e+07
2.00074e+07
2.00074e+07
2.00074e+07
)
;

boundaryField
{
    inlet
    {
        type            zeroGradient;
    }
    backWall
    {
        type            zeroGradient;
    }
    sides
    {
        type            empty;
    }
}


// ************************************************************************* //
